#y  dN/dy  dN/dy_err  vn{2}(y)  vn{2}(y)_err  Re{vn}(y)  Re{vn}(y)_err
-6.9987058640e+00  3.7137693726e-03  9.1108400375e-04  1.2977365925e-01  1.4857928559e-01  1.7826093830e-02  1.7123199942e-01  -4.6145793602e-02  4.1865006231e-02  -5.4839211497e-02  5.1035548938e-02  -2.5461780962e-02  2.6467456072e-02  -2.6252870904e-02  2.2603700224e-02  -4.6242590684e-03  2.0644852061e-02  -1.3609791294e-02  2.9282145917e-02  -3.2563817858e-02  1.9138718377e-02  -2.3769544856e-02  2.1967444717e-02  -2.0469250999e-02  2.8889099484e-02  1.4028801419e-02  2.5818712159e-02  
-6.8834738731e+00  2.1560611203e-03  5.7171477238e-04  1.7966241504e-01  9.2916645432e-02  9.0742041034e-02  7.2248924085e-02  1.7720222846e-02  3.0074525692e-02  1.8011059070e-02  2.9503769622e-02  -2.4993528137e-02  3.3940344042e-02  -1.8880955219e-02  3.1405869226e-02  -3.5150586798e-02  3.9018192030e-02  2.0494609556e-03  3.1123168703e-02  -6.0511539785e-02  3.4311306811e-02  -1.3055672052e-01  7.9827690507e-02  4.7174510611e-03  3.8682144197e-02  3.4061583030e-02  4.9309807956e-02  
-6.7792477608e+00  2.3675928824e-03  6.0721841874e-04  1.7796344705e-01  8.1676124568e-02  1.5917737691e-01  5.4809820444e-02  2.4255918972e-03  2.9468573322e-02  -3.8088560342e-03  2.3277427328e-02  -3.1178502566e-02  3.6611361303e-02  -3.6687651687e-02  3.0764106278e-02  -7.6040752764e-02  4.6356598930e-02  1.4096394561e-02  2.2583766747e-02  4.6107509725e-02  3.6661513949e-02  7.8365946407e-03  4.3540167672e-02  3.1529142046e-02  3.5010947470e-02  4.6884717306e-02  3.7314881170e-02  
-6.6796102524e+00  2.6609392371e-03  6.3566461904e-04  3.0356877160e-02  6.6186594205e-02  -1.3496627784e-02  4.0723170801e-02  1.7914861911e-02  2.4884263641e-02  3.9186511341e-02  2.5504025367e-02  5.1110304453e-03  2.2908913174e-02  -3.6522177428e-02  2.7032525485e-02  -1.1011336234e-01  6.1537635693e-02  -3.1505393435e-02  3.4058416790e-02  5.6242102054e-03  3.1537975674e-02  -1.3919161557e-02  4.4167361343e-02  -2.3734412327e-02  5.6173773640e-02  4.6344518528e-02  3.6892133043e-02  
-6.5755233765e+00  3.0450318009e-03  7.4460485484e-04  4.3736239871e-02  7.6059381475e-02  3.3396859625e-02  5.7833682509e-02  3.8859735946e-02  3.4439975037e-02  3.5758451768e-02  3.1295950671e-02  -6.5649900323e-03  2.3004242795e-02  -3.8655592205e-02  2.7310090563e-02  -3.5313778547e-02  5.5222782273e-02  -2.4889978485e-02  2.3044851157e-02  -1.8564427783e-02  3.1939779130e-02  -2.9285169587e-02  5.2090374281e-02  4.3592952116e-02  2.2594875149e-02  1.7541276849e-02  2.8826488651e-02  
-6.4761996269e+00  2.8895705473e-03  5.7704676874e-04  1.1953693499e-01  8.3270898471e-02  6.8798431442e-02  4.4224492257e-02  6.6325112456e-03  2.5911875509e-02  1.9199949129e-02  2.4980180275e-02  1.1643757156e-02  4.2486374314e-02  -8.8721928899e-03  4.3241271901e-02  -2.4923972206e-02  3.8270613614e-02  8.5370446536e-03  1.7787517071e-02  6.2001727376e-03  2.9238691746e-02  3.2596108219e-02  3.5948210192e-02  3.0221694619e-02  3.6646383110e-02  8.3976726523e-02  5.5821830040e-02  
-6.3724665642e+00  3.2244923059e-03  5.7718739845e-04  4.8930953178e-03  6.7084798958e-02  5.3894632477e-02  5.0098658446e-02  2.6864949500e-02  3.4098424777e-02  3.9836919771e-02  3.3167673210e-02  -7.9188331962e-02  2.2601918860e-02  -3.8867241608e-02  2.3185682731e-02  -5.1568785447e-03  5.0630001934e-02  4.4750215600e-02  2.1448284887e-02  1.9403926173e-02  2.8770716319e-02  -6.3766573081e-02  3.0261626769e-02  1.9640321972e-02  3.5064903469e-02  2.6855008572e-02  3.6995997004e-02  
-6.2718687057e+00  3.6055843811e-03  5.3916894831e-04  3.7503161259e-02  4.2880217800e-02  3.1762997282e-02  4.2251230026e-02  -4.2226817915e-02  1.9918588929e-02  -3.3370056627e-02  1.8991063846e-02  -2.2198946789e-03  3.4310810330e-02  -2.0438059290e-02  3.1300462782e-02  -2.0199919566e-02  2.2434460697e-02  -2.4329229866e-02  2.1331230428e-02  -8.9477315053e-03  2.3707477475e-02  -5.1868150977e-03  3.1031957354e-02  2.5063004649e-02  2.4978776709e-02  -9.5244569841e-03  3.7098549451e-02  
-6.1670165062e+00  4.4301743619e-03  5.7406304404e-04  2.4588714601e-02  3.1353026518e-02  2.3897565331e-02  2.5603176434e-02  1.6765355826e-02  2.6956604632e-02  2.0134480537e-02  2.5210548831e-02  6.2098076059e-03  2.5183156281e-02  -3.9232313040e-03  2.6614293483e-02  1.0249636568e-02  1.9615209598e-02  3.4397793479e-03  2.3903671163e-02  3.0570091813e-02  2.4826964839e-02  1.4827808284e-02  3.0127804835e-02  -2.3375835498e-02  2.0665098650e-02  -4.3773762388e-02  1.9905423268e-02  
-6.0659370422e+00  5.6342622265e-03  6.5968051786e-04  2.3796365530e-02  2.4510314138e-02  1.9298526430e-02  2.4364539783e-02  2.2877663450e-02  1.7056558115e-02  2.2825076815e-02  1.8164505442e-02  -3.0929090411e-03  2.1008365613e-02  -8.0286506963e-05  2.8743240933e-02  -3.6476161331e-02  1.8527306564e-02  -3.0364973585e-02  1.6209691163e-02  3.6329524649e-02  1.7129109676e-02  -2.0442428657e-02  2.4642425655e-02  -1.7565075745e-02  2.5772415778e-02  -1.4678443333e-02  3.0761115627e-02  
-5.9614992142e+00  7.3004756123e-03  8.1180164125e-04  -3.5243224410e-02  2.6788103469e-02  -2.0997466016e-02  2.3728239567e-02  -2.9413684157e-02  2.1290658171e-02  -1.7787668635e-02  2.0265144227e-02  -2.5465222085e-02  2.1710830181e-02  -1.4133816773e-02  2.2237414353e-02  1.3310566188e-02  2.1040704290e-02  7.3275887452e-03  1.7184213980e-02  4.1639564369e-02  1.5424436430e-02  5.4033476745e-02  1.7971737511e-02  -1.6345051925e-02  1.7763190984e-02  -2.0750079285e-02  1.8813916487e-02  
-5.8605732918e+00  9.8072271794e-03  9.9976186175e-04  1.4676818059e-03  2.7669487204e-02  -3.3508932737e-03  2.5502300828e-02  8.8145691160e-03  1.5422803278e-02  1.2309793720e-02  1.5789701019e-02  3.2718070403e-02  1.6458167231e-02  1.8041230387e-02  1.6077529503e-02  8.2141889178e-03  1.4490703725e-02  2.1878052313e-02  1.3595314667e-02  -1.0646336189e-02  1.4836611725e-02  -9.3653619513e-03  1.6809828739e-02  -6.6673093721e-03  1.5797796899e-02  8.3665783590e-03  1.7623142912e-02  
-5.7594475746e+00  1.2611829676e-02  1.2493510731e-03  -2.4182560749e-02  2.1475284511e-02  -1.5056471043e-02  2.7609060196e-02  -1.3777907947e-02  1.3711670325e-02  -1.9105640554e-02  1.6488295452e-02  -2.8211712628e-02  1.8871931646e-02  -1.8463024043e-02  1.8069455394e-02  7.5177585748e-03  1.4471949238e-02  1.2770485827e-02  1.4536690335e-02  1.0390563122e-02  1.5848920840e-02  1.5477070994e-02  1.9473519927e-02  -8.3515190137e-03  1.5681887734e-02  -3.2321035423e-03  1.6651981681e-02  
-5.6558918953e+00  1.6448888928e-02  1.5233288286e-03  -1.5893427275e-02  1.9237793384e-02  -8.1936108775e-03  2.0803889327e-02  1.9371913347e-02  1.1828875728e-02  1.9143841315e-02  1.1884150335e-02  -1.4930956826e-02  1.5046102852e-02  -1.2212682330e-02  1.6245038905e-02  1.2713035041e-02  1.4470017561e-02  2.4944023663e-03  1.1419796868e-02  1.4418134808e-02  1.2328708021e-02  1.1544884396e-02  1.1928783626e-02  -1.9488746928e-02  1.0717084546e-02  -9.2501362301e-03  1.4272515738e-02  
-5.5531425476e+00  2.1016329527e-02  1.8413432408e-03  -3.7495655749e-02  1.9407475449e-02  -4.8414840136e-03  1.8436954067e-02  7.9571126143e-03  9.3271761244e-03  8.1999199275e-03  9.4791990498e-03  -3.5059998832e-03  1.1995968315e-02  8.5578699779e-03  1.5239075792e-02  2.4643717733e-02  1.3097361627e-02  1.6513293638e-02  1.2015052689e-02  -5.6494640190e-03  1.1662995426e-02  -3.7193369952e-04  1.2145235146e-02  4.6043110149e-03  8.9220246752e-03  -6.4555842938e-03  9.4928328767e-03  
-5.4525017738e+00  2.6016369462e-02  2.2313382942e-03  -2.6677845901e-02  2.2145233945e-02  -9.3166337861e-03  2.1170981200e-02  -1.2912781557e-02  9.2760798075e-03  -3.1577312834e-03  8.9111924821e-03  -7.2596357640e-05  9.2042812203e-03  -1.6925002942e-02  1.0660862412e-02  -4.5398986217e-03  1.0032293720e-02  -5.4117247667e-03  7.9925997325e-03  -1.3671009640e-02  1.0354159945e-02  4.2297874081e-03  1.0562786369e-02  5.6159074385e-03  9.1072625359e-03  2.6104220047e-03  9.1473851699e-03  
-5.3512091637e+00  3.2846782357e-02  2.5845612399e-03  -4.1910315655e-02  2.0537860648e-02  6.6752493493e-03  2.0213209257e-02  1.8695838374e-03  8.9212110758e-03  4.6481665186e-03  9.3446185798e-03  -1.5269910888e-02  6.9020058790e-03  -1.6379577146e-02  7.9611707986e-03  -1.9686862994e-03  9.2627509074e-03  3.7853358318e-03  7.4989012421e-03  -9.6040019689e-03  7.8013314198e-03  -2.3229468377e-03  7.0094270681e-03  2.8948405061e-03  7.8576327977e-03  1.1950155273e-02  7.8255924493e-03  
-5.2508125305e+00  3.9314933121e-02  2.9533936176e-03  -3.1574802188e-02  1.7977462869e-02  4.0866353578e-03  1.6786151237e-02  8.5722821223e-03  6.6652940401e-03  1.0028075479e-02  6.6293187577e-03  1.1894581987e-03  9.3850176900e-03  5.4218298364e-03  8.6087136832e-03  -1.0524851341e-02  8.7750097847e-03  -1.4174157887e-02  8.4604854326e-03  -8.0332231461e-03  7.7689999093e-03  -2.0984098173e-02  1.0560135446e-02  1.9418134040e-03  7.5333509533e-03  1.5313271336e-03  7.2763453421e-03  
-5.1511650085e+00  4.6614874154e-02  3.3007494640e-03  -3.3853209558e-02  1.9429731912e-02  2.7389946157e-03  1.7840733607e-02  8.7486964375e-03  7.6392669648e-03  1.5151004735e-02  7.7381062437e-03  -6.2771888773e-03  7.0221374734e-03  -1.2911326722e-03  8.4703331150e-03  -1.3449427235e-02  6.8392605054e-03  2.2919996409e-03  6.1627635530e-03  -7.2124992326e-03  6.0080727987e-03  -1.0091141536e-02  7.6199860578e-03  9.7594076283e-03  6.2004843594e-03  1.2418432389e-02  6.5581557132e-03  
-5.0498590469e+00  5.5470336229e-02  3.8228190970e-03  -2.1417548148e-02  1.9624835135e-02  3.3011282295e-03  1.5844292042e-02  9.5146348776e-03  6.4483536583e-03  8.4744411644e-03  6.6922873094e-03  -6.1437807103e-03  6.6958745564e-03  -5.5380229748e-03  6.8074154290e-03  8.0103621799e-03  6.7711057211e-03  1.4432232067e-02  5.4873949535e-03  -7.5253302526e-03  5.8617624996e-03  -5.8390617143e-03  6.8447061470e-03  1.3899678777e-03  7.0166513614e-03  4.2608213297e-03  6.6956053038e-03  
-4.9509415627e+00  6.2875851989e-02  4.1323862970e-03  -3.2219918084e-02  1.8473267983e-02  8.3842050523e-03  1.5468341498e-02  1.6427945821e-02  7.8620583788e-03  2.0401398860e-02  7.8833959816e-03  -4.3476321948e-03  5.4278210789e-03  -3.8321057064e-03  5.9579499180e-03  -3.5544851384e-03  5.5166645981e-03  -2.9526160322e-03  5.4754102010e-03  -1.4649081351e-03  5.8011308656e-03  1.1704476375e-03  5.2485577946e-03  -2.3632062432e-03  6.3559699184e-03  -1.6493304821e-03  7.3156470627e-03  
-4.8498783112e+00  7.1994200349e-02  4.5069567859e-03  -3.9985618478e-02  2.0091461371e-02  9.0411435314e-03  1.6645043546e-02  1.2746433338e-02  8.3467977233e-03  9.2491914390e-03  9.1940013374e-03  -4.1557260446e-03  7.2573578795e-03  -8.9726339769e-03  6.2940832032e-03  6.4107686690e-03  5.8006626912e-03  1.4137377535e-02  5.3613164252e-03  3.4956559883e-03  5.1573921106e-03  -2.8473541523e-03  5.4628602845e-03  -8.4787077812e-03  6.0504766675e-03  -1.1677042790e-02  5.7671536104e-03  
-4.7494640350e+00  8.0998972058e-02  4.9598370679e-03  -4.3294674356e-02  1.8812486775e-02  -6.2296494690e-03  1.5478640074e-02  1.0608945968e-02  6.6510023620e-03  1.1213961580e-02  6.9697904002e-03  -3.8364084119e-03  5.9752213035e-03  -7.1824205979e-05  5.5580604449e-03  1.2053877977e-04  5.5683984171e-03  -4.9326436794e-03  4.4543240414e-03  3.5296999339e-03  5.0184266445e-03  5.1967899430e-07  4.8650469479e-03  2.1020709513e-03  4.7537847103e-03  5.1289548247e-03  4.9189092157e-03  
-4.6496558189e+00  9.0127393603e-02  5.3318296559e-03  -4.2045366323e-02  1.8603534381e-02  2.4351361479e-03  1.5325639576e-02  1.4553136401e-02  7.9277504098e-03  1.6063951384e-02  7.6608397707e-03  -2.0913828402e-03  5.6844811392e-03  1.5035926755e-03  5.2464356233e-03  3.2779956395e-04  5.1001134224e-03  2.3511228525e-03  4.4668291904e-03  3.6233492595e-03  5.7312303808e-03  4.3871512658e-03  5.6627583514e-03  2.0162169548e-03  4.9791003354e-03  -6.0168860661e-03  4.0612041618e-03  
-4.5494947433e+00  9.8446018994e-02  5.6134168990e-03  -3.9907952352e-02  1.9376760568e-02  8.4423105570e-03  1.7132706186e-02  1.8385668969e-02  6.9806351935e-03  1.4883231096e-02  7.1793766931e-03  5.2255709389e-03  5.2681166392e-03  1.6256186279e-03  5.1689362497e-03  -1.1696884040e-04  5.2715952812e-03  5.6623131588e-03  4.3453490621e-03  2.2457140054e-03  4.3745806259e-03  5.8648289533e-03  4.7403169892e-03  2.0731207594e-03  4.2926994645e-03  3.0800911268e-03  4.2699805138e-03  
-4.4496450424e+00  1.0804929584e-01  5.9109772556e-03  -4.4235083522e-02  1.6982144770e-02  -5.7434030621e-04  1.5613449110e-02  1.8319715023e-02  5.6254977562e-03  1.4793827560e-02  6.0561412945e-03  3.9109881772e-03  4.8426374304e-03  3.8273227092e-03  4.8507220732e-03  3.6403008390e-03  5.0767076939e-03  7.1521366623e-03  4.2648725684e-03  2.6758746066e-03  4.6412267461e-03  -1.0519702273e-04  5.4873965929e-03  4.2953335808e-03  3.9003716984e-03  5.0748779952e-03  4.0253265044e-03  
-4.3496975899e+00  1.1736559123e-01  6.1745662242e-03  -3.9963956618e-02  1.8033441561e-02  3.8485684092e-03  1.8121360035e-02  1.8823178504e-02  7.9622733554e-03  1.6510198444e-02  8.6724291661e-03  1.4668564206e-03  4.4544271273e-03  7.9362013395e-04  5.5140500316e-03  -1.5154867712e-03  4.8885192739e-03  -1.3522126950e-03  4.1755547095e-03  8.7575537001e-03  3.9321090769e-03  4.5961338851e-03  4.8236612824e-03  1.9641951325e-03  3.7256639853e-03  9.7150470187e-03  4.4427052808e-03  
-4.2495322227e+00  1.2568710744e-01  6.3860337250e-03  -2.4995331196e-02  1.6399413598e-02  6.7494440900e-03  1.5130911755e-02  1.8439324459e-02  7.4844600827e-03  1.7857264224e-02  7.8188510622e-03  8.1092573522e-03  5.3465240505e-03  6.2142901588e-03  4.9606462030e-03  -6.8734174558e-05  3.7461366941e-03  -2.7578497788e-03  3.5877941976e-03  7.1441391293e-03  3.9153106746e-03  2.2244686417e-04  4.4482480087e-03  -4.5679618234e-04  4.3108001614e-03  -4.0245070455e-03  4.3695817341e-03  
-4.1497640610e+00  1.3426564634e-01  6.6629657522e-03  -2.6741114141e-02  1.6153906424e-02  4.0974663608e-03  1.6542800120e-02  1.9847943562e-02  8.1005775987e-03  1.6298527554e-02  8.3227174419e-03  -8.1285759617e-03  4.8943239205e-03  -7.4443074837e-03  4.7042715337e-03  1.5683999536e-03  3.8852095733e-03  -6.9861569881e-04  3.4848805031e-03  2.5858675992e-03  3.8591547398e-03  3.2602773019e-03  4.5246430828e-03  7.8128658291e-04  3.7633424104e-03  1.7195338109e-03  3.7364902030e-03  
-4.0495843887e+00  1.4151468873e-01  6.8296715617e-03  -2.2895290611e-02  1.5626834055e-02  6.5692470656e-03  1.5307439187e-02  2.8179629098e-02  6.5926320091e-03  1.9282144779e-02  7.1471632588e-03  1.4575494383e-03  3.7782450864e-03  7.7726807434e-04  4.0335198130e-03  6.0592823263e-03  3.8597470337e-03  5.1169594351e-03  3.3896059667e-03  3.4209771120e-03  4.0190931734e-03  4.0768545349e-03  4.3782472254e-03  -2.6595348217e-03  3.1815786436e-03  5.1346452581e-05  3.1432758091e-03  
-3.9494433403e+00  1.5275600553e-01  7.3975543492e-03  -1.7666908456e-02  1.2862262160e-02  1.4129906943e-03  1.3068497898e-02  3.8972070669e-02  7.1316259061e-03  2.9612967744e-02  7.3274018451e-03  5.6956611213e-03  4.4844596656e-03  4.3743923900e-03  4.3596790941e-03  7.0250538339e-03  3.7907538231e-03  2.2980605373e-03  3.4764614744e-03  -3.4311103577e-04  3.7957651897e-03  3.6479898382e-03  3.8425402009e-03  2.0789292496e-03  3.5211931137e-03  -1.5431106692e-03  4.1823750418e-03  
-3.8496670723e+00  1.6219042242e-01  7.5198151171e-03  -3.3685198046e-03  1.5110229107e-02  7.2252870887e-03  1.3748232441e-02  2.4541123466e-02  7.1908129970e-03  1.6590456336e-02  6.9951709642e-03  3.9315192333e-03  4.5878279238e-03  5.1168670464e-03  4.1659058184e-03  7.4874105231e-04  3.8597020730e-03  2.2343992023e-03  3.7047385746e-03  -3.9923127850e-03  4.8310000433e-03  -1.0216178468e-02  3.6762388309e-03  -5.7799390665e-04  3.3516571221e-03  4.8925432742e-03  3.7506768558e-03  
-3.7495236397e+00  1.7197398841e-01  7.6496363617e-03  -2.1985947693e-03  1.3760559335e-02  3.6900021609e-04  1.4096223417e-02  3.2417455707e-02  6.1768181252e-03  2.2444162898e-02  5.7766923562e-03  7.6496291773e-03  3.9282852767e-03  4.3730438159e-03  4.1691386144e-03  -2.1956462017e-03  3.1960915258e-03  2.5469472202e-03  3.4228616243e-03  4.7281751747e-03  3.3140501912e-03  5.9763896767e-04  3.4995539335e-03  -7.5450705279e-03  4.0032756723e-03  1.3765573249e-03  3.3185456971e-03  
-3.6491441727e+00  1.8699049950e-01  8.2699637860e-03  2.5561732503e-03  1.2249922013e-02  -9.0976755752e-05  1.1543485154e-02  2.9629550076e-02  6.3719843621e-03  2.2768684568e-02  5.9127954994e-03  5.6346618471e-03  4.2875656696e-03  3.6158377723e-03  4.4102796094e-03  1.5178820776e-03  3.5047384136e-03  -8.7175665987e-04  3.6342210258e-03  -1.8876281422e-03  2.8823403052e-03  7.5093286982e-04  3.0094234574e-03  -9.7891297952e-03  4.2716611367e-03  -3.5877973186e-03  4.0370885240e-03  
-3.5497255325e+00  2.0080196857e-01  8.7513597682e-03  9.6051235759e-03  1.1751623286e-02  -6.5318523236e-03  1.0642442900e-02  2.7235836114e-02  6.1560596149e-03  1.7159874969e-02  5.4273389122e-03  1.4357151042e-04  3.2100686098e-03  -9.5271780380e-04  3.4802389744e-03  1.0716525420e-03  3.7091331293e-03  -2.2195553234e-03  3.3301007589e-03  3.2446300425e-04  3.8725456143e-03  2.2545267367e-03  3.5461682640e-03  1.4084635268e-03  3.8207148275e-03  4.4683636884e-03  3.3105064700e-03  
-3.4495079517e+00  2.1632587910e-01  9.3496395275e-03  2.1115396856e-02  1.1469715160e-02  5.0656212850e-05  1.0323440334e-02  3.4024295074e-02  6.3301451367e-03  2.2025644133e-02  5.3318976595e-03  9.9193541124e-03  3.5374128830e-03  9.3571317800e-03  3.8553501237e-03  4.5364307648e-03  3.3274599274e-03  1.9865811836e-03  3.3682664551e-03  1.1339705674e-04  3.4892338751e-03  -5.0750762352e-04  3.5869566524e-03  -4.3770974426e-03  3.1109514029e-03  1.8913290861e-04  3.2309056066e-03  
-3.3493945599e+00  2.3076979816e-01  1.0023864917e-02  1.9099975233e-02  1.0682621792e-02  -1.2868504182e-02  8.6561664689e-03  3.1064160909e-02  5.9377668264e-03  2.2487210718e-02  5.3164980836e-03  1.2914645894e-02  3.3763956800e-03  9.4741145814e-03  3.3585036188e-03  5.4643991764e-03  3.3124642068e-03  4.8324370244e-03  3.0730131341e-03  -6.7986033341e-04  3.0243888077e-03  -5.0122340267e-03  3.1364235984e-03  -1.2866075738e-03  3.1218766873e-03  4.4546063505e-05  3.4902347167e-03  
-3.2494845390e+00  2.5013184547e-01  1.0711906478e-02  3.0917680138e-02  1.0097240841e-02  -7.5910747365e-03  8.9700485188e-03  2.8864320139e-02  6.2378263963e-03  1.4999105367e-02  5.0350019906e-03  7.2581111644e-03  4.1111209671e-03  -2.1164658247e-03  3.5774468251e-03  -3.5997636099e-04  3.2316267757e-03  9.4442892556e-04  3.1056271150e-03  -4.5521844996e-03  3.4433095292e-03  -2.6181982640e-03  3.0470126000e-03  -4.9210707942e-03  2.9787311033e-03  -4.6933251172e-03  3.4250785675e-03  
-3.1493499279e+00  2.6927986741e-01  1.1380875483e-02  3.6515053058e-02  8.7899651657e-03  -5.6042561536e-03  7.5115824762e-03  3.8640276928e-02  5.4200744788e-03  2.7241532919e-02  4.4457004983e-03  1.1288147676e-02  3.6151044815e-03  6.3533512495e-03  3.6379930106e-03  1.0771263050e-03  3.0307676734e-03  -2.8692842449e-03  2.7448491850e-03  -1.9561332658e-03  3.0198193662e-03  -1.0889668978e-03  2.9388547955e-03  1.7372785638e-05  2.9052416074e-03  9.4070760256e-04  2.5354492412e-03  
-3.0494270325e+00  2.9030999541e-01  1.2198597193e-02  4.5241202019e-02  9.0545773130e-03  -1.0517643883e-02  8.3848039748e-03  3.1765454753e-02  5.0710854853e-03  1.9419691392e-02  4.6807890027e-03  1.5624664296e-02  4.1051259563e-03  3.7915169366e-03  3.4953504324e-03  -2.8437942074e-03  3.0496545806e-03  -1.8531588590e-03  2.9257514031e-03  -2.6479237416e-03  3.1431016812e-03  -2.3520231456e-03  3.1289833689e-03  3.3620086793e-03  3.0336547411e-03  -3.1230859815e-03  2.4550951399e-03  
-2.9494173527e+00  3.1021982431e-01  1.2941640802e-02  4.4324564082e-02  8.9163577527e-03  -1.0698759168e-02  7.3698164595e-03  3.2108954876e-02  4.9071090858e-03  1.8727938055e-02  4.5934034455e-03  1.0501158490e-02  2.6770081013e-03  5.0019789107e-03  2.4285059848e-03  4.7870195870e-03  2.6807713047e-03  -7.5625089485e-04  2.4848385912e-03  6.4581797686e-03  2.7919101343e-03  -4.5446817221e-03  2.9704203170e-03  3.7119546953e-03  2.4164836528e-03  -3.6733351928e-03  2.3379177438e-03  
-2.8495075703e+00  3.3235856891e-01  1.3757735491e-02  5.1668427276e-02  8.3818897254e-03  -1.1077878560e-02  6.4016064459e-03  3.1030274681e-02  4.4844907906e-03  1.7946676560e-02  4.0163054079e-03  1.2731668919e-02  2.9306127733e-03  4.8038846533e-03  3.3616878731e-03  2.7263563872e-03  3.2737284367e-03  -4.1258054149e-03  3.2277763313e-03  4.2479603589e-03  2.5460583557e-03  3.3770387289e-03  2.6962162716e-03  5.1956371100e-03  2.5514491770e-03  7.2555686540e-04  2.6364278798e-03  
-2.7494301796e+00  3.5881486535e-01  1.4945367351e-02  5.3039993407e-02  8.0300765697e-03  -1.0223689099e-02  6.7475129832e-03  3.5220150475e-02  4.5086987287e-03  2.1393955780e-02  3.7664304024e-03  1.4586863175e-02  3.2422778523e-03  5.7236089143e-03  3.0477109837e-03  5.3693638943e-03  2.5325691844e-03  2.3425324982e-03  2.5642466743e-03  3.7642266121e-03  2.9761866212e-03  8.0963255623e-04  2.4835363990e-03  5.1352986638e-03  2.3130825728e-03  1.2514424022e-05  2.3036398684e-03  
-2.6495645046e+00  3.8056614995e-01  1.5782967210e-02  5.3316981893e-02  8.0385966160e-03  -1.2859620886e-02  6.4868088226e-03  3.1929212109e-02  4.4193674301e-03  1.9492970532e-02  4.2121663806e-03  1.3720851363e-02  2.9297404899e-03  4.4002540942e-03  3.0867698972e-03  5.4303822155e-03  3.0449378366e-03  1.0510189586e-03  2.9579581289e-03  2.6362196884e-03  2.3281933752e-03  6.3959117547e-04  2.7058855048e-03  5.2566277243e-03  2.7351078657e-03  -2.1873607635e-03  2.2475363805e-03  
-2.5495514870e+00  4.0444502234e-01  1.6430955380e-02  5.6011332997e-02  7.4366510160e-03  -8.4474481291e-03  5.9754214103e-03  3.4912717472e-02  4.0746717268e-03  2.1925452165e-02  3.5765689059e-03  1.1408392273e-02  2.8879356140e-03  1.2022380373e-03  2.8537354674e-03  2.7785175409e-03  2.3841747186e-03  -3.0150554447e-03  2.3059335225e-03  2.8701346505e-03  2.7685928668e-03  1.5303147286e-03  2.6062030270e-03  3.7749714446e-03  2.1484752117e-03  2.6053483075e-03  1.8374129632e-03  
-2.4496173859e+00  4.2787045240e-01  1.6976749524e-02  5.7542802538e-02  7.5142048800e-03  -2.5668047589e-03  6.8240499738e-03  3.4534990445e-02  4.3763925744e-03  2.1635484064e-02  4.1901448738e-03  1.3450471209e-02  3.5184501235e-03  4.4782596987e-03  3.3506616795e-03  3.1957041962e-03  2.6060296129e-03  -7.4604270954e-04  2.5665832695e-03  5.9008731944e-03  2.5177959181e-03  -2.1293180097e-03  2.3360107869e-03  2.1127588068e-03  2.3860013814e-03  -3.4579934942e-05  2.3280949291e-03  
-2.3496265411e+00  4.5298859477e-01  1.7777625471e-02  5.1708039771e-02  7.7723354281e-03  -8.9344514144e-03  5.7743709856e-03  3.3024925510e-02  3.8269159250e-03  2.1785076499e-02  3.9764903036e-03  1.7238677175e-02  2.8729823768e-03  6.8955281987e-03  3.2008364760e-03  8.6465281795e-03  2.4364239074e-03  3.7631205335e-03  2.4370146782e-03  5.8420605682e-03  2.6475799679e-03  -2.1566437600e-03  2.5709525631e-03  2.2155100370e-03  1.8076639773e-03  -2.6302583627e-03  2.3085265626e-03  
-2.2495796680e+00  4.7407174110e-01  1.8130360171e-02  5.0834403468e-02  7.3583419865e-03  -1.0076310191e-02  4.9808591168e-03  3.7091992149e-02  3.4991198247e-03  2.5655171321e-02  3.7946950849e-03  1.4449518136e-02  2.5901578312e-03  6.0382272944e-03  2.4490239356e-03  5.4394246307e-03  2.1312493893e-03  1.1818359442e-03  2.2101610369e-03  6.4601433625e-03  2.3276304800e-03  1.7805905848e-03  2.3952119714e-03  3.6251951408e-03  2.3289763332e-03  1.0227539965e-03  2.2502172012e-03  
-2.1497616768e+00  4.9589699507e-01  1.8339386210e-02  4.6551514987e-02  7.2327973238e-03  -8.2005020706e-03  5.2176255560e-03  3.6748322107e-02  3.3011854856e-03  2.6516979370e-02  3.7003856743e-03  7.8664375802e-03  2.2421760804e-03  4.6363651764e-04  2.1165989889e-03  4.7389185009e-03  1.9299302913e-03  1.2097239164e-03  2.1254554185e-03  5.1002689514e-03  1.9731565789e-03  3.2132684220e-03  1.9976102833e-03  3.1788525343e-03  2.3776455433e-03  1.1396580604e-03  2.5390039693e-03  
-2.0497205257e+00  5.1677030325e-01  1.8448490649e-02  4.2898965315e-02  6.7424029109e-03  -6.2947576647e-03  4.5391445057e-03  3.4616104840e-02  3.5549778355e-03  2.3998625767e-02  3.9133591239e-03  1.4315058772e-02  2.3673104346e-03  7.0833324322e-03  2.5771600981e-03  6.0629408322e-03  2.0430838449e-03  -1.8914382850e-03  2.0085521277e-03  3.4306865703e-03  1.9954295774e-03  3.1762994726e-03  2.1616370827e-03  4.7023334892e-03  1.9949542721e-03  -8.1900494085e-04  2.1074281992e-03  
-1.9495381117e+00  5.3773176670e-01  1.7966501415e-02  4.4827396506e-02  5.7393463018e-03  -1.4421197456e-03  4.3710489882e-03  3.5248465456e-02  3.0048720587e-03  2.6891656334e-02  3.2193382496e-03  1.2386162537e-02  2.5762621934e-03  5.5363802619e-03  2.6665224973e-03  6.5532396405e-03  1.9873328647e-03  2.3865310518e-04  2.0994915319e-03  3.3497964246e-03  2.0430693095e-03  -4.3936591115e-03  1.8717728956e-03  5.9274727840e-03  1.7320976527e-03  3.1690861417e-03  1.9787853753e-03  
-1.8497537374e+00  5.5529552698e-01  1.7894120887e-02  4.1413566554e-02  6.2523878383e-03  -1.0649005454e-03  4.3741169001e-03  3.2231048966e-02  2.8980824286e-03  2.5000675429e-02  3.1928871830e-03  1.0099631677e-02  2.3595835390e-03  5.8246216052e-03  2.3732717777e-03  2.5875802860e-03  1.9727564902e-03  1.7116026554e-03  2.1042461553e-03  7.2200464664e-03  2.2350534285e-03  1.2719012679e-03  2.0427729809e-03  4.9022681137e-03  2.0106058298e-03  5.0127565050e-04  1.8578625299e-03  
-1.7498594522e+00  5.7133901119e-01  1.7590384930e-02  3.8148749278e-02  5.4376104924e-03  1.3896315370e-03  3.9477371253e-03  3.4991545413e-02  3.0548476077e-03  2.8433683975e-02  3.1852994395e-03  1.0679137826e-02  2.2506837156e-03  5.6868367876e-03  2.7091177238e-03  8.5760678678e-03  2.0522290391e-03  2.9036068947e-03  1.8534999249e-03  7.2319167381e-03  1.4931517262e-03  2.1569826569e-03  1.9189908678e-03  5.2007589470e-03  1.9867071700e-03  3.8607045771e-03  2.0243661806e-03  
-1.6497385502e+00  5.8381241560e-01  1.7038200051e-02  3.8393448848e-02  5.6383412707e-03  3.7787481168e-03  4.0005576401e-03  3.6337778390e-02  2.7637637386e-03  2.9123843077e-02  3.0465497002e-03  1.0360163294e-02  2.1964327000e-03  5.6063276098e-03  1.9078215647e-03  4.1014306029e-03  1.7123332549e-03  5.4401235982e-05  1.8551299304e-03  6.2367685747e-03  2.0545006118e-03  7.7093329369e-04  2.3792235321e-03  3.6237135016e-03  1.9170674143e-03  -1.1974308613e-04  2.0090052719e-03  
-1.5499907732e+00  5.9596699476e-01  1.6190018505e-02  3.9049577082e-02  5.8756406561e-03  1.0069971771e-02  4.5079005873e-03  3.5852791551e-02  3.1039853765e-03  3.1005916528e-02  3.2525415060e-03  8.2818470439e-03  2.4252936432e-03  6.7258802414e-03  2.5239727657e-03  3.1659883228e-03  1.7882011904e-03  1.2212337832e-04  2.2170592681e-03  5.4858521159e-03  1.7357140617e-03  -7.7023780833e-04  2.0904597266e-03  3.5389857295e-03  1.8629639667e-03  -8.0363243902e-05  2.3199481042e-03  
-1.4499065876e+00  5.9909623861e-01  1.5246378258e-02  3.6385449030e-02  5.6593639707e-03  1.1726051426e-02  4.9896721779e-03  3.6058334444e-02  2.7160052341e-03  3.0598610240e-02  3.0818346941e-03  9.3692444569e-03  2.3230309559e-03  5.9432766628e-03  2.4223046467e-03  4.2127172453e-03  1.8682004469e-03  -1.9502000318e-03  1.8668955747e-03  5.6172494672e-03  1.8674377809e-03  1.6513813040e-03  1.8357256916e-03  4.7416888529e-03  2.0514166132e-03  -2.1118399882e-03  1.8565013766e-03  
-1.3499211073e+00  6.0848712921e-01  1.5185667202e-02  3.7182912116e-02  5.8035687285e-03  2.1011288354e-02  4.8805354705e-03  3.5408396806e-02  2.7751108695e-03  3.1288968285e-02  2.9291527239e-03  7.8498406849e-03  1.7603138530e-03  5.2441382610e-03  1.8047271001e-03  6.0452970876e-03  1.7758162289e-03  2.6134082962e-03  1.8598070799e-03  5.2814337197e-03  1.7836549229e-03  2.9472763394e-03  1.7021075326e-03  4.4306455707e-03  1.8469282265e-03  1.9018561389e-03  1.8956086189e-03  
-1.2499601841e+00  6.0985445976e-01  1.4242191799e-02  3.5881986195e-02  6.1310889309e-03  2.4069630161e-02  4.9346389933e-03  3.2791712606e-02  3.0629211619e-03  3.1260075884e-02  3.1159405407e-03  8.0947621764e-03  2.1105937312e-03  4.5714509312e-03  2.1483769941e-03  5.4984565644e-03  1.9071071429e-03  -3.0969856753e-04  2.1678297627e-03  3.5909983942e-03  1.8800067823e-03  -6.8034924323e-04  1.6892878250e-03  1.4122951181e-03  1.9012670846e-03  -6.2385256692e-04  1.9537336819e-03  
-1.1498023272e+00  6.1264181137e-01  1.3282922097e-02  3.5465831165e-02  5.6871800634e-03  2.6749301930e-02  5.3095446931e-03  3.6067923341e-02  2.6476075097e-03  3.4625888897e-02  2.7301056292e-03  1.4131854497e-02  2.1422808464e-03  1.0058699936e-02  2.1213462067e-03  5.1190598811e-03  1.8227537682e-03  2.9512905475e-03  2.1288334331e-03  6.8540792219e-03  1.8724042053e-03  1.2605587550e-04  1.8983249913e-03  4.4819604301e-03  1.8162866747e-03  1.1402390427e-05  1.6212124027e-03  
-1.0499837399e+00  6.1277234554e-01  1.2708378024e-02  3.5249222260e-02  6.0695095861e-03  3.6237484947e-02  5.1872081383e-03  3.7549945963e-02  2.6375046706e-03  3.6741081359e-02  2.6870302659e-03  9.1337136715e-03  1.6335686343e-03  8.1858816604e-03  1.6953923580e-03  6.7029905800e-03  1.6671137076e-03  3.8471230002e-03  1.8198970116e-03  5.5639902320e-03  2.0786709674e-03  3.0600671292e-04  1.9381871876e-03  3.6234148488e-03  2.0306731542e-03  2.3195410708e-03  1.6934422552e-03  
-9.4999444485e-01  6.1627709866e-01  1.1530671269e-02  3.6076170867e-02  6.3141592515e-03  4.0430598911e-02  5.5734314955e-03  3.6734342499e-02  3.0034931969e-03  3.6904119487e-02  3.1130126724e-03  1.6335014092e-02  2.4179878999e-03  1.2380099732e-02  2.6440821758e-03  5.8807488151e-03  1.8624426254e-03  3.2434037920e-03  2.2241551574e-03  2.4086608877e-03  2.0155700203e-03  3.5699471898e-03  1.8711061734e-03  1.6364796540e-03  1.8473602465e-03  -1.9942661023e-03  1.9835947849e-03  
-8.4997797012e-01  6.2046122551e-01  1.1054497212e-02  3.8346107365e-02  6.6001639953e-03  4.3349998642e-02  6.4660464360e-03  3.7329065670e-02  2.7770196950e-03  3.8053492654e-02  2.7159963253e-03  1.0635405494e-02  2.0109846801e-03  7.6060021220e-03  2.2095783561e-03  5.6728006635e-03  1.9054429399e-03  2.4536504928e-03  1.9753406123e-03  3.4733002801e-03  1.8800101157e-03  -5.0265026033e-04  1.9308676368e-03  4.0536376800e-03  1.8998813971e-03  -7.3554690559e-04  1.7346720646e-03  
-7.4992048740e-01  6.2190991640e-01  1.0223109275e-02  3.8388374205e-02  7.2633037490e-03  4.8932768519e-02  6.8048622765e-03  3.7043112615e-02  3.1310988144e-03  3.9772859223e-02  3.1473976757e-03  9.6604569473e-03  2.3099634922e-03  1.1928836083e-02  2.3897363630e-03  6.0639819843e-03  1.7604643067e-03  1.0667988517e-02  1.8783233320e-03  3.7058441453e-03  2.2537780489e-03  8.0509013924e-03  1.9118029680e-03  2.5472509953e-03  2.2466540217e-03  5.0259479512e-03  2.0104337838e-03  
-6.4999896288e-01  6.2847077847e-01  9.7919208929e-03  3.6747545004e-02  7.6489482661e-03  5.2445711150e-02  6.8651192380e-03  3.9038969318e-02  2.7922353934e-03  4.1168871051e-02  2.8847914578e-03  9.3946277772e-03  2.4847736489e-03  1.0019340524e-02  2.3565670376e-03  5.9400091746e-03  2.0765955244e-03  8.3415497674e-03  2.1540631572e-03  3.5307045874e-03  2.2491720700e-03  6.5777964928e-03  2.1238378315e-03  6.7927933498e-03  2.1825375057e-03  7.3231293164e-03  2.2611381159e-03  
-5.4995900393e-01  6.2992656231e-01  8.7868012488e-03  3.7216137753e-02  7.6584708438e-03  5.2538041862e-02  7.4021800801e-03  3.7839573485e-02  3.0438793295e-03  4.0872110016e-02  3.0357499085e-03  1.0274544235e-02  1.7836249796e-03  1.0533626600e-02  2.0402616780e-03  4.9749761725e-03  1.9002172949e-03  7.2664256512e-03  1.9902583011e-03  3.7908569425e-03  1.6873129759e-03  6.0990433142e-03  1.6613797564e-03  8.4932128737e-04  2.0532278927e-03  9.7656893278e-03  2.2549209158e-03  
-4.4998469949e-01  6.3632017374e-01  7.9899746925e-03  3.3899340893e-02  6.9896114079e-03  4.8688645684e-02  6.3912543192e-03  3.7021106185e-02  2.9862524278e-03  3.9311607197e-02  2.9554518892e-03  7.7757006464e-03  1.5753513190e-03  8.9008712818e-03  1.7144973314e-03  4.5901312474e-03  2.1957346672e-03  8.2380972442e-03  2.0643285252e-03  4.8982466200e-03  2.0122870790e-03  1.0312703723e-02  2.2029986986e-03  3.8416807430e-03  2.1319005981e-03  6.8160747796e-03  1.7719921885e-03  
-3.5001054406e-01  6.3485658169e-01  7.2553637438e-03  3.1617384556e-02  7.5096650533e-03  5.1033087645e-02  6.6596189995e-03  4.0649245436e-02  3.0125368308e-03  4.4685454431e-02  2.8669984120e-03  6.9649753360e-03  1.5710243299e-03  1.1314374670e-02  1.7235176361e-03  3.8035258233e-03  1.9823158109e-03  6.7333776209e-03  2.1426014626e-03  4.2169327582e-03  2.0920872443e-03  8.0701719912e-03  1.9195168588e-03  3.9253066726e-03  2.0096881555e-03  4.8193080797e-03  2.1027278543e-03  
-2.5003367662e-01  6.3808834553e-01  6.5882583149e-03  2.8572816155e-02  7.5809055270e-03  4.9990657945e-02  7.4368067249e-03  3.8306587357e-02  2.7968402110e-03  4.1139034630e-02  2.7704864145e-03  9.5046626176e-03  1.7294014085e-03  1.3566126287e-02  1.6780979665e-03  2.1831254042e-03  1.4656940597e-03  3.6440661548e-03  1.6815837953e-03  3.3878038747e-03  2.2044090238e-03  3.5194584658e-03  2.1077042859e-03  2.3525798805e-03  2.1033155627e-03  3.9490137240e-03  2.0285267518e-03  
-1.4996895194e-01  6.4436960220e-01  6.2523595989e-03  2.8647608751e-02  7.5060838251e-03  4.8059919355e-02  7.6349898851e-03  3.7927855642e-02  3.2862862806e-03  4.1460324725e-02  3.2204002325e-03  1.0535887309e-02  1.8353448448e-03  1.3572064922e-02  1.8774143779e-03  2.7678680644e-03  1.6045338241e-03  4.5078568332e-03  1.7812528705e-03  5.1332439477e-03  1.8100802373e-03  7.2491654214e-03  1.9044953334e-03  3.4311526759e-03  2.3143486919e-03  7.8282784623e-03  1.9227834329e-03  
-5.0081826746e-02  6.4332318306e-01  5.8857994154e-03  2.3003063906e-02  6.4881116740e-03  4.1882751624e-02  6.5480833576e-03  3.6295895712e-02  3.1272011253e-03  3.9762466728e-02  3.1288335970e-03  6.1198869121e-03  1.8279625138e-03  1.0168684970e-02  1.7030730883e-03  6.5057089229e-03  1.5252126639e-03  7.2735575579e-03  1.6770805597e-03  2.5706207629e-03  1.9371929932e-03  5.7494499749e-03  1.6170763276e-03  3.5778239241e-03  1.9941910069e-03  6.5234347997e-03  1.4538132272e-03  
5.0005353987e-02  6.4117944241e-01  5.8556320146e-03  2.4394128110e-02  6.6892514507e-03  4.2949236169e-02  7.1464151284e-03  3.7290350173e-02  2.9026612823e-03  3.9478382096e-02  3.0150283708e-03  6.2868694433e-03  1.6455930578e-03  7.2624570481e-03  1.5421435029e-03  7.1269764936e-03  1.8676548775e-03  7.5829127442e-03  1.6493253250e-03  3.2140814405e-03  1.9688989307e-03  7.4791658898e-03  1.4565484796e-03  6.4229793105e-03  1.5637992867e-03  8.2364214100e-03  1.6304849651e-03  
1.4985702932e-01  6.3699561357e-01  5.9793284163e-03  1.7750602710e-02  7.1442255295e-03  3.8100896707e-02  8.0951010506e-03  3.5154228612e-02  3.4826615146e-03  3.8304762763e-02  3.2688088510e-03  7.8721203727e-03  2.2444495256e-03  9.8362922079e-03  2.0377608792e-03  5.2638354103e-03  1.7184400050e-03  6.9704757699e-03  1.8833170071e-03  5.9571574128e-03  2.0945376935e-03  1.0166376962e-02  1.9277716798e-03  3.8883389682e-03  1.9233625507e-03  5.8019013496e-03  1.9491788185e-03  
2.4981881678e-01  6.3659518957e-01  5.9536448680e-03  1.8763861866e-02  6.8298533748e-03  3.3583440077e-02  7.7711437274e-03  3.7531328293e-02  2.7010685656e-03  3.9605082032e-02  2.5681693957e-03  7.8519760412e-03  2.0248983066e-03  9.6301368951e-03  1.9415547298e-03  5.0707352404e-05  1.9522673515e-03  5.7440683132e-03  2.0683784946e-03  3.9248662188e-03  2.0029711698e-03  7.7541649332e-03  1.7751285641e-03  5.6137698180e-03  1.7766742642e-03  6.9275477008e-03  1.8143838232e-03  
3.4986263514e-01  6.3293808699e-01  5.9637976810e-03  2.0575694540e-02  6.9789695660e-03  3.6095966167e-02  8.3116422507e-03  3.6459601541e-02  3.1841906876e-03  4.0040312677e-02  3.0260101759e-03  8.1782197741e-03  2.1241481132e-03  9.8178809300e-03  1.9192933775e-03  6.7481961938e-03  1.7454286166e-03  9.9062773551e-03  1.7966619784e-03  6.1164725648e-03  2.0979689894e-03  5.7493658280e-03  1.8911713742e-03  7.1863526554e-03  1.9977596285e-03  4.7184665146e-03  1.9866141954e-03  
4.4989296794e-01  6.2384653091e-01  6.2898453325e-03  1.8122842241e-02  6.4646581985e-03  3.0553003678e-02  7.9278235225e-03  3.7912714732e-02  2.9705160528e-03  4.0154010095e-02  3.0068142017e-03  9.2737678229e-03  2.1751672911e-03  1.1554974084e-02  1.9958117632e-03  3.4147529739e-03  1.5142830104e-03  6.4456937217e-03  1.6021511374e-03  4.6066670983e-03  1.7438144295e-03  8.4115130760e-03  1.9239129551e-03  6.0871369871e-03  1.8111745072e-03  9.7642284343e-03  1.8898221852e-03  
5.4983663559e-01  6.1899244785e-01  6.5849935636e-03  1.7849270758e-02  5.6385686964e-03  2.8324825347e-02  6.8472625689e-03  3.5304987423e-02  2.7181608073e-03  3.7764495809e-02  2.5664787325e-03  6.2448016311e-03  2.0644580241e-03  9.6288573434e-03  2.0204067707e-03  4.4591794057e-03  1.6689390721e-03  7.5624166009e-03  1.5572019281e-03  3.7729618786e-03  1.6633830542e-03  4.0098822353e-03  1.6753826976e-03  1.9500159281e-03  1.6512271204e-03  6.2519511854e-03  1.8415644920e-03  
6.4988583326e-01  6.0711944103e-01  6.8425992504e-03  1.6136433378e-02  5.2147456503e-03  2.2817477109e-02  6.6209744604e-03  3.3618703180e-02  3.1441839540e-03  3.5949077609e-02  3.3149233625e-03  5.3986802849e-03  2.0783184866e-03  6.6190236961e-03  2.3887732518e-03  2.3996667754e-03  1.8590442040e-03  4.2808866556e-03  1.8042252398e-03  2.1168393076e-03  2.0683940859e-03  6.7493155200e-03  1.8164982024e-03  3.6489998376e-04  1.7828288728e-03  3.3963498854e-03  1.8709011422e-03  
7.4984836578e-01  6.0095143318e-01  7.2946907021e-03  1.1437254017e-02  4.6851043605e-03  1.7016205633e-02  5.5096903997e-03  3.5319894704e-02  3.3675143049e-03  3.5586658865e-02  3.7650229038e-03  6.4746908254e-03  2.3052756646e-03  1.0701731294e-02  2.0446125560e-03  5.6231641638e-03  2.1395891435e-03  8.3547097688e-03  2.1116578491e-03  5.0627886251e-03  1.8965064070e-03  4.9752018091e-03  2.0382091647e-03  3.2774078151e-04  2.1071623160e-03  5.2632876406e-03  1.9578473687e-03  
8.4974420071e-01  5.8808308840e-01  7.5091933832e-03  1.1360835351e-02  3.4273766492e-03  1.2125777166e-02  3.5786170892e-03  3.4431515300e-02  2.8260466809e-03  3.3371079219e-02  3.0261955995e-03  8.9715487723e-03  2.3998364913e-03  4.4302924641e-03  2.2026230905e-03  3.2439771660e-03  2.1990738205e-03  1.2541051101e-03  2.2384700502e-03  -8.4014357361e-05  1.8014453267e-03  -3.1375769631e-04  1.6518234914e-03  3.6775849223e-03  2.2932221609e-03  2.1805649694e-04  2.4406366773e-03  
9.4977957010e-01  5.7454770803e-01  8.0218324438e-03  1.4960359240e-02  4.0918564576e-03  1.3404087401e-02  3.5827087336e-03  3.1133087523e-02  2.5959542790e-03  2.9736129396e-02  2.6413195880e-03  6.4836499728e-03  1.9212159090e-03  2.8507860439e-03  2.0031264049e-03  2.7983509983e-03  2.0603998709e-03  -1.0961549703e-03  1.8932856069e-03  5.3004295451e-03  1.9346526299e-03  1.7532388892e-03  2.0571727989e-03  2.4798162928e-03  1.7331360629e-03  -1.1350607595e-03  2.1824019203e-03  
1.0498800278e+00  5.5653190613e-01  8.2908691838e-03  1.2778179045e-02  4.2197692749e-03  8.9913065336e-03  3.0045066527e-03  3.1473790657e-02  3.1940485584e-03  2.9026658217e-02  3.3331440636e-03  7.6189053444e-03  2.3973678877e-03  4.0128181489e-03  2.2672168493e-03  4.5394460832e-03  1.5401700373e-03  3.3391831058e-03  1.7591931364e-03  6.2098712598e-04  1.7349847170e-03  -1.2246279601e-03  2.1242376454e-03  2.1696037943e-03  1.8660036907e-03  -4.7396369212e-03  1.7403241783e-03  
1.1497001648e+00  5.4443389177e-01  8.5839601234e-03  1.6436890965e-02  5.1810190458e-03  1.0319898703e-02  3.3811310901e-03  3.2143979238e-02  3.0451064919e-03  2.9845238796e-02  3.5785964768e-03  8.0245606725e-03  1.8358225477e-03  6.6379534024e-03  2.0443576251e-03  6.0109477585e-03  1.8777109762e-03  5.3709357985e-04  1.6786106874e-03  4.9369507279e-03  1.9541010829e-03  9.7005845972e-04  1.8492154630e-03  5.3476172699e-03  1.9953172991e-03  3.7823908996e-03  2.2765472754e-03  
1.2497972250e+00  5.2544879913e-01  8.6188549176e-03  1.5474635699e-02  5.4177968869e-03  3.9287050176e-03  3.6399333937e-03  3.1277081663e-02  3.1338319776e-03  2.7857529912e-02  3.5327410570e-03  7.1624022509e-03  2.0458283552e-03  4.0808418785e-03  2.2386757185e-03  5.3291658168e-03  2.1556923708e-03  3.4709484578e-03  2.4463537160e-03  2.5877789048e-03  1.7489110034e-03  1.7509341396e-04  1.5668290541e-03  3.0922132202e-03  2.1657218156e-03  -4.1499794197e-04  2.1331883758e-03  
1.3495810032e+00  5.0582897663e-01  8.6598191410e-03  1.4353380130e-02  5.5275898940e-03  2.7503019011e-03  2.9973139122e-03  3.6725462889e-02  3.1277654230e-03  3.3930389819e-02  3.2431879044e-03  4.9876242791e-03  2.0994698322e-03  1.4590316028e-03  1.9854151396e-03  5.6868852496e-03  2.2624575103e-03  -1.8074618885e-04  2.4312500096e-03  -8.9668995482e-04  1.9000185135e-03  -3.2022013923e-03  1.7400607221e-03  3.8466036405e-03  2.1087548672e-03  1.1828949732e-03  1.9083339783e-03  
1.4497781992e+00  4.8834306002e-01  8.7948162109e-03  1.5964715780e-02  6.9928719664e-03  -2.0611402115e-03  4.0264812888e-03  2.5982878494e-02  3.2340364558e-03  2.4577906640e-02  3.5746517313e-03  9.5211475498e-03  2.2097508148e-03  6.1937469694e-03  2.2430568948e-03  1.1888978604e-02  2.4393860101e-03  4.3462260179e-04  2.8305175330e-03  9.6145891394e-03  2.0828830533e-03  3.0577814596e-03  2.1861428381e-03  8.9040011546e-04  2.1110452743e-03  -5.4961319215e-03  2.3926075188e-03  
1.5497460365e+00  4.7069916129e-01  9.1287288815e-03  1.9469873029e-02  6.2170405506e-03  5.2922476886e-03  4.2191002117e-03  2.7568714788e-02  2.6821240882e-03  2.4623396578e-02  2.9144834283e-03  4.6836458223e-03  1.9021988115e-03  1.6919256352e-03  2.0018916215e-03  6.4862466759e-03  1.9036814667e-03  3.9346779659e-03  2.2259949241e-03  3.9995469471e-03  2.3303415439e-03  -3.1764421850e-04  2.1602893016e-03  5.5867946108e-03  2.0720012539e-03  -4.4372778201e-04  1.9488315813e-03  
1.6496419907e+00  4.4898524880e-01  9.0357391164e-03  1.2705776090e-02  6.2379495470e-03  -2.7177901368e-03  3.9543370496e-03  2.6689895011e-02  3.0592379920e-03  2.5487117279e-02  3.3807464602e-03  6.9677337092e-03  2.0229007397e-03  4.3286650385e-03  2.2724945900e-03  1.2994034831e-03  2.1270465214e-03  -2.7702351277e-03  2.1872669445e-03  5.1699210129e-03  2.3723143486e-03  9.1986369659e-04  2.4212836723e-03  1.0423084113e-02  2.3171046397e-03  3.6116659342e-03  2.6553378845e-03  
1.7495920658e+00  4.2756894231e-01  9.0163797140e-03  1.5059723072e-02  5.7234777695e-03  -5.9430343384e-03  3.4332785071e-03  2.8886277495e-02  3.6176840449e-03  2.6228861180e-02  3.7847395982e-03  7.2237747028e-03  2.1735488829e-03  2.8931919903e-03  1.9335491468e-03  6.2784446137e-03  2.1798052293e-03  6.2881499869e-04  2.2464550529e-03  5.8002811405e-03  3.3734450236e-03  1.8483152523e-03  2.7139060102e-03  3.2469397862e-03  2.4596226773e-03  8.9312542242e-04  2.3762001729e-03  
1.8493394852e+00  4.0525797009e-01  8.6975572631e-03  1.1558264836e-02  4.9608905758e-03  -3.0410434262e-03  3.5593066534e-03  2.6551511994e-02  3.3850542942e-03  2.1518772126e-02  3.6852517930e-03  7.0941970798e-03  2.5673479824e-03  5.6726296043e-03  2.3008890219e-03  5.4459873235e-03  2.4585235000e-03  1.0525193962e-03  2.4164216776e-03  1.7672576930e-03  2.2439456399e-03  -2.4635694976e-03  2.3498176455e-03  4.2171872516e-03  2.2703827535e-03  1.6203447428e-03  2.3154862535e-03  
1.9494614601e+00  3.8487264514e-01  8.5436338559e-03  1.1241886347e-02  5.4246292705e-03  -5.8863553057e-03  3.2455009800e-03  2.8294798139e-02  3.2770934808e-03  2.4833386156e-02  3.5330049001e-03  8.6778818193e-03  2.0993281545e-03  6.4798257200e-03  2.1699678390e-03  5.6645528518e-03  2.5516415983e-03  4.7452651839e-03  3.0256421486e-03  1.8535768494e-03  2.2895128681e-03  1.7194727400e-05  2.4537281969e-03  6.0505137722e-03  2.4395344521e-03  3.1398281773e-03  2.4495808299e-03  
2.0494356155e+00  3.6502167583e-01  8.2623139024e-03  1.4394186342e-02  4.8518172666e-03  -4.1659776649e-03  3.9282696720e-03  2.2090299169e-02  2.8281825008e-03  1.9958322126e-02  2.8417756644e-03  8.7744094175e-03  2.5641407026e-03  2.8110688388e-03  2.9186377716e-03  8.0270878353e-03  2.1577244790e-03  2.8584292158e-03  2.5523199800e-03  6.8480709986e-03  2.6835827179e-03  9.4806626308e-04  2.4273437697e-03  1.0455001495e-03  2.3132134643e-03  -7.4807696902e-04  2.4124839831e-03  
2.1495409012e+00  3.4124398232e-01  7.9824235290e-03  1.3349989277e-02  4.5962330667e-03  -4.6835309251e-03  3.3402940761e-03  2.3723755488e-02  3.2403772758e-03  2.1301578540e-02  3.2928342040e-03  1.0665358861e-02  2.7542972333e-03  7.5930393282e-03  3.5547945403e-03  7.1445357419e-04  2.6671321414e-03  7.7097314796e-04  2.7341900604e-03  -2.5706181550e-04  2.5696129332e-03  -3.2654999998e-03  2.8674110395e-03  1.7028881985e-03  3.1005453139e-03  -3.8910875719e-03  2.9277005445e-03  
2.2492678165e+00  3.1985902786e-01  7.5690168887e-03  3.7538753419e-03  4.2711658861e-03  -6.6941232915e-03  3.9717237623e-03  2.1609014984e-02  3.3880936312e-03  1.8991853852e-02  3.3405559142e-03  8.6512086362e-03  2.6502004347e-03  4.1606303053e-03  2.7771010059e-03  6.0560506512e-03  2.9282928804e-03  2.7407423239e-03  2.8961267971e-03  -4.4338427536e-06  3.1049715988e-03  -4.3857112783e-03  2.4922700542e-03  4.9123813907e-03  2.9585896076e-03  1.4261950368e-03  2.4881134097e-03  
2.3491575718e+00  2.9780128598e-01  7.3293359019e-03  7.7348990813e-03  4.0354410989e-03  -6.4677111377e-03  3.8126162194e-03  2.6549243368e-02  3.1387148883e-03  2.2679546126e-02  3.1629604615e-03  7.3258598972e-03  2.7518859038e-03  5.1332877056e-03  2.6795030881e-03  7.8183639586e-03  2.5875706004e-03  6.6696465091e-03  2.4023882964e-03  2.8134662734e-03  2.6059814654e-03  -1.4088812419e-03  2.6242708280e-03  5.0952040058e-03  2.7432179135e-03  2.4964532694e-03  2.4283708045e-03  
2.4490146637e+00  2.7711001039e-01  6.7149563693e-03  5.0928967539e-03  4.9576188122e-03  -6.4315458342e-03  4.4657536612e-03  1.7319624464e-02  3.8179945412e-03  1.5949120954e-02  3.8569252797e-03  1.1342443497e-02  2.6652275328e-03  7.6259915071e-03  2.8546032870e-03  4.7756240736e-03  3.1435024949e-03  9.6201093112e-04  3.2073236528e-03  5.9238421084e-03  2.8625227828e-03  1.3209221184e-03  2.5536747790e-03  5.5665706227e-03  3.1380839823e-03  3.9060923071e-03  3.0420415232e-03  
2.5491726398e+00  2.5708812475e-01  6.4758653753e-03  1.2115551368e-02  4.6618819079e-03  -7.3899341032e-04  4.3742027766e-03  2.0675643176e-02  3.6285707356e-03  1.8330066332e-02  3.7044194048e-03  3.1337271853e-03  2.4402842939e-03  1.9242856818e-03  2.9110076241e-03  3.2079748819e-03  3.0522774241e-03  -2.3963205607e-03  3.1002906077e-03  2.3210717909e-03  2.5232375326e-03  -7.0972905131e-04  2.5218811876e-03  4.3128951885e-03  2.7698304566e-03  -6.1324982404e-04  2.5535813051e-03  
2.6493389606e+00  2.3644356430e-01  6.1618410982e-03  3.2875479391e-03  6.1238236170e-03  -7.9288982492e-03  5.1857558246e-03  1.5200722887e-02  3.5019491605e-03  1.3594611234e-02  3.7176095113e-03  1.5437656578e-03  2.7025444268e-03  2.4253213291e-03  2.8961777605e-03  3.5320612013e-03  3.3199732754e-03  -2.7835078250e-03  3.2902220939e-03  6.6372277643e-03  3.1572285381e-03  -1.4305318627e-03  2.8597916074e-03  -1.0702803843e-05  3.1159910252e-03  -2.4478788160e-03  3.4508107523e-03  
2.7492997646e+00  2.1613392234e-01  5.7379398495e-03  6.9968214791e-03  6.4681452938e-03  -5.3565178865e-03  6.7639352533e-03  1.5590803859e-02  3.2979245840e-03  1.4494875693e-02  3.5281932026e-03  6.4306798657e-03  3.0850516276e-03  3.0805101637e-03  3.1273812624e-03  7.8344484981e-03  3.1758779964e-03  2.3070572738e-03  3.7899741173e-03  2.8341096393e-03  3.1391676298e-03  -8.0670373807e-04  3.5534648756e-03  1.0022416625e-02  3.3326188589e-03  1.9268851064e-03  3.2508273879e-03  
2.8491106033e+00  1.9839502871e-01  5.3569660522e-03  1.2962395297e-02  6.8604712849e-03  9.8017853816e-04  6.2588084000e-03  1.3481599592e-02  3.8783579288e-03  1.1631810106e-02  4.0940300606e-03  2.4983231370e-03  2.9145797864e-03  4.0701954431e-03  2.7942554523e-03  4.8508854839e-03  3.3563639483e-03  -7.7514833449e-04  3.0481176781e-03  5.7068634731e-03  3.2866158568e-03  -4.6852794024e-03  3.0996618121e-03  -1.0626047394e-03  2.8207789971e-03  -6.7307270959e-03  3.0373506301e-03  
2.9493112564e+00  1.8101370335e-01  5.0787022337e-03  6.0718563927e-03  6.7259071776e-03  -1.1731188541e-03  7.5745514279e-03  8.4117565836e-03  3.6039068899e-03  6.8973421537e-03  3.9305308021e-03  -4.0753346854e-03  3.5010676414e-03  -5.7957700017e-03  4.2140156479e-03  3.8756484247e-03  3.9795908856e-03  1.5422032641e-03  3.3094785540e-03  4.6799973589e-03  3.3605653110e-03  1.7745453283e-03  3.5043792343e-03  3.6144868954e-04  3.1896120842e-03  -3.9822062649e-03  3.7174098621e-03  
3.0492362976e+00  1.6628773510e-01  4.8817200586e-03  7.0119152292e-03  6.5494360483e-03  2.3295500824e-03  6.7886584074e-03  1.6350126388e-02  3.6243549873e-03  1.4186718862e-02  3.5481492906e-03  -3.9939433265e-03  3.7446105554e-03  -3.8034573093e-03  3.8212221829e-03  3.2576024651e-03  3.9442352448e-03  -5.4623494033e-04  3.6426050651e-03  -5.4696894926e-03  3.6966988876e-03  -5.2813367932e-03  3.9063070823e-03  2.1225768394e-03  4.5367632189e-03  -2.3365361947e-04  4.3238646828e-03  
3.1490857601e+00  1.4987716079e-01  4.3717143126e-03  8.0143418591e-03  7.2716564530e-03  -4.6786178611e-03  7.6601601997e-03  1.3066359663e-02  4.4176345572e-03  1.1183368878e-02  4.6894285995e-03  -7.1797659003e-03  3.6616054731e-03  -5.0260791892e-03  4.2120984784e-03  1.2946803826e-02  4.1902236233e-03  3.9111360485e-03  3.9145088712e-03  3.3439234046e-03  3.6495992739e-03  -7.3227582522e-04  4.1103076065e-03  -3.1881291088e-03  4.2473706334e-03  -3.2872556120e-03  4.1214830426e-03  
3.2491922379e+00  1.3744638860e-01  4.0310407057e-03  5.4096598891e-03  7.7889116496e-03  6.0996704885e-04  8.9476334598e-03  1.0986110072e-02  4.4102674651e-03  6.7911309722e-03  4.4028412250e-03  2.6628815721e-04  4.7313506854e-03  8.4894758365e-04  4.9912097813e-03  -4.1303628039e-03  3.9614279396e-03  -7.7357397229e-04  3.2509051825e-03  3.6059229228e-03  3.9357206162e-03  -1.1193329425e-03  3.2516098430e-03  6.7152935922e-04  3.7299694233e-03  3.4263361856e-03  4.1825860044e-03  
3.3489058018e+00  1.2471584231e-01  3.6823810078e-03  7.7635836170e-03  7.5649947592e-03  3.7862163825e-03  7.3955681678e-03  1.6405902879e-02  4.4176307737e-03  1.4371616186e-02  4.6486561734e-03  6.1431589242e-03  4.1013867900e-03  4.2534089928e-03  4.2139894241e-03  2.0053276866e-03  5.1532779152e-03  3.3257680479e-03  4.5683625001e-03  5.9773248872e-03  5.9299225979e-03  3.2702769433e-03  5.0391463204e-03  4.1758097455e-04  3.8833885762e-03  4.8840342081e-04  4.4251429293e-03  
3.4491183758e+00  1.1239326000e-01  3.3239070326e-03  2.1851201411e-03  9.1046729971e-03  -6.1076702277e-03  8.9739637616e-03  1.1961297807e-02  5.1226310824e-03  1.1084732514e-02  5.4508920504e-03  7.7669148295e-03  3.5064513814e-03  8.0012158605e-03  3.8548805917e-03  -1.2814417462e-02  4.3559782539e-03  -7.7535894519e-03  3.7922891289e-03  6.4268679719e-03  4.1446105503e-03  3.9200582375e-03  4.5596356927e-03  3.8236620663e-03  4.6306752354e-03  5.8251870796e-03  4.4680447146e-03  
3.5488772392e+00  1.0199565440e-01  3.1213057227e-03  6.2581944061e-03  8.5753859576e-03  1.7201178304e-03  8.3415203712e-03  -4.1288508349e-03  5.4230714942e-03  -3.9023514885e-03  5.6234053211e-03  4.3939073827e-03  5.1536138724e-03  1.5814373729e-03  5.0749304150e-03  -3.0068604998e-03  4.4916922997e-03  -1.2081302353e-03  4.3801073703e-03  -2.5419211692e-03  4.6524105711e-03  -4.1282760806e-03  4.5082212374e-03  8.3503525286e-03  5.0137295385e-03  5.6500325160e-03  4.3858941503e-03  
3.6489307880e+00  9.1335490346e-02  2.7793582994e-03  9.9576161509e-03  9.4164403799e-03  1.3206742628e-02  9.0911426902e-03  1.1029446222e-02  4.8753215560e-03  1.0006844636e-02  4.7331983502e-03  1.9747666155e-03  4.2900566525e-03  1.6947861110e-03  4.6773241457e-03  -3.0890923678e-03  5.2067448592e-03  1.3495184684e-03  5.2495181149e-03  -5.3194573135e-03  4.9514878041e-03  -2.4820687920e-03  5.2633961414e-03  -2.4291921035e-03  4.9626282920e-03  -6.5043489354e-03  5.2757562318e-03  
3.7488539219e+00  8.2639470696e-02  2.6772809215e-03  7.7994164526e-03  7.6998644636e-03  4.8177627937e-03  7.8338113431e-03  2.3833425898e-03  6.3361314803e-03  2.1933643456e-04  6.2117543707e-03  2.6209449826e-03  5.2689663274e-03  6.2466758478e-04  5.9967818698e-03  3.1036527801e-03  5.7723957816e-03  4.9109120226e-03  5.3530208939e-03  7.0422079642e-03  6.1195431223e-03  4.2578623231e-03  5.9836723486e-03  -4.1496366980e-03  5.7126700615e-03  -6.1645085961e-03  5.7958672457e-03  
3.8488295078e+00  7.2601281106e-02  2.3411782458e-03  7.7440277388e-03  8.2925691151e-03  -6.5109811412e-03  1.0126775287e-02  1.1990245000e-03  5.6111863989e-03  -1.4010168371e-03  6.1191510141e-03  -2.5618305223e-03  5.7880219951e-03  -5.1960309977e-03  6.1640558611e-03  -1.0945291710e-04  6.2514569509e-03  -3.3540689619e-03  6.8555621188e-03  -1.2801257024e-03  6.1662776416e-03  1.6748374066e-03  6.4263278872e-03  3.3185749353e-03  5.7401978988e-03  7.6984481991e-03  4.8260715964e-03  
3.9487709999e+00  6.6442593932e-02  2.3109549657e-03  -2.4523045048e-03  6.7330459208e-03  -3.0887072118e-03  7.8351766446e-03  5.4677307216e-03  5.8217371026e-03  7.4848101940e-03  6.2184247710e-03  -9.4753474197e-03  5.5599386873e-03  -2.7503770716e-03  5.3973882879e-03  -1.2408270983e-03  5.7483354368e-03  -9.6128358672e-04  5.4726145456e-03  7.1133329980e-03  5.5732971912e-03  1.0011157848e-02  5.3964874629e-03  6.9316966288e-03  6.4151213527e-03  2.0403524885e-03  7.3516635957e-03  
4.0482130051e+00  5.8434903622e-02  2.1340372041e-03  -2.2265412316e-04  7.2227692811e-03  8.3186339482e-03  7.3479362387e-03  1.5359683076e-02  7.1020961133e-03  1.3767445717e-02  6.7668397657e-03  -9.9065385008e-03  6.8569077892e-03  -1.1299899855e-02  7.2161163853e-03  -1.7685194393e-04  7.4471122536e-03  3.4104048432e-03  6.3802002170e-03  -8.1627801660e-04  5.7670316372e-03  3.3545028798e-03  6.2470713015e-03  3.8079437727e-04  5.5121690542e-03  4.1946591310e-03  5.1601258147e-03  
4.1483969688e+00  5.1280502230e-02  1.9985239487e-03  3.3538644389e-03  8.6128270824e-03  -2.4306671165e-03  7.2044178842e-03  9.1686540530e-03  6.0754968666e-03  7.6611835167e-03  6.3289314709e-03  1.2808671077e-03  6.1131957462e-03  6.7393618199e-03  5.9512919235e-03  7.4682033583e-03  7.0574554781e-03  -7.9164296734e-04  6.5306382509e-03  -3.7984366301e-03  8.4233254485e-03  4.8123219345e-03  7.6330288606e-03  2.1508218651e-03  6.7672981060e-03  -7.6902439804e-04  5.9775370253e-03  
4.2482910156e+00  4.6150948852e-02  1.8398821121e-03  -8.4803743259e-03  1.0153091927e-02  -1.0520850807e-02  1.0465155058e-02  3.1013761870e-03  6.0896433061e-03  9.7471643216e-04  6.6246147834e-03  1.5411360809e-03  7.5013783772e-03  6.4732578669e-03  6.8681735523e-03  1.2257464203e-03  7.1202288811e-03  -2.0860532490e-03  6.4594918072e-03  -5.9984077804e-03  7.3796416119e-03  -5.9781453800e-03  8.2085615750e-03  8.8713524996e-03  7.4273416572e-03  2.8575057737e-04  7.3774882656e-03  
4.3476843834e+00  4.0182441473e-02  1.7708424712e-03  9.3952629725e-03  9.4646324969e-03  -4.5176108329e-03  7.9493538686e-03  7.4286614260e-03  7.5171078598e-03  9.7574624708e-03  7.7934279836e-03  -5.9972228910e-03  6.2067329616e-03  -1.8420721973e-03  6.5250403402e-03  -1.3793728761e-02  7.8073823472e-03  -9.4049988856e-03  8.1195076591e-03  -4.0473079889e-03  7.8441179305e-03  -2.4173895801e-03  7.3452514207e-03  -5.9605474614e-04  7.1055796712e-03  1.5526802118e-03  7.2507702685e-03  
4.4475226402e+00  3.5334628075e-02  1.5950666275e-03  -1.2480076298e-02  7.6187692433e-03  -1.3787453319e-02  7.2491162502e-03  4.4082954219e-03  9.9039484536e-03  2.8690187651e-03  1.1513452871e-02  -1.8248581665e-03  7.3934157991e-03  3.6444215061e-04  8.0207426326e-03  7.1001933265e-03  8.5710575012e-03  1.7751013214e-02  8.6572034435e-03  -1.3474936673e-02  8.8353254828e-03  -1.4851246343e-02  9.8286092085e-03  -3.0390546011e-03  9.1525878502e-03  1.1788166931e-02  1.0602780409e-02  
4.5465979576e+00  3.0637217686e-02  1.5130040701e-03  -2.4363995198e-03  9.1594171242e-03  7.0558895206e-04  1.0529244274e-02  1.3679390412e-02  9.6425779145e-03  1.8905880576e-02  8.6736904793e-03  6.6760028499e-03  8.6382266451e-03  3.6607965962e-03  8.8355856328e-03  4.8547900942e-03  9.3445460802e-03  -7.2604686167e-04  7.9471104268e-03  -6.6310047737e-03  1.0026550960e-02  -4.9905600632e-03  9.4369777326e-03  -2.9882561019e-03  8.5082409634e-03  2.8529254537e-03  8.6722400225e-03  
4.6458725929e+00  2.6566633955e-02  1.4251392568e-03  -1.1000725634e-03  9.9199132508e-03  -2.3896364330e-03  9.8053376109e-03  5.4854327529e-03  9.8285573133e-03  4.1199206002e-03  9.6544521383e-03  1.8431576976e-02  1.0361155515e-02  8.9447042164e-03  1.0953936708e-02  1.1118012594e-02  1.1764455956e-02  1.3756348133e-03  1.1184262704e-02  8.0808555703e-03  1.0610756769e-02  7.9981352782e-03  1.0785700539e-02  -2.6816274667e-02  8.2385440695e-03  -1.1040525948e-02  8.7013065228e-03  
4.7455034256e+00  2.2586125880e-02  1.3238182291e-03  -8.1335407093e-03  1.2939841039e-02  -4.5221468236e-04  1.5518631968e-02  2.1193877851e-02  1.2284871023e-02  2.3882098287e-02  1.4931883386e-02  1.3939297473e-02  1.0000514805e-02  1.8707091464e-02  1.1306918601e-02  1.0312712053e-02  1.0741724387e-02  -2.6474585057e-03  9.3305617679e-03  -6.8580665155e-03  9.8730728097e-03  -1.2908414263e-02  8.9454098339e-03  -5.4993298028e-03  7.8658310949e-03  -6.3111647567e-04  7.4004329239e-03  
4.8433499336e+00  1.9234191626e-02  1.2235513423e-03  -9.5444482571e-03  1.1628284874e-02  -6.6726857188e-03  1.3408368108e-02  2.3981301266e-02  1.0808991517e-02  3.2103830169e-02  1.2543758419e-02  9.0612730686e-03  1.1161840546e-02  1.8579814859e-02  1.0435742341e-02  -3.5926048301e-03  1.0911070701e-02  2.4452556984e-03  1.2315890561e-02  -5.0920885346e-03  9.6447830221e-03  1.0488171007e-03  1.0324654836e-02  1.5406507923e-02  1.0550594182e-02  9.3640737540e-03  1.1662398845e-02  
4.9432945251e+00  1.6090912744e-02  1.1511128396e-03  -2.9093453147e-02  1.4185785743e-02  -3.4984879329e-02  1.6533091037e-02  3.6001563262e-02  1.6584362102e-02  3.6759435427e-02  1.9582043588e-02  3.4110943380e-03  1.2801016639e-02  1.5935634063e-02  1.2439567486e-02  -1.5250211731e-03  1.2674357197e-02  -1.0739951266e-02  1.4325765562e-02  -1.7281803407e-02  1.1940265816e-02  -9.2868350294e-03  1.1982601193e-02  3.0265519418e-03  1.0961867803e-02  -1.1489624965e-02  1.1440051995e-02  
5.0417733192e+00  1.3310289942e-02  1.0582077084e-03  1.1135118774e-02  1.7788601429e-02  1.4517319108e-02  2.2648568979e-02  1.1798199855e-02  1.1421128990e-02  1.4465162721e-02  1.2013780855e-02  5.5418447437e-03  1.3508681546e-02  1.0493722249e-03  1.5833901914e-02  1.2662080596e-02  2.1664488742e-02  7.0992512415e-03  1.8240151087e-02  -2.4483843733e-03  1.1228005258e-02  5.3248933376e-03  1.1856586195e-02  6.7286802461e-03  1.1492131361e-02  7.2277223867e-03  1.1207492157e-02  
5.1385927200e+00  1.1351761408e-02  9.5717835939e-04  1.2782149368e-02  1.2501451435e-02  1.4691635102e-02  1.2709014953e-02  2.1275012473e-03  2.0409511069e-02  7.4626326452e-03  2.2967482453e-02  1.0892722418e-02  1.3653125908e-02  1.7952538751e-02  1.3060181675e-02  -2.7599146019e-02  1.4239905555e-02  -8.5755706033e-03  1.5253915403e-02  -1.8503790132e-02  1.3696831128e-02  -1.2719083501e-02  1.6965329493e-02  -2.4504135515e-02  1.3946137917e-02  -1.2882373799e-02  1.5064748879e-02  
5.2350258827e+00  8.5161076859e-03  8.2156626740e-04  3.6426341541e-02  1.3483221824e-02  2.9207566069e-02  1.5411149901e-02  1.0221617712e-02  2.1481116245e-02  2.0958058907e-02  2.5647486503e-02  -2.4354251958e-03  1.7782274838e-02  -1.1758084989e-02  1.7833155138e-02  -2.6100108029e-02  1.8266174973e-02  -3.8740735007e-02  1.5435045779e-02  -2.5553558497e-02  1.2309005519e-02  -8.5493478596e-03  1.7922303067e-02  3.9215425029e-02  1.7497398946e-02  2.2864256928e-02  1.6309851152e-02  
5.3330955505e+00  7.2218570858e-03  7.2695186827e-04  2.7081110477e-02  2.0354266114e-02  3.3671634899e-02  2.4420788081e-02  2.1569886007e-02  1.9100098674e-02  2.8086856084e-02  2.1457409837e-02  -2.9071603674e-02  1.7706990494e-02  -1.4149826486e-02  1.7257103422e-02  -5.7535080632e-03  1.5106902785e-02  1.0848742117e-03  1.5331857144e-02  -2.4310453947e-02  1.3196870236e-02  -5.4348468892e-03  1.5849389909e-02  -4.9401694619e-03  2.0073648154e-02  -1.4941116918e-02  1.8381313386e-02  
5.4313116074e+00  5.6288097985e-03  6.2878301833e-04  -5.3854435530e-02  2.4084932970e-02  -2.7783736539e-02  2.7677917480e-02  5.5090160542e-03  2.1651953852e-02  -1.0380895504e-03  2.7862276459e-02  -3.1764964886e-03  2.0846334064e-02  1.9932006486e-02  2.1814990187e-02  -6.6534983456e-03  2.0090628407e-02  -1.6492859465e-02  2.1923925921e-02  -6.6247586047e-03  1.6500226100e-02  -1.3570354425e-02  2.2407725872e-02  2.4915603389e-02  1.8107163618e-02  5.3389490337e-03  1.8549081643e-02  
5.5252099037e+00  4.1302531026e-03  5.1181897288e-04  -4.2363952145e-03  2.5124641105e-02  -4.2398435045e-02  2.5587399599e-02  7.1193120034e-03  1.8108411748e-02  6.9590624474e-03  1.7522471163e-02  -1.2375892480e-02  2.1076568222e-02  -8.7242990457e-03  2.6351288369e-02  1.2430817720e-02  2.8862585900e-02  3.4823496950e-02  2.8887766676e-02  1.2439202185e-02  1.8201905588e-02  7.5598642971e-03  2.0308669259e-02  1.7188788279e-04  2.6957494893e-02  2.6992994779e-02  2.5644315876e-02  
5.6224045753e+00  3.0598354060e-03  4.3306869338e-04  -3.0209105310e-02  2.2695360762e-02  -2.3010195413e-02  2.2925265218e-02  -1.9376883906e-02  2.8260106463e-02  -9.8572184435e-04  2.8422043617e-02  -1.7870537728e-02  2.2553794904e-02  -3.0592106986e-02  2.0301797307e-02  -2.0738976763e-03  2.6413101732e-02  -3.9128075620e-02  2.7878517831e-02  3.1068036168e-03  2.4969271249e-02  -3.9273060934e-02  3.1384065703e-02  -1.5385746556e-02  2.4953908760e-02  -2.9812414845e-02  2.6149924815e-02  
5.7207627296e+00  2.2945895325e-03  3.6407227162e-04  9.1609813995e-03  2.9768637384e-02  9.5367397377e-04  3.6199281392e-02  -2.5629203372e-02  3.8476965698e-02  -1.4681395136e-02  3.6459178452e-02  3.0513589090e-02  3.5134367322e-02  2.4180335363e-02  3.3015512949e-02  -5.6496299347e-02  3.6146514329e-02  -6.3127638848e-02  3.7476803438e-02  -1.0406261853e-03  3.0550827251e-02  2.2531330905e-02  3.2257508769e-02  1.5548178278e-02  2.6629048500e-02  1.2727232422e-02  3.6039810983e-02  
5.8168025017e+00  1.5763937263e-03  3.0456008972e-04  -7.3016020505e-03  5.9949668298e-02  -1.1879259150e-02  8.3549954374e-02  5.9904350766e-02  5.2433343738e-02  7.2831295355e-02  5.5645945184e-02  1.6190752515e-02  4.0493929818e-02  2.0047631789e-02  2.8628760502e-02  -2.2095781998e-02  3.7770412026e-02  -3.6453143771e-03  3.9701514285e-02  -2.1327235461e-02  3.1432269190e-02  -3.0939038168e-02  3.2046667204e-02  4.4954882574e-02  5.3135910224e-02  -7.6717036316e-03  5.3517484729e-02  
5.9116458893e+00  1.0519361822e-03  2.3378590413e-04  2.3500951226e-02  2.7947760188e-02  3.0794104747e-02  3.3605500588e-02  -2.2815876094e-02  8.8826614305e-02  -2.7588134555e-02  1.2033305515e-01  -1.9360557479e-02  5.4968383742e-02  -1.5981808272e-02  3.6899480110e-02  2.3735242701e-02  4.5370191776e-02  -8.1794114126e-03  4.2846438121e-02  -1.7412479653e-02  2.2648044942e-02  2.7833753334e-03  3.3845817102e-02  -1.3112052208e-02  3.1639841083e-02  -1.4459031202e-02  2.5821638621e-02  
6.0101337433e+00  7.8977592057e-04  1.8455734244e-04  3.7944372876e-02  7.7823071848e-02  8.1080718783e-02  1.0786896601e-01  -1.8922843894e-02  5.3431205305e-02  -4.7920365611e-02  6.5935591451e-02  5.8194915308e-02  6.6509682929e-02  1.1495293251e-01  5.6355876978e-02  2.7541138841e-02  4.3045425029e-02  -2.2212130968e-02  3.3697827302e-02  -3.3354825754e-02  4.7239220213e-02  -4.3152542547e-02  6.2347674904e-02  1.1684082547e-01  4.8831415875e-02  6.7079882575e-02  5.3642141633e-02  
6.1072921753e+00  4.8432196490e-04  1.6027239326e-04  -5.7632751516e-02  6.0525072193e-02  -7.9084212797e-02  9.1662033059e-02  -1.2536683063e-02  6.7150230761e-02  -5.2325669027e-02  9.9531692318e-02  7.0142905399e-02  1.0325298340e-01  1.2101705768e-01  3.4201281270e-02  2.0863974201e-01  1.0046865249e-01  2.7556481729e-01  1.3055727071e-01  -2.6428035009e-02  4.0223848602e-02  2.0961840402e-02  5.9184469457e-02  6.1921885997e-02  1.3206464056e-01  1.1177840534e-01  1.0547401883e-01  
6.2052893639e+00  2.4162119371e-04  8.9852583187e-05  2.1572205128e-02  6.1798310433e-02  -2.5086739519e-02  2.4895677345e-02  1.5379136139e-01  1.1517099443e-01  1.9333483636e-01  1.7113762490e-01  -6.6430208342e-03  1.1709495914e-01  6.3401075726e-02  8.4775252121e-02  -2.7446401606e-01  1.4101804069e-01  -1.3594389889e-01  1.3665385890e-01  -7.0803457389e-03  4.9157985378e-02  6.8531516008e-03  6.4692761597e-02  7.1948781267e-02  6.1039200823e-02  -1.7680826317e-02  8.6284904395e-02  
6.3024473190e+00  1.9427560619e-04  9.0253415692e-05  7.9989295263e-02  5.2555314160e-02  9.4332643642e-04  5.6215054504e-02  -2.2374398740e-01  3.4262721252e-01  -3.4498639367e-01  4.7294357076e-01  2.2454433200e-02  1.5959987075e-01  3.7962779783e-02  1.3646862583e-01  9.3507605215e-02  1.0416362992e-01  7.3272853862e-02  1.5195904469e-01  -2.3632181979e-02  1.0354513828e-01  -2.0226939455e-02  1.4722054314e-01  1.2737490472e-01  1.2418912477e-01  6.2189274686e-02  7.9873899497e-02  
6.4017739296e+00  1.3535495964e-04  7.5570089393e-05  3.1245971379e-03  7.3744440640e-02  -5.8891004592e-02  1.1288019672e-01  1.7450778565e-02  8.3272694860e-02  4.0052237711e-02  1.3333432079e-01  -1.2168322047e-01  1.1597269883e-01  -1.2296902822e-01  8.5977667912e-02  8.2813216212e-03  4.1487867139e-01  1.0906001819e-01  4.3982194376e-01  7.4672209156e-02  1.4652198033e-01  -6.0434202036e-02  1.4945145745e-01  3.2077358207e-01  3.4525795316e-02  3.1873000672e-01  4.4108584022e-02  
6.5012106895e+00  1.4507095329e-04  9.7359530628e-05  -8.3702458943e-02  9.4869299490e-03  -1.7292768647e-02  1.6082156431e-01  1.0058219498e-01  1.2238005641e-01  1.0881079749e-01  2.3563941802e-01  -4.0695276320e-02  1.0248668108e-01  4.0451663532e-03  1.7759395054e-01  1.1578654939e-01  2.8811422728e-01  6.6366616751e-02  1.9230657188e-01  -5.8744231543e-02  2.2188517668e-01  -2.4400120966e-01  1.9334509593e-01  1.1894497515e-01  8.7930589296e-02  1.2481057621e-01  4.9483992293e-02  
6.6011838913e+00  9.8759577668e-05  6.8649962486e-05  -6.1827138142e-02  9.4218556286e-03  -1.1454843811e-02  1.2661335902e-01  -1.5433184483e-01  5.5504208551e-02  -3.0386704723e-01  2.9397448544e-01  5.1359234036e-02  3.2395127456e-01  9.3796672604e-02  1.4392776362e-01  1.0935285352e-02  9.2633266582e-01  1.8710304143e-01  1.1831431391e+00  -4.9197043995e-02  2.0285918211e-01  -6.3385769953e-02  3.5067978418e-02  1.8197988897e-01  6.6456472705e-01  1.8546586024e-01  6.1279849754e-01  
6.7007493973e+00  1.0009368270e-04  7.0484617027e-05  -7.6366883684e-02  2.0391076938e-02  -1.6370069825e-02  1.0303111407e-01  -9.9824706777e-02  8.4406270377e-02  -1.9075084630e-01  3.3977951080e-02  -4.2662403869e-02  1.4567778063e-01  5.4527748452e-02  8.3622911649e-02  1.7311914600e-01  4.1021305895e-02  1.5643997072e-01  1.1667427713e-01  -1.5724437577e-01  4.8141445111e-02  6.8163976796e-02  2.4056458357e-02  1.5375627919e-01  6.3219402830e-02  1.7366170784e-01  1.4732260436e-01  
6.8009219170e+00  9.7724056104e-05  7.0384405262e-05  -1.2524560503e-02  1.0938826146e-01  -5.7804496161e-02  1.7373564068e-02  -2.9668181542e-01  1.7061492367e-01  -4.2425902994e-01  3.0800483743e-01  -7.3010456729e-02  4.0048598648e-02  -5.5400276462e-02  8.8672467222e-02  -1.5023600629e-01  9.7882686955e-01  4.4206440601e-02  1.0659291567e+00  1.1197812772e-01  2.2419337382e-01  1.4651991061e-01  1.4511761498e-01  -5.5077211299e-02  1.8831237973e-01  -1.1415682706e-01  2.6881731813e-01  
6.9009275436e+00  8.8805827545e-05  6.2357787101e-05  -5.3007837993e-03  8.4842506378e-02  -3.8441058818e-02  1.2791584603e-02  -1.5854988103e-01  3.0877051295e-01  -2.3572032838e-01  4.8499139566e-01  8.2414085870e-02  9.4951841659e-02  7.6691567475e-02  8.6000250017e-02  -3.3973537819e-01  3.0095325309e-01  -2.8825963996e-01  1.9174767328e-01  -6.1621027866e-02  2.3084313872e-01  -4.6342360350e-02  2.4532209721e-01  1.2198586313e-01  5.7182715079e-02  7.0086061726e-02  9.6527949608e-03  
7.0007653236e+00  7.1281618148e-05  4.9987706007e-05  3.1406313998e-02  4.8861440684e-02  1.1291386826e-02  9.1518795325e-02  -3.2524584568e-01  4.8691947006e-01  -4.5877117800e-01  7.5728682785e-01  -4.5146534333e-02  1.4013621068e-01  -1.0354201039e-01  2.9102007009e-02  2.1127942585e-01  4.7622370445e-02  2.1417111812e-01  5.0681454295e-02  -1.3825423947e-01  4.0831877945e-02  -2.6829215394e-02  1.0049602796e-01  8.8609307301e-02  1.2148096765e-01  6.7313546362e-02  6.7966246434e-02  
