#pT  dN/(2pi dy pT dpT)  dN/(2pi dy pT dpT)_err  vn[2]  vn[2]_err
1.0715389252e-01  1.5651212052e-03  1.0540920184e-04  0.0000000000e+00  0.0000000000e+00  0.0000000000e+00  0.0000000000e+00  0.0000000000e+00  0.0000000000e+00  8.1864051521e-02  9.0992670000e+06  0.0000000000e+00  0.0000000000e+00  0.0000000000e+00  0.0000000000e+00  
2.0465199649e-01  1.6059565937e-03  6.9177614470e-05  0.0000000000e+00  0.0000000000e+00  0.0000000000e+00  0.0000000000e+00  1.5241368115e-01  1.0482624918e-01  1.4264351130e-01  1.1113911867e-01  1.6531914473e-01  9.8725862801e-02  0.0000000000e+00  0.0000000000e+00  
3.0149471760e-01  1.5818014966e-03  6.0217947119e-05  1.3990524411e-01  8.0243535340e-02  0.0000000000e+00  0.0000000000e+00  1.1208152026e-01  1.0483520478e-01  0.0000000000e+00  0.0000000000e+00  0.0000000000e+00  0.0000000000e+00  4.5176297426e-02  2.0608721673e-01  
4.0200799704e-01  1.5349975721e-03  5.1257248606e-05  5.3266242146e-02  1.4601244032e-01  5.1544230431e-02  1.6840147972e-01  0.0000000000e+00  0.0000000000e+00  0.0000000000e+00  0.0000000000e+00  0.0000000000e+00  0.0000000000e+00  0.0000000000e+00  0.0000000000e+00  
5.0160312653e-01  1.3845633997e-03  4.7675968106e-05  1.0226105899e-01  7.0254966617e-02  0.0000000000e+00  0.0000000000e+00  0.0000000000e+00  0.0000000000e+00  1.0207439959e-01  7.3062457144e-02  1.5003655851e-01  5.5776868016e-02  3.9050303400e-02  2.1078947186e-01  
5.9994953871e-01  1.2790319370e-03  3.8637201572e-05  0.0000000000e+00  0.0000000000e+00  0.0000000000e+00  0.0000000000e+00  0.0000000000e+00  0.0000000000e+00  0.0000000000e+00  0.0000000000e+00  0.0000000000e+00  0.0000000000e+00  9.0647516772e-03  6.9960182905e-01  
7.0127022266e-01  1.1534949909e-03  3.4518716592e-05  0.0000000000e+00  0.0000000000e+00  7.4729107320e-02  7.7974356711e-02  2.0192760974e-02  2.3827831447e-01  1.4368274808e-01  4.1186135262e-02  1.1895799637e-01  4.2068045586e-02  0.0000000000e+00  0.0000000000e+00  
7.9877239466e-01  1.0024143571e-03  2.9863272797e-05  3.3508557826e-02  1.5239121020e-01  0.0000000000e+00  0.0000000000e+00  7.5141780078e-02  8.0814152956e-02  0.0000000000e+00  0.0000000000e+00  4.1821859777e-02  1.4238595963e-01  0.0000000000e+00  0.0000000000e+00  
8.9934593439e-01  9.1044429156e-04  2.6880090441e-05  0.0000000000e+00  0.0000000000e+00  0.0000000000e+00  0.0000000000e+00  7.6403170824e-02  7.8146718442e-02  0.0000000000e+00  0.0000000000e+00  0.0000000000e+00  0.0000000000e+00  0.0000000000e+00  0.0000000000e+00  
9.9856281281e-01  7.9775112822e-04  2.3773155464e-05  9.3433134258e-02  7.2874337435e-02  0.0000000000e+00  0.0000000000e+00  8.7553836405e-02  6.9612443447e-02  0.0000000000e+00  0.0000000000e+00  0.0000000000e+00  0.0000000000e+00  0.0000000000e+00  0.0000000000e+00  
1.1002990007e+00  7.1323710876e-04  2.2913560683e-05  0.0000000000e+00  0.0000000000e+00  0.0000000000e+00  0.0000000000e+00  1.0453315824e-01  6.6763572395e-02  8.9430920780e-02  7.1249313653e-02  4.3605428189e-02  1.4455398917e-01  0.0000000000e+00  0.0000000000e+00  
1.1999291182e+00  6.1087984035e-04  1.6991560989e-05  0.0000000000e+00  0.0000000000e+00  0.0000000000e+00  0.0000000000e+00  1.2474828959e-01  5.6782305241e-02  0.0000000000e+00  0.0000000000e+00  0.0000000000e+00  0.0000000000e+00  0.0000000000e+00  0.0000000000e+00  
1.3002208471e+00  5.5213947395e-04  1.8888673645e-05  7.8694969416e-02  8.2885496318e-02  0.0000000000e+00  0.0000000000e+00  1.4418281615e-01  5.6017260998e-02  0.0000000000e+00  0.0000000000e+00  1.8205530941e-02  3.7676349282e-01  0.0000000000e+00  0.0000000000e+00  
1.3985103369e+00  4.4854616826e-04  1.6147804475e-05  9.5272958279e-02  7.7127724886e-02  1.8991833553e-02  4.2884102464e-01  9.0699359775e-02  9.5254115760e-02  1.5781828761e-01  5.6320164353e-02  1.4236602187e-01  7.2051405907e-02  5.8335103095e-02  1.4092142880e-01  
1.4996813536e+00  3.9274784974e-04  1.2838177157e-05  1.5590736270e-01  6.8499103189e-02  1.3348080218e-01  6.5656378865e-02  1.1467679590e-01  7.8670963645e-02  0.0000000000e+00  0.0000000000e+00  0.0000000000e+00  0.0000000000e+00  1.3611987233e-01  5.6922957301e-02  
1.6009752750e+00  3.3152221705e-04  1.0113667936e-05  0.0000000000e+00  0.0000000000e+00  0.0000000000e+00  0.0000000000e+00  0.0000000000e+00  0.0000000000e+00  0.0000000000e+00  0.0000000000e+00  1.8450514972e-01  4.7272942960e-02  8.6427643895e-02  1.0015732050e-01  
1.7006810904e+00  2.7799104761e-04  1.1520433868e-05  0.0000000000e+00  0.0000000000e+00  4.6481106430e-02  2.4517631531e-01  0.0000000000e+00  0.0000000000e+00  1.8601341546e-01  7.8733585775e-02  1.0662092268e-01  1.0622470081e-01  0.0000000000e+00  0.0000000000e+00  
1.7978346348e+00  2.0443012155e-04  9.2576602654e-06  8.8507160544e-02  1.8092809618e-01  7.7987860107e+02  8.7104107666e+02  1.1016753316e-01  1.3765777647e-01  0.0000000000e+00  0.0000000000e+00  7.7987860107e+02  8.7104101562e+02  0.0000000000e+00  0.0000000000e+00  
1.8972034454e+00  1.6418805933e-04  8.8767673870e-06  0.0000000000e+00  0.0000000000e+00  1.1029149170e+03  5.4863665771e+02  0.0000000000e+00  0.0000000000e+00  0.0000000000e+00  0.0000000000e+00  0.0000000000e+00  0.0000000000e+00  2.4600507319e-01  7.6507225633e-02  
1.9992890358e+00  1.3773765721e-04  7.5016923655e-06  0.0000000000e+00  0.0000000000e+00  0.0000000000e+00  0.0000000000e+00  0.0000000000e+00  0.0000000000e+00  0.0000000000e+00  0.0000000000e+00  0.0000000000e+00  0.0000000000e+00  0.0000000000e+00  0.0000000000e+00  
2.0967793465e+00  1.0309976648e-04  6.0957110746e-06  9.2545941472e-02  1.1383014000e+07  0.0000000000e+00  0.0000000000e+00  7.7987860107e+02  8.7104187012e+02  0.0000000000e+00  0.0000000000e+00  0.0000000000e+00  0.0000000000e+00  0.0000000000e+00  0.0000000000e+00  
2.1952147484e+00  8.6282301019e-05  4.9299812584e-06  0.0000000000e+00  0.0000000000e+00  0.0000000000e+00  0.0000000000e+00  0.0000000000e+00  0.0000000000e+00  0.0000000000e+00  0.0000000000e+00  1.7438616943e+03  6.2255834961e+02  0.0000000000e+00  0.0000000000e+00  
2.2980759144e+00  6.4411025737e-05  4.6190944407e-06  0.0000000000e+00  0.0000000000e+00  0.0000000000e+00  0.0000000000e+00  0.0000000000e+00  0.0000000000e+00  0.0000000000e+00  0.0000000000e+00  0.0000000000e+00  0.0000000000e+00  0.0000000000e+00  0.0000000000e+00  
2.3972918987e+00  4.2338986871e-05  3.6600144111e-06  0.0000000000e+00  0.0000000000e+00  7.7987866211e+02  1.6072777100e+03  0.0000000000e+00  0.0000000000e+00  0.0000000000e+00  0.0000000000e+00  0.0000000000e+00  0.0000000000e+00  0.0000000000e+00  0.0000000000e+00  
2.4991679192e+00  4.1368603493e-05  4.3201627775e-06  0.0000000000e+00  0.0000000000e+00  0.0000000000e+00  0.0000000000e+00  0.0000000000e+00  0.0000000000e+00  0.0000000000e+00  0.0000000000e+00  7.7987866211e+02  1.2926823730e+03  0.0000000000e+00  0.0000000000e+00  
2.5995078087e+00  2.2253138129e-05  2.4279517525e-06  0.0000000000e+00  0.0000000000e+00  1.1029149170e+03  1.1015078125e+03  0.0000000000e+00  0.0000000000e+00  0.0000000000e+00  0.0000000000e+00  0.0000000000e+00  0.0000000000e+00  0.0000000000e+00  0.0000000000e+00  
2.6985063553e+00  1.5978143246e-05  1.9666317888e-06  0.0000000000e+00  0.0000000000e+00  0.0000000000e+00  0.0000000000e+00  0.0000000000e+00  0.0000000000e+00  0.0000000000e+00  0.0000000000e+00  0.0000000000e+00  0.0000000000e+00  0.0000000000e+00  0.0000000000e+00  
2.7972233295e+00  1.0142790074e-05  1.6654538557e-06  0.0000000000e+00  0.0000000000e+00  1.1029149170e+03  8.7014941406e+02  0.0000000000e+00  0.0000000000e+00  0.0000000000e+00  0.0000000000e+00  0.0000000000e+00  0.0000000000e+00  0.0000000000e+00  0.0000000000e+00  
2.8896076679e+00  8.8503747090e-06  1.6437968301e-06  0.0000000000e+00  0.0000000000e+00  0.0000000000e+00  1.4898056749e+21  0.0000000000e+00  0.0000000000e+00  0.0000000000e+00  0.0000000000e+00  0.0000000000e+00  0.0000000000e+00  0.0000000000e+00  0.0000000000e+00  
2.9945647717e+00  7.2013523636e-06  1.3276240956e-06  0.0000000000e+00  0.0000000000e+00  7.7986322343e-02  1.2320574373e-01  1.2813165784e-01  5.8135740000e+06  1.5597572021e+03  5.4580114746e+02  0.0000000000e+00  0.0000000000e+00  0.0000000000e+00  0.0000000000e+00  
3.0949702263e+00  3.5119525122e-06  1.0248974157e-06  0.0000000000e+00  0.0000000000e+00  0.0000000000e+00  0.0000000000e+00  0.0000000000e+00  0.0000000000e+00  0.0000000000e+00  0.0000000000e+00  7.7987860107e+02  1.2926822510e+03  0.0000000000e+00  0.0000000000e+00  
3.1988358498e+00  4.6127298330e-06  9.9836808885e-07  0.0000000000e+00  0.0000000000e+00  7.7987860107e+02  1.2926822510e+03  0.0000000000e+00  0.0000000000e+00  0.0000000000e+00  0.0000000000e+00  0.0000000000e+00  0.0000000000e+00  0.0000000000e+00  0.0000000000e+00  
3.3014976978e+00  1.3234793486e-06  5.2187682390e-07  0.0000000000e+00  0.0000000000e+00  0.0000000000e+00  0.0000000000e+00  0.0000000000e+00  0.0000000000e+00  7.7987860107e+02  8.7104174805e+02  0.0000000000e+00  0.0000000000e+00  0.0000000000e+00  0.0000000000e+00  
3.4130108356e+00  1.5472193202e-06  7.0137914305e-07  1.0051878542e-01  5.0002336502e-02  0.0000000000e+00  0.0000000000e+00  9.6515849233e-02  4.8011101782e-02  9.2962995172e-02  4.6243730932e-02  0.0000000000e+00  0.0000000000e+00  7.7987860107e+02  8.7104150391e+02  
3.4971957207e+00  7.2960564612e-07  3.6322306971e-07  0.0000000000e+00  0.0000000000e+00  1.1029149170e+03  8.7014941406e+02  0.0000000000e+00  0.0000000000e+00  0.0000000000e+00  0.0000000000e+00  0.0000000000e+00  0.0000000000e+00  0.0000000000e+00  0.0000000000e+00  
3.6195914745e+00  4.6998866908e-07  2.7141733611e-07  0.0000000000e+00  0.0000000000e+00  0.0000000000e+00  0.0000000000e+00  0.0000000000e+00  0.0000000000e+00  0.0000000000e+00  0.0000000000e+00  0.0000000000e+00  0.0000000000e+00  0.0000000000e+00  0.0000000000e+00  
3.7117073536e+00  3.7897701963e-07  2.6868656839e-07  0.0000000000e+00  0.0000000000e+00  0.0000000000e+00  0.0000000000e+00  0.0000000000e+00  0.0000000000e+00  0.0000000000e+00  0.0000000000e+00  0.0000000000e+00  0.0000000000e+00  0.0000000000e+00  0.0000000000e+00  
3.7704384327e+00  1.5719968358e-07  1.5639555140e-07  0.0000000000e+00  0.0000000000e+00  0.0000000000e+00  0.0000000000e+00  0.0000000000e+00  0.0000000000e+00  0.0000000000e+00  0.0000000000e+00  0.0000000000e+00  0.0000000000e+00  0.0000000000e+00  0.0000000000e+00  
3.8711621761e+00  1.3576699861e-07  1.3507253608e-07  0.0000000000e+00  0.0000000000e+00  0.0000000000e+00  0.0000000000e+00  0.0000000000e+00  0.0000000000e+00  0.0000000000e+00  0.0000000000e+00  0.0000000000e+00  0.0000000000e+00  0.0000000000e+00  0.0000000000e+00  
3.9755218029e+00  7.8258116806e-08  7.7857863609e-08  0.0000000000e+00  0.0000000000e+00  0.0000000000e+00  0.0000000000e+00  0.0000000000e+00  0.0000000000e+00  1.1029149170e+03  5.4863653564e+02  0.0000000000e+00  0.0000000000e+00  0.0000000000e+00  0.0000000000e+00  
