#pT  dN/(2pi dy pT dpT)  dN/(2pi dy pT dpT)_err  vn{SP}  vn{SP}_err
1.0789018124e-01  3.2736552429e-01  4.1376220106e-03  3.8156176728e-04  3.4201767920e-03  4.7818538807e-03  3.1212700983e-03  2.9832645409e-03  4.7974835955e-03  6.3665407019e-03  4.9972476956e-03  nan  nan  nan  nan  
2.0347256958e-01  3.2657320170e-01  3.9383593508e-03  5.1084114049e-03  2.3830508632e-03  3.2128438229e-03  2.8022255171e-03  -1.7087827089e-03  2.7558456028e-03  4.8275634108e-03  3.3679136411e-03  nan  nan  nan  nan  
3.0176681280e-01  2.9849804664e-01  3.6492020103e-03  2.0754098153e-03  2.4477270280e-03  2.6383408850e-03  2.2403093523e-03  -1.4851818577e-03  2.4866382389e-03  -4.0918679086e-04  2.9655578559e-03  nan  nan  nan  nan  
4.0081116557e-01  2.6507856612e-01  3.2084577155e-03  4.9524725856e-03  3.1082128478e-03  5.1578451566e-03  2.2106628827e-03  -1.1831010774e-03  2.2881095605e-03  3.2006954918e-04  2.6266624557e-03  nan  nan  nan  nan  
5.0016343594e-01  2.2583206218e-01  2.6869744997e-03  7.2494416590e-03  3.4207541805e-03  1.2649822434e-02  2.4169394262e-03  1.6750677376e-04  2.1122634960e-03  2.3328008902e-03  2.8529295300e-03  nan  nan  nan  nan  
5.9975016117e-01  1.8742896639e-01  2.1486632905e-03  5.8651821782e-03  3.4085821013e-03  1.4860133190e-02  2.3960335950e-03  -1.5502872792e-04  2.6710184643e-03  3.6031352495e-04  2.9806208353e-03  nan  nan  nan  nan  
6.9931507111e-01  1.5257579122e-01  1.7210803002e-03  6.9795736770e-03  3.6006793514e-03  2.4014422845e-02  3.2013280247e-03  1.1372285280e-03  2.3783245898e-03  1.7406717453e-03  2.9832729858e-03  nan  nan  nan  nan  
7.9894477129e-01  1.2079225719e-01  1.5388249872e-03  1.1049227001e-02  4.4239161391e-03  2.9976314898e-02  3.5262388040e-03  6.8560140845e-03  3.2326291150e-03  1.3281407515e-03  2.8284958465e-03  nan  nan  nan  nan  
8.9863187075e-01  9.3619816376e-02  1.1686443082e-03  8.9419083734e-03  5.0960313542e-03  3.7030068763e-02  3.9282812750e-03  4.0138258847e-03  2.7847506550e-03  3.7527809068e-03  3.0961077606e-03  nan  nan  nan  nan  
9.9839746952e-01  7.0782956216e-02  9.6532685314e-04  1.3214899181e-02  4.8149253455e-03  4.1937478422e-02  4.8719571607e-03  8.3189506847e-03  3.6253665351e-03  1.8120738192e-03  3.8430558101e-03  nan  nan  nan  nan  
1.0982496738e+00  5.2654121810e-02  7.7917717548e-04  1.9901049627e-02  5.3346222202e-03  5.1044522812e-02  5.3327173234e-03  1.3713065337e-02  2.7999060782e-03  -2.6857846784e-03  4.7371425894e-03  nan  nan  nan  nan  
1.1981000900e+00  3.8103519992e-02  6.6573052151e-04  2.1871695032e-02  6.1725602837e-03  5.7094005822e-02  5.2603359202e-03  1.0453871379e-02  4.0218505849e-03  8.5438916180e-03  4.4201377306e-03  nan  nan  nan  nan  
1.2977100611e+00  2.7238240518e-02  5.2111030720e-04  2.0490248856e-02  6.4094848787e-03  6.3387141199e-02  5.9711069797e-03  7.7053544899e-03  4.3068263926e-03  3.1734575838e-03  5.9747539034e-03  nan  nan  nan  nan  
1.3972790241e+00  1.9054144805e-02  3.9628780482e-04  2.8574206318e-02  7.0497161757e-03  7.4740825770e-02  7.7960770716e-03  1.8289810538e-02  6.6583628368e-03  7.9401308150e-03  6.0213513137e-03  nan  nan  nan  nan  
1.4970458746e+00  1.3081418873e-02  3.2288939046e-04  2.8745525375e-02  6.5985299372e-03  7.8628420561e-02  8.9701347368e-03  3.8826095050e-03  6.3320692257e-03  2.4371510552e-02  8.2657749100e-03  nan  nan  nan  nan  
1.5974273682e+00  8.8810918483e-03  2.4669300800e-04  4.0275866244e-02  8.2168759358e-03  8.6178037106e-02  9.2131733108e-03  -5.0949997537e-03  7.4496569279e-03  -1.4855278685e-03  9.8063953019e-03  nan  nan  nan  nan  
1.6968964338e+00  5.9379806511e-03  1.8839252240e-04  3.8797023752e-02  9.0061477647e-03  9.5076794168e-02  9.2891876852e-03  2.0703880889e-03  9.6100691373e-03  1.5702666610e-02  1.0839104174e-02  nan  nan  nan  nan  
1.7976539135e+00  3.9010912514e-03  1.3335233624e-04  3.4585199943e-02  1.0907796248e-02  1.0722492550e-01  1.1478560708e-02  1.7374617726e-02  8.4425035033e-03  3.1512283593e-02  1.3211415808e-02  nan  nan  nan  nan  
1.8965646029e+00  2.6211111023e-03  9.8976896060e-05  4.4871008990e-02  1.1470844630e-02  1.0238521886e-01  1.1303675632e-02  1.5292272746e-02  1.4102188966e-02  2.4758970881e-02  1.3958392887e-02  nan  nan  nan  nan  
1.9968171120e+00  1.7411593983e-03  7.1495154315e-05  6.0760554477e-02  1.2963042048e-02  1.1052146946e-01  1.2889104482e-02  1.1465486452e-02  1.3324113154e-02  3.6074777029e-02  1.7401740589e-02  nan  nan  nan  nan  
2.0975422859e+00  1.0876448429e-03  4.7510886725e-05  2.8329477772e-02  1.6933632593e-02  1.2750715124e-01  1.4477997095e-02  1.3906433566e-02  1.4377751651e-02  9.7555718876e-03  2.3101399220e-02  nan  nan  nan  nan  
2.1978266239e+00  7.2234334246e-04  3.6176166526e-05  4.4539956108e-02  1.7399657315e-02  1.3493131417e-01  1.8752288215e-02  1.7861044274e-02  2.1322924961e-02  1.3710171328e-02  2.6142212333e-02  nan  nan  nan  nan  
2.2963516712e+00  4.9489197873e-04  2.7859142547e-05  3.7353480727e-02  1.9599795137e-02  1.1395331489e-01  2.0688518652e-02  2.1415220668e-02  2.3093786381e-02  6.8876811538e-02  2.9932144069e-02  nan  nan  nan  nan  
2.3974785805e+00  3.2395866900e-04  1.9651287647e-05  2.5592691258e-02  2.2549814777e-02  1.1178490226e-01  2.0091075647e-02  1.1220703847e-02  2.4979473397e-02  2.4065920682e-02  3.3698072189e-02  nan  nan  nan  nan  
2.4953515530e+00  2.2201036764e-04  1.4591318852e-05  4.8175172194e-02  2.0471182953e-02  1.3273986962e-01  3.0970323061e-02  5.9189008917e-02  3.3592735302e-02  3.5221153255e-02  4.2923391396e-02  nan  nan  nan  nan  
2.5976541042e+00  1.4869697295e-04  1.1742707948e-05  -2.0699843956e-02  3.2890552313e-02  1.3565934300e-01  2.5971512808e-02  8.2509962389e-03  2.6210109367e-02  8.8433740255e-02  4.6513497484e-02  nan  nan  nan  nan  
2.6970953941e+00  9.4093488761e-05  7.5089783524e-06  4.8833227980e-02  4.0368455848e-02  1.2297346939e-01  2.8447608605e-02  3.7696940815e-02  3.8828165076e-02  9.5516339977e-03  6.7848232341e-02  nan  nan  nan  nan  
2.7992107868e+00  6.6444520849e-05  6.0581530366e-06  5.2654667109e-02  4.3405500345e-02  1.1131872102e-01  4.0236459183e-02  1.4473084486e-01  4.4378196354e-02  2.7403025538e-02  6.6416802317e-02  nan  nan  nan  nan  
2.8979380131e+00  4.1790720491e-05  3.7812876894e-06  4.7586202673e-02  3.6687985520e-02  1.2017599825e-01  3.7604916718e-02  -2.9615008551e-03  5.7533325720e-02  9.1640245623e-02  8.9851706983e-02  nan  nan  nan  nan  
2.9990758896e+00  2.9797524007e-05  2.9615850635e-06  9.3124998145e-02  5.1264230926e-02  1.9720942826e-01  5.7985189184e-02  2.3473628956e-02  8.7716905341e-02  3.1716819512e-02  1.0033040597e-01  nan  nan  nan  nan  
3.0919296741e+00  2.0802497142e-05  3.1922684329e-06  -7.3135401529e-02  5.7786210433e-02  1.0920000376e-01  7.1799607636e-02  7.7503239418e-02  7.0465836206e-02  2.7744426872e-02  1.4871435131e-01  nan  nan  nan  nan  
3.1939766407e+00  1.4693994987e-05  2.0899943080e-06  1.0223737103e-02  6.9945740869e-02  1.5916202273e-01  7.5569928828e-02  4.4697453711e-01  1.0055329727e-01  3.4825012909e-01  1.3561073056e-01  nan  nan  nan  nan  
3.2904336452e+00  6.8732761634e-06  1.2719365144e-06  -6.1705200226e-02  1.0297790085e-01  4.4893904662e-02  1.1276318312e-01  9.6382068649e-02  1.1945707769e-01  5.1988198431e-02  2.1068002667e-01  nan  nan  nan  nan  
3.4019558430e+00  4.6354568438e-06  1.0613625121e-06  -1.0464621984e-01  1.0561850953e-01  -1.4801611789e-02  8.6200159939e-02  -1.5278714601e-02  1.6908816566e-01  -2.4351844971e-01  1.9434878093e-01  nan  nan  nan  nan  
3.4918296337e+00  3.2990175210e-06  8.3622370162e-07  -3.0946325635e-01  1.2222124546e-01  -8.2377981599e-03  1.4272385099e-01  1.4484780065e-01  2.0009927295e-01  -1.3195971613e-01  2.9345735810e-01  nan  nan  nan  nan  
3.6064894199e+00  2.4472893425e-06  8.1235081174e-07  4.1742134961e-01  2.1184142726e-01  -2.0171770930e-01  2.8844212090e-01  5.2077359449e-02  1.8193569002e-01  -1.0911282668e-01  4.4170132985e-01  nan  nan  nan  nan  
3.6957502365e+00  1.5121868375e-06  5.2082194979e-07  1.3599352005e-01  1.6447405331e-01  2.8571336560e-01  1.7484959781e-01  1.9882018670e-01  6.1730069248e-01  8.2907223109e-02  4.8464812462e-01  nan  nan  nan  nan  
3.7906107903e+00  1.4284014390e-06  5.9079714350e-07  -5.7676779901e-02  2.1612015769e-01  2.7801794841e-01  2.2623364796e-01  -3.2842250786e-01  2.3989549293e-01  2.8981545535e-01  4.0856158902e-01  nan  nan  nan  nan  
3.8732259274e+00  4.2037111664e-07  2.9420703890e-07  -1.0428129611e-01  1.8406300651e-01  6.4922343246e-01  7.0736914502e-01  -1.6578244269e-02  1.1865818565e+00  1.4497214055e+00  1.1337815867e+00  nan  nan  nan  nan  
3.9864683151e+00  4.8121264617e-07  2.9515920626e-07  3.8826816427e-01  5.1664835214e-01  -4.0498990140e-01  3.2700751130e-01  4.7777209334e-01  7.5234579158e-01  7.9977357957e-02  6.7531960511e-01  nan  nan  nan  nan  
