#eta  rn(eta)  rn_err(eta)  rnn(eta)  rnn_err(eta)
-7.0000000000e+00  0.0000000000e+00  0.0000000000e+00  0.0000000000e+00  0.0000000000e+00  0.0000000000e+00  0.0000000000e+00  0.0000000000e+00  0.0000000000e+00  0.0000000000e+00  0.0000000000e+00  0.0000000000e+00  0.0000000000e+00  0.0000000000e+00  0.0000000000e+00  0.0000000000e+00  0.0000000000e+00  0.0000000000e+00  0.0000000000e+00  0.0000000000e+00  0.0000000000e+00  0.0000000000e+00  0.0000000000e+00  0.0000000000e+00  0.0000000000e+00  
-6.9000029564e+00  0.0000000000e+00  0.0000000000e+00  0.0000000000e+00  0.0000000000e+00  0.0000000000e+00  0.0000000000e+00  0.0000000000e+00  0.0000000000e+00  0.0000000000e+00  0.0000000000e+00  0.0000000000e+00  0.0000000000e+00  0.0000000000e+00  0.0000000000e+00  0.0000000000e+00  0.0000000000e+00  0.0000000000e+00  0.0000000000e+00  0.0000000000e+00  0.0000000000e+00  0.0000000000e+00  0.0000000000e+00  0.0000000000e+00  0.0000000000e+00  
-6.7999935150e+00  0.0000000000e+00  0.0000000000e+00  0.0000000000e+00  0.0000000000e+00  0.0000000000e+00  0.0000000000e+00  0.0000000000e+00  0.0000000000e+00  0.0000000000e+00  0.0000000000e+00  0.0000000000e+00  0.0000000000e+00  0.0000000000e+00  0.0000000000e+00  0.0000000000e+00  0.0000000000e+00  0.0000000000e+00  0.0000000000e+00  0.0000000000e+00  0.0000000000e+00  0.0000000000e+00  0.0000000000e+00  0.0000000000e+00  0.0000000000e+00  
-6.7000064850e+00  0.0000000000e+00  0.0000000000e+00  0.0000000000e+00  0.0000000000e+00  0.0000000000e+00  0.0000000000e+00  0.0000000000e+00  0.0000000000e+00  0.0000000000e+00  0.0000000000e+00  0.0000000000e+00  0.0000000000e+00  0.0000000000e+00  0.0000000000e+00  0.0000000000e+00  0.0000000000e+00  0.0000000000e+00  0.0000000000e+00  0.0000000000e+00  0.0000000000e+00  0.0000000000e+00  0.0000000000e+00  0.0000000000e+00  0.0000000000e+00  
-6.5999975204e+00  0.0000000000e+00  0.0000000000e+00  0.0000000000e+00  0.0000000000e+00  0.0000000000e+00  0.0000000000e+00  0.0000000000e+00  0.0000000000e+00  0.0000000000e+00  0.0000000000e+00  0.0000000000e+00  0.0000000000e+00  0.0000000000e+00  0.0000000000e+00  0.0000000000e+00  0.0000000000e+00  0.0000000000e+00  0.0000000000e+00  0.0000000000e+00  0.0000000000e+00  0.0000000000e+00  0.0000000000e+00  0.0000000000e+00  0.0000000000e+00  
-6.5000000000e+00  0.0000000000e+00  0.0000000000e+00  0.0000000000e+00  0.0000000000e+00  0.0000000000e+00  0.0000000000e+00  0.0000000000e+00  0.0000000000e+00  0.0000000000e+00  0.0000000000e+00  0.0000000000e+00  0.0000000000e+00  0.0000000000e+00  0.0000000000e+00  0.0000000000e+00  0.0000000000e+00  0.0000000000e+00  0.0000000000e+00  0.0000000000e+00  0.0000000000e+00  0.0000000000e+00  0.0000000000e+00  0.0000000000e+00  0.0000000000e+00  
-6.4000010490e+00  0.0000000000e+00  0.0000000000e+00  0.0000000000e+00  0.0000000000e+00  0.0000000000e+00  0.0000000000e+00  0.0000000000e+00  0.0000000000e+00  0.0000000000e+00  0.0000000000e+00  0.0000000000e+00  0.0000000000e+00  0.0000000000e+00  0.0000000000e+00  0.0000000000e+00  0.0000000000e+00  0.0000000000e+00  0.0000000000e+00  0.0000000000e+00  0.0000000000e+00  0.0000000000e+00  0.0000000000e+00  0.0000000000e+00  0.0000000000e+00  
-6.2999939919e+00  0.0000000000e+00  0.0000000000e+00  0.0000000000e+00  0.0000000000e+00  0.0000000000e+00  0.0000000000e+00  0.0000000000e+00  0.0000000000e+00  0.0000000000e+00  0.0000000000e+00  0.0000000000e+00  0.0000000000e+00  0.0000000000e+00  0.0000000000e+00  0.0000000000e+00  0.0000000000e+00  0.0000000000e+00  0.0000000000e+00  0.0000000000e+00  0.0000000000e+00  0.0000000000e+00  0.0000000000e+00  0.0000000000e+00  0.0000000000e+00  
-6.2000060081e+00  0.0000000000e+00  0.0000000000e+00  0.0000000000e+00  0.0000000000e+00  0.0000000000e+00  0.0000000000e+00  0.0000000000e+00  0.0000000000e+00  0.0000000000e+00  0.0000000000e+00  0.0000000000e+00  0.0000000000e+00  0.0000000000e+00  0.0000000000e+00  0.0000000000e+00  0.0000000000e+00  0.0000000000e+00  0.0000000000e+00  0.0000000000e+00  0.0000000000e+00  0.0000000000e+00  0.0000000000e+00  0.0000000000e+00  0.0000000000e+00  
-6.0999994278e+00  0.0000000000e+00  0.0000000000e+00  0.0000000000e+00  0.0000000000e+00  0.0000000000e+00  0.0000000000e+00  0.0000000000e+00  0.0000000000e+00  0.0000000000e+00  0.0000000000e+00  0.0000000000e+00  0.0000000000e+00  0.0000000000e+00  0.0000000000e+00  0.0000000000e+00  0.0000000000e+00  0.0000000000e+00  0.0000000000e+00  0.0000000000e+00  0.0000000000e+00  0.0000000000e+00  0.0000000000e+00  0.0000000000e+00  0.0000000000e+00  
-6.0000000000e+00  0.0000000000e+00  0.0000000000e+00  0.0000000000e+00  0.0000000000e+00  0.0000000000e+00  0.0000000000e+00  0.0000000000e+00  0.0000000000e+00  0.0000000000e+00  0.0000000000e+00  0.0000000000e+00  0.0000000000e+00  0.0000000000e+00  0.0000000000e+00  0.0000000000e+00  0.0000000000e+00  0.0000000000e+00  0.0000000000e+00  0.0000000000e+00  0.0000000000e+00  0.0000000000e+00  0.0000000000e+00  0.0000000000e+00  0.0000000000e+00  
-5.8999996185e+00  0.0000000000e+00  0.0000000000e+00  0.0000000000e+00  0.0000000000e+00  0.0000000000e+00  0.0000000000e+00  0.0000000000e+00  0.0000000000e+00  0.0000000000e+00  0.0000000000e+00  0.0000000000e+00  0.0000000000e+00  0.0000000000e+00  0.0000000000e+00  0.0000000000e+00  0.0000000000e+00  0.0000000000e+00  0.0000000000e+00  0.0000000000e+00  0.0000000000e+00  0.0000000000e+00  0.0000000000e+00  0.0000000000e+00  0.0000000000e+00  
-5.7999944687e+00  0.0000000000e+00  0.0000000000e+00  0.0000000000e+00  0.0000000000e+00  0.0000000000e+00  0.0000000000e+00  0.0000000000e+00  0.0000000000e+00  0.0000000000e+00  0.0000000000e+00  0.0000000000e+00  0.0000000000e+00  0.0000000000e+00  0.0000000000e+00  0.0000000000e+00  0.0000000000e+00  0.0000000000e+00  0.0000000000e+00  0.0000000000e+00  0.0000000000e+00  0.0000000000e+00  0.0000000000e+00  0.0000000000e+00  0.0000000000e+00  
-5.7000055313e+00  0.0000000000e+00  0.0000000000e+00  0.0000000000e+00  0.0000000000e+00  0.0000000000e+00  0.0000000000e+00  0.0000000000e+00  0.0000000000e+00  0.0000000000e+00  0.0000000000e+00  0.0000000000e+00  0.0000000000e+00  0.0000000000e+00  0.0000000000e+00  0.0000000000e+00  0.0000000000e+00  0.0000000000e+00  0.0000000000e+00  0.0000000000e+00  0.0000000000e+00  0.0000000000e+00  0.0000000000e+00  0.0000000000e+00  0.0000000000e+00  
-5.6000018120e+00  0.0000000000e+00  0.0000000000e+00  0.0000000000e+00  0.0000000000e+00  0.0000000000e+00  0.0000000000e+00  0.0000000000e+00  0.0000000000e+00  0.0000000000e+00  0.0000000000e+00  0.0000000000e+00  0.0000000000e+00  0.0000000000e+00  0.0000000000e+00  0.0000000000e+00  0.0000000000e+00  0.0000000000e+00  0.0000000000e+00  0.0000000000e+00  0.0000000000e+00  0.0000000000e+00  0.0000000000e+00  0.0000000000e+00  0.0000000000e+00  
-5.5000000000e+00  0.0000000000e+00  0.0000000000e+00  0.0000000000e+00  0.0000000000e+00  0.0000000000e+00  0.0000000000e+00  0.0000000000e+00  0.0000000000e+00  0.0000000000e+00  0.0000000000e+00  0.0000000000e+00  0.0000000000e+00  0.0000000000e+00  0.0000000000e+00  0.0000000000e+00  0.0000000000e+00  0.0000000000e+00  0.0000000000e+00  0.0000000000e+00  0.0000000000e+00  0.0000000000e+00  0.0000000000e+00  0.0000000000e+00  0.0000000000e+00  
-5.3999977112e+00  0.0000000000e+00  0.0000000000e+00  0.0000000000e+00  0.0000000000e+00  0.0000000000e+00  0.0000000000e+00  0.0000000000e+00  0.0000000000e+00  0.0000000000e+00  0.0000000000e+00  0.0000000000e+00  0.0000000000e+00  0.0000000000e+00  0.0000000000e+00  0.0000000000e+00  0.0000000000e+00  0.0000000000e+00  0.0000000000e+00  0.0000000000e+00  0.0000000000e+00  0.0000000000e+00  0.0000000000e+00  0.0000000000e+00  0.0000000000e+00  
-5.2999949455e+00  0.0000000000e+00  0.0000000000e+00  0.0000000000e+00  0.0000000000e+00  0.0000000000e+00  0.0000000000e+00  0.0000000000e+00  0.0000000000e+00  0.0000000000e+00  0.0000000000e+00  0.0000000000e+00  0.0000000000e+00  0.0000000000e+00  0.0000000000e+00  0.0000000000e+00  0.0000000000e+00  0.0000000000e+00  0.0000000000e+00  0.0000000000e+00  0.0000000000e+00  0.0000000000e+00  0.0000000000e+00  0.0000000000e+00  0.0000000000e+00  
-5.2000050545e+00  0.0000000000e+00  0.0000000000e+00  0.0000000000e+00  0.0000000000e+00  0.0000000000e+00  0.0000000000e+00  0.0000000000e+00  0.0000000000e+00  0.0000000000e+00  0.0000000000e+00  0.0000000000e+00  0.0000000000e+00  0.0000000000e+00  0.0000000000e+00  0.0000000000e+00  0.0000000000e+00  0.0000000000e+00  0.0000000000e+00  0.0000000000e+00  0.0000000000e+00  0.0000000000e+00  0.0000000000e+00  0.0000000000e+00  0.0000000000e+00  
-5.1000041962e+00  0.0000000000e+00  0.0000000000e+00  0.0000000000e+00  0.0000000000e+00  0.0000000000e+00  0.0000000000e+00  0.0000000000e+00  0.0000000000e+00  0.0000000000e+00  0.0000000000e+00  0.0000000000e+00  0.0000000000e+00  0.0000000000e+00  0.0000000000e+00  0.0000000000e+00  0.0000000000e+00  0.0000000000e+00  0.0000000000e+00  0.0000000000e+00  0.0000000000e+00  0.0000000000e+00  0.0000000000e+00  0.0000000000e+00  0.0000000000e+00  
-5.0000000000e+00  0.0000000000e+00  0.0000000000e+00  0.0000000000e+00  0.0000000000e+00  0.0000000000e+00  0.0000000000e+00  0.0000000000e+00  0.0000000000e+00  0.0000000000e+00  0.0000000000e+00  0.0000000000e+00  0.0000000000e+00  0.0000000000e+00  0.0000000000e+00  0.0000000000e+00  0.0000000000e+00  0.0000000000e+00  0.0000000000e+00  0.0000000000e+00  0.0000000000e+00  0.0000000000e+00  0.0000000000e+00  0.0000000000e+00  0.0000000000e+00  
-4.8999958038e+00  0.0000000000e+00  0.0000000000e+00  0.0000000000e+00  0.0000000000e+00  0.0000000000e+00  0.0000000000e+00  0.0000000000e+00  0.0000000000e+00  0.0000000000e+00  0.0000000000e+00  0.0000000000e+00  0.0000000000e+00  0.0000000000e+00  0.0000000000e+00  0.0000000000e+00  0.0000000000e+00  0.0000000000e+00  0.0000000000e+00  0.0000000000e+00  0.0000000000e+00  0.0000000000e+00  0.0000000000e+00  0.0000000000e+00  0.0000000000e+00  
-4.7999954224e+00  0.0000000000e+00  0.0000000000e+00  0.0000000000e+00  0.0000000000e+00  0.0000000000e+00  0.0000000000e+00  0.0000000000e+00  0.0000000000e+00  0.0000000000e+00  0.0000000000e+00  0.0000000000e+00  0.0000000000e+00  0.0000000000e+00  0.0000000000e+00  0.0000000000e+00  0.0000000000e+00  0.0000000000e+00  0.0000000000e+00  0.0000000000e+00  0.0000000000e+00  0.0000000000e+00  0.0000000000e+00  0.0000000000e+00  0.0000000000e+00  
-4.7000041008e+00  0.0000000000e+00  0.0000000000e+00  0.0000000000e+00  0.0000000000e+00  0.0000000000e+00  0.0000000000e+00  0.0000000000e+00  0.0000000000e+00  0.0000000000e+00  0.0000000000e+00  0.0000000000e+00  0.0000000000e+00  0.0000000000e+00  0.0000000000e+00  0.0000000000e+00  0.0000000000e+00  0.0000000000e+00  0.0000000000e+00  0.0000000000e+00  0.0000000000e+00  0.0000000000e+00  0.0000000000e+00  0.0000000000e+00  0.0000000000e+00  
-4.6000041962e+00  0.0000000000e+00  0.0000000000e+00  0.0000000000e+00  0.0000000000e+00  0.0000000000e+00  0.0000000000e+00  0.0000000000e+00  0.0000000000e+00  0.0000000000e+00  0.0000000000e+00  0.0000000000e+00  0.0000000000e+00  0.0000000000e+00  0.0000000000e+00  0.0000000000e+00  0.0000000000e+00  0.0000000000e+00  0.0000000000e+00  0.0000000000e+00  0.0000000000e+00  0.0000000000e+00  0.0000000000e+00  0.0000000000e+00  0.0000000000e+00  
-4.5000000000e+00  0.0000000000e+00  0.0000000000e+00  0.0000000000e+00  0.0000000000e+00  0.0000000000e+00  0.0000000000e+00  0.0000000000e+00  0.0000000000e+00  0.0000000000e+00  0.0000000000e+00  0.0000000000e+00  0.0000000000e+00  0.0000000000e+00  0.0000000000e+00  0.0000000000e+00  0.0000000000e+00  0.0000000000e+00  0.0000000000e+00  0.0000000000e+00  0.0000000000e+00  0.0000000000e+00  0.0000000000e+00  0.0000000000e+00  0.0000000000e+00  
-4.3993840218e+00  3.1012192336e-01  1.8156549842e+00  0.0000000000e+00  0.0000000000e+00  -2.0787110721e+00  6.1740724738e+00  0.0000000000e+00  0.0000000000e+00  -2.8415668060e+00  2.1326562490e+01  0.0000000000e+00  0.0000000000e+00  -1.3931708400e+00  3.3926213121e+01  0.0000000000e+00  0.0000000000e+00  -1.5603277161e+00  1.4162583428e+01  0.0000000000e+00  0.0000000000e+00  2.4007653218e+00  7.1383727687e+00  0.0000000000e+00  0.0000000000e+00  
-4.2989816666e+00  -7.6873600968e-01  1.0264512549e+00  0.0000000000e+00  0.0000000000e+00  -1.4471391099e+00  4.2317551061e+00  0.0000000000e+00  0.0000000000e+00  -5.4838348125e-01  4.6920365018e+00  0.0000000000e+00  0.0000000000e+00  -6.6919948196e-02  1.8437095745e-01  0.0000000000e+00  0.0000000000e+00  -1.8670583044e+00  3.2808485999e+00  0.0000000000e+00  0.0000000000e+00  -5.5352212951e-01  8.8708378904e-01  0.0000000000e+00  0.0000000000e+00  
-4.1973109245e+00  2.8588040739e+00  4.4888664797e+01  0.0000000000e+00  0.0000000000e+00  -1.3429342105e+00  1.5170204430e+01  0.0000000000e+00  0.0000000000e+00  2.2773303092e+00  3.3246784261e+00  0.0000000000e+00  0.0000000000e+00  -1.0675059864e+00  1.3084790178e+02  0.0000000000e+00  0.0000000000e+00  -2.0143915739e+00  6.6657641769e+00  0.0000000000e+00  0.0000000000e+00  -5.2535883735e-02  1.1020373775e+00  0.0000000000e+00  0.0000000000e+00  
-4.0975818634e+00  4.3511054663e-01  2.7662687935e+00  0.0000000000e+00  0.0000000000e+00  1.0760810447e+00  3.2287461619e+00  0.0000000000e+00  0.0000000000e+00  8.4465802245e-01  1.2732105990e+00  0.0000000000e+00  0.0000000000e+00  -9.0942603298e-01  1.1517151328e+00  0.0000000000e+00  0.0000000000e+00  3.0632497093e-01  7.1696515975e-01  0.0000000000e+00  0.0000000000e+00  9.2395327166e-01  7.4885518964e+00  0.0000000000e+00  0.0000000000e+00  
-3.9952950478e+00  -8.9909133227e-01  1.0372512282e+00  0.0000000000e+00  0.0000000000e+00  1.1971162841e-01  1.1322232047e+00  0.0000000000e+00  0.0000000000e+00  -1.0929451110e+00  1.4235139690e+00  0.0000000000e+00  0.0000000000e+00  1.3703192228e-01  7.3146491501e-01  0.0000000000e+00  0.0000000000e+00  3.9675230516e+00  3.1233437990e+02  0.0000000000e+00  0.0000000000e+00  8.2229878169e+00  3.4110100815e+01  0.0000000000e+00  0.0000000000e+00  
-3.8904395103e+00  2.6981417242e+00  5.2427080364e+01  -5.5471497718e+00  2.7788303353e+01  -1.2662503577e+00  1.5120152925e+00  -1.2617657632e+00  6.0550593392e+00  2.3017004920e+00  4.3781636653e+00  3.8396335831e-01  8.0120629945e-01  -1.5235827164e+00  2.8077969364e+00  2.8632713174e+00  4.6977891263e+00  -2.0704174988e+00  3.6093792076e+00  3.8518782649e-01  6.6494940329e+01  1.4725428064e+00  7.0268757330e+00  7.8115382552e-01  5.5614967590e-01  
-3.7862207890e+00  -4.4436262012e-01  5.0643082399e+01  3.7187318523e+01  1.0292949791e+03  3.7415626379e+00  2.3411021641e+01  -1.2859090713e+00  1.2608183105e+00  -4.8594860613e+00  1.1596462482e+02  -6.7251554184e-01  1.3595379823e+00  -9.8190159859e-02  6.5146768394e-01  -4.3271869214e-01  8.8708065312e-01  9.2091095034e-01  2.2959055791e+00  -5.8775781848e+00  5.3788787610e+01  1.2332463594e+00  1.7511072183e+01  -7.3101696559e-01  2.6869546335e+00  
-3.6832823753e+00  -6.8225920772e-01  8.9276657749e-01  -4.2251538996e-01  1.7840835409e+00  1.0176125447e+01  1.0170540964e+02  1.1787516837e+00  2.5930379733e+00  6.8662776569e-01  7.8120335813e-01  1.0302602349e-01  1.5149062883e+00  2.1563912900e+00  3.3039373748e+00  9.7377026466e-01  4.3944659452e-01  3.9695140067e+00  5.5954802384e+02  -1.1120284726e+00  3.7251332046e+01  -1.1614112793e+00  7.8537724391e+02  4.8311337923e-01  5.1674104010e-01  
-3.5754449368e+00  2.3969879301e+00  4.4416840009e+00  -8.8214748232e-01  4.1697008621e+00  4.5527981365e-01  1.0981794883e+00  -8.0512724559e-01  3.0517252127e+00  -1.5909493099e+00  2.5217254671e+00  5.9816040350e-01  1.1191403090e+00  -1.1654495879e+00  1.6847314550e+00  6.0773673206e-01  1.7922528914e+00  -1.9571060594e+00  6.0303014843e+00  3.8319887928e-02  1.1349283255e+01  1.0818322542e+00  2.9995204960e+00  1.1019764263e+00  1.4356298973e+00  
-3.4682543278e+00  3.3397088256e+00  4.3316468306e+00  1.9047289648e+00  7.7289574433e+00  7.5397760539e-01  1.6531239634e+00  1.6505504497e+00  4.7381405150e+01  -1.9797906188e+00  1.3644993049e+00  -2.2808956419e+00  1.4958948287e+01  -8.3407896772e+00  1.7224575987e+02  6.5524797501e+00  1.5043563224e+02  -7.1349175765e+00  1.1772136067e+02  -5.3221202453e+00  2.1518083595e+01  -3.3369338276e+00  8.0913917179e+00  1.9469184205e+00  4.4106406396e+00  
-3.3661499023e+00  -4.7629960087e+00  3.1432330401e+01  -1.7311601648e+00  5.1454186550e+00  -3.6000589105e+00  2.7124613611e+01  -4.2956385383e+01  3.0451295178e+03  2.0943049441e+00  3.9923487867e+00  -2.2609960078e+02  5.0942277880e+03  -6.8321002539e+00  1.0087862173e+02  -1.2413943355e+00  3.0740620816e+00  -2.8713851825e+01  9.3710724594e+02  2.4103008356e+00  5.8253299750e+00  -6.1550916926e+01  9.6656391077e+03  -1.2408263489e+00  3.4046680885e+00  
-3.2603936195e+00  -1.1331036880e+01  6.2344715382e+01  -1.5069498297e+00  1.1796157343e+00  3.6880784807e+01  7.8535963919e+03  4.7460555412e-01  3.2179380567e+00  -4.2658825970e+00  1.3547470225e+01  1.7744616680e+00  2.1812542724e+01  5.8471213091e+00  1.8518212509e+01  1.7365177998e+00  4.5190884041e+00  -1.3837827473e+00  9.1205904189e-01  -4.8130643169e-01  6.2590626972e+00  8.3740090766e-01  8.2238821092e-01  1.7354280868e+01  1.5523352147e+03  
-3.1571841240e+00  3.8048095174e+00  6.0881066235e+00  6.8072470524e-01  5.1803041630e-01  -2.8608964526e+00  2.8315023438e+00  6.5206502836e-01  2.9123234119e+00  5.5314643325e+01  1.8759907037e+03  1.6275032846e+00  9.3986355649e+01  -1.1378448007e+02  6.4803849552e+03  4.8792498038e-01  5.9396435724e-01  2.0123597059e+00  1.7198785536e+00  1.4314405380e+00  1.6846789235e+00  -4.3484034103e+00  4.3722357453e+01  2.4216219615e-01  6.5601045624e-01  
-3.0568954945e+00  1.4966699083e+01  1.7246086454e+03  -3.5799748102e+00  3.4325054104e+01  -1.0731004457e+01  3.7281361863e+01  -1.1397914116e-01  6.3833193278e-01  -2.3385316505e+00  2.1171862731e+00  4.8694522987e+00  1.8780985420e+01  6.6724522608e-01  6.6663669481e-01  -6.5998429661e-01  4.6040317474e+00  -2.0317033332e+00  1.4538239889e+00  9.2947521404e-01  4.2071418008e-01  1.5178694349e+00  8.7029197720e-01  9.5090245748e-01  7.1179614566e+00  
-2.9564478397e+00  6.2654552802e+00  1.0900872958e+01  -4.6835654042e-01  3.6888441410e+00  5.0974759811e+00  5.7088572189e+00  1.7424858422e+00  1.3238912326e+00  1.0326049045e+01  5.6074997548e+01  3.5803057909e-02  8.2767437650e-01  -5.5742845875e+00  6.7362593172e+00  6.0818686683e+01  3.3457508440e+03  1.6190957902e+01  6.5495829488e+01  2.6414841492e+00  5.6423027453e+00  6.0777675007e+00  9.6700468012e+00  7.8945352477e-01  1.4418483798e+00  
-2.8540923595e+00  -1.0131222884e+01  2.7775142959e+01  2.2880218866e+00  1.7382091480e+01  -3.2701929526e+00  2.7859989402e+00  -7.0038446426e+00  1.4342163575e+03  2.4720051351e+00  1.5924779195e+00  5.2451768994e+00  1.0538463275e+01  -1.7764577177e+00  1.1774863347e+00  -7.7026525287e-01  7.4338118797e-01  -1.7687672617e+00  1.0953129781e+00  2.5973576028e+00  5.8180525834e+01  4.7444429883e+00  4.8681119129e+00  1.2044741858e+00  2.4060751093e+00  
-2.7522549629e+00  -5.8693001688e+00  7.6565086501e+00  -2.6978939573e+00  1.8854227525e+00  -3.6796084268e+01  8.5094271031e+03  3.0613727627e+00  2.3067198883e+01  2.9532312436e+00  2.8863522102e+00  -1.4493662301e+00  5.4799004642e+01  -4.0377361411e+00  2.7908466229e+00  -1.9763645672e+00  7.3157170836e+00  -9.1518664806e+00  3.4233445440e+01  1.1747572735e+00  1.2544907725e+00  2.0291886227e+00  1.1004222071e+00  5.5495212488e-01  6.4651543340e-01  
-2.6524734497e+00  -7.3080759633e+00  1.0749583794e+01  -2.6245722010e+00  2.3498883024e+00  3.1914507051e+00  1.6060658179e+00  9.7333153543e+00  3.3682104295e+01  5.5522423865e+01  1.1407755882e+03  6.4145833732e+01  4.2708538949e+03  -5.0603040870e+00  4.9924984291e+00  -5.0215761919e+00  9.8278019512e+00  5.3849116769e+00  5.8725126605e+00  8.8282590255e+01  8.9444258510e+03  1.6615669408e+01  4.7593169046e+02  -1.9344247962e+01  2.9724796754e+02  
-2.5536906719e+00  -2.3324083241e+00  9.2313134404e-01  -2.9487380784e+00  2.1622133654e+00  9.2567731553e+00  4.1675028185e+01  -6.6352276092e+00  9.2962705965e+01  -3.9319826071e+00  2.5284900002e+00  2.4559278061e+00  2.5111588266e+00  -8.9399470394e+00  1.8678327020e+01  1.1974905095e+01  7.6678582215e+01  -3.5501517768e+00  5.3655869270e+00  2.8747100757e+00  7.1868676270e+00  -3.1452288156e+00  2.5019547734e+00  3.8512859697e-01  2.7135535073e+03  
-2.4521727562e+00  -4.2596303841e+00  2.0099125350e+00  -1.4674263974e+00  2.8027893868e+00  -6.9098097926e+00  9.0283477174e+00  1.4611297830e+02  1.2807971430e+04  6.4655485840e+00  6.2718117960e+00  -4.2057500730e+00  1.3548820034e+01  3.5064461720e+00  2.2319194407e+00  -3.7313265662e-01  2.0653168541e+00  -1.5381963682e+01  4.9817675420e+01  -1.8747858409e+00  3.3220729764e+02  3.0978899344e+01  4.2648486573e+02  -5.8411596133e+00  3.0554078654e+02  
-2.3530566692e+00  -4.1659337350e+00  3.8199556666e+00  1.4779108357e+00  1.3771012748e+01  -4.4547989943e+00  6.1456523734e+00  -7.4449828607e-01  1.1640379148e+01  -1.7354633209e+00  2.6097722678e+00  -4.2836609928e-01  1.2232481336e+00  -2.3512614839e+03  2.2801555144e+05  -2.2336509240e+00  3.3640881497e+01  1.4125968546e+00  1.0701937955e+00  -5.7692410236e+00  9.1234997850e+01  -1.7230811197e+01  2.7573951521e+03  2.4006924912e+00  5.8767548568e+00  
-2.2512760162e+00  -1.6533858134e+00  6.2689008381e-01  3.4062837530e-01  5.6533086398e-01  -5.8630265447e-01  8.5170686380e-01  1.8774860786e+00  1.2577712283e+01  -6.2960323788e-01  1.1301975719e+00  1.2055772373e+00  8.8172433601e+01  -6.7936262072e+00  5.6676485840e+02  2.3000771126e+00  8.2657925568e+01  -3.5275783540e-01  6.8431159838e-01  -2.0691160712e+00  3.3822722154e+00  -5.9280960566e-01  7.1279085380e-01  5.3664731633e+00  3.2340280742e+01  
-2.1512067318e+00  -2.3358957629e+00  1.0037583773e+00  2.2695822620e+00  2.5534309848e+02  -4.9694123598e+01  4.9693082845e+03  -2.3302815078e+00  1.7036195938e+01  1.8016934582e+00  3.4275943821e+01  1.0035513979e-01  1.3579443353e+00  -2.4946784255e-01  3.0393727161e+00  6.2324784911e+00  1.0113482245e+02  -3.5250611349e-01  9.8589603749e-01  4.8440207418e-01  6.0995821651e-01  -2.0286936726e+00  4.6285964847e+00  1.1148479181e+00  8.9476636050e-01  
-2.0522956848e+00  -2.0818558654e+00  7.0870902590e-01  6.5960238239e-01  5.1595518319e-01  -2.5258402041e-01  4.6576404983e-01  2.1548402356e+00  6.0021036083e+00  1.9986870135e+00  3.8640746648e+00  -1.4034243149e+00  3.4683641740e+01  -7.7073606296e-01  2.8669029776e+00  -1.5542526391e-01  4.1532849899e-01  -2.1228424006e+00  2.9835419889e+00  -9.5553150616e-01  1.3704534548e+00  7.7081226985e+00  1.0862161902e+03  -4.0786978127e-01  1.6943572856e+00  
-1.9512610435e+00  -1.2383234736e+00  3.6950260230e-01  -3.8982590376e+00  4.2831551076e+01  6.9366622339e-01  6.4938921289e-01  8.8150765576e-01  1.0456872262e+01  1.0485283921e+00  2.7293630051e+00  -4.0137091675e-01  5.2958129670e+00  -7.5298867941e-01  1.2389070151e+00  -1.4780241377e+00  2.1940835605e+01  -1.0373547343e-01  7.7982422164e-01  2.4387175055e-01  1.1893245514e+00  9.3346330325e-01  1.5055453780e+00  1.9598692874e-01  7.9529089396e-01  
-1.8514639139e+00  -1.0313814229e+00  2.9957122312e-01  -2.1472895841e-01  8.4002104215e-01  -8.3438744440e-01  1.4408202630e+00  -1.9260516920e+00  3.5651841370e+01  -6.4241244922e+00  1.4760115811e+02  4.5712327835e+01  4.3752886966e+03  -4.3312918127e+00  1.4155554134e+02  -7.4809061329e+00  1.4880003633e+02  8.2392887237e-01  3.0029629346e+00  1.3646002017e+00  1.6304425347e+00  3.5415037540e-02  4.7587882242e-01  -6.3297501803e-01  2.4279323505e+00  
-1.7512935400e+00  -1.2389517085e+00  3.3065028345e-01  1.6701281779e+00  5.7892794297e+00  4.3809548651e-01  1.5402411126e+00  -9.5134030431e+00  8.8989355348e+02  -6.3464608184e-01  7.2701617000e-01  -4.8040818058e-02  8.7130758891e-01  8.6399108300e-01  3.3448019268e+00  -1.2033049261e-02  7.3674360299e-01  -1.6020309561e+02  1.9462400715e+04  -3.8031740241e-01  1.4548770595e+00  3.4797653277e+00  1.1464708858e+02  -4.0398078680e+00  1.4952209845e+01  
-1.6500667334e+00  -1.1581255742e+00  2.8254287381e-01  5.2893017436e-01  5.0546593864e-01  6.8188283813e-01  7.8471550041e-01  5.0691531159e-01  9.2001639296e-01  3.6944783124e-01  1.9005593769e+00  -8.3987837240e+00  1.1867157780e+02  -3.1500756916e+00  1.4634325250e+02  -3.0586336977e+00  2.0463146151e+01  -3.8631564946e-01  4.0695833256e-01  2.2812578999e+00  4.3366295469e+01  2.6468819463e-01  2.8604094014e+00  8.0264942187e+00  4.1716483645e+02  
-1.5503799915e+00  -1.2617837162e+00  3.1652477738e-01  8.8948449862e-01  5.3991891762e-01  -3.8613362388e-01  7.1969117253e-01  -4.9442828137e-02  6.8987020926e-01  1.2673377922e+00  3.0277707353e+00  5.9432764411e-01  5.5223325630e+00  1.0294553177e-01  6.3745335457e-01  -5.1917994821e+00  5.3335739035e+01  7.0123783723e-02  1.1318509581e+00  -1.3583257252e+00  7.2344510213e+00  1.5693170658e+00  7.7774701099e+00  6.1300254044e+00  4.0866156049e+01  
-1.4500259161e+00  -1.0967343141e+00  3.1127910416e-01  3.1876476254e-01  2.8188502976e+01  -4.5584352242e-01  7.4971767880e-01  7.9366248760e+00  7.6022587680e+01  7.7255974000e-01  2.0853514549e+00  -1.0359222541e+00  6.6202904561e-01  4.0209768579e+01  3.0382155001e+03  4.5076589879e-01  1.5193103883e+00  6.5906043420e+01  1.6150890262e+03  -6.7106103437e-01  1.0213359856e+00  -8.8267318531e-02  4.5090997649e-01  7.1286721641e-01  1.2981833208e+00  
-1.3511554003e+00  -1.0846625651e+00  2.9662880879e-01  1.7164089549e-01  5.8173530525e-01  2.8073801785e+03  2.6460915810e+05  -8.5664759846e-01  1.0463575595e+00  -1.0315553239e+00  1.7008972035e+02  -5.1243583032e-01  1.4406667920e+00  9.0667856891e-01  9.2688915212e-01  2.2076919503e+00  1.1827118351e+01  -1.4156072356e-01  4.5852868337e+01  2.9486628828e+00  4.0085749875e+01  3.0539366585e+00  3.6079238283e+01  2.6134325122e+01  1.4603159039e+03  
-1.2500796318e+00  -8.9902859083e-01  1.8537151436e-01  1.2402650078e+00  1.6365478369e+00  7.9060723476e-01  5.9379255163e+00  -3.1828157267e-01  7.4824730298e-01  -1.2109329804e+00  6.2865118219e+00  -3.1785601054e+00  1.8602973916e+01  3.8337263746e-01  9.3144358183e-01  6.8526519769e-01  4.6713332619e+00  -5.9174090654e-01  9.7105923567e-01  4.2321900222e-01  1.1591106768e+01  -3.4193429232e+00  1.3055903212e+01  6.0713409629e+00  8.2804765749e+01  
-1.1499562263e+00  -8.1161549911e-01  2.5813189146e-01  3.2089874261e-01  8.6268562280e-01  8.7435376818e-01  5.8131626790e-01  -4.2428719126e-01  9.1049678558e-01  -2.9735423295e+01  5.8187335146e+03  9.5912350520e-01  2.1194005450e+00  4.0856834500e-01  6.9543219089e+00  -1.1587995953e+00  1.6113495372e+00  3.8393430696e+01  3.2693348939e+03  -1.0468830258e+00  2.1951046332e+00  -9.8050520181e-01  1.7750008706e+00  -7.3560550473e-01  8.1633989920e-01  
-1.0509189367e+00  -8.7816688863e-01  2.5448112066e-01  -2.1119110279e-01  1.6398572124e+01  -2.0983060499e-01  5.7124248339e+00  -8.0648791729e-01  2.1579533163e+01  -1.2471249726e+00  7.1074575440e+01  -1.4619847154e+01  1.2501529472e+03  3.3415030452e-01  5.2009346068e+01  -2.2081337116e-01  6.4163218240e+00  -4.7454070876e-01  6.3880864865e-01  -1.8678152072e-01  4.7263031701e-01  2.7397854063e-01  6.6872003502e-01  -1.6367883927e+00  5.5314512362e+00  
-9.4991028309e-01  -7.2045504312e-01  2.8596024720e-01  4.6290091695e-01  3.3267059371e-01  -3.0018242047e+00  6.6603165869e+01  7.3358196102e-01  5.5674719292e-01  -9.1191117791e-02  1.4089737242e+00  3.8481474505e-01  6.1501341477e-01  2.0973168347e-02  1.1734906905e+00  -1.0865905601e+00  1.2048649787e+00  4.8492051022e-02  8.0600230016e+00  -2.1097551983e+00  1.1208977301e+02  4.9907629289e-01  1.4591669306e+00  3.2587901578e-01  3.8827411331e-01  
-8.5031819344e-01  -6.7859274302e-01  2.4596654679e-01  6.6352227533e+00  8.0465488265e+01  -2.4242856341e-01  6.5119304906e-01  3.1849871116e+01  1.1872310195e+03  1.3161925088e+00  3.3880317862e+00  7.6343685975e-01  1.4736495907e+00  2.2598086730e+00  2.4627194475e+01  -3.0595495460e+00  1.1300483563e+01  -2.5926363839e+00  5.4547252337e+00  8.3938914553e-02  7.9137465144e-01  1.4282194814e+00  7.8473584023e+01  5.7613579580e-01  1.2051338612e+00  
-7.5000405312e-01  -7.6828102241e-01  2.8593734616e-01  2.1992235790e-01  6.5281897069e-01  1.4537666903e+00  1.2439557399e+01  -4.7483190091e-01  4.4784243871e+00  -6.8782018294e-01  1.0486920564e+00  -3.8889039841e+00  3.4488417164e+01  -4.1133944449e+00  3.9413809964e+02  -1.0551184303e+00  7.1815448044e+00  -4.0451806045e-01  1.5358912564e+00  4.8290931943e+00  1.9380234512e+01  -2.5414115156e+00  3.4519792883e+00  2.6332175297e+00  1.9921519239e+01  
-6.5014153719e-01  -6.9479403935e-01  2.5014221308e-01  -2.0846538351e-01  1.4857975163e+01  4.3087800675e-01  3.6027765334e-01  -5.9717482012e-01  5.1395234499e+00  7.8336294629e-02  7.4657344228e-01  -6.5361845123e-02  1.2207616403e+01  -1.9677360546e+00  1.3970387011e+01  -2.0029518987e+00  3.3365387008e+00  3.1293024596e-03  5.4574637724e-01  6.5712497014e-02  1.7916250811e+00  4.9363912183e-01  4.1978628241e-01  2.8170220395e+00  1.4961119101e+02  
-5.5025655031e-01  -1.1528988308e+00  5.5845700911e-01  -3.2130054622e+00  4.5262383705e+00  -1.1649182050e-01  1.0946052974e+00  -1.0076208621e+00  3.2433501548e+00  8.1470579523e-01  2.3376279096e+01  -9.8553708067e-01  9.1848718412e-01  -5.0598355235e+00  6.5961402280e+01  -4.9225807716e-01  2.1667118551e+00  4.1919885530e+00  5.7564161820e+02  -2.7940327673e-01  6.2714744385e-01  -5.9495790167e+00  1.0558149299e+03  -9.6382136843e-01  9.0962930606e+00  
-4.5037075877e-01  -6.1109904764e-01  2.8136934831e-01  -1.6492049166e+00  1.5828437267e+00  5.0766524607e-02  6.0272255274e-01  -7.3335432546e-01  6.6073402967e-01  -6.5060423429e-01  9.7000795226e-01  -3.8793335064e-01  7.8758209590e-01  9.7526631478e+00  6.1498611447e+01  -4.7527070014e-01  1.4798043392e+00  -1.8323909953e+00  5.6087270977e+00  1.1393641843e+00  1.4766784221e+00  2.3896144362e+00  1.4602983648e+01  -8.8853172989e-01  1.7506142381e+00  
-3.5082814097e-01  2.6821259583e-01  7.8528262869e-01  -3.6032254435e-01  4.5771160191e-01  5.1382660211e-02  6.9056109910e-01  1.0026277005e-01  1.2608041752e+00  4.2075658982e-01  1.5323051410e+00  -1.9503292769e+00  1.1942658228e+01  -1.7300272112e+00  1.5271711910e+03  -1.1828017693e+00  1.9849122976e+00  -1.9319292407e-01  2.5311156619e+00  -1.8589965380e+00  9.1078244503e+01  2.8407015065e-01  4.5948754360e+01  8.2714516682e-01  1.2370825368e+01  
-2.5039786100e-01  -1.5872960450e-01  4.9832600162e-01  2.8977482647e-01  1.2467122711e+01  2.9388806477e-02  3.7399439280e-01  2.2789275349e+00  5.3515898098e+00  -1.2494573689e-01  9.5424978228e-01  2.7052108813e+00  3.5462726790e+00  -1.8915600395e-02  5.7904952083e-01  1.7567134250e+00  3.4297058595e+00  -3.5553076593e-01  1.6992676360e+00  -8.7983047972e-01  5.5645843316e-01  1.0211900086e+00  1.5291288087e+01  1.5261304349e+00  1.6969744973e+00  
-1.4997832477e-01  -2.5006158648e-02  3.0179118993e-01  -1.0585349291e-01  9.9232106222e-01  3.6606702329e+00  1.6440753401e+01  1.4562453915e+00  2.2745292666e+00  -1.3268813056e-01  1.6064330712e+02  -1.5540095194e+00  1.5244306414e+03  7.4654290110e-01  9.3571525702e-01  1.5940087729e+00  2.2270054113e+00  -5.7130413464e-01  1.6635305533e+00  7.4443890676e-01  6.8014956553e-01  4.4628020177e-01  1.1944688479e+00  -1.1083420414e+00  1.9663297039e+00  
-5.0300791860e-02  -4.9499801288e-03  3.2515711316e-01  2.6307749387e+00  6.3611064678e+00  2.8230704535e+00  6.3121264710e+00  -6.0978788646e+00  3.3928338848e+01  9.7229204762e-01  1.3817941231e+00  3.9629481169e-01  6.3036981880e-01  4.6296795506e-01  9.4348822067e-01  -6.6076891956e-01  9.5138621217e-01  1.2092719879e-01  1.6509243695e+00  -3.1038189130e+00  1.8834297046e+02  -9.0911514766e-01  2.3079930199e+00  2.9661306451e+00  1.2301011196e+01  
4.9496598542e-02  1.0000000000e+00  0.0000000000e+00  1.0000000000e+00  0.0000000000e+00  1.0000000000e+00  1.4571439291e-15  1.0000000000e+00  3.3139738857e-16  1.0000000000e+00  1.2739537091e-15  1.0000000000e+00  0.0000000000e+00  1.0000000000e+00  2.2093159238e-16  1.0000000000e+00  1.4189588440e-15  1.0000000000e+00  2.2364618209e-14  1.0000000000e+00  0.0000000000e+00  1.0000000000e+00  3.8266474300e-16  1.0000000000e+00  0.0000000000e+00  
1.4955419302e-01  -1.3751006600e+02  1.3785501567e+04  4.0636065104e-01  1.6149583682e+00  3.7040130162e-01  7.6473925176e-01  -1.8098614123e-01  7.4351374599e-01  1.0439555552e+00  1.1792709050e+00  2.7810687785e+00  2.4707693468e+01  2.2615660091e+00  5.3532465283e+00  -1.5480123153e+00  2.5824870722e+00  3.4468674738e+01  2.9288312617e+03  -1.6670183547e-01  3.8698878056e+00  -1.1835492076e+00  4.2316529470e+00  3.3180228802e-01  8.1321974750e-01  
2.5000080466e-01  -9.7685939628e+00  3.4084661005e+03  -1.1434088535e+00  1.0310810532e+03  3.0822925809e-01  9.1339269813e-01  7.0100060516e-01  9.8910726343e-01  9.0076937916e-02  4.6544492194e+01  8.0368366008e-02  1.4443674070e+00  1.3644950468e+00  2.0642605094e+00  6.4437352275e-01  1.5873561920e+00  -1.9709278650e+00  1.0582639934e+01  1.3557230443e+00  1.3807921490e+00  2.6549442687e+00  2.4784065783e+01  -8.7038707451e-01  2.7336945033e+00  
3.4829503298e-01  -6.9919340697e+00  2.6716556406e+01  3.3036113985e+00  6.6663614412e+01  4.3759191689e+02  4.2454785385e+04  4.5014257616e-01  5.9004912576e-01  -1.1895554477e+01  3.4480317933e+02  3.7542398002e-01  4.5284175486e-01  -1.8983881563e+01  1.8158116165e+03  5.8783778649e-01  1.0305217491e+00  -2.5191980981e+00  3.6799748018e+01  -1.1407881447e+00  6.6829339930e-01  -2.5590987823e+00  3.4948300022e+02  6.6497843443e-01  9.1295449694e-01  
4.4913342595e-01  4.2726602795e+00  2.3256310255e+01  -2.8239523026e+00  3.9196422803e+00  2.1571412838e+00  1.1996908346e+03  1.0474903294e+01  3.6087784064e+02  2.7067011348e+00  1.3476582391e+01  -6.5793531429e-01  3.3868759008e+01  -2.4011866048e-01  1.7577255435e+00  -8.7116522201e-01  1.6624731543e+00  -1.4487969009e+01  1.0495117919e+03  -3.9320160443e-01  2.0813139636e+01  1.9109176361e+00  6.4943637018e+01  1.5023559036e+00  4.6403512278e+00  
5.4945939779e-01  -1.6399166626e+00  7.6016382626e-01  -6.1303488623e-01  7.1700420495e-01  1.6657468460e+01  3.4079276624e+02  -1.3736844304e+00  1.1386186796e+00  -1.5713152667e+00  2.3627267415e+00  2.1039097543e+00  4.7046158967e+02  1.2028980202e-01  3.7300098970e-01  -2.4499789510e+00  2.1586600959e+01  -5.9297831935e-01  1.8082693791e+00  8.9409853891e-01  1.3174410295e+00  5.0660693478e-01  1.8602346394e+00  -1.1619780546e+00  2.1062086314e+00  
6.4852982759e-01  -8.6942889700e-01  4.2099843589e-01  -3.1704253404e-01  4.2454606208e-01  -7.3904044455e+00  6.2469641660e+02  -1.3491943542e+00  3.2131879576e+01  1.5586663713e+00  1.9727246317e+01  -1.0225425287e+00  8.6404825301e-01  -2.1307557479e-01  6.4746598691e-01  -4.8463710937e+00  2.6150241907e+02  1.1458679415e-01  9.8770550739e-01  -3.7311313172e+00  7.6390319638e+00  6.4607657652e-02  7.5920729602e-01  -1.1455634657e+00  1.5873789513e+00  
7.4906998873e-01  -1.4412014218e+00  5.3242213662e-01  7.0766959637e-01  4.2582586015e+02  2.3376190140e+00  2.0070601400e+00  -1.6185787369e+00  7.6462003999e+00  1.8711534259e+01  9.1880402477e+02  -3.3663893836e+00  8.9464321128e+02  -5.8311901916e-01  1.4827559513e+00  -5.1592549283e-01  1.0853032304e+00  -3.1652517487e+02  4.1052603606e+04  1.3458170426e+01  9.3381643707e+02  2.0419164965e+00  1.9226076747e+00  2.6682032033e-01  3.3688197319e+00  
8.4877175093e-01  -1.3034715266e+00  4.9719337833e-01  5.3543750338e+00  8.6771960243e+01  8.0028682074e-01  1.6248158350e+01  -2.4012871740e+00  4.0515481333e+01  -1.4897752263e+00  2.5262693044e+00  -2.3612394700e-01  1.5704095967e+00  -7.9163053163e+00  1.2535718435e+03  -1.1544417507e+00  1.3927235146e+01  -2.4436622608e+00  3.7781237910e+01  2.2148525687e-01  4.6920279866e-01  -3.9981700205e-01  4.8184259065e-01  3.8588156377e-01  1.0196656342e+00  
9.4863784313e-01  -1.4755860126e+00  5.3352945629e-01  2.1083271257e-01  1.5973870441e+00  -4.4910191199e+00  1.5279468012e+01  1.5917321910e-02  3.2423967676e-01  7.9226191386e-01  1.4399912018e+00  1.3492513563e+00  2.2009102877e+00  8.3211621531e-01  8.7850998734e+00  -3.4599163682e-01  6.6831070020e-01  -4.0209508644e-01  8.3506127474e-01  1.0471663181e+01  5.7794191055e+02  2.1610553550e-01  6.5185934958e+01  1.8219306957e+00  5.0183039358e+00  
1.0491836071e+00  -1.3903168653e+00  5.7690413658e-01  2.1720084206e+00  1.6440692206e+00  -6.8966624794e-01  1.8455884142e+01  1.3721388748e+00  1.2265797014e+00  2.7979733729e+01  2.7522667257e+03  2.6727368889e+00  4.9958938553e+00  4.8409574227e+01  2.5004523779e+03  -9.3227309722e-01  1.1321282662e+00  2.2894213932e+00  2.6103989014e+02  -1.4882289309e+00  3.9808024420e+01  2.1466063588e+00  6.3028344318e+00  3.1165838777e+00  4.1326643097e+00  
1.1480002403e+00  -1.1397199226e+00  3.3668047950e-01  -3.2382845070e+00  8.1162883445e+01  -8.4701930416e+00  8.4304717867e+02  -1.6918687993e+00  7.5953046906e+00  1.6490132559e+00  9.5508121948e+01  -9.5228653316e-01  5.0991627854e+01  1.2602293390e+00  8.8402191509e+00  -2.0531639950e+00  1.4645989682e+02  -2.1477712187e+00  3.1416023198e+00  -5.1675079028e+00  4.4324029592e+01  3.9257458107e+00  1.2974383564e+01  -6.4904087010e-01  1.3666547280e+00  
1.2486412525e+00  -1.2333875185e+00  3.9809196384e-01  3.4663372603e+00  1.9805597892e+01  1.1487103982e+00  7.5040346253e-01  -2.4690156612e+00  5.6904843662e+00  1.4366908975e-02  4.3043059409e-01  1.0907883663e+00  2.5464541916e+00  2.9397279107e+00  8.4701977381e+01  -8.7780366298e-01  1.1499665806e+00  2.3815820485e-01  1.2927721976e+00  -9.9273728104e-01  2.0447639174e+00  -1.0491736439e+00  1.7278046619e+00  -1.3741372921e+00  1.3927604890e+00  
1.3482376337e+00  -1.1127915748e+00  2.3056600572e-01  8.1591335937e-01  7.7431553072e-01  1.9738170370e+00  3.4975442376e+01  -3.0119482645e+00  2.2934348393e+01  -9.6358765225e-01  1.3697320069e+01  -3.5140099140e-01  1.0222341365e+00  2.8856582958e+00  1.6264749604e+01  2.0371577818e+00  3.4964939667e+01  -1.7345448898e+00  2.8422195739e+00  2.3049116601e+00  2.0626224764e+01  -3.1931224895e-01  8.3899388265e-01  1.7100259275e-01  5.8342789554e-01  
1.4478176832e+00  -9.2265177627e-01  2.5587686849e-01  5.3647881780e+00  8.1225350119e+01  -1.2627714073e-02  4.7750521142e-01  -1.1852039250e+00  1.5233740300e+00  6.1646533796e-02  1.3769791787e+01  -1.5666089065e+00  3.4036766892e+01  1.1149725007e+00  1.1980825047e+00  4.5639627700e-01  1.3968854653e+00  1.3225388379e+00  4.4360102358e+01  4.8308351233e-01  8.5048317469e+00  3.7235662632e-01  1.6905275035e+00  3.2145839818e-02  6.5530428149e-01  
1.5484718084e+00  -9.1254081080e-01  2.5947633833e-01  1.6244408681e+00  1.8526960804e+01  -2.2535463958e+00  3.8082062861e+00  1.5052244298e-01  8.9584101983e-01  1.3719183564e+00  3.5403345362e+00  -9.6993246934e-01  7.4225560278e-01  4.4380441418e-02  6.3432448100e-01  2.0625453287e+00  1.6477962141e+01  1.8450632265e-02  3.5725089000e-01  -1.5223501716e+00  2.2096870807e+00  -1.4736760699e+01  2.3184611837e+02  1.4483887317e+00  2.6823561928e+00  
1.6474332809e+00  -7.9303755249e-01  2.0089918651e-01  1.1287687683e+00  7.5475356504e-01  -2.6906895191e+00  5.8102362948e+00  -4.9256723877e+00  9.1536369552e+02  8.2417364568e-01  1.5835768553e+00  1.0940190888e+01  9.4640267899e+02  3.5331243364e+01  2.3079157866e+03  -2.1622195713e-01  1.4443816687e+00  -7.3945773474e-01  8.5566301930e+02  -8.1291249920e-01  2.1692679678e+00  6.7806051169e-01  1.1441231758e+00  1.7565682677e-01  5.9899477368e-01  
1.7484333515e+00  -8.6398036820e-01  2.0971663193e-01  1.9102104141e+00  2.1399371786e+00  1.4882199194e+00  1.9158707768e+00  2.0377120129e+00  4.2089974835e+00  3.2232715090e+00  3.1625830699e+02  -1.4616912139e-01  1.9438614542e+00  -3.5647476803e-01  2.1860753726e+00  -3.5691251606e-01  6.1510100800e-01  -2.6204603955e+00  3.0984531859e+00  4.4207678248e-01  1.7655964495e+01  2.6026712704e+00  1.4455813079e+02  2.3630836592e-01  9.0492290694e+00  
1.8478089571e+00  -8.0771834691e-01  2.1705016037e-01  5.8307768070e-01  1.1747807759e+00  2.8064393624e+00  5.9718324134e+01  -1.0083539017e-01  1.6012789980e+00  -1.5967170895e+00  1.8525558958e+00  1.1409705079e+02  1.4579668024e+04  1.8245242737e+00  6.5304040149e+01  -6.8669728688e+00  2.4013350011e+03  9.4729398924e-02  6.4377641592e-01  -2.7582547812e+00  1.4043499295e+01  2.9902492278e-01  3.2637921427e+00  -2.5398257482e-01  8.1987899358e-01  
1.9474254847e+00  -9.7037962594e-01  2.7513747707e-01  -5.0019860674e+00  3.9371733402e+01  -1.2326525991e+00  2.1915862199e+00  -5.4184164940e-01  4.2523462130e+00  -2.2447846269e-01  9.4119178362e-01  -1.7668876148e-01  4.0236191385e+00  -1.7166816920e-01  1.7857449345e+00  -1.5579712119e-01  4.1418830224e+00  1.3956882303e+00  6.5653576480e+00  7.4228659390e-01  8.1370714446e-01  2.3476085919e+01  1.9517342404e+03  -1.4711690924e+00  2.4763674132e+01  
2.0470039845e+00  -8.0826262305e-01  2.3899793749e-01  -2.8891083670e-01  2.7217513037e+00  1.4528908485e+00  1.2268791125e+00  1.2696546519e+00  6.1737350821e+00  1.0022410727e+00  2.2565778671e+00  -1.7989604684e+01  1.6447629361e+03  -1.3654853327e+00  2.3341738115e+00  -8.0071320304e-01  1.2875113960e+00  -1.3786521313e+00  9.4716352028e+02  5.7965252362e+00  1.0039085589e+02  1.1020648869e+00  1.9881428732e+00  5.8311210001e+00  3.0086829483e+01  
2.1479601860e+00  -4.8087497541e-01  1.5585360741e-01  1.5253003542e+00  1.2073512355e+00  -4.1070747299e+00  8.6368910979e+00  4.9020439133e-01  1.0974760685e+00  5.1204693801e-01  6.8149570213e-01  -5.7962883648e-01  4.2406864283e+00  -1.4458923356e+00  5.2015024100e+00  -7.1443057133e+00  3.3052109293e+01  -4.7829053543e-01  5.4061377246e-01  -1.0665974822e+00  1.4506626571e+00  -1.1268707852e-01  2.2496659944e+00  -2.6326686768e+00  5.9174513235e+00  
2.2465074062e+00  -4.2889316237e-01  1.8287551221e-01  2.1064698794e-01  8.7987867069e-01  -1.5647306086e-02  8.8953952449e-01  -4.0536400769e-01  2.7136728164e+00  7.2068696659e-01  7.6697214326e+00  1.3488210743e+00  8.8609621691e+02  -3.7633493416e+00  1.5537814412e+02  1.9418902410e-01  2.0784733050e+00  -5.3309154680e+00  2.7652916716e+02  2.4154119676e+00  3.5358558584e+01  -5.1884198513e-01  1.2789541420e+00  9.0318383133e-01  7.9590275624e-01  
2.3455960751e+00  -6.0567729332e-01  2.2435656131e-01  4.1530958319e+00  1.1721149152e+02  -1.7473812278e+00  3.0591986245e+00  5.0978727277e-01  2.1101818179e+00  -1.6408303730e+00  3.0119354240e+00  5.7716006651e-01  5.2612805569e+00  -9.4025401866e-02  3.2952167446e-01  5.6218723530e-01  2.8101927913e+01  -2.9687020138e+00  7.3153522004e+00  -5.0241110313e-01  1.5930587352e+00  -1.7123599685e+00  2.1746748087e+00  2.0050713299e-01  6.6665505695e-01  
2.4457852840e+00  -2.4199904463e-01  2.1411456686e-01  7.3620213006e-01  3.2148269116e+00  -2.2854377707e-01  3.0267527684e-01  -2.0044624233e+00  1.6725071166e+01  -5.8638718449e-01  7.1955361873e-01  -1.9278892943e+00  3.5359767068e+01  -8.3633043691e-04  2.9914986509e-01  -3.8762552153e-01  2.6590266682e+00  7.1213957952e-01  5.5894246045e-01  -1.5485771895e-01  4.8070064988e-01  8.5636995013e-02  3.8908632787e-01  4.2643771992e-01  4.6549310866e-01  
2.5454702377e+00  -2.3529033264e-01  1.1115814527e-01  -7.0495454440e-01  1.4339821407e+00  -1.4717676855e-01  1.9121954952e-01  5.6531952808e-02  4.0967882008e-01  1.5602297562e-01  1.4138285333e-01  -2.3884978760e-01  6.8289094434e-01  2.8626501213e-01  1.6867343991e-01  -2.4530721105e+00  4.0120357295e+01  -7.0629458829e-02  1.9040155662e-01  -1.7456010491e-01  7.3199889483e-01  3.8456804423e-02  1.6651383360e-01  -3.2397456725e-01  8.6143230391e-01  
2.6451241970e+00  -4.2941470186e-01  1.6876518048e-01  -3.4087825538e-01  2.4090883952e-01  1.1971917557e-01  3.2994783126e-01  -1.5655811542e-01  6.2550303012e-01  -2.5531112430e-01  1.5387734173e-01  4.1295897437e-01  6.1053142694e-01  -1.1582544633e-01  2.0644407429e-01  9.0115621494e-02  4.2984071108e-01  -2.8714673531e-01  3.9200685333e-01  3.6988762527e-01  1.3514106240e+00  -3.1975698253e-01  2.2984218457e-01  2.6319373909e-02  4.3244070668e-01  
2.7431399822e+00  -1.3946296365e-01  1.8271162060e-01  -3.8404174082e-01  3.4252149540e-01  3.1413952700e-01  1.5838843658e-01  1.0479773753e-01  3.5405361420e-01  3.3975400769e-02  2.0057017028e-01  3.9785123082e-02  6.9796700156e-01  -1.9942657030e-01  1.8546759479e-01  -2.0380377081e-01  2.6532513470e-01  1.8769167104e-01  1.8520610881e-01  -1.3265941555e-02  1.0547005264e+00  4.8904725299e-02  1.8529396015e-01  -4.6248199611e-02  3.5583941028e-01  
2.8441622257e+00  -1.7295714506e-01  2.0301344939e-01  -3.7243727186e-01  2.5479258585e-01  9.7216041356e-03  2.7157456684e-01  3.0891883832e-01  5.5240924116e-01  3.4166629362e-01  3.1384208553e-01  -1.6113817571e+00  2.1591911992e+01  -2.4879869400e-01  1.6442972954e-01  -5.2654732754e-01  6.7600735811e-01  -1.1906543483e-01  3.0575554540e-01  8.6257754982e-01  1.1307249581e+00  4.9430929019e-01  2.7584805702e-01  1.8279413232e+00  2.3060544055e+00  
2.9417028427e+00  -1.0538690632e-01  2.6035772253e-01  4.2616291318e-01  1.5420300327e+00  -3.0798378019e-01  2.5668760585e-01  1.8040122287e-01  1.8687638832e+00  4.0617187856e-01  2.5459441173e-01  1.9587955954e-01  3.0284738174e-01  -5.6535967139e-01  3.6736667965e-01  -1.3077238944e+00  1.0154675256e+00  -5.6754697551e-01  3.5207127896e-01  3.7811955197e-01  1.2890246964e+00  2.1310097525e-01  2.2936765631e-01  8.5619917727e-01  1.4347443020e+00  
3.0400688648e+00  1.6387041284e-01  2.5217237240e-01  -2.2307538578e+00  2.4925277158e+01  1.9809725463e-01  1.7636308883e-01  5.7720937352e-01  4.4242269302e-01  1.0782178447e-01  2.5954234055e-01  5.4137909446e+01  3.5755419292e+03  -1.8197790514e-01  2.2216875702e-01  1.1904361373e-02  5.2341561418e-01  6.8228157728e-02  1.7829967611e-01  3.9063885953e-01  6.3913699125e-01  1.6812182243e-01  2.3624221041e-01  1.3446687507e+00  5.4651900241e+00  
3.1397163868e+00  4.0845364118e-02  2.2682553697e-01  -2.9675091258e-01  7.3642521140e-01  -9.8839171066e-02  1.9878153213e-01  -2.3900274102e+00  6.3743703438e+02  -4.3083293190e-01  3.5634386272e-01  2.0032143768e-01  1.1972469936e+00  1.5131028654e+00  1.4702321501e+00  -1.4773485280e+00  1.1526216715e+01  -4.9462098102e-01  3.3797781099e-01  1.0780651527e+00  4.8164633475e-01  6.6102703286e-01  3.8269335432e-01  9.9180647714e-01  1.9759811807e+00  
3.2356290817e+00  2.6811973868e-01  3.5667611837e-01  1.4770478857e+00  1.0604695705e+00  -3.5274564729e-01  3.2534581254e-01  1.7120033302e+00  6.1434543744e+00  1.0469065386e-02  2.6525327344e-01  1.5141191702e+00  3.5071896190e+00  -1.4737446030e-02  4.0596620244e-01  2.0805691576e+00  2.7783832613e+00  5.0062180148e-01  4.3482640463e-01  7.0676960475e-01  7.2405192017e-01  -2.1566174429e-01  4.8399788069e-01  4.4777489450e+00  1.6060018942e+01  
3.3343200684e+00  -1.0048949820e-01  2.8350935471e-01  -6.6758076517e-01  5.1306276248e-01  -2.8565023217e-02  3.6673475912e-01  2.2456637042e+00  7.7901142091e+00  -2.4641975542e-01  4.3173079805e-01  6.5249498845e-01  1.2227475241e+00  1.8071763107e-01  3.6171784768e-01  5.0356109303e-01  9.5961426132e+00  -7.2556324041e-01  4.4286819786e-01  5.5323543859e+00  5.9809623276e+02  1.2056957725e+00  1.2229383128e+00  7.7956931578e-02  1.1503542162e+00  
3.4296112061e+00  -2.3142391218e-01  4.7732287895e-01  -6.4309797133e-01  3.7188864654e+00  -2.8434823166e-01  7.9539635514e-01  -7.7189916065e-02  5.7644290996e-01  4.9159683251e-01  7.8778908749e-01  -7.9218902016e-03  9.7885524834e-01  -1.3096325939e-01  3.7579644508e-01  -8.7335037585e-01  3.6023867037e+00  -6.4183924446e-02  2.8057075710e-01  4.3176988030e-01  8.3566641413e-01  3.0608006444e-02  3.0701974730e-01  -8.3764988584e-01  1.6758947955e+00  
3.5231750011e+00  3.0422149688e-01  3.7919987951e-01  7.0286154534e-01  1.4729243540e+01  1.3934832666e+00  3.4199488943e+00  1.1989567614e+00  6.1828874379e+01  -5.0744527111e-01  3.4040777776e-01  -5.1304366150e-01  5.0518339331e+00  -1.1472031369e-01  4.7506479325e-01  1.2766250077e-01  6.4919611441e-01  -1.7238026606e-01  1.0179959358e+00  -1.9654238359e-01  2.7831209638e-01  -3.1518734168e-01  7.5376739412e-01  5.2950775765e-01  7.7609927177e-01  
3.6189165115e+00  4.2833365856e-01  6.3162840012e-01  -1.2235909597e+00  2.5350113726e+00  1.9163914230e+00  4.9774973949e+01  -1.2783003865e+00  8.1726902061e+00  -6.4176569323e-01  8.9187971750e-01  1.6114154915e+00  4.2153255903e+00  -8.7931476433e-01  1.5477348070e+00  1.7092191945e+00  2.6882460205e+00  -5.4168518662e-01  1.1736996100e+00  -6.6579047529e+00  1.3601434292e+02  9.6599843564e-01  1.7354374499e+00  9.1863941660e-01  1.0456313015e+00  
3.7162923813e+00  -1.4923745752e+00  2.1083690971e+00  -2.6458034258e+00  1.5814622949e+01  1.1911406473e-01  4.3871748238e-01  8.7688070124e-01  1.6667590091e+00  1.4754284346e+00  1.7452283857e+00  8.4212289971e+00  4.2869000984e+01  4.7235394951e-01  5.9913045205e-01  1.0292326363e+00  5.1173002916e-01  1.1844945074e-01  5.2175990215e-01  -2.1528119405e+00  9.2910934111e+01  -1.0156243744e-01  4.7869289283e-01  2.0954102005e+00  2.6719003914e+00  
3.8079977036e+00  -1.1275115788e+00  4.1880289153e+00  3.0077788172e-02  8.0211764396e-01  2.9524932005e-01  6.4167797295e-01  -7.8373776938e-01  6.5708840307e-01  -8.4298958013e-02  6.4363702168e+00  -1.3456672267e+00  1.5400343941e+01  -1.3831955186e+01  5.3633051991e+02  -2.3796212880e+00  4.0307229128e+00  1.1611525490e+00  3.5688214108e+00  -1.8140376732e-01  3.6606978013e+00  1.0250843292e+00  7.7014582509e+00  -1.4357957732e+00  3.1613506494e+00  
3.9084343910e+00  4.8265477946e-01  1.1270609729e+00  -6.8988130659e-02  8.5962328541e+00  -8.0009149809e-01  8.9596111138e-01  -5.2718547627e-01  1.8775958522e+01  4.4557741566e-01  6.1959536820e-01  2.5335586585e+00  8.4983462578e+00  -6.7793164458e-01  1.3605956044e+00  3.6788938621e-01  1.7606324939e+00  -4.9379911943e-01  6.5934936049e-01  9.8067638619e-01  4.9649358170e+00  7.5089899968e-01  2.0356132988e+00  1.2850177588e+00  7.2113979949e-01  
4.0027322769e+00  -1.1278283283e+00  1.4916421364e+00  0.0000000000e+00  0.0000000000e+00  8.1530637920e+00  3.6483974207e+01  0.0000000000e+00  0.0000000000e+00  -9.2924032577e-01  1.2168708789e+00  0.0000000000e+00  0.0000000000e+00  8.2604654898e+00  1.1224504065e+02  0.0000000000e+00  0.0000000000e+00  1.2273410274e+00  9.3617835655e+00  0.0000000000e+00  0.0000000000e+00  1.0986147067e-01  5.8034017668e-01  0.0000000000e+00  0.0000000000e+00  
4.1011686325e+00  2.3841324351e+00  6.6678891191e+00  0.0000000000e+00  0.0000000000e+00  1.1046177403e+00  1.5643826672e+01  0.0000000000e+00  0.0000000000e+00  1.2053386549e+00  1.7402843215e+00  0.0000000000e+00  0.0000000000e+00  -1.1148672187e+00  1.3531788464e+00  0.0000000000e+00  0.0000000000e+00  3.0155887330e+00  3.3393868634e+01  0.0000000000e+00  0.0000000000e+00  9.4232592598e-01  7.7172317204e+00  0.0000000000e+00  0.0000000000e+00  
4.2005734444e+00  2.9123604210e-01  2.1328143282e+00  0.0000000000e+00  0.0000000000e+00  -9.0021252656e-01  2.2842160620e+00  0.0000000000e+00  0.0000000000e+00  4.4661379360e-01  5.6482791058e-01  0.0000000000e+00  0.0000000000e+00  3.8089157902e+00  1.2996487417e+01  0.0000000000e+00  0.0000000000e+00  -5.2131796980e-01  9.3926088318e-01  0.0000000000e+00  0.0000000000e+00  -1.8830085503e+01  5.3108826120e+01  0.0000000000e+00  0.0000000000e+00  
4.3000535965e+00  -1.5610989004e+12  1.5454879114e+14  0.0000000000e+00  0.0000000000e+00  -4.7602913677e+11  4.7126884540e+13  0.0000000000e+00  0.0000000000e+00  2.0074386488e+11  1.9873642623e+13  0.0000000000e+00  0.0000000000e+00  -1.6006849576e+12  1.5846781080e+14  0.0000000000e+00  0.0000000000e+00  4.3802911059e+10  4.3364881949e+12  0.0000000000e+00  0.0000000000e+00  -1.4090771418e+12  1.3949863704e+14  0.0000000000e+00  0.0000000000e+00  
4.4011011124e+00  3.0172642601e+00  2.6999560700e+01  0.0000000000e+00  0.0000000000e+00  -4.5688988963e-01  2.0281535225e+00  0.0000000000e+00  0.0000000000e+00  -3.7940418165e-01  4.9279696391e-01  0.0000000000e+00  0.0000000000e+00  -8.7345360220e-01  3.3921230445e+00  0.0000000000e+00  0.0000000000e+00  -5.8638211969e-01  1.0805386322e+00  0.0000000000e+00  0.0000000000e+00  4.0239511905e-01  8.2112902235e-01  0.0000000000e+00  0.0000000000e+00  
4.5000000000e+00  0.0000000000e+00  0.0000000000e+00  0.0000000000e+00  0.0000000000e+00  0.0000000000e+00  0.0000000000e+00  0.0000000000e+00  0.0000000000e+00  0.0000000000e+00  0.0000000000e+00  0.0000000000e+00  0.0000000000e+00  0.0000000000e+00  0.0000000000e+00  0.0000000000e+00  0.0000000000e+00  0.0000000000e+00  0.0000000000e+00  0.0000000000e+00  0.0000000000e+00  0.0000000000e+00  0.0000000000e+00  0.0000000000e+00  0.0000000000e+00  
4.6000041962e+00  0.0000000000e+00  0.0000000000e+00  0.0000000000e+00  0.0000000000e+00  0.0000000000e+00  0.0000000000e+00  0.0000000000e+00  0.0000000000e+00  0.0000000000e+00  0.0000000000e+00  0.0000000000e+00  0.0000000000e+00  0.0000000000e+00  0.0000000000e+00  0.0000000000e+00  0.0000000000e+00  0.0000000000e+00  0.0000000000e+00  0.0000000000e+00  0.0000000000e+00  0.0000000000e+00  0.0000000000e+00  0.0000000000e+00  0.0000000000e+00  
4.7000041008e+00  0.0000000000e+00  0.0000000000e+00  0.0000000000e+00  0.0000000000e+00  0.0000000000e+00  0.0000000000e+00  0.0000000000e+00  0.0000000000e+00  0.0000000000e+00  0.0000000000e+00  0.0000000000e+00  0.0000000000e+00  0.0000000000e+00  0.0000000000e+00  0.0000000000e+00  0.0000000000e+00  0.0000000000e+00  0.0000000000e+00  0.0000000000e+00  0.0000000000e+00  0.0000000000e+00  0.0000000000e+00  0.0000000000e+00  0.0000000000e+00  
4.7999954224e+00  0.0000000000e+00  0.0000000000e+00  0.0000000000e+00  0.0000000000e+00  0.0000000000e+00  0.0000000000e+00  0.0000000000e+00  0.0000000000e+00  0.0000000000e+00  0.0000000000e+00  0.0000000000e+00  0.0000000000e+00  0.0000000000e+00  0.0000000000e+00  0.0000000000e+00  0.0000000000e+00  0.0000000000e+00  0.0000000000e+00  0.0000000000e+00  0.0000000000e+00  0.0000000000e+00  0.0000000000e+00  0.0000000000e+00  0.0000000000e+00  
4.8999958038e+00  0.0000000000e+00  0.0000000000e+00  0.0000000000e+00  0.0000000000e+00  0.0000000000e+00  0.0000000000e+00  0.0000000000e+00  0.0000000000e+00  0.0000000000e+00  0.0000000000e+00  0.0000000000e+00  0.0000000000e+00  0.0000000000e+00  0.0000000000e+00  0.0000000000e+00  0.0000000000e+00  0.0000000000e+00  0.0000000000e+00  0.0000000000e+00  0.0000000000e+00  0.0000000000e+00  0.0000000000e+00  0.0000000000e+00  0.0000000000e+00  
5.0000000000e+00  0.0000000000e+00  0.0000000000e+00  0.0000000000e+00  0.0000000000e+00  0.0000000000e+00  0.0000000000e+00  0.0000000000e+00  0.0000000000e+00  0.0000000000e+00  0.0000000000e+00  0.0000000000e+00  0.0000000000e+00  0.0000000000e+00  0.0000000000e+00  0.0000000000e+00  0.0000000000e+00  0.0000000000e+00  0.0000000000e+00  0.0000000000e+00  0.0000000000e+00  0.0000000000e+00  0.0000000000e+00  0.0000000000e+00  0.0000000000e+00  
5.1000041962e+00  0.0000000000e+00  0.0000000000e+00  0.0000000000e+00  0.0000000000e+00  0.0000000000e+00  0.0000000000e+00  0.0000000000e+00  0.0000000000e+00  0.0000000000e+00  0.0000000000e+00  0.0000000000e+00  0.0000000000e+00  0.0000000000e+00  0.0000000000e+00  0.0000000000e+00  0.0000000000e+00  0.0000000000e+00  0.0000000000e+00  0.0000000000e+00  0.0000000000e+00  0.0000000000e+00  0.0000000000e+00  0.0000000000e+00  0.0000000000e+00  
5.2000050545e+00  0.0000000000e+00  0.0000000000e+00  0.0000000000e+00  0.0000000000e+00  0.0000000000e+00  0.0000000000e+00  0.0000000000e+00  0.0000000000e+00  0.0000000000e+00  0.0000000000e+00  0.0000000000e+00  0.0000000000e+00  0.0000000000e+00  0.0000000000e+00  0.0000000000e+00  0.0000000000e+00  0.0000000000e+00  0.0000000000e+00  0.0000000000e+00  0.0000000000e+00  0.0000000000e+00  0.0000000000e+00  0.0000000000e+00  0.0000000000e+00  
5.2999949455e+00  0.0000000000e+00  0.0000000000e+00  0.0000000000e+00  0.0000000000e+00  0.0000000000e+00  0.0000000000e+00  0.0000000000e+00  0.0000000000e+00  0.0000000000e+00  0.0000000000e+00  0.0000000000e+00  0.0000000000e+00  0.0000000000e+00  0.0000000000e+00  0.0000000000e+00  0.0000000000e+00  0.0000000000e+00  0.0000000000e+00  0.0000000000e+00  0.0000000000e+00  0.0000000000e+00  0.0000000000e+00  0.0000000000e+00  0.0000000000e+00  
5.3999977112e+00  0.0000000000e+00  0.0000000000e+00  0.0000000000e+00  0.0000000000e+00  0.0000000000e+00  0.0000000000e+00  0.0000000000e+00  0.0000000000e+00  0.0000000000e+00  0.0000000000e+00  0.0000000000e+00  0.0000000000e+00  0.0000000000e+00  0.0000000000e+00  0.0000000000e+00  0.0000000000e+00  0.0000000000e+00  0.0000000000e+00  0.0000000000e+00  0.0000000000e+00  0.0000000000e+00  0.0000000000e+00  0.0000000000e+00  0.0000000000e+00  
5.5000000000e+00  0.0000000000e+00  0.0000000000e+00  0.0000000000e+00  0.0000000000e+00  0.0000000000e+00  0.0000000000e+00  0.0000000000e+00  0.0000000000e+00  0.0000000000e+00  0.0000000000e+00  0.0000000000e+00  0.0000000000e+00  0.0000000000e+00  0.0000000000e+00  0.0000000000e+00  0.0000000000e+00  0.0000000000e+00  0.0000000000e+00  0.0000000000e+00  0.0000000000e+00  0.0000000000e+00  0.0000000000e+00  0.0000000000e+00  0.0000000000e+00  
5.6000018120e+00  0.0000000000e+00  0.0000000000e+00  0.0000000000e+00  0.0000000000e+00  0.0000000000e+00  0.0000000000e+00  0.0000000000e+00  0.0000000000e+00  0.0000000000e+00  0.0000000000e+00  0.0000000000e+00  0.0000000000e+00  0.0000000000e+00  0.0000000000e+00  0.0000000000e+00  0.0000000000e+00  0.0000000000e+00  0.0000000000e+00  0.0000000000e+00  0.0000000000e+00  0.0000000000e+00  0.0000000000e+00  0.0000000000e+00  0.0000000000e+00  
5.7000055313e+00  0.0000000000e+00  0.0000000000e+00  0.0000000000e+00  0.0000000000e+00  0.0000000000e+00  0.0000000000e+00  0.0000000000e+00  0.0000000000e+00  0.0000000000e+00  0.0000000000e+00  0.0000000000e+00  0.0000000000e+00  0.0000000000e+00  0.0000000000e+00  0.0000000000e+00  0.0000000000e+00  0.0000000000e+00  0.0000000000e+00  0.0000000000e+00  0.0000000000e+00  0.0000000000e+00  0.0000000000e+00  0.0000000000e+00  0.0000000000e+00  
5.7999944687e+00  0.0000000000e+00  0.0000000000e+00  0.0000000000e+00  0.0000000000e+00  0.0000000000e+00  0.0000000000e+00  0.0000000000e+00  0.0000000000e+00  0.0000000000e+00  0.0000000000e+00  0.0000000000e+00  0.0000000000e+00  0.0000000000e+00  0.0000000000e+00  0.0000000000e+00  0.0000000000e+00  0.0000000000e+00  0.0000000000e+00  0.0000000000e+00  0.0000000000e+00  0.0000000000e+00  0.0000000000e+00  0.0000000000e+00  0.0000000000e+00  
5.8999996185e+00  0.0000000000e+00  0.0000000000e+00  0.0000000000e+00  0.0000000000e+00  0.0000000000e+00  0.0000000000e+00  0.0000000000e+00  0.0000000000e+00  0.0000000000e+00  0.0000000000e+00  0.0000000000e+00  0.0000000000e+00  0.0000000000e+00  0.0000000000e+00  0.0000000000e+00  0.0000000000e+00  0.0000000000e+00  0.0000000000e+00  0.0000000000e+00  0.0000000000e+00  0.0000000000e+00  0.0000000000e+00  0.0000000000e+00  0.0000000000e+00  
6.0000000000e+00  0.0000000000e+00  0.0000000000e+00  0.0000000000e+00  0.0000000000e+00  0.0000000000e+00  0.0000000000e+00  0.0000000000e+00  0.0000000000e+00  0.0000000000e+00  0.0000000000e+00  0.0000000000e+00  0.0000000000e+00  0.0000000000e+00  0.0000000000e+00  0.0000000000e+00  0.0000000000e+00  0.0000000000e+00  0.0000000000e+00  0.0000000000e+00  0.0000000000e+00  0.0000000000e+00  0.0000000000e+00  0.0000000000e+00  0.0000000000e+00  
6.0999994278e+00  0.0000000000e+00  0.0000000000e+00  0.0000000000e+00  0.0000000000e+00  0.0000000000e+00  0.0000000000e+00  0.0000000000e+00  0.0000000000e+00  0.0000000000e+00  0.0000000000e+00  0.0000000000e+00  0.0000000000e+00  0.0000000000e+00  0.0000000000e+00  0.0000000000e+00  0.0000000000e+00  0.0000000000e+00  0.0000000000e+00  0.0000000000e+00  0.0000000000e+00  0.0000000000e+00  0.0000000000e+00  0.0000000000e+00  0.0000000000e+00  
6.2000060081e+00  0.0000000000e+00  0.0000000000e+00  0.0000000000e+00  0.0000000000e+00  0.0000000000e+00  0.0000000000e+00  0.0000000000e+00  0.0000000000e+00  0.0000000000e+00  0.0000000000e+00  0.0000000000e+00  0.0000000000e+00  0.0000000000e+00  0.0000000000e+00  0.0000000000e+00  0.0000000000e+00  0.0000000000e+00  0.0000000000e+00  0.0000000000e+00  0.0000000000e+00  0.0000000000e+00  0.0000000000e+00  0.0000000000e+00  0.0000000000e+00  
6.2999939919e+00  0.0000000000e+00  0.0000000000e+00  0.0000000000e+00  0.0000000000e+00  0.0000000000e+00  0.0000000000e+00  0.0000000000e+00  0.0000000000e+00  0.0000000000e+00  0.0000000000e+00  0.0000000000e+00  0.0000000000e+00  0.0000000000e+00  0.0000000000e+00  0.0000000000e+00  0.0000000000e+00  0.0000000000e+00  0.0000000000e+00  0.0000000000e+00  0.0000000000e+00  0.0000000000e+00  0.0000000000e+00  0.0000000000e+00  0.0000000000e+00  
6.4000010490e+00  0.0000000000e+00  0.0000000000e+00  0.0000000000e+00  0.0000000000e+00  0.0000000000e+00  0.0000000000e+00  0.0000000000e+00  0.0000000000e+00  0.0000000000e+00  0.0000000000e+00  0.0000000000e+00  0.0000000000e+00  0.0000000000e+00  0.0000000000e+00  0.0000000000e+00  0.0000000000e+00  0.0000000000e+00  0.0000000000e+00  0.0000000000e+00  0.0000000000e+00  0.0000000000e+00  0.0000000000e+00  0.0000000000e+00  0.0000000000e+00  
6.5000000000e+00  0.0000000000e+00  0.0000000000e+00  0.0000000000e+00  0.0000000000e+00  0.0000000000e+00  0.0000000000e+00  0.0000000000e+00  0.0000000000e+00  0.0000000000e+00  0.0000000000e+00  0.0000000000e+00  0.0000000000e+00  0.0000000000e+00  0.0000000000e+00  0.0000000000e+00  0.0000000000e+00  0.0000000000e+00  0.0000000000e+00  0.0000000000e+00  0.0000000000e+00  0.0000000000e+00  0.0000000000e+00  0.0000000000e+00  0.0000000000e+00  
6.5999975204e+00  0.0000000000e+00  0.0000000000e+00  0.0000000000e+00  0.0000000000e+00  0.0000000000e+00  0.0000000000e+00  0.0000000000e+00  0.0000000000e+00  0.0000000000e+00  0.0000000000e+00  0.0000000000e+00  0.0000000000e+00  0.0000000000e+00  0.0000000000e+00  0.0000000000e+00  0.0000000000e+00  0.0000000000e+00  0.0000000000e+00  0.0000000000e+00  0.0000000000e+00  0.0000000000e+00  0.0000000000e+00  0.0000000000e+00  0.0000000000e+00  
6.7000064850e+00  0.0000000000e+00  0.0000000000e+00  0.0000000000e+00  0.0000000000e+00  0.0000000000e+00  0.0000000000e+00  0.0000000000e+00  0.0000000000e+00  0.0000000000e+00  0.0000000000e+00  0.0000000000e+00  0.0000000000e+00  0.0000000000e+00  0.0000000000e+00  0.0000000000e+00  0.0000000000e+00  0.0000000000e+00  0.0000000000e+00  0.0000000000e+00  0.0000000000e+00  0.0000000000e+00  0.0000000000e+00  0.0000000000e+00  0.0000000000e+00  
6.7999935150e+00  0.0000000000e+00  0.0000000000e+00  0.0000000000e+00  0.0000000000e+00  0.0000000000e+00  0.0000000000e+00  0.0000000000e+00  0.0000000000e+00  0.0000000000e+00  0.0000000000e+00  0.0000000000e+00  0.0000000000e+00  0.0000000000e+00  0.0000000000e+00  0.0000000000e+00  0.0000000000e+00  0.0000000000e+00  0.0000000000e+00  0.0000000000e+00  0.0000000000e+00  0.0000000000e+00  0.0000000000e+00  0.0000000000e+00  0.0000000000e+00  
6.9000029564e+00  0.0000000000e+00  0.0000000000e+00  0.0000000000e+00  0.0000000000e+00  0.0000000000e+00  0.0000000000e+00  0.0000000000e+00  0.0000000000e+00  0.0000000000e+00  0.0000000000e+00  0.0000000000e+00  0.0000000000e+00  0.0000000000e+00  0.0000000000e+00  0.0000000000e+00  0.0000000000e+00  0.0000000000e+00  0.0000000000e+00  0.0000000000e+00  0.0000000000e+00  0.0000000000e+00  0.0000000000e+00  0.0000000000e+00  0.0000000000e+00  
