#pT  dN/(2pi dy pT dpT)  dN/(2pi dy pT dpT)_err  vn{SP}  vn{SP}_err
1.1024203164e-01  7.4541245847e+01  9.1055156043e-01  -9.4288337442e-04  6.1698158937e-04  7.9070343951e-03  6.6925221270e-04  1.1555793993e-03  5.8168431253e-04  -8.1872173881e-04  5.0625651891e-04  5.7437220566e-04  6.3559030403e-04  1.3960848389e-04  6.8139043746e-04  
2.0128064974e-01  7.1410977693e+01  8.6266363950e-01  -6.8379090064e-04  5.3712023662e-04  2.0796388066e-02  8.2266831779e-04  1.0974175997e-03  3.9589816797e-04  -4.5470825036e-04  5.2608196286e-04  -2.8864811712e-04  4.9019429894e-04  -1.1080405730e-03  5.9764673995e-04  
2.9900715252e-01  4.7795389427e+01  5.8527223693e-01  -2.4029000931e-06  4.9271588785e-04  3.4216380683e-02  1.3740981529e-03  3.6517768091e-03  5.6755436631e-04  -5.4932243700e-04  5.1246163582e-04  -2.9694385580e-04  5.8341882416e-04  -1.0204781824e-03  6.1166232006e-04  
3.9825737938e-01  3.0325011981e+01  3.7056856710e-01  4.2405149191e-04  8.2722163030e-04  4.6036215363e-02  1.7575990935e-03  3.9112202461e-03  6.2653941628e-04  -1.5424571246e-04  4.5448372755e-04  -2.6225631710e-04  4.8592148787e-04  1.1286910148e-04  5.9901093489e-04  
4.9799324502e-01  1.9355292516e+01  2.3927098916e-01  8.7120967613e-04  7.9163858115e-04  5.7147144894e-02  2.0874175734e-03  6.1858805536e-03  7.0156561621e-04  3.3995858196e-04  6.3540315202e-04  8.6605450677e-04  4.9146860171e-04  1.1479536759e-04  8.0947080687e-04  
5.9771971031e-01  1.2495120315e+01  1.5841068263e-01  1.4950595265e-03  1.1490013411e-03  6.5483140816e-02  2.5606862984e-03  8.2571574327e-03  9.8028184564e-04  1.0065176318e-03  5.9966567501e-04  4.9061337908e-04  6.1228062310e-04  5.6330813381e-04  7.5080315915e-04  
6.9765046536e-01  8.1440563612e+00  1.0607232762e-01  3.4953404047e-03  1.3424873011e-03  7.2472405075e-02  2.6793157868e-03  8.1728955313e-03  9.4612839320e-04  1.1690011786e-03  8.3291339406e-04  5.7500389716e-04  7.9920793420e-04  -9.2320082285e-04  1.0363196014e-03  
7.9759785530e-01  5.3318172482e+00  7.1174254514e-02  2.8346920946e-03  9.0336300045e-04  8.0909689011e-02  3.2233736080e-03  9.3663846057e-03  1.0390412570e-03  2.8700484848e-03  7.7256820749e-04  9.2968598744e-04  1.0079414022e-03  2.5493639444e-03  9.8447096316e-04  
8.9744339525e-01  3.5183334288e+00  4.9236291394e-02  7.0705514808e-03  1.5898249655e-03  8.7267062681e-02  3.3190202477e-03  1.0324659140e-02  1.3719654980e-03  4.2649152527e-03  1.2676397908e-03  4.3262678176e-03  9.7354368022e-04  1.2242198823e-03  1.2991424687e-03  
9.9742943436e-01  2.3265143945e+00  3.4014073751e-02  7.4569065361e-03  1.4437020797e-03  9.4121414926e-02  3.6001014131e-03  1.2234721578e-02  1.1329225233e-03  6.9614595439e-03  1.4146937452e-03  4.9753005753e-03  1.3714773730e-03  2.1204118266e-03  1.9860389430e-03  
1.0973120833e+00  1.5398772397e+00  2.4028030379e-02  8.0379372464e-03  2.1850443445e-03  1.0080669012e-01  3.9726315442e-03  1.2486069772e-02  1.3933890956e-03  9.9983259084e-03  1.3224850817e-03  7.7990369504e-03  1.3884086937e-03  2.6168181422e-03  1.8405757221e-03  
1.1972064965e+00  1.0161437632e+00  1.6409846363e-02  8.9827434031e-03  2.3984744588e-03  1.0579074160e-01  4.3087099820e-03  1.2218298125e-02  2.1739777477e-03  1.1633940664e-02  1.6434342592e-03  9.5318011122e-03  1.7928998356e-03  7.8593310146e-03  2.1444450803e-03  
1.2971528202e+00  6.6989869197e-01  1.1058784737e-02  1.3658604334e-02  2.5911321559e-03  1.1282467336e-01  4.5821215569e-03  1.5294152768e-02  1.7508444600e-03  1.2527342825e-02  1.9841792855e-03  9.7330869741e-03  2.0977092953e-03  1.0184855331e-02  2.9155921564e-03  
1.3971105013e+00  4.4032816667e-01  8.0357981149e-03  1.4972115444e-02  3.6095045932e-03  1.1271997585e-01  4.7012331042e-03  1.5068676496e-02  2.4289058922e-03  1.5744962848e-02  2.8538538449e-03  1.4376052048e-02  2.5572781380e-03  6.9858318207e-03  2.8298742861e-03  
1.4969963400e+00  2.8842958758e-01  5.5159657453e-03  1.2228808038e-02  3.8969916771e-03  1.2163456404e-01  5.1711200381e-03  1.7264013529e-02  2.7102053763e-03  1.4912770120e-02  2.5655271194e-03  1.7495786648e-02  2.9235054993e-03  8.1438381115e-03  4.3498458321e-03  
1.5970800452e+00  1.9040738630e-01  3.9634186567e-03  2.0166273425e-02  3.7931839003e-03  1.2481470606e-01  5.8707531380e-03  2.1992375518e-02  3.9087561473e-03  2.3853904116e-02  3.9948546584e-03  1.5497267132e-02  3.8147014058e-03  1.4578753602e-02  4.5820911355e-03  
1.6971624665e+00  1.2552842677e-01  2.6760541732e-03  1.5167076834e-02  4.9750855505e-03  1.3712046220e-01  5.8995218749e-03  2.0806225101e-02  4.4161211152e-03  1.8022395223e-02  5.3692180091e-03  2.7581671823e-02  4.5297571854e-03  1.4309053820e-02  5.6167169225e-03  
1.7969420157e+00  8.0723803254e-02  1.7689135653e-03  2.5560687180e-02  6.3624869568e-03  1.4065806589e-01  6.4598045900e-03  2.2459493362e-02  4.2810587212e-03  2.0616555760e-02  4.9817241111e-03  2.9102386848e-02  5.1539405490e-03  2.1213840512e-02  7.0986094031e-03  
1.8968821302e+00  5.2750449925e-02  1.3089760628e-03  2.5307616298e-02  6.6400294900e-03  1.5488472327e-01  6.3590157049e-03  3.2227835159e-02  5.5756695553e-03  1.7773519639e-02  5.9237423976e-03  3.3579770240e-02  7.3480293282e-03  2.2856767351e-02  9.1244836428e-03  
1.9969737087e+00  3.4028482926e-02  8.5899723080e-04  2.7407022098e-02  8.2068876881e-03  1.4367910216e-01  8.6808696731e-03  2.5164232724e-02  5.4390689370e-03  2.4937806179e-02  7.0372868681e-03  3.6976558160e-02  8.2914415450e-03  1.7742426465e-02  9.0872408601e-03  
2.0972768581e+00  2.2293846878e-02  6.2428552854e-04  3.7950263883e-02  7.9656955735e-03  1.4193025756e-01  1.0218905831e-02  3.3935749560e-02  7.8543876296e-03  4.1207673254e-02  9.7931332587e-03  4.4964735544e-02  1.0789011653e-02  3.0759993107e-02  1.3283755238e-02  
2.1963043404e+00  1.4728246208e-02  4.4453129133e-04  2.7293301648e-02  1.1788062184e-02  1.5961692334e-01  9.5535279630e-03  1.5449807525e-02  8.9191237748e-03  2.6588227650e-02  1.0972926618e-02  4.0831961997e-02  1.0190406044e-02  1.2055832039e-02  1.3338699668e-02  
2.2960137656e+00  9.5412304109e-03  2.9986078177e-04  3.3180561958e-02  1.0652611596e-02  1.5725564352e-01  1.1742093051e-02  4.4602944084e-02  1.1199064336e-02  4.1913959739e-02  1.5602999062e-02  5.1095705372e-02  1.4062275127e-02  5.0744304837e-02  1.5777738646e-02  
2.3969473030e+00  6.1767678342e-03  2.2918369351e-04  1.8147503148e-02  1.2563390579e-02  1.7821188752e-01  1.3960213579e-02  1.9074164407e-02  1.3408491754e-02  2.6843305807e-02  1.5775602241e-02  4.8175213820e-02  1.3832658143e-02  7.3187477639e-02  2.2633359672e-02  
2.4967138173e+00  3.8746055231e-03  1.3640510538e-04  -1.0312402995e-03  1.8079459122e-02  1.9614938639e-01  1.5447077694e-02  4.0166334332e-02  1.8792922991e-02  4.6955969267e-02  1.9454320147e-02  5.1663820475e-02  1.9454708532e-02  -5.6841317631e-03  2.2039183640e-02  
2.5966287970e+00  2.6455217257e-03  1.0082665310e-04  5.4302555100e-02  2.0560834582e-02  1.7833776725e-01  1.9569008913e-02  4.6888801838e-02  1.9383082564e-02  5.4912429887e-02  2.3210781685e-02  6.6438854350e-03  2.3226137147e-02  3.4716493271e-02  3.5550988279e-02  
2.6969700251e+00  1.7528661437e-03  8.1819230728e-05  2.5536910195e-02  2.1932944074e-02  1.9271771446e-01  2.6320192384e-02  4.3177132629e-02  2.4669076930e-02  5.4360116007e-02  2.6205254085e-02  5.4222061585e-02  2.5121716093e-02  1.0906105189e-01  3.9269079503e-02  
2.7961199645e+00  1.0810862853e-03  5.6261674398e-05  6.1497375411e-02  3.1922038944e-02  2.0556080197e-01  3.2753578216e-02  1.0001379814e-02  3.2242155193e-02  1.3957583932e-02  3.6317504764e-02  7.1367256524e-02  3.3616966771e-02  3.5981141149e-02  4.3978171383e-02  
2.8965484222e+00  6.8393745849e-04  4.4575216700e-05  6.7385788471e-02  3.2191922986e-02  1.8154433895e-01  3.0732665705e-02  5.9871229802e-02  3.8971354257e-02  2.4502156137e-03  3.5518409565e-02  1.2073471333e-01  4.3604457248e-02  1.0726654470e-01  3.9548460006e-02  
2.9997614836e+00  4.3570134411e-04  2.9918088994e-05  7.3359336493e-02  4.3709462478e-02  2.3878582700e-01  3.8767802499e-02  4.7408820680e-02  5.5664898511e-02  5.5511863971e-02  5.4417298983e-02  6.8341243253e-02  5.9971108137e-02  1.7545738610e-01  6.1133183959e-02  
3.0974351148e+00  2.9662134182e-04  2.6980335380e-05  2.2499921782e-02  5.6993336776e-02  2.5083628585e-01  4.0056810236e-02  7.8102433446e-02  5.3355003354e-02  -1.0028712574e-01  4.2036231414e-02  3.6368060935e-02  6.2519153372e-02  -8.5351632307e-02  6.4871475887e-02  
3.1926383331e+00  1.9541012881e-04  1.7827611156e-05  1.0427304377e-02  6.5984017081e-02  1.7837299141e-01  6.1828025670e-02  7.4412199366e-02  6.4057619411e-02  1.3797488663e-01  7.4682890196e-02  1.0071099844e-02  6.7540668539e-02  7.5979769519e-02  9.4685430630e-02  
3.2912461768e+00  1.1687093584e-04  1.2496957101e-05  7.5260305658e-02  9.1998442059e-02  2.5677269566e-01  7.6254105009e-02  1.4412198694e-01  9.2595816624e-02  1.6371014805e-02  7.0170127832e-02  7.0351330665e-02  8.2594721896e-02  1.5075106493e-01  1.2390615653e-01  
3.3949427571e+00  1.0079861829e-04  1.2597155192e-05  -1.5192247555e-01  9.8880383834e-02  2.2713148908e-01  7.0499721815e-02  1.7826411936e-01  8.6018113031e-02  2.9064855519e-02  1.0809118754e-01  -1.4518152684e-02  9.7690373016e-02  1.0810039689e-01  1.2595712232e-01  
3.5006179278e+00  7.9631614944e-05  9.8783152210e-06  6.6118829778e-03  8.8136469071e-02  2.3586262497e-01  8.2071268015e-02  -1.0889676594e-01  9.9868429190e-02  -1.5788717293e-02  1.1002603689e-01  1.5763436791e-01  1.1791655016e-01  1.0258607921e-01  1.3621824572e-01  
3.5959727966e+00  3.5580965733e-05  7.4062870898e-06  3.7552568952e-02  1.1072756249e-01  -5.3576327495e-02  1.3034732233e-01  2.7643130797e-01  1.6733196610e-01  2.6763425652e-01  1.5087863788e-01  2.1333796538e-02  1.6047691626e-01  1.3482862894e-01  1.6558666635e-01  
3.7009243444e+00  2.3745628746e-05  5.0160060186e-06  2.6368683284e-01  1.4491159731e-01  1.9947436119e-01  1.6879454128e-01  -3.1541036604e-01  1.6067704586e-01  4.3314546102e-01  2.2435804495e-01  -5.3409388575e-01  2.3166082827e-01  2.6039425523e-01  2.3374149187e-01  
3.8041392589e+00  6.9423269136e-06  2.7407600502e-06  7.6589592178e-01  3.5966579005e-01  5.0157143423e-01  1.6238723887e-01  1.8374995947e-01  3.7022194349e-01  -1.5187532165e-01  2.8863214496e-01  -6.6264031258e-01  3.8382758808e-01  1.6365492077e-01  1.3146597327e-01  
3.8868068626e+00  4.9248320129e-06  2.4168725973e-06  4.9105908466e-02  4.5621524323e-01  2.6242237937e-01  2.5990252302e-01  3.3869739288e-01  5.4364850688e-01  6.3423355269e-01  6.4049270722e-01  8.2331728751e-01  3.4272543692e-01  2.6370683631e-01  9.8522975852e-01  
3.9872086796e+00  5.3308417162e-06  2.3335080580e-06  7.0426625813e-01  2.2760674410e-01  2.6053560548e-01  3.3100877462e-01  1.8106767804e-02  3.2396096434e-01  8.9360941323e-02  4.3248892312e-01  6.7012751966e-02  3.6804366357e-01  3.8783567009e-01  9.1716298973e-01  
