#pT  vn{4}  vn{4}_err
1.0770821604e-01  0.0000000000e+00  0.0000000000e+00  7.2792853530e-03  3.2876095149e-03  0.0000000000e+00  0.0000000000e+00  
2.0304686179e-01  0.0000000000e+00  0.0000000000e+00  1.1990976867e-02  2.3729897064e-03  0.0000000000e+00  0.0000000000e+00  
3.0120141419e-01  0.0000000000e+00  0.0000000000e+00  1.9391363420e-02  2.6757898393e-03  0.0000000000e+00  0.0000000000e+00  
3.9986474460e-01  0.0000000000e+00  0.0000000000e+00  3.4646741763e-02  2.5795799697e-03  0.0000000000e+00  0.0000000000e+00  
4.9916192980e-01  0.0000000000e+00  0.0000000000e+00  4.2870116774e-02  3.0652890139e-03  0.0000000000e+00  0.0000000000e+00  
5.9840079973e-01  0.0000000000e+00  0.0000000000e+00  4.9028787996e-02  3.6946320911e-03  0.0000000000e+00  0.0000000000e+00  
6.9814058496e-01  0.0000000000e+00  0.0000000000e+00  5.6980159225e-02  4.2925214979e-03  0.0000000000e+00  0.0000000000e+00  
7.9780763803e-01  0.0000000000e+00  0.0000000000e+00  6.2571951151e-02  5.1991730265e-03  0.0000000000e+00  0.0000000000e+00  
8.9752376362e-01  0.0000000000e+00  0.0000000000e+00  7.6501641841e-02  5.4865079803e-03  0.0000000000e+00  0.0000000000e+00  
9.9748278074e-01  0.0000000000e+00  0.0000000000e+00  8.0870383157e-02  5.3954225308e-03  0.0000000000e+00  0.0000000000e+00  
1.0971261593e+00  0.0000000000e+00  0.0000000000e+00  7.7169749572e-02  7.3831256170e-03  0.0000000000e+00  0.0000000000e+00  
1.1974414346e+00  0.0000000000e+00  0.0000000000e+00  8.0319655894e-02  7.4669878161e-03  0.0000000000e+00  0.0000000000e+00  
1.2972143446e+00  0.0000000000e+00  0.0000000000e+00  8.1742332066e-02  9.7320481773e-03  0.0000000000e+00  0.0000000000e+00  
1.3967297451e+00  0.0000000000e+00  0.0000000000e+00  8.8445566205e-02  9.1644985376e-03  0.0000000000e+00  0.0000000000e+00  
1.4965947673e+00  0.0000000000e+00  0.0000000000e+00  9.3562384294e-02  9.8164420930e-03  0.0000000000e+00  0.0000000000e+00  
1.5973396907e+00  0.0000000000e+00  0.0000000000e+00  9.5405149405e-02  1.2965551184e-02  0.0000000000e+00  0.0000000000e+00  
1.6975678909e+00  0.0000000000e+00  0.0000000000e+00  8.9009636971e-02  1.5099013406e-02  0.0000000000e+00  0.0000000000e+00  
1.7966044070e+00  0.0000000000e+00  0.0000000000e+00  1.1402110835e-01  1.9970032291e-02  0.0000000000e+00  0.0000000000e+00  
1.8968645865e+00  0.0000000000e+00  0.0000000000e+00  1.1892983688e-01  2.0970763000e-02  0.0000000000e+00  0.0000000000e+00  
1.9971195364e+00  0.0000000000e+00  0.0000000000e+00  1.0673612622e-01  2.7870514472e-02  0.0000000000e+00  0.0000000000e+00  
2.0978029974e+00  0.0000000000e+00  0.0000000000e+00  1.1308999371e-01  3.0993893953e-02  0.0000000000e+00  0.0000000000e+00  
2.1970623989e+00  0.0000000000e+00  0.0000000000e+00  1.2431293445e-01  3.6106813907e-02  0.0000000000e+00  0.0000000000e+00  
2.2964765161e+00  0.0000000000e+00  0.0000000000e+00  1.0534803792e-01  4.5956806599e-02  0.0000000000e+00  0.0000000000e+00  
2.3963138884e+00  0.0000000000e+00  0.0000000000e+00  2.0400858720e-01  4.9762683779e-02  0.0000000000e+00  0.0000000000e+00  
2.4987650246e+00  0.0000000000e+00  0.0000000000e+00  1.5644213793e-01  6.8618081490e-02  0.0000000000e+00  0.0000000000e+00  
2.6004811721e+00  0.0000000000e+00  0.0000000000e+00  1.4392841916e-01  7.0014513407e-02  0.0000000000e+00  0.0000000000e+00  
2.7022469246e+00  0.0000000000e+00  0.0000000000e+00  1.3381112127e-01  1.1054058140e-01  2.6524930711e-01  6.2022587179e+00  
2.7981839456e+00  0.0000000000e+00  0.0000000000e+00  1.2934236349e-01  1.8945568114e-01  0.0000000000e+00  0.0000000000e+00  
2.8934724281e+00  0.0000000000e+00  0.0000000000e+00  2.8681466676e-01  1.5714687531e-01  0.0000000000e+00  0.0000000000e+00  
3.0035081702e+00  0.0000000000e+00  0.0000000000e+00  3.1538667550e-01  1.7586195289e-01  0.0000000000e+00  0.0000000000e+00  
3.0954589048e+00  0.0000000000e+00  0.0000000000e+00  9.9026009265e-02  2.4430212557e-01  0.0000000000e+00  0.0000000000e+00  
3.1874772235e+00  0.0000000000e+00  0.0000000000e+00  1.1692297757e-01  9.4193235727e-01  0.0000000000e+00  0.0000000000e+00  
3.2948148415e+00  0.0000000000e+00  0.0000000000e+00  1.3847416646e-01  1.0072010098e+00  0.0000000000e+00  0.0000000000e+00  
3.4204279900e+00  0.0000000000e+00  0.0000000000e+00  8.4909113482e-01  2.3606629951e-01  0.0000000000e+00  0.0000000000e+00  
3.4993607683e+00  0.0000000000e+00  0.0000000000e+00  1.4138939527e-01  7.4042525272e-01  0.0000000000e+00  0.0000000000e+00  
3.6128560736e+00  0.0000000000e+00  0.0000000000e+00  1.6510623550e-01  4.9326210170e-01  0.0000000000e+00  0.0000000000e+00  
3.6989741096e+00  0.0000000000e+00  0.0000000000e+00  3.7195717432e-01  8.5451593498e-01  0.0000000000e+00  0.0000000000e+00  
3.7500000000e+00  0.0000000000e+00  0.0000000000e+00  0.0000000000e+00  0.0000000000e+00  0.0000000000e+00  0.0000000000e+00  
3.8500000000e+00  0.0000000000e+00  0.0000000000e+00  0.0000000000e+00  0.0000000000e+00  0.0000000000e+00  0.0000000000e+00  
3.9500000000e+00  0.0000000000e+00  0.0000000000e+00  0.0000000000e+00  0.0000000000e+00  0.0000000000e+00  0.0000000000e+00  
