#eta  rn(eta)  rn_err(eta)  rnn(eta)  rnn_err(eta)
-7.0000000000e+00  0.0000000000e+00  0.0000000000e+00  0.0000000000e+00  0.0000000000e+00  0.0000000000e+00  0.0000000000e+00  0.0000000000e+00  0.0000000000e+00  0.0000000000e+00  0.0000000000e+00  0.0000000000e+00  0.0000000000e+00  0.0000000000e+00  0.0000000000e+00  0.0000000000e+00  0.0000000000e+00  0.0000000000e+00  0.0000000000e+00  0.0000000000e+00  0.0000000000e+00  0.0000000000e+00  0.0000000000e+00  0.0000000000e+00  0.0000000000e+00  
-6.9000000000e+00  0.0000000000e+00  0.0000000000e+00  0.0000000000e+00  0.0000000000e+00  0.0000000000e+00  0.0000000000e+00  0.0000000000e+00  0.0000000000e+00  0.0000000000e+00  0.0000000000e+00  0.0000000000e+00  0.0000000000e+00  0.0000000000e+00  0.0000000000e+00  0.0000000000e+00  0.0000000000e+00  0.0000000000e+00  0.0000000000e+00  0.0000000000e+00  0.0000000000e+00  0.0000000000e+00  0.0000000000e+00  0.0000000000e+00  0.0000000000e+00  
-6.8000000000e+00  0.0000000000e+00  0.0000000000e+00  0.0000000000e+00  0.0000000000e+00  0.0000000000e+00  0.0000000000e+00  0.0000000000e+00  0.0000000000e+00  0.0000000000e+00  0.0000000000e+00  0.0000000000e+00  0.0000000000e+00  0.0000000000e+00  0.0000000000e+00  0.0000000000e+00  0.0000000000e+00  0.0000000000e+00  0.0000000000e+00  0.0000000000e+00  0.0000000000e+00  0.0000000000e+00  0.0000000000e+00  0.0000000000e+00  0.0000000000e+00  
-6.7000000000e+00  0.0000000000e+00  0.0000000000e+00  0.0000000000e+00  0.0000000000e+00  0.0000000000e+00  0.0000000000e+00  0.0000000000e+00  0.0000000000e+00  0.0000000000e+00  0.0000000000e+00  0.0000000000e+00  0.0000000000e+00  0.0000000000e+00  0.0000000000e+00  0.0000000000e+00  0.0000000000e+00  0.0000000000e+00  0.0000000000e+00  0.0000000000e+00  0.0000000000e+00  0.0000000000e+00  0.0000000000e+00  0.0000000000e+00  0.0000000000e+00  
-6.6000000000e+00  0.0000000000e+00  0.0000000000e+00  0.0000000000e+00  0.0000000000e+00  0.0000000000e+00  0.0000000000e+00  0.0000000000e+00  0.0000000000e+00  0.0000000000e+00  0.0000000000e+00  0.0000000000e+00  0.0000000000e+00  0.0000000000e+00  0.0000000000e+00  0.0000000000e+00  0.0000000000e+00  0.0000000000e+00  0.0000000000e+00  0.0000000000e+00  0.0000000000e+00  0.0000000000e+00  0.0000000000e+00  0.0000000000e+00  0.0000000000e+00  
-6.5000000000e+00  0.0000000000e+00  0.0000000000e+00  0.0000000000e+00  0.0000000000e+00  0.0000000000e+00  0.0000000000e+00  0.0000000000e+00  0.0000000000e+00  0.0000000000e+00  0.0000000000e+00  0.0000000000e+00  0.0000000000e+00  0.0000000000e+00  0.0000000000e+00  0.0000000000e+00  0.0000000000e+00  0.0000000000e+00  0.0000000000e+00  0.0000000000e+00  0.0000000000e+00  0.0000000000e+00  0.0000000000e+00  0.0000000000e+00  0.0000000000e+00  
-6.4000000000e+00  0.0000000000e+00  0.0000000000e+00  0.0000000000e+00  0.0000000000e+00  0.0000000000e+00  0.0000000000e+00  0.0000000000e+00  0.0000000000e+00  0.0000000000e+00  0.0000000000e+00  0.0000000000e+00  0.0000000000e+00  0.0000000000e+00  0.0000000000e+00  0.0000000000e+00  0.0000000000e+00  0.0000000000e+00  0.0000000000e+00  0.0000000000e+00  0.0000000000e+00  0.0000000000e+00  0.0000000000e+00  0.0000000000e+00  0.0000000000e+00  
-6.3000000000e+00  0.0000000000e+00  0.0000000000e+00  0.0000000000e+00  0.0000000000e+00  0.0000000000e+00  0.0000000000e+00  0.0000000000e+00  0.0000000000e+00  0.0000000000e+00  0.0000000000e+00  0.0000000000e+00  0.0000000000e+00  0.0000000000e+00  0.0000000000e+00  0.0000000000e+00  0.0000000000e+00  0.0000000000e+00  0.0000000000e+00  0.0000000000e+00  0.0000000000e+00  0.0000000000e+00  0.0000000000e+00  0.0000000000e+00  0.0000000000e+00  
-6.2000000000e+00  0.0000000000e+00  0.0000000000e+00  0.0000000000e+00  0.0000000000e+00  0.0000000000e+00  0.0000000000e+00  0.0000000000e+00  0.0000000000e+00  0.0000000000e+00  0.0000000000e+00  0.0000000000e+00  0.0000000000e+00  0.0000000000e+00  0.0000000000e+00  0.0000000000e+00  0.0000000000e+00  0.0000000000e+00  0.0000000000e+00  0.0000000000e+00  0.0000000000e+00  0.0000000000e+00  0.0000000000e+00  0.0000000000e+00  0.0000000000e+00  
-6.1000000000e+00  0.0000000000e+00  0.0000000000e+00  0.0000000000e+00  0.0000000000e+00  0.0000000000e+00  0.0000000000e+00  0.0000000000e+00  0.0000000000e+00  0.0000000000e+00  0.0000000000e+00  0.0000000000e+00  0.0000000000e+00  0.0000000000e+00  0.0000000000e+00  0.0000000000e+00  0.0000000000e+00  0.0000000000e+00  0.0000000000e+00  0.0000000000e+00  0.0000000000e+00  0.0000000000e+00  0.0000000000e+00  0.0000000000e+00  0.0000000000e+00  
-6.0000000000e+00  0.0000000000e+00  0.0000000000e+00  0.0000000000e+00  0.0000000000e+00  0.0000000000e+00  0.0000000000e+00  0.0000000000e+00  0.0000000000e+00  0.0000000000e+00  0.0000000000e+00  0.0000000000e+00  0.0000000000e+00  0.0000000000e+00  0.0000000000e+00  0.0000000000e+00  0.0000000000e+00  0.0000000000e+00  0.0000000000e+00  0.0000000000e+00  0.0000000000e+00  0.0000000000e+00  0.0000000000e+00  0.0000000000e+00  0.0000000000e+00  
-5.9000000000e+00  0.0000000000e+00  0.0000000000e+00  0.0000000000e+00  0.0000000000e+00  0.0000000000e+00  0.0000000000e+00  0.0000000000e+00  0.0000000000e+00  0.0000000000e+00  0.0000000000e+00  0.0000000000e+00  0.0000000000e+00  0.0000000000e+00  0.0000000000e+00  0.0000000000e+00  0.0000000000e+00  0.0000000000e+00  0.0000000000e+00  0.0000000000e+00  0.0000000000e+00  0.0000000000e+00  0.0000000000e+00  0.0000000000e+00  0.0000000000e+00  
-5.8000000000e+00  0.0000000000e+00  0.0000000000e+00  0.0000000000e+00  0.0000000000e+00  0.0000000000e+00  0.0000000000e+00  0.0000000000e+00  0.0000000000e+00  0.0000000000e+00  0.0000000000e+00  0.0000000000e+00  0.0000000000e+00  0.0000000000e+00  0.0000000000e+00  0.0000000000e+00  0.0000000000e+00  0.0000000000e+00  0.0000000000e+00  0.0000000000e+00  0.0000000000e+00  0.0000000000e+00  0.0000000000e+00  0.0000000000e+00  0.0000000000e+00  
-5.7000000000e+00  0.0000000000e+00  0.0000000000e+00  0.0000000000e+00  0.0000000000e+00  0.0000000000e+00  0.0000000000e+00  0.0000000000e+00  0.0000000000e+00  0.0000000000e+00  0.0000000000e+00  0.0000000000e+00  0.0000000000e+00  0.0000000000e+00  0.0000000000e+00  0.0000000000e+00  0.0000000000e+00  0.0000000000e+00  0.0000000000e+00  0.0000000000e+00  0.0000000000e+00  0.0000000000e+00  0.0000000000e+00  0.0000000000e+00  0.0000000000e+00  
-5.6000000000e+00  0.0000000000e+00  0.0000000000e+00  0.0000000000e+00  0.0000000000e+00  0.0000000000e+00  0.0000000000e+00  0.0000000000e+00  0.0000000000e+00  0.0000000000e+00  0.0000000000e+00  0.0000000000e+00  0.0000000000e+00  0.0000000000e+00  0.0000000000e+00  0.0000000000e+00  0.0000000000e+00  0.0000000000e+00  0.0000000000e+00  0.0000000000e+00  0.0000000000e+00  0.0000000000e+00  0.0000000000e+00  0.0000000000e+00  0.0000000000e+00  
-5.5000000000e+00  0.0000000000e+00  0.0000000000e+00  0.0000000000e+00  0.0000000000e+00  0.0000000000e+00  0.0000000000e+00  0.0000000000e+00  0.0000000000e+00  0.0000000000e+00  0.0000000000e+00  0.0000000000e+00  0.0000000000e+00  0.0000000000e+00  0.0000000000e+00  0.0000000000e+00  0.0000000000e+00  0.0000000000e+00  0.0000000000e+00  0.0000000000e+00  0.0000000000e+00  0.0000000000e+00  0.0000000000e+00  0.0000000000e+00  0.0000000000e+00  
-5.4000000000e+00  0.0000000000e+00  0.0000000000e+00  0.0000000000e+00  0.0000000000e+00  0.0000000000e+00  0.0000000000e+00  0.0000000000e+00  0.0000000000e+00  0.0000000000e+00  0.0000000000e+00  0.0000000000e+00  0.0000000000e+00  0.0000000000e+00  0.0000000000e+00  0.0000000000e+00  0.0000000000e+00  0.0000000000e+00  0.0000000000e+00  0.0000000000e+00  0.0000000000e+00  0.0000000000e+00  0.0000000000e+00  0.0000000000e+00  0.0000000000e+00  
-5.3000000000e+00  0.0000000000e+00  0.0000000000e+00  0.0000000000e+00  0.0000000000e+00  0.0000000000e+00  0.0000000000e+00  0.0000000000e+00  0.0000000000e+00  0.0000000000e+00  0.0000000000e+00  0.0000000000e+00  0.0000000000e+00  0.0000000000e+00  0.0000000000e+00  0.0000000000e+00  0.0000000000e+00  0.0000000000e+00  0.0000000000e+00  0.0000000000e+00  0.0000000000e+00  0.0000000000e+00  0.0000000000e+00  0.0000000000e+00  0.0000000000e+00  
-5.2000000000e+00  0.0000000000e+00  0.0000000000e+00  0.0000000000e+00  0.0000000000e+00  0.0000000000e+00  0.0000000000e+00  0.0000000000e+00  0.0000000000e+00  0.0000000000e+00  0.0000000000e+00  0.0000000000e+00  0.0000000000e+00  0.0000000000e+00  0.0000000000e+00  0.0000000000e+00  0.0000000000e+00  0.0000000000e+00  0.0000000000e+00  0.0000000000e+00  0.0000000000e+00  0.0000000000e+00  0.0000000000e+00  0.0000000000e+00  0.0000000000e+00  
-5.1000000000e+00  0.0000000000e+00  0.0000000000e+00  0.0000000000e+00  0.0000000000e+00  0.0000000000e+00  0.0000000000e+00  0.0000000000e+00  0.0000000000e+00  0.0000000000e+00  0.0000000000e+00  0.0000000000e+00  0.0000000000e+00  0.0000000000e+00  0.0000000000e+00  0.0000000000e+00  0.0000000000e+00  0.0000000000e+00  0.0000000000e+00  0.0000000000e+00  0.0000000000e+00  0.0000000000e+00  0.0000000000e+00  0.0000000000e+00  0.0000000000e+00  
-5.0000000000e+00  0.0000000000e+00  0.0000000000e+00  0.0000000000e+00  0.0000000000e+00  0.0000000000e+00  0.0000000000e+00  0.0000000000e+00  0.0000000000e+00  0.0000000000e+00  0.0000000000e+00  0.0000000000e+00  0.0000000000e+00  0.0000000000e+00  0.0000000000e+00  0.0000000000e+00  0.0000000000e+00  0.0000000000e+00  0.0000000000e+00  0.0000000000e+00  0.0000000000e+00  0.0000000000e+00  0.0000000000e+00  0.0000000000e+00  0.0000000000e+00  
-4.9000000000e+00  0.0000000000e+00  0.0000000000e+00  0.0000000000e+00  0.0000000000e+00  0.0000000000e+00  0.0000000000e+00  0.0000000000e+00  0.0000000000e+00  0.0000000000e+00  0.0000000000e+00  0.0000000000e+00  0.0000000000e+00  0.0000000000e+00  0.0000000000e+00  0.0000000000e+00  0.0000000000e+00  0.0000000000e+00  0.0000000000e+00  0.0000000000e+00  0.0000000000e+00  0.0000000000e+00  0.0000000000e+00  0.0000000000e+00  0.0000000000e+00  
-4.8000000000e+00  0.0000000000e+00  0.0000000000e+00  0.0000000000e+00  0.0000000000e+00  0.0000000000e+00  0.0000000000e+00  0.0000000000e+00  0.0000000000e+00  0.0000000000e+00  0.0000000000e+00  0.0000000000e+00  0.0000000000e+00  0.0000000000e+00  0.0000000000e+00  0.0000000000e+00  0.0000000000e+00  0.0000000000e+00  0.0000000000e+00  0.0000000000e+00  0.0000000000e+00  0.0000000000e+00  0.0000000000e+00  0.0000000000e+00  0.0000000000e+00  
-4.7000000000e+00  0.0000000000e+00  0.0000000000e+00  0.0000000000e+00  0.0000000000e+00  0.0000000000e+00  0.0000000000e+00  0.0000000000e+00  0.0000000000e+00  0.0000000000e+00  0.0000000000e+00  0.0000000000e+00  0.0000000000e+00  0.0000000000e+00  0.0000000000e+00  0.0000000000e+00  0.0000000000e+00  0.0000000000e+00  0.0000000000e+00  0.0000000000e+00  0.0000000000e+00  0.0000000000e+00  0.0000000000e+00  0.0000000000e+00  0.0000000000e+00  
-4.6000000000e+00  0.0000000000e+00  0.0000000000e+00  0.0000000000e+00  0.0000000000e+00  0.0000000000e+00  0.0000000000e+00  0.0000000000e+00  0.0000000000e+00  0.0000000000e+00  0.0000000000e+00  0.0000000000e+00  0.0000000000e+00  0.0000000000e+00  0.0000000000e+00  0.0000000000e+00  0.0000000000e+00  0.0000000000e+00  0.0000000000e+00  0.0000000000e+00  0.0000000000e+00  0.0000000000e+00  0.0000000000e+00  0.0000000000e+00  0.0000000000e+00  
-4.5000000000e+00  0.0000000000e+00  0.0000000000e+00  0.0000000000e+00  0.0000000000e+00  0.0000000000e+00  0.0000000000e+00  0.0000000000e+00  0.0000000000e+00  0.0000000000e+00  0.0000000000e+00  0.0000000000e+00  0.0000000000e+00  0.0000000000e+00  0.0000000000e+00  0.0000000000e+00  0.0000000000e+00  0.0000000000e+00  0.0000000000e+00  0.0000000000e+00  0.0000000000e+00  0.0000000000e+00  0.0000000000e+00  0.0000000000e+00  0.0000000000e+00  
-4.4000000000e+00  0.0000000000e+00  0.0000000000e+00  0.0000000000e+00  0.0000000000e+00  0.0000000000e+00  0.0000000000e+00  0.0000000000e+00  0.0000000000e+00  0.0000000000e+00  0.0000000000e+00  0.0000000000e+00  0.0000000000e+00  0.0000000000e+00  0.0000000000e+00  0.0000000000e+00  0.0000000000e+00  0.0000000000e+00  0.0000000000e+00  0.0000000000e+00  0.0000000000e+00  0.0000000000e+00  0.0000000000e+00  0.0000000000e+00  0.0000000000e+00  
-4.2999727505e+00  0.0000000000e+00  0.0000000000e+00  0.0000000000e+00  0.0000000000e+00  0.0000000000e+00  0.0000000000e+00  0.0000000000e+00  0.0000000000e+00  0.0000000000e+00  0.0000000000e+00  0.0000000000e+00  0.0000000000e+00  0.0000000000e+00  0.0000000000e+00  0.0000000000e+00  0.0000000000e+00  0.0000000000e+00  0.0000000000e+00  0.0000000000e+00  0.0000000000e+00  0.0000000000e+00  0.0000000000e+00  0.0000000000e+00  0.0000000000e+00  
-4.1995980579e+00  0.0000000000e+00  0.0000000000e+00  0.0000000000e+00  0.0000000000e+00  0.0000000000e+00  0.0000000000e+00  0.0000000000e+00  0.0000000000e+00  0.0000000000e+00  0.0000000000e+00  0.0000000000e+00  0.0000000000e+00  0.0000000000e+00  0.0000000000e+00  0.0000000000e+00  0.0000000000e+00  0.0000000000e+00  0.0000000000e+00  0.0000000000e+00  0.0000000000e+00  0.0000000000e+00  0.0000000000e+00  0.0000000000e+00  0.0000000000e+00  
-4.0993211905e+00  0.0000000000e+00  0.0000000000e+00  0.0000000000e+00  0.0000000000e+00  0.0000000000e+00  0.0000000000e+00  0.0000000000e+00  0.0000000000e+00  0.0000000000e+00  0.0000000000e+00  0.0000000000e+00  0.0000000000e+00  0.0000000000e+00  0.0000000000e+00  0.0000000000e+00  0.0000000000e+00  0.0000000000e+00  0.0000000000e+00  0.0000000000e+00  0.0000000000e+00  0.0000000000e+00  0.0000000000e+00  0.0000000000e+00  0.0000000000e+00  
-3.9988499277e+00  -2.4337558702e-01  4.9309156836e-01  -2.5561457010e+00  2.5561457010e+00  -6.2854530127e-01  2.1001819919e+00  -1.7377455356e+00  1.7377455356e+00  -1.4853724578e+00  7.3204531621e+00  7.9046497839e-01  7.9046497839e-01  -1.9653384818e-01  4.7572565923e-01  -2.0827725631e+00  2.0827725631e+00  -9.0647966116e-02  1.0956109382e-01  8.8046648598e-01  8.8046648598e-01  4.7555826686e-02  6.0890470139e-02  1.4129261745e-01  1.4129261745e-01  
-3.8954252369e+00  -7.4899813838e-01  1.4798450952e+00  -1.3746028568e+00  1.9251449699e+00  1.3753654112e+01  7.9473489808e+02  -9.6099038800e-01  2.4730944345e-01  1.5481224746e+00  7.9015317576e+00  -7.3548036320e-01  4.3049375844e-01  -5.9321295865e-03  1.6274639965e-01  1.0155687914e+00  4.5219648357e-01  -4.2630006309e-01  9.2517007265e-01  -4.7143088149e-01  8.1316287649e-01  2.5346334881e+00  1.0961776384e+02  1.1501647231e+00  6.5616552693e+01  
-3.7901390777e+00  -1.1271423655e-01  2.2313920480e-01  0.0000000000e+00  0.0000000000e+00  -3.3332056135e-01  2.5061348655e+02  0.0000000000e+00  0.0000000000e+00  2.8147825472e-01  3.3928155976e-01  0.0000000000e+00  0.0000000000e+00  6.9555778086e-01  5.4890616527e+00  0.0000000000e+00  0.0000000000e+00  -2.0163065862e-01  7.2897427803e-01  0.0000000000e+00  0.0000000000e+00  1.8093704536e-01  1.7523949574e+00  0.0000000000e+00  0.0000000000e+00  
-3.6874533152e+00  3.0107210646e-01  9.1288618080e-01  2.9929969149e-01  1.4325150237e+00  8.1440706462e-01  6.1612834230e+00  -2.9631737874e+00  6.3080835996e+00  7.4270237240e-01  1.7550961720e+00  6.0598333930e-01  4.3512892419e-01  -2.3743116872e-01  1.1333020341e+00  -9.7395818268e-01  8.0603011850e-01  4.1461187899e-01  5.8892341912e-01  -6.0187504164e-01  2.3643782779e+00  3.6346997278e-01  7.5352182634e-01  4.6376414458e+00  4.2802392277e+01  
-3.5753670337e+00  -6.1990101861e-01  5.2395616629e-01  -6.9828634026e-01  4.8861138913e-01  6.1777140501e-01  1.6453709585e+00  4.1985995437e-01  7.5033895109e+00  1.0507254640e+00  2.8670673323e+00  -3.6793901359e-01  5.1516249916e-01  -7.2934858230e-01  1.5223490983e+00  1.1474531425e+00  1.2950207804e+00  4.3596055264e-01  1.0419626835e+00  4.8732800226e-01  2.4533579856e+00  -1.0410145448e+00  1.5112429945e+00  7.0347518070e-01  9.1243582496e-01  
-3.4608590472e+00  8.0765212990e-01  1.4963703645e+01  7.7249949639e-01  5.5719087479e-01  5.3449592857e+00  8.2070531624e+02  7.4533625247e+00  3.1296267743e+02  2.3371525941e-01  3.5414420063e+00  -9.9212556756e-01  6.9347903598e-01  4.5243155778e+00  3.6341056400e+01  -3.6535284205e-01  1.2231486892e+00  3.8818986922e-01  3.2865396831e+00  1.3240323223e+00  1.7527739019e+00  8.6102186387e-02  1.7370773650e+00  -7.9534086985e-01  9.9841242678e-01  
-3.3547333371e+00  -2.3555097280e+00  6.1512441542e+00  -1.5535926475e+00  2.4363215776e+00  1.4718323874e+00  5.3064674604e+01  -2.1740646700e+01  8.3056739962e+02  -1.8807685104e+01  1.2570392150e+03  -9.1045185254e+00  1.2524790970e+02  -7.6311195237e-01  7.1710201676e-01  4.9592428147e+00  1.2785663484e+01  -1.5154627911e-01  6.7660750331e-01  1.6667360180e+00  2.2188437703e+02  -1.3899745335e-01  2.5382163890e+00  7.4989999720e-01  8.6945751544e-01  
-3.2500526279e+00  -2.0925652845e+00  5.1981733372e+00  1.2849782114e+00  3.4755329421e+00  5.2386005907e-01  1.0523741995e+00  1.1993636151e+00  3.9562834611e+00  -3.5265283692e+00  5.8202752305e+00  4.6234783612e-04  2.0339763934e+00  -8.3738553992e-01  9.4025977582e+02  8.8774896412e-01  7.9841415257e-01  -1.2840046891e+01  9.7330259733e+01  1.9853022355e+00  1.2249857314e+01  1.2324374543e+00  9.4789502745e-01  -4.0788693141e+00  1.2922391175e+02  
-3.1468997515e+00  -8.5790807753e-01  1.0846249165e+00  6.4239227498e+00  2.9611623783e+01  2.8017128726e+02  2.5266683092e+04  -7.8362287995e-01  3.3099017095e+00  3.5310888565e+00  2.0555545319e+00  -3.4788066189e-01  4.0545226751e-01  6.2516497412e-01  1.9112835386e+00  -1.1756412323e+00  1.0436440735e+01  -1.8319796095e+00  2.1407627294e+00  2.8983088975e+00  4.5535958598e+00  5.6610681089e+00  1.1537082744e+01  -7.1040560337e-01  7.9824662196e+00  
-3.0485193917e+00  -2.0011713774e+00  4.2401539341e+00  7.3010466038e-01  6.1233473374e-01  -1.1250997730e+01  5.4188810920e+01  -1.0029874395e+00  1.9926244791e+00  -3.5723123936e+01  4.4811384654e+02  -1.2691312728e+00  1.9383248009e+00  4.1278916891e+00  6.8859533380e+00  3.0380236575e+00  5.1199540542e+01  -7.1573645874e-01  1.9450303430e+00  4.3002347237e-01  4.9613800289e-01  -8.3586728339e+00  2.2155254044e+02  -2.9754165266e-01  8.0219508968e-01  
-2.9477982733e+00  -2.7873088036e+00  2.9292864185e+00  -1.0724774329e+00  2.2474553364e+00  -1.0236901775e+02  3.2197602051e+03  -7.8928357272e-01  9.6844293911e+00  -5.7811370361e+01  3.3970070053e+03  -6.0010237622e-01  4.6516921820e-01  -2.4578630464e+00  1.8554623632e+00  5.6253143907e-01  2.0808736727e+00  -1.5501583547e+01  1.7343562409e+03  -5.6443128162e-01  5.8791493760e-01  -1.1481859685e+01  1.9689682975e+01  -1.7910492096e+00  1.9382637850e+00  
-2.8478800005e+00  -9.9056035328e+00  2.5327606505e+01  -2.5174561163e+00  1.3009061492e+01  -1.3359158698e+01  5.1799870986e+01  9.0578001301e+00  4.6060549602e+01  -5.1397471029e+00  3.8128319904e+00  -6.2151718844e+00  3.8133354002e+01  4.4945425355e+00  5.5981463485e+00  1.6047544121e+01  9.6788067556e+01  8.8246528335e+00  4.2634428701e+01  -2.8906183986e+00  2.7358582232e+01  -9.6349137557e+00  1.4538984969e+01  -1.8118179138e+00  2.0011371118e+00  
-2.7479723898e+00  -3.0247386044e+00  1.4457681697e+00  -3.3569365913e+00  4.2757555072e+00  -3.3205742843e+01  5.9895194051e+02  8.8268268410e-01  5.7016705648e-01  9.5917869219e+00  2.1064462059e+01  5.8749726488e+00  1.0115840674e+03  1.1891322261e+01  2.5870624406e+01  -2.0869202806e+00  5.2931382069e+00  -2.0603449779e+01  5.8720186267e+01  -2.5066647765e+00  5.4407212708e+00  -4.9158036517e+00  3.6063163590e+00  2.4321578063e+00  1.2833757259e+01  
-2.6488571476e+00  -2.5621558730e+00  7.7121063224e-01  4.7842298313e+00  1.2581586897e+01  -2.0655405653e+01  1.3878557387e+02  -2.0066491958e+00  2.0595096565e+01  -3.4438471460e+01  5.7054145276e+02  1.2048674112e+00  1.5591552007e+01  -6.8634001917e+00  5.6475499326e+00  1.9229464930e+00  4.8805206491e+00  -9.0891113539e+00  1.0852477143e+01  1.1543766819e+01  1.8960893296e+02  4.0050692676e+01  1.2022144068e+04  -1.8406004917e+01  3.4034891885e+02  
-2.5489557445e+00  -1.2090064189e+02  1.3975806722e+04  -3.3333143226e+00  3.1802089821e+00  6.0609839407e+00  1.3341639499e+03  1.3585970324e+00  8.3100110272e-01  -1.9602804680e+01  1.2609950277e+02  -2.5420585201e+00  3.3951736088e+00  6.0299518811e+00  1.0297480570e+01  3.3538669824e+00  6.0461872037e+00  -1.9290377983e+01  1.6680520474e+02  -2.9006292311e-01  1.6699138821e+02  -3.8340126429e+00  2.3786257199e+00  9.6561557141e-01  9.0224828841e+02  
-2.4489859021e+00  -3.2579660752e+00  9.2653829116e-01  3.7256084262e+00  5.2294736711e+00  -5.0988772066e+00  3.0976465470e+00  6.0170352126e-01  1.1783868977e+00  8.2755785228e+00  1.2759853736e+01  1.2068152724e+00  2.7149071181e+01  -1.2175948974e+01  1.8069233947e+01  5.2151548961e-01  1.6013243540e+01  4.4755377355e+01  2.0871037943e+04  7.4187679876e+01  3.2387930762e+03  -9.5021466202e+00  1.6985932038e+01  -1.2420149933e+00  5.0905984272e-01  
-2.3488063751e+00  -4.8560286788e+00  2.6949367994e+00  4.2350463409e+02  3.6709156630e+04  3.7259843072e+00  3.4921829689e+00  1.1534203392e+00  1.6297744217e+02  7.9010107732e+00  6.3420579357e+02  4.8164148487e-02  3.7609430018e-01  4.8786205308e+00  8.2645080665e+00  -8.4416420279e-01  1.7708323420e+00  -2.4744438255e+00  1.4850303085e+00  4.6107009909e-01  7.2642191118e-01  3.3867810399e+00  2.2357516750e+00  1.0134734250e+00  2.3555381731e+00  
-2.2491473356e+00  -3.3624852908e+00  1.3337669157e+00  -1.2314209871e+01  2.8499723942e+02  5.8654184673e-01  5.8346630348e+00  -4.1774809130e-01  1.8289287795e+00  1.6048062365e+01  2.8723028310e+02  8.9496887184e-01  7.5671369431e-01  -6.1759138599e+00  1.5722067037e+01  4.8681466313e-01  4.0525229532e-01  1.7816354539e+00  6.2011312232e+00  1.6526276488e+00  7.8799907112e+00  2.0147632852e+00  6.5189943344e+00  1.1637386411e+00  1.6244331952e+00  
-2.1494900436e+00  -2.5105063992e+00  8.1269363455e-01  -3.6362575101e+00  5.3406572777e+00  1.0237269234e+01  1.5831003832e+03  1.4006051410e+00  2.6024412983e+00  -1.6042466199e+00  1.7658852396e+00  4.0272749942e+00  7.3738391671e+00  1.7058388121e+00  3.4385271217e+00  8.9536937188e-01  1.4764015619e+00  2.2860515302e-01  6.3287601764e-01  -3.1961649953e+00  4.3152796718e+01  -7.3264940065e-01  8.1158513770e-01  1.0130092623e-01  4.9446323333e-01  
-2.0497569870e+00  -1.4603119820e+00  3.3382949556e-01  1.3764242587e+01  2.1107648070e+02  1.9475943512e+00  4.8914195016e+00  -6.1584714244e-01  1.6324162684e+00  -4.5869038097e-01  3.2214899481e+00  -6.6342482777e-02  5.9366430483e-01  3.0291584274e+00  3.3990801908e+00  -1.2307894050e+00  2.0035569572e+00  1.5184343110e+00  5.8574547934e+00  -1.0262586703e+00  2.0582175163e+02  -8.2305357643e-01  2.5746655000e+00  -5.0865983038e-01  7.9999979403e-01  
-1.9498849385e+00  -1.7466861935e+00  4.3010628745e-01  1.9614595915e+00  2.1256632610e+00  3.3488481458e+00  5.0993898407e+00  2.2747811437e-01  1.2559650095e+00  -5.8239191671e-01  2.0852542347e+00  7.1560881190e-01  9.7339719042e+00  -3.7402014339e+00  1.0786356002e+01  1.7628102089e+00  4.1809063130e+00  -2.6133491393e-01  5.1353377180e-01  -2.5774935748e+00  1.1516655941e+01  -9.3560885838e-02  8.8090650051e-01  -1.8229164921e+00  1.9325213529e+00  
-1.8497952125e+00  -2.3724829028e+00  8.2452278936e-01  -1.5781681596e+01  3.8124734593e+02  -2.3976051226e+00  7.0102981684e+00  -1.2558227487e+01  2.1942186175e+02  -2.3217149937e-01  4.5656484725e-01  -7.0752410307e-01  1.7449977779e+00  -6.0596839037e-01  1.0948817790e+00  1.3616095769e+00  2.2380456946e+01  -2.4164088760e-01  1.1853381556e+00  3.9781926009e-01  6.8070614192e-01  -7.0669724845e-01  2.7236579207e+01  1.0841972287e+01  1.5277524907e+02  
-1.7500056802e+00  -2.3472278037e+00  8.0924717320e-01  1.9348076220e+00  1.5939491245e+00  1.6840933326e+00  8.7804048779e+00  4.2856944455e-01  1.5649966263e+01  7.6908993709e-02  5.0914674724e-01  -3.4478252166e-01  1.4479142336e+00  6.6894486635e-01  7.7294384493e-01  1.5139921082e+00  5.5494994613e+00  1.2842789034e+00  2.6850011391e+00  4.3966910971e-01  6.2190628401e-01  6.0123217027e-01  1.2032930410e+00  5.1865974498e-01  1.8045321746e+00  
-1.6498642383e+00  -2.5298353871e+00  9.9414543254e-01  4.7785834529e-01  5.8498094735e-01  -8.4210207718e-01  2.9868404926e+00  -3.1965391678e+00  4.6180711282e+02  5.7258735757e-01  1.2736601247e+00  -3.2275750547e+00  8.5505212235e+00  -6.3908836908e+00  1.8145740180e+03  1.7666005280e-01  1.3186105192e+00  1.6941968793e+00  1.7200387779e+00  -1.4003994730e+00  1.2798663501e+01  -4.9161807770e-01  2.1794060361e+00  -3.6793352595e-01  6.0111026556e-01  
-1.5500686317e+00  -2.2605407135e+00  8.2789438713e-01  1.4525856412e+00  1.1932546095e+00  -3.8606317588e-01  8.2952479701e-01  -8.1519854739e-01  8.1476274185e-01  1.8779332343e-01  3.3021354229e-01  -2.0512502181e+00  2.9747097831e+00  -3.9957253934e+00  3.0562668479e+01  -1.1335107689e+00  2.3323569815e+00  -2.7017939204e-01  9.1751154749e-01  -3.4637266460e-02  4.9835781862e-01  7.1592288926e+00  8.3606189669e+01  4.0041175148e-01  2.5809591901e+02  
-1.4498536992e+00  -1.7528694649e+00  6.3594512853e-01  -1.8564200454e-02  1.0481100042e+00  2.6909313598e+00  8.1616981019e+01  -5.5248407892e-01  3.9097070228e+00  8.2185735953e-02  5.7989812279e-01  1.7202822407e+00  1.9203572370e+00  -1.0463942880e+00  2.8524237619e+00  9.7016871168e-01  2.0613165544e+00  -1.6965811952e+00  3.1147625404e+00  4.5182045659e-01  6.9987396676e-01  1.9378635561e-02  1.4623762949e+00  1.0565885559e-01  8.3318862013e-01  
-1.3497707945e+00  -2.2175226301e+00  7.2438459028e-01  6.6459584931e-01  1.4132419921e+00  2.9209079104e-01  3.5563681849e+00  9.7770134464e-01  4.2132980338e+00  -3.2055994536e+00  6.7122703434e+01  1.0311415291e-01  6.1867422910e-01  -5.2096266472e-01  6.0607638747e-01  -1.9680335090e-01  2.7801839352e+00  6.6798096233e-01  5.8926073876e+01  -2.6746220238e+00  3.7229323063e+01  8.4949297252e-02  2.6189985274e+00  3.2935043727e+00  4.4284272292e+01  
-1.2500950991e+00  -1.7192704726e+00  5.6436613945e-01  7.5619414116e-01  8.8806227778e-01  1.8820135550e-01  9.5349824658e-01  3.5217830829e-01  1.2394862204e+00  3.2742312147e+00  6.7382016183e+00  -4.6394375284e-01  4.5932933177e+00  -9.7987241053e-01  4.3609056663e+00  2.3880383584e+00  3.6766722058e+00  -1.5391921482e+00  2.2008625128e+00  1.1259677949e+00  4.8906800608e+00  -4.6185400351e-01  8.3171726645e-01  9.9633370680e+00  5.4192167317e+02  
-1.1501380599e+00  -1.1561687485e+00  4.8749284160e-01  2.3410625805e+00  2.2930120999e+00  3.5311946914e-01  6.1414336332e-01  9.4285809769e-01  3.5968701966e+00  -1.6374702677e+02  1.4773339311e+04  -2.8653688757e+00  1.5513539284e+01  1.0243458114e+01  9.8373103351e+01  -4.6982238350e-01  1.6681736279e+00  1.5391102246e+00  2.2675861941e+00  -5.6861641113e-01  3.5014943942e+00  3.3206005483e+01  2.8249329785e+03  -4.1413347792e+00  3.0483729312e+01  
-1.0498679587e+00  -1.6864619095e+00  6.3302903905e-01  8.6510510911e-01  8.6187644478e-01  5.3481980115e-01  7.3389787987e+01  3.9237633472e-01  8.0805920026e+00  -3.0400125029e-01  4.0950711619e-01  -2.7446386608e+00  6.3291681870e+00  -2.4322491191e+00  3.6751699655e+01  1.1786990695e+00  4.2603323677e+00  -1.2355938799e+00  7.2381330562e+01  -8.7145370191e-02  1.0777710170e+00  5.2605568944e-02  1.0203537142e+00  1.9966671512e+00  1.6049466638e+02  
-9.5015565395e-01  -1.5651785289e+00  7.7214440296e-01  4.2903872152e-01  7.1612067573e-01  -1.0603144086e+00  1.8173371022e+01  1.4484203427e+00  1.1627252085e+00  -4.7971500927e+00  4.1337399349e+02  -6.3187094088e-01  7.3700364985e-01  3.6260389875e+00  3.2606205242e+01  3.5272652294e-01  4.0561507022e+00  -1.3670086121e-01  8.6535298079e-01  -6.1619821492e-02  3.7659750424e+00  -1.2526333605e+00  1.0115440747e+00  -2.8518030107e-01  1.4197028683e+00  
-8.5019166424e-01  -1.0541491351e+00  4.3052248931e-01  1.0311248014e+00  7.6178998825e-01  -1.8107274118e+00  2.9442540381e+01  -5.1839021203e-01  1.9344698747e+01  -2.8986113758e-01  9.0874454816e-01  -1.4516108425e+00  9.2174211736e+00  -2.3243110541e+00  3.8531800149e+02  -4.8738080770e-01  2.8783999526e+00  -3.8770523961e+01  3.0711018202e+03  1.5789721771e+00  4.6192968850e+01  -4.3577109328e+01  2.6850980422e+03  -6.9166611861e+00  4.5581265132e+02  
-7.5027655606e-01  -4.7252280103e-01  2.6231682474e-01  -3.9173249096e-01  7.4229194340e-01  2.1053685399e+00  2.4666540800e+00  1.8969141892e-01  9.5511188066e-01  -1.4597670663e+00  1.7825744630e+00  6.0261644088e-01  2.4500764215e+00  -3.3561276315e-01  8.5147107224e-01  3.5415097441e+00  1.0370208958e+01  2.9396400062e-02  1.0952332994e+00  -5.3376546169e-01  8.0563027621e-01  4.8400872316e+00  3.1330869563e+02  1.5624851488e-01  7.9295288986e-01  
-6.5014639859e-01  -6.9759720864e-01  4.6838683994e-01  -4.5833307248e-01  5.4634441280e-01  -6.6989840777e+00  2.7916278870e+02  -1.6623923523e+01  2.3624456260e+03  1.3009251129e+00  1.1723549222e+00  -4.7727574807e+00  1.7979910034e+01  -1.0804195047e+00  7.9090068859e-01  -4.9357071366e-02  7.6417945949e-01  -2.5935571683e+00  1.1660708508e+02  9.6819172906e-01  1.6517827313e+00  1.1873163285e+00  3.0481164893e+00  -2.0681591436e-01  5.1135891428e-01  
-5.5008656418e-01  -7.4169295388e-01  3.7016035573e-01  -8.5468958811e-01  1.5269977892e+00  -2.2813189077e+00  5.2352334757e+00  2.4389761197e-01  3.1707227583e+00  9.1800629377e+00  3.7555470941e+02  -3.6649324585e+00  1.4027756776e+01  3.3621365598e-01  4.3002064226e-01  -8.9872491680e-02  1.2623863086e+00  4.6121305193e+00  2.1656288809e+01  -6.4216580559e-01  1.2763703670e+01  -1.4891000854e-01  3.9146676608e-01  1.2546396174e+00  1.0912250016e+00  
-4.5031507997e-01  -2.5893006099e-02  3.7992908092e-01  -8.2898488702e+01  7.0592690676e+03  -1.7962690317e-01  2.2366083547e+00  2.1917708470e-01  1.8577191442e+00  -2.2236840364e-01  5.2448735048e-01  -5.4039413865e-01  8.6123630555e-01  9.6838727017e+00  1.0699890499e+03  -1.6814580815e+00  4.4093248339e+02  -1.1591939884e+00  1.6874616307e+00  2.0672796816e+00  9.9780180466e+00  -1.6046722228e+00  2.4632499439e+01  -1.6130722943e+01  1.6146346377e+03  
-3.5030786433e-01  -4.8822033867e-01  5.8576054214e-01  4.9661923431e-01  9.5693020259e-01  -4.3065132543e-01  1.7490121604e+00  2.4683107907e-02  1.2000541676e+00  8.4415766444e-01  8.3941408053e-01  -1.7332829216e+00  1.7053680750e+00  3.7112272303e+00  8.1122741561e+02  4.2012681321e+00  8.0940658379e+01  -3.5087794146e+00  1.5691187451e+01  9.0211565950e-01  1.0805971737e+00  1.5131502701e+01  4.7299355766e+02  4.7917450950e+00  8.5792577405e+00  
-2.5028286278e-01  -1.7135787816e-01  3.1671426085e-01  -3.3902981669e-01  6.8118890185e-01  2.7419294670e+00  2.8462326617e+01  -2.4769913026e+00  2.0596932200e+01  -1.1497465445e+00  6.3835381546e+00  3.1017551555e-01  4.9743670024e-01  -1.8899215247e+01  2.8968084802e+02  9.3623044980e-01  4.6117855279e+00  3.2914303162e+00  1.8741544708e+01  -1.6028151395e+00  2.9369161481e+00  -9.7538189953e+01  6.9358314497e+03  2.0538452442e-01  6.7021688826e-01  
-1.5060470823e-01  1.2831333721e-01  6.3699379425e-01  1.3343794131e+00  4.4312572483e-01  3.8105093131e+00  1.5528387775e+02  7.1479347572e-01  5.2587474401e-01  -1.4117330155e+00  1.5240958841e+00  -8.8305672269e+00  5.3134849868e+01  -1.1571880451e-01  6.6305663701e-01  2.3792796487e-01  8.9304310862e-01  -7.0085600877e-01  9.9284794921e-01  -5.6045601042e+00  1.7505180993e+02  -8.1512463614e-01  1.2081813254e+00  -1.6466844745e+00  1.6179663384e+00  
-5.0015525684e-02  1.9734566775e-01  3.0448876067e-01  8.9296519890e-01  6.1560081191e-01  2.5740415118e-01  1.5960389917e+00  1.5300009539e+00  2.7045097688e+00  4.2666653025e+00  6.7879251794e+01  -1.0044657127e-01  3.2565503401e-01  -1.3802071903e+00  4.1382692958e+00  -3.9090711882e+00  1.9645247334e+01  2.0969333638e+00  3.8898850150e+00  -2.8485226411e+00  1.0652765527e+02  4.2845127913e+00  2.9263315847e+01  -7.6385772841e-01  1.0355797598e+00  
4.9883191338e-02  1.0000000000e+00  1.3726408661e-12  1.0000000006e+00  3.3983885259e-10  1.0000000000e+00  5.7423089814e-12  1.0000000010e+00  1.6624915118e-09  1.0000000000e+00  3.3738069672e-11  1.0000000028e+00  4.8161647223e-09  9.9999999960e-01  2.4477060424e-08  1.0000000048e+00  4.1583266370e-08  1.0000000000e+00  2.0428423595e-09  1.0000000045e+00  6.3869091680e-09  1.0000000000e+00  1.0378298170e-11  1.0000000044e+00  5.0306301039e-09  
1.4960649363e-01  5.2216565736e+00  9.0494547107e+00  1.1261420657e+00  8.0226821228e-01  4.0429831354e+00  4.2943490126e+01  6.7017000581e-01  8.7259790859e-01  1.8826525184e-01  1.3845429634e+00  -9.9171370626e+00  9.8658621634e+01  -7.9773686350e-01  2.4348813159e+00  -2.9113298501e-01  1.3476853417e+00  4.9396236547e-01  8.4671816675e-01  -2.2136496167e-01  1.8150803456e+00  2.6995802670e-01  7.0291976028e-01  -1.3349626743e+00  1.8727594942e+00  
2.4964402676e-01  -2.2277167124e+02  2.0309853390e+04  7.5039139343e-01  2.5491630958e-01  1.9944426740e-01  8.7951976493e-01  1.4082903450e+00  1.1141075383e+00  -7.1627227116e-01  6.5470765498e-01  -1.2125666665e-01  5.3573011878e-01  -4.2273841929e+00  5.3046779673e+02  4.3798808974e+00  4.9080202014e+01  -1.4638981605e+00  2.3639151921e+00  -2.2505301103e-01  6.3989030726e+00  -1.2573314793e+00  1.8446082890e+00  -6.1331625833e-01  5.4510734375e-01  
3.4980238400e-01  -6.0857011262e+00  1.2472557344e+01  -3.0756868066e+00  6.2217361036e+00  3.4626051144e-01  1.5630506533e+00  -4.5773838506e-01  1.1173967308e+00  -9.8698644045e-01  5.0275786620e+00  5.3162540712e+00  1.7809629815e+02  -6.7190131049e-02  3.3440997259e-01  1.1689182541e+00  3.4413820090e+00  3.5304848987e-01  1.0797799033e+00  -6.4270308157e-01  9.7356571008e-01  -1.4286244179e-02  3.4815855703e-01  4.8472209838e+00  4.7516757941e+01  
4.4975688548e-01  -2.0856603512e+00  2.7541386092e+00  3.4902970484e+00  1.2483387257e+02  -4.5560112121e+00  1.4013978600e+02  -1.8758012801e+01  4.4349683049e+03  1.1988382004e+00  1.2560553486e+00  -5.8357205142e-01  6.0851436442e-01  2.3583782467e-02  1.1385957799e+00  3.7977637155e-01  2.0404541042e+00  -3.2256979973e-01  1.0682442080e+00  1.1227261530e+00  1.0780938366e+00  1.4086222780e-01  1.2387262246e+00  2.2013966807e-01  7.8930029514e-01  
5.5012817014e-01  -3.8242403816e+01  1.0533133779e+03  -2.9312698086e-01  1.0889468055e+01  -3.9359511052e+00  1.8693381165e+02  5.0006594342e+00  5.3804174122e+01  -5.1028950936e+00  3.0189321684e+01  -1.9856777729e+00  9.8918113240e+00  4.7626114590e-02  6.0765320601e-01  -5.3343226547e-01  1.7219098112e+01  -8.8358055120e-01  1.2958279603e+00  4.4898914082e-01  4.9020756226e+00  -6.9991255237e-01  1.0412002662e+01  1.1381231279e-01  3.3717688867e+00  
6.4972753521e-01  -1.3521141727e+00  6.6682034961e-01  -1.2079545352e+00  2.1944860146e+00  -4.6147894325e-01  9.2899419317e-01  3.8831030220e+01  2.8044972266e+03  7.8413498009e-02  5.7741141333e-01  -3.0000988271e-01  8.3800763831e-01  3.0344302704e+00  4.2117154646e+00  -8.2065504734e+00  5.6132858977e+02  2.3587840563e-01  4.6410938505e-01  -1.2786450505e+00  4.2377965516e+00  -5.5762814200e+00  1.4252698012e+02  8.0335894862e-01  6.4239647431e-01  
7.5001541917e-01  -1.4410262588e+00  9.7134644507e-01  -2.2153922745e+00  2.5444681337e+00  -3.7007367197e-01  1.1305218543e+00  7.1877926591e-03  6.1731544727e-01  7.7566170687e-01  6.7348459491e-01  -2.0639793830e-01  1.7655865241e+00  -9.3200094189e-01  7.6597337266e-01  -9.0405982407e+00  4.3989722922e+02  -9.4211078850e-01  4.5508436249e+00  1.0517037850e+00  1.1193619077e+00  8.9667846096e-01  2.1041780799e+00  -5.8090178318e+00  3.3493732376e+02  
8.4977031086e-01  -2.1239806678e+00  1.1996815643e+00  -2.6806046303e+00  8.3035129694e+00  4.8293368234e-01  6.0333515795e-01  5.9940488543e+00  6.2495219553e+01  -6.9511261025e-01  7.2939501204e-01  2.3172620685e+00  4.1367878885e+01  -3.6035916876e+00  3.2633182156e+01  2.9623077755e-01  5.4971535815e-01  1.8352625465e+01  1.0508401297e+03  -1.9834575970e+00  7.8820358567e+00  2.1626555638e-01  1.0353867677e+00  7.0883807739e+00  9.9797555171e+01  
9.4960107525e-01  -9.5046557045e-01  3.8671772290e-01  9.7555343945e-01  6.7986715172e-01  -5.8149345732e-01  2.1573175462e+00  2.5756683034e+00  3.7779382926e+02  -4.4697001791e+00  8.2253911068e+01  -6.0658115297e-01  2.9116843035e+01  7.4522915953e-01  1.9121832200e+01  -3.4868402317e+00  1.0953801943e+02  -4.5512227837e-01  2.8857045168e+00  1.1046276968e+00  3.3611643995e+01  -3.7113510574e-02  5.6180354462e-01  -6.3155873848e-01  1.2801966311e+00  
1.0497447675e+00  -6.4076832081e-01  3.2723423178e-01  2.4037710203e+00  4.0887497006e+00  -8.9744072503e-01  2.8746596608e+01  6.9604674679e-01  6.1946194373e-01  -1.6418395364e-01  1.1678901708e+00  -1.6017985421e+00  1.5198135640e+00  3.2254820483e-01  1.4323317569e+00  3.0367269035e+00  1.1144515656e+02  -1.3236081371e+01  7.5838432664e+02  1.4601378062e+03  1.2733603089e+05  -8.0399264438e-01  6.1626169908e-01  -1.8890094107e+00  1.1388618720e+02  
1.1500505097e+00  -5.9392853360e-01  2.2317323944e-01  1.1701660461e+00  1.2751535578e+00  -2.7501934536e+00  1.6886535498e+02  4.9458191288e+00  8.6278338572e+01  -3.3741212165e+00  5.6289069404e+00  -3.7455972080e-01  4.3343063665e-01  -5.2478066054e-01  1.1970669410e+00  8.4479691252e-01  2.4568619047e+00  -9.8994639809e-01  9.7166574976e+01  -8.8659420811e+00  2.7452119795e+02  6.5359486141e+01  4.3256757121e+03  7.8050143375e+00  9.2571652195e+02  
1.2495992339e+00  -8.6672879996e-01  3.7008043137e-01  4.3144256985e-01  3.8932608326e-01  2.9483386074e+00  6.1998764445e+00  1.1056476863e+00  4.1118996741e+00  7.8895900547e-02  7.3320851044e-01  -3.9081554210e-01  8.1784464011e-01  1.1987067122e-01  4.2463635288e-01  -2.5009088447e+00  1.5184872781e+01  6.6321629872e-01  8.4855571330e-01  -1.7038935980e+00  2.4273392916e+01  -1.1219198551e-01  1.1298406415e+00  -2.5425146899e-01  7.6126482130e-01  
1.3498326951e+00  -5.8237107551e-01  1.9124644589e-01  1.3401180758e+00  1.4018632578e+00  4.7298710530e+00  7.9537212625e+01  3.2672624746e+00  5.1456160821e+01  3.1679212933e-01  5.0561038842e-01  -2.6863082484e+00  2.4237207265e+01  -1.3748507757e+00  1.1721071129e+01  4.2866388187e-01  5.8439218037e-01  -6.6684477352e-01  1.0949353642e+00  9.0234056476e-01  4.9493111471e+00  -2.2507479430e+00  4.4339973184e+00  4.7693223656e-01  1.0788903267e+01  
1.4497649845e+00  -4.5150294950e-01  1.4498793403e-01  1.5429058777e+00  1.8750859538e+00  5.8188494182e-02  1.2888845422e+02  1.1018586268e+00  2.3429236493e+00  -2.7614799500e-01  9.6550561238e-01  1.1316323995e+01  1.0486140989e+02  -1.9508583088e+00  2.3618232491e+00  -3.7604422555e+00  5.1661160035e+01  5.3353029560e+00  3.1125083670e+02  -4.6619744096e-01  1.2136091930e+00  -3.2489408877e+00  1.3244899549e+03  3.2988943018e-01  2.6887095978e+00  
1.5495583269e+00  -5.7135818373e-01  2.0563707753e-01  -2.2108521578e+01  7.2342390582e+02  5.9971800181e-01  2.4081016982e+00  -1.6210424713e+00  2.9631108776e+01  1.7933263851e+01  4.5019939464e+02  5.8864852887e-01  5.9374910378e-01  -1.0332406687e+00  2.9525456615e+00  1.0881293848e+00  2.8186312756e+00  -6.0862173015e-01  9.6445313989e-01  2.2862561391e+00  5.0992951719e+00  -5.9551358046e+01  7.3718171631e+03  2.1134831770e+00  7.5423317286e+02  
1.6494175831e+00  -4.4304327151e-01  1.5798276356e-01  6.9421003891e-01  6.4035769205e-01  -2.7986458773e+00  9.3860660069e+00  -1.2389372927e+00  1.0962622560e+00  5.5201172486e+00  1.0451498547e+01  -5.0813238767e-01  1.6032397263e+00  -2.8877225478e-01  6.3749292955e-01  -9.1628297199e-01  1.6116397378e+00  -4.7630307287e+00  4.8205282846e+01  -2.5062201722e+01  5.0890068986e+02  1.3633201485e-01  8.3678405973e-01  2.9506119059e-01  1.0574139392e+00  
1.7494453379e+00  -3.9599910812e-01  1.5725287637e-01  2.1384990287e+00  3.6327998625e+00  -9.9797906072e-01  2.6118847794e+01  -8.1631203698e-02  1.2200122280e+00  1.8410000219e+00  4.0337529869e+00  -3.2484155988e-01  5.8107877104e-01  -5.2731274266e-02  4.4150730515e-01  4.8301799336e+00  5.2827892047e+01  5.9669680130e-01  5.6385251225e-01  -6.5571397652e-01  1.2968743189e+00  -2.0339508512e+00  9.0355423098e+00  -3.0541370807e+00  2.6989739534e+01  
1.8492647211e+00  -4.2662546467e-01  1.4769654214e-01  5.2002611957e-01  3.4267779154e-01  6.0964291723e-01  1.7878139441e+00  -3.1115157003e+00  7.1256276584e+02  2.3893440697e+01  8.2332342542e+02  -3.4870683301e+00  4.3939484715e+01  1.5180198088e+00  1.7772237944e+00  6.8968503076e-01  8.6085581222e-01  8.1337300121e-01  1.5480699362e+00  2.3688123478e+00  6.6363870694e+00  2.0454464495e+00  3.0484514141e+01  2.0155324954e+00  9.5212674662e+00  
1.9493301961e+00  -4.2206484849e-01  1.4051048235e-01  -9.7420911485e-02  3.8883139320e-01  -4.1903966679e-01  1.2671763793e+00  -7.9441580577e-02  8.4147692002e-01  -5.3498040846e+00  8.2233681909e+01  -1.4738659410e+00  2.4862129364e+00  -1.7182780398e+00  3.4999200004e+00  6.9409467714e+00  5.1072394640e+02  -5.9075615259e+00  8.6678034868e+01  3.0697107313e+00  4.4625801686e+01  -6.7982095103e-01  8.2520098368e+01  1.1948897224e-01  4.7328474299e-01  
2.0490121472e+00  -5.7291754224e-01  1.4150479198e-01  5.1643906116e-01  5.4683909963e-01  3.0795130713e-01  5.8901284660e-01  4.6794541410e+00  3.3854315291e+01  -1.8757024005e+00  1.0552469246e+01  1.4092243582e+00  1.3977275088e+01  -2.9076954508e-01  7.8000051206e-01  5.8985485083e-01  9.7225807847e-01  -5.4038632976e+00  1.2719802102e+02  -4.1813464598e-01  8.7265575832e-01  -1.2904152433e+01  4.1935243740e+02  -5.5674266955e-01  7.0340476796e-01  
2.1491666224e+00  -6.8519085013e-01  1.5283596982e-01  1.0092585574e-01  3.0923097606e-01  5.4309865937e-01  1.2021110518e+00  -1.6867047032e+00  2.6152544695e+00  -9.2849344290e-02  1.7665424756e+02  -6.3873649691e+00  7.0126861223e+02  3.3460329615e-01  3.5126676099e-01  -8.2921748360e-01  1.0364705568e+00  7.3091702351e-01  2.4123980043e+00  6.5495312758e-01  8.2766158409e+00  -1.5293792115e+00  1.6151379563e+01  -2.0214109611e+00  3.3489996979e+00  
2.2489669487e+00  -3.9880066456e-01  1.2633150098e-01  -2.8108796801e-01  3.7848532213e-01  1.2733957818e-01  1.4158452707e+00  6.8690280715e-01  2.8663875974e+00  -6.3187089092e-01  6.8220987176e-01  2.5672644980e-01  4.3219977012e-01  6.0632724413e-01  9.4765476009e-01  1.1407720536e+00  1.3730384328e+00  5.3507949849e+00  4.7949680548e+01  -3.7606149043e-01  6.4901384964e-01  -1.3855733072e+00  1.6793630320e+00  1.1274265045e+01  1.2205698546e+02  
2.3488647795e+00  -2.9794344411e-01  1.1822984906e-01  -1.1714308907e-01  4.3706673825e-01  1.3999202788e-01  1.0423154779e+02  -2.6868177115e+00  1.0894355114e+01  5.9813097281e-02  5.2188361840e-01  1.1268881643e+00  1.0375724240e+00  -1.7201781192e-01  3.7151265743e-01  2.0698737993e+00  1.6900023141e+00  6.7150206293e-01  4.2100220338e+00  6.6990465989e-01  1.6246704583e+00  5.3688565685e-01  1.2760395885e+00  8.7725350281e-01  1.2313237088e+00  
2.4482327303e+00  -2.0664757052e-01  1.1188434196e-01  -1.4058090892e-01  2.6265487799e-01  2.7132163658e-01  2.7510961513e-01  8.1806970463e-01  2.9395596440e+00  8.5033214726e-02  3.8201433991e-01  8.8869764256e+00  7.0550430103e+02  2.1128507558e-01  3.3350754898e-01  -1.2346028852e+00  2.2758292213e+00  -4.0585644696e-01  2.4852683874e-01  2.2894643930e+00  8.4626260122e+00  2.9679677729e-01  2.0148040197e-01  9.0661195379e-01  9.4054034063e+00  
2.5480757166e+00  -3.0723470345e-01  8.9249320715e-02  2.7139843846e-01  1.9360393390e-01  -1.9694513461e-01  1.1745644960e-01  1.7233522018e+00  3.6148204651e+00  1.2299556158e-01  1.3114633818e-01  1.4833091660e+00  5.5884188087e+01  -8.3905830039e-02  1.0705567306e-01  2.3465992132e+00  9.0889444857e+01  -4.8080843027e-03  1.0828216635e-01  2.4965139662e-02  6.4618712605e-01  -1.0763665429e-01  1.3045678646e-01  -8.0674471307e-01  3.3806961516e-01  
2.6473613798e+00  -1.1442637371e-03  1.1097319773e-01  -3.0311370223e-01  2.9211439118e-01  4.1781880291e-02  1.7767327396e-01  7.3948224483e-01  4.8842041522e-01  -5.7946798785e-02  1.2800440255e-01  -3.9756360132e-01  2.9115977646e-01  1.6969721430e-01  2.1908327530e-01  2.8615435032e-01  9.0296093454e-01  -5.3126915434e-02  1.5539886790e-01  6.0299482847e-01  8.1784603233e-01  -2.6203921385e-01  1.7173780911e-01  -2.9671101975e-02  1.3652195147e+00  
2.7473231210e+00  -3.9070692630e-01  1.1744175089e-01  2.1491724422e-01  2.2859634253e-01  -6.0023984281e-02  2.1865970200e-01  -5.7586062693e-01  1.0275084811e+00  -3.3403994869e-02  1.3760485927e-01  7.5285908299e-01  3.2507390561e+00  -1.4681023348e-01  1.1814166248e-01  5.3294993785e-01  4.9095962685e-01  -1.1149709206e-01  1.1035462441e-01  8.0263830628e-02  6.0151983556e-01  -2.8436237714e-03  1.2158385180e-01  -7.1850639976e-02  3.1927700621e-01  
2.8466338124e+00  -3.3144649180e-01  1.5153743874e-01  -3.0230272777e-01  3.1431122616e-01  -2.5144907048e-02  1.4721271767e-01  1.1391160317e+00  8.4415955181e-01  1.0847539948e-01  1.7765161124e-01  -8.1252643093e-02  4.5411624626e+00  8.6990021025e-02  1.2951303200e-01  -4.9425170394e-01  6.2180636210e-01  -5.2155381824e-02  1.1859302976e-01  -4.1244271064e-01  6.0422601961e-01  -2.0458656646e-01  1.3790045209e-01  4.4296597662e-01  6.6812128617e-01  
2.9448914289e+00  -1.0544838308e-01  1.7552050412e-01  -4.5028077199e-01  3.0002165791e+00  -8.1088510876e-02  1.6786710366e-01  1.1785953745e-01  4.1152397011e-01  -1.9563841156e-01  1.2804072635e-01  -1.7819677681e-01  4.9362814661e-01  2.2576395531e-01  2.3437228493e-01  6.9968528767e-02  3.3152659297e-01  1.2517920486e-01  2.7775160746e-01  -4.3595177079e-01  1.3352958396e+00  -1.0609088813e-01  1.4848778391e-01  -5.5824777615e-01  5.1411162943e-01  
3.0431218394e+00  -3.6337391914e-01  3.8522655971e-01  -9.5799804871e-01  1.2671685848e+00  -5.6756306222e-03  2.1046486262e-01  -1.6878242764e+00  7.6923295427e+00  -2.9687361919e-02  1.9857243708e-01  -1.6842898760e+00  2.1792369710e+00  -4.0942198662e-01  2.9504181656e-01  1.7576990855e+00  1.4567662201e+01  -4.7482775017e-02  3.4935993474e-01  -1.7908057837e+00  1.7160580448e+00  -8.9764986826e-02  1.4473646468e-01  -5.6356176690e-01  4.3941238929e-01  
3.1412273183e+00  -5.1338253747e-01  6.5376784268e-01  1.3832913632e+00  1.4429497094e+00  -1.0010750273e-01  2.7467824252e-01  -1.0387103645e+00  2.2192372613e+00  -3.7159926550e-02  2.4604575898e-01  -8.0868142269e-01  1.3631113263e+00  2.4824481223e-01  3.2768256053e-01  3.7829314208e-01  2.4685240340e+00  -1.5644976342e+00  7.2814980987e+00  2.3555598934e+00  2.3659435532e+00  -5.6823651035e-01  3.0971746007e+01  -3.2276434222e+00  5.9601266830e+00  
3.2384398330e+00  -1.1881645413e+00  1.6110760579e+00  1.6663516810e-01  1.6191381849e+00  -2.3694549387e-02  4.9275261442e-01  -1.8582357789e+00  3.6140321285e+01  2.8431665662e-01  1.6659596554e-01  -2.9232013784e+00  4.0270730430e+00  2.1388211939e+00  2.8908616065e+01  -1.6136048983e+00  6.2464436600e+01  -5.5469297173e-01  6.9043956531e-01  3.5525317008e-01  6.6743795416e-01  1.8256060264e-01  2.8223865265e-01  -8.8284694814e-01  5.4618340797e+01  
3.3330303200e+00  -4.9784178463e-01  7.9136088072e-01  7.9498673479e-01  3.5275363547e+00  2.0641501799e+00  8.8492316601e+00  8.7135305092e-01  1.1826954537e+00  -2.8940819306e-01  3.3628863339e-01  -1.1997703897e+02  8.7141609072e+03  6.1854592755e-02  6.7061268288e-01  1.1421982419e+00  1.6417579605e+00  -9.3219186642e-02  2.5039151860e-01  5.5525980122e-01  5.0154432855e+00  8.1745737827e-01  6.9507906369e-01  -1.8143153565e-01  7.1411714017e-01  
3.4246313374e+00  -4.4380090720e-01  7.1825485128e-01  -6.7834501636e-01  2.4933557948e+00  1.0217806751e+00  1.2083263217e+01  -3.0283825309e-02  1.3127440615e+00  -2.9254519693e-03  3.3306672590e+00  -1.2952114125e-01  1.5031686908e+00  -1.3240980752e+00  1.2736934108e+00  1.9677744603e-01  1.5209618510e+00  -6.8561794153e+00  7.8707446943e+01  2.6811358129e-01  4.2504937145e+00  -5.6090731173e+00  9.1314390654e+01  1.3472972417e+00  1.1272241071e+00  
3.5140262487e+00  4.3744611255e+00  2.5344738649e+02  1.3014361996e+00  8.4711747485e-01  -1.1346902636e-01  9.1461974081e-01  9.4878487528e-02  2.9872442502e+00  2.2555036976e+00  8.8384265660e+01  -1.0139506126e+00  7.6419929012e-01  2.5974649922e-01  7.4515976788e-01  -2.8967631415e+00  6.4374029585e+00  2.7665058537e+00  2.7390755911e+01  7.6795647106e-01  9.1093536164e-01  4.9372985022e+00  4.0704188037e+02  -1.2800349157e+00  1.6717102783e+00  
3.6081613598e+00  -1.6276635537e+00  1.5018243880e+00  -1.4385319006e+00  8.2566775058e-01  1.6260929081e+00  5.6445565792e+00  1.7253269120e+00  5.1038995334e+01  1.0169190123e+00  2.4204918537e+00  -2.7830870189e+00  4.7572120250e+00  -1.4508169540e+00  4.3421037255e+00  9.2992651974e-01  5.4342928606e+00  -2.3089612558e+00  4.0615078153e+02  2.1985630471e+00  4.4000863673e+00  -9.9509531254e-01  2.5219581450e+00  1.4521387293e+00  2.2027821746e+00  
3.7028150120e+00  3.5985108240e+00  2.6742568008e+01  3.6727275079e+00  1.4592398740e+01  1.7446181424e+00  2.7313299904e+01  -3.2391109024e-01  7.0689814346e-01  1.1976280644e+00  1.6189742876e+01  1.6577685433e+00  9.7993457862e-01  -4.3233560903e+00  2.9312712804e+01  -1.0331281232e+00  7.2699316851e-01  2.5176990007e+00  7.8196788765e+00  -1.6258112946e+00  5.7985633854e+00  2.8529626812e+00  4.8531955286e+00  3.7053257486e-01  9.8325788367e+00  
3.8015589470e+00  -8.5243012126e+00  2.0881672772e+01  0.0000000000e+00  0.0000000000e+00  -2.3255245714e-01  4.7983184525e+00  0.0000000000e+00  0.0000000000e+00  3.6531559044e+00  8.6152895114e+00  0.0000000000e+00  0.0000000000e+00  1.5975656438e+00  1.1972973465e+01  0.0000000000e+00  0.0000000000e+00  -5.3332265029e+00  1.3726685272e+01  0.0000000000e+00  0.0000000000e+00  4.6257921222e+00  5.5351608398e+01  0.0000000000e+00  0.0000000000e+00  
3.9003927571e+00  -1.9380125971e+00  5.1145848269e+01  -6.8416064510e-01  2.8677316082e+00  2.0670427846e-01  7.9085517820e-01  -1.0416652365e+00  3.5837607800e-01  5.9526795970e-01  4.7533736011e+00  -1.3632267490e+00  5.2681625309e-01  -1.5287716559e+02  6.3696744617e+02  9.8625548914e-01  3.0643386775e-01  -2.4065085562e+00  1.9086654275e+01  -2.0238958683e+00  5.5879055153e+00  8.7838236638e-01  5.7762957645e+00  2.5584421106e+00  2.8651835340e+00  
4.0000215472e+00  -8.7739087330e+09  7.5455615069e+11  -3.8227226712e-01  3.8227226712e-01  4.0993318560e+09  3.5254253975e+11  -5.6230535035e-01  5.6230535035e-01  -6.4172216719e+09  5.5188106372e+11  1.2361630668e+00  1.2361630668e+00  4.4517773416e+07  3.8285289251e+09  -4.6915520874e-01  4.6915520874e-01  -1.0724098322e+10  9.2227245479e+11  1.1098021634e+00  1.1098021634e+00  -1.2872790780e+10  1.1070600089e+12  6.9157442156e+00  6.9157442156e+00  
4.1000000000e+00  4.4056058252e+11  5.3381494923e+11  0.0000000000e+00  0.0000000000e+00  9.8726335145e+11  8.0537099476e+11  0.0000000000e+00  0.0000000000e+00  5.7784578895e+11  5.8587569129e+11  0.0000000000e+00  0.0000000000e+00  1.7537981780e+11  1.1014704906e+12  0.0000000000e+00  0.0000000000e+00  2.4131969551e+11  1.9127898833e+11  0.0000000000e+00  0.0000000000e+00  -1.6297884146e+12  1.2820982727e+12  0.0000000000e+00  0.0000000000e+00  
4.2000000000e+00  -9.8953035159e+10  9.8953035159e+10  0.0000000000e+00  0.0000000000e+00  -3.3208413990e+11  3.3208413990e+11  0.0000000000e+00  0.0000000000e+00  -7.6662654949e+10  7.6662654949e+10  0.0000000000e+00  0.0000000000e+00  5.1405769635e+10  5.1405769635e+10  0.0000000000e+00  0.0000000000e+00  1.7706787610e+11  1.7706787610e+11  0.0000000000e+00  0.0000000000e+00  -2.8671301663e+11  2.8671301663e+11  0.0000000000e+00  0.0000000000e+00  
4.3000000000e+00  -9.4501969404e+10  9.4501969404e+10  0.0000000000e+00  0.0000000000e+00  1.1057310822e+11  1.1057310822e+11  0.0000000000e+00  0.0000000000e+00  1.8509379239e+11  1.8509379239e+11  0.0000000000e+00  0.0000000000e+00  -1.4624873718e+11  1.4624873718e+11  0.0000000000e+00  0.0000000000e+00  -2.5808756058e+11  2.5808756058e+11  0.0000000000e+00  0.0000000000e+00  4.8664310756e+11  4.8664310756e+11  0.0000000000e+00  0.0000000000e+00  
4.4000000000e+00  0.0000000000e+00  0.0000000000e+00  0.0000000000e+00  0.0000000000e+00  0.0000000000e+00  0.0000000000e+00  0.0000000000e+00  0.0000000000e+00  0.0000000000e+00  0.0000000000e+00  0.0000000000e+00  0.0000000000e+00  0.0000000000e+00  0.0000000000e+00  0.0000000000e+00  0.0000000000e+00  0.0000000000e+00  0.0000000000e+00  0.0000000000e+00  0.0000000000e+00  0.0000000000e+00  0.0000000000e+00  0.0000000000e+00  0.0000000000e+00  
4.5000000000e+00  0.0000000000e+00  0.0000000000e+00  0.0000000000e+00  0.0000000000e+00  0.0000000000e+00  0.0000000000e+00  0.0000000000e+00  0.0000000000e+00  0.0000000000e+00  0.0000000000e+00  0.0000000000e+00  0.0000000000e+00  0.0000000000e+00  0.0000000000e+00  0.0000000000e+00  0.0000000000e+00  0.0000000000e+00  0.0000000000e+00  0.0000000000e+00  0.0000000000e+00  0.0000000000e+00  0.0000000000e+00  0.0000000000e+00  0.0000000000e+00  
4.6000000000e+00  0.0000000000e+00  0.0000000000e+00  0.0000000000e+00  0.0000000000e+00  0.0000000000e+00  0.0000000000e+00  0.0000000000e+00  0.0000000000e+00  0.0000000000e+00  0.0000000000e+00  0.0000000000e+00  0.0000000000e+00  0.0000000000e+00  0.0000000000e+00  0.0000000000e+00  0.0000000000e+00  0.0000000000e+00  0.0000000000e+00  0.0000000000e+00  0.0000000000e+00  0.0000000000e+00  0.0000000000e+00  0.0000000000e+00  0.0000000000e+00  
4.7000000000e+00  0.0000000000e+00  0.0000000000e+00  0.0000000000e+00  0.0000000000e+00  0.0000000000e+00  0.0000000000e+00  0.0000000000e+00  0.0000000000e+00  0.0000000000e+00  0.0000000000e+00  0.0000000000e+00  0.0000000000e+00  0.0000000000e+00  0.0000000000e+00  0.0000000000e+00  0.0000000000e+00  0.0000000000e+00  0.0000000000e+00  0.0000000000e+00  0.0000000000e+00  0.0000000000e+00  0.0000000000e+00  0.0000000000e+00  0.0000000000e+00  
4.8000000000e+00  0.0000000000e+00  0.0000000000e+00  0.0000000000e+00  0.0000000000e+00  0.0000000000e+00  0.0000000000e+00  0.0000000000e+00  0.0000000000e+00  0.0000000000e+00  0.0000000000e+00  0.0000000000e+00  0.0000000000e+00  0.0000000000e+00  0.0000000000e+00  0.0000000000e+00  0.0000000000e+00  0.0000000000e+00  0.0000000000e+00  0.0000000000e+00  0.0000000000e+00  0.0000000000e+00  0.0000000000e+00  0.0000000000e+00  0.0000000000e+00  
4.9000000000e+00  0.0000000000e+00  0.0000000000e+00  0.0000000000e+00  0.0000000000e+00  0.0000000000e+00  0.0000000000e+00  0.0000000000e+00  0.0000000000e+00  0.0000000000e+00  0.0000000000e+00  0.0000000000e+00  0.0000000000e+00  0.0000000000e+00  0.0000000000e+00  0.0000000000e+00  0.0000000000e+00  0.0000000000e+00  0.0000000000e+00  0.0000000000e+00  0.0000000000e+00  0.0000000000e+00  0.0000000000e+00  0.0000000000e+00  0.0000000000e+00  
5.0000000000e+00  0.0000000000e+00  0.0000000000e+00  0.0000000000e+00  0.0000000000e+00  0.0000000000e+00  0.0000000000e+00  0.0000000000e+00  0.0000000000e+00  0.0000000000e+00  0.0000000000e+00  0.0000000000e+00  0.0000000000e+00  0.0000000000e+00  0.0000000000e+00  0.0000000000e+00  0.0000000000e+00  0.0000000000e+00  0.0000000000e+00  0.0000000000e+00  0.0000000000e+00  0.0000000000e+00  0.0000000000e+00  0.0000000000e+00  0.0000000000e+00  
5.1000000000e+00  0.0000000000e+00  0.0000000000e+00  0.0000000000e+00  0.0000000000e+00  0.0000000000e+00  0.0000000000e+00  0.0000000000e+00  0.0000000000e+00  0.0000000000e+00  0.0000000000e+00  0.0000000000e+00  0.0000000000e+00  0.0000000000e+00  0.0000000000e+00  0.0000000000e+00  0.0000000000e+00  0.0000000000e+00  0.0000000000e+00  0.0000000000e+00  0.0000000000e+00  0.0000000000e+00  0.0000000000e+00  0.0000000000e+00  0.0000000000e+00  
5.2000000000e+00  0.0000000000e+00  0.0000000000e+00  0.0000000000e+00  0.0000000000e+00  0.0000000000e+00  0.0000000000e+00  0.0000000000e+00  0.0000000000e+00  0.0000000000e+00  0.0000000000e+00  0.0000000000e+00  0.0000000000e+00  0.0000000000e+00  0.0000000000e+00  0.0000000000e+00  0.0000000000e+00  0.0000000000e+00  0.0000000000e+00  0.0000000000e+00  0.0000000000e+00  0.0000000000e+00  0.0000000000e+00  0.0000000000e+00  0.0000000000e+00  
5.3000000000e+00  0.0000000000e+00  0.0000000000e+00  0.0000000000e+00  0.0000000000e+00  0.0000000000e+00  0.0000000000e+00  0.0000000000e+00  0.0000000000e+00  0.0000000000e+00  0.0000000000e+00  0.0000000000e+00  0.0000000000e+00  0.0000000000e+00  0.0000000000e+00  0.0000000000e+00  0.0000000000e+00  0.0000000000e+00  0.0000000000e+00  0.0000000000e+00  0.0000000000e+00  0.0000000000e+00  0.0000000000e+00  0.0000000000e+00  0.0000000000e+00  
5.4000000000e+00  0.0000000000e+00  0.0000000000e+00  0.0000000000e+00  0.0000000000e+00  0.0000000000e+00  0.0000000000e+00  0.0000000000e+00  0.0000000000e+00  0.0000000000e+00  0.0000000000e+00  0.0000000000e+00  0.0000000000e+00  0.0000000000e+00  0.0000000000e+00  0.0000000000e+00  0.0000000000e+00  0.0000000000e+00  0.0000000000e+00  0.0000000000e+00  0.0000000000e+00  0.0000000000e+00  0.0000000000e+00  0.0000000000e+00  0.0000000000e+00  
5.5000000000e+00  0.0000000000e+00  0.0000000000e+00  0.0000000000e+00  0.0000000000e+00  0.0000000000e+00  0.0000000000e+00  0.0000000000e+00  0.0000000000e+00  0.0000000000e+00  0.0000000000e+00  0.0000000000e+00  0.0000000000e+00  0.0000000000e+00  0.0000000000e+00  0.0000000000e+00  0.0000000000e+00  0.0000000000e+00  0.0000000000e+00  0.0000000000e+00  0.0000000000e+00  0.0000000000e+00  0.0000000000e+00  0.0000000000e+00  0.0000000000e+00  
5.6000000000e+00  0.0000000000e+00  0.0000000000e+00  0.0000000000e+00  0.0000000000e+00  0.0000000000e+00  0.0000000000e+00  0.0000000000e+00  0.0000000000e+00  0.0000000000e+00  0.0000000000e+00  0.0000000000e+00  0.0000000000e+00  0.0000000000e+00  0.0000000000e+00  0.0000000000e+00  0.0000000000e+00  0.0000000000e+00  0.0000000000e+00  0.0000000000e+00  0.0000000000e+00  0.0000000000e+00  0.0000000000e+00  0.0000000000e+00  0.0000000000e+00  
5.7000000000e+00  0.0000000000e+00  0.0000000000e+00  0.0000000000e+00  0.0000000000e+00  0.0000000000e+00  0.0000000000e+00  0.0000000000e+00  0.0000000000e+00  0.0000000000e+00  0.0000000000e+00  0.0000000000e+00  0.0000000000e+00  0.0000000000e+00  0.0000000000e+00  0.0000000000e+00  0.0000000000e+00  0.0000000000e+00  0.0000000000e+00  0.0000000000e+00  0.0000000000e+00  0.0000000000e+00  0.0000000000e+00  0.0000000000e+00  0.0000000000e+00  
5.8000000000e+00  0.0000000000e+00  0.0000000000e+00  0.0000000000e+00  0.0000000000e+00  0.0000000000e+00  0.0000000000e+00  0.0000000000e+00  0.0000000000e+00  0.0000000000e+00  0.0000000000e+00  0.0000000000e+00  0.0000000000e+00  0.0000000000e+00  0.0000000000e+00  0.0000000000e+00  0.0000000000e+00  0.0000000000e+00  0.0000000000e+00  0.0000000000e+00  0.0000000000e+00  0.0000000000e+00  0.0000000000e+00  0.0000000000e+00  0.0000000000e+00  
5.9000000000e+00  0.0000000000e+00  0.0000000000e+00  0.0000000000e+00  0.0000000000e+00  0.0000000000e+00  0.0000000000e+00  0.0000000000e+00  0.0000000000e+00  0.0000000000e+00  0.0000000000e+00  0.0000000000e+00  0.0000000000e+00  0.0000000000e+00  0.0000000000e+00  0.0000000000e+00  0.0000000000e+00  0.0000000000e+00  0.0000000000e+00  0.0000000000e+00  0.0000000000e+00  0.0000000000e+00  0.0000000000e+00  0.0000000000e+00  0.0000000000e+00  
6.0000000000e+00  0.0000000000e+00  0.0000000000e+00  0.0000000000e+00  0.0000000000e+00  0.0000000000e+00  0.0000000000e+00  0.0000000000e+00  0.0000000000e+00  0.0000000000e+00  0.0000000000e+00  0.0000000000e+00  0.0000000000e+00  0.0000000000e+00  0.0000000000e+00  0.0000000000e+00  0.0000000000e+00  0.0000000000e+00  0.0000000000e+00  0.0000000000e+00  0.0000000000e+00  0.0000000000e+00  0.0000000000e+00  0.0000000000e+00  0.0000000000e+00  
6.1000000000e+00  0.0000000000e+00  0.0000000000e+00  0.0000000000e+00  0.0000000000e+00  0.0000000000e+00  0.0000000000e+00  0.0000000000e+00  0.0000000000e+00  0.0000000000e+00  0.0000000000e+00  0.0000000000e+00  0.0000000000e+00  0.0000000000e+00  0.0000000000e+00  0.0000000000e+00  0.0000000000e+00  0.0000000000e+00  0.0000000000e+00  0.0000000000e+00  0.0000000000e+00  0.0000000000e+00  0.0000000000e+00  0.0000000000e+00  0.0000000000e+00  
6.2000000000e+00  0.0000000000e+00  0.0000000000e+00  0.0000000000e+00  0.0000000000e+00  0.0000000000e+00  0.0000000000e+00  0.0000000000e+00  0.0000000000e+00  0.0000000000e+00  0.0000000000e+00  0.0000000000e+00  0.0000000000e+00  0.0000000000e+00  0.0000000000e+00  0.0000000000e+00  0.0000000000e+00  0.0000000000e+00  0.0000000000e+00  0.0000000000e+00  0.0000000000e+00  0.0000000000e+00  0.0000000000e+00  0.0000000000e+00  0.0000000000e+00  
6.3000000000e+00  0.0000000000e+00  0.0000000000e+00  0.0000000000e+00  0.0000000000e+00  0.0000000000e+00  0.0000000000e+00  0.0000000000e+00  0.0000000000e+00  0.0000000000e+00  0.0000000000e+00  0.0000000000e+00  0.0000000000e+00  0.0000000000e+00  0.0000000000e+00  0.0000000000e+00  0.0000000000e+00  0.0000000000e+00  0.0000000000e+00  0.0000000000e+00  0.0000000000e+00  0.0000000000e+00  0.0000000000e+00  0.0000000000e+00  0.0000000000e+00  
6.4000000000e+00  0.0000000000e+00  0.0000000000e+00  0.0000000000e+00  0.0000000000e+00  0.0000000000e+00  0.0000000000e+00  0.0000000000e+00  0.0000000000e+00  0.0000000000e+00  0.0000000000e+00  0.0000000000e+00  0.0000000000e+00  0.0000000000e+00  0.0000000000e+00  0.0000000000e+00  0.0000000000e+00  0.0000000000e+00  0.0000000000e+00  0.0000000000e+00  0.0000000000e+00  0.0000000000e+00  0.0000000000e+00  0.0000000000e+00  0.0000000000e+00  
6.5000000000e+00  0.0000000000e+00  0.0000000000e+00  0.0000000000e+00  0.0000000000e+00  0.0000000000e+00  0.0000000000e+00  0.0000000000e+00  0.0000000000e+00  0.0000000000e+00  0.0000000000e+00  0.0000000000e+00  0.0000000000e+00  0.0000000000e+00  0.0000000000e+00  0.0000000000e+00  0.0000000000e+00  0.0000000000e+00  0.0000000000e+00  0.0000000000e+00  0.0000000000e+00  0.0000000000e+00  0.0000000000e+00  0.0000000000e+00  0.0000000000e+00  
6.6000000000e+00  0.0000000000e+00  0.0000000000e+00  0.0000000000e+00  0.0000000000e+00  0.0000000000e+00  0.0000000000e+00  0.0000000000e+00  0.0000000000e+00  0.0000000000e+00  0.0000000000e+00  0.0000000000e+00  0.0000000000e+00  0.0000000000e+00  0.0000000000e+00  0.0000000000e+00  0.0000000000e+00  0.0000000000e+00  0.0000000000e+00  0.0000000000e+00  0.0000000000e+00  0.0000000000e+00  0.0000000000e+00  0.0000000000e+00  0.0000000000e+00  
6.7000000000e+00  0.0000000000e+00  0.0000000000e+00  0.0000000000e+00  0.0000000000e+00  0.0000000000e+00  0.0000000000e+00  0.0000000000e+00  0.0000000000e+00  0.0000000000e+00  0.0000000000e+00  0.0000000000e+00  0.0000000000e+00  0.0000000000e+00  0.0000000000e+00  0.0000000000e+00  0.0000000000e+00  0.0000000000e+00  0.0000000000e+00  0.0000000000e+00  0.0000000000e+00  0.0000000000e+00  0.0000000000e+00  0.0000000000e+00  0.0000000000e+00  
6.8000000000e+00  0.0000000000e+00  0.0000000000e+00  0.0000000000e+00  0.0000000000e+00  0.0000000000e+00  0.0000000000e+00  0.0000000000e+00  0.0000000000e+00  0.0000000000e+00  0.0000000000e+00  0.0000000000e+00  0.0000000000e+00  0.0000000000e+00  0.0000000000e+00  0.0000000000e+00  0.0000000000e+00  0.0000000000e+00  0.0000000000e+00  0.0000000000e+00  0.0000000000e+00  0.0000000000e+00  0.0000000000e+00  0.0000000000e+00  0.0000000000e+00  
6.9000000000e+00  0.0000000000e+00  0.0000000000e+00  0.0000000000e+00  0.0000000000e+00  0.0000000000e+00  0.0000000000e+00  0.0000000000e+00  0.0000000000e+00  0.0000000000e+00  0.0000000000e+00  0.0000000000e+00  0.0000000000e+00  0.0000000000e+00  0.0000000000e+00  0.0000000000e+00  0.0000000000e+00  0.0000000000e+00  0.0000000000e+00  0.0000000000e+00  0.0000000000e+00  0.0000000000e+00  0.0000000000e+00  0.0000000000e+00  0.0000000000e+00  
