#y  dN/dy  dN/dy_err  vn{2}(y)  vn{2}(y)_err  Re{vn}(y)  Re{vn}(y)_err
-7.0000000000e+00  0.0000000000e+00  0.0000000000e+00  0.0000000000e+00  0.0000000000e+00  0.0000000000e+00  0.0000000000e+00  0.0000000000e+00  0.0000000000e+00  0.0000000000e+00  0.0000000000e+00  0.0000000000e+00  0.0000000000e+00  0.0000000000e+00  0.0000000000e+00  0.0000000000e+00  0.0000000000e+00  0.0000000000e+00  0.0000000000e+00  0.0000000000e+00  0.0000000000e+00  0.0000000000e+00  0.0000000000e+00  0.0000000000e+00  0.0000000000e+00  0.0000000000e+00  0.0000000000e+00  
-6.9000000000e+00  0.0000000000e+00  0.0000000000e+00  0.0000000000e+00  0.0000000000e+00  0.0000000000e+00  0.0000000000e+00  0.0000000000e+00  0.0000000000e+00  0.0000000000e+00  0.0000000000e+00  0.0000000000e+00  0.0000000000e+00  0.0000000000e+00  0.0000000000e+00  0.0000000000e+00  0.0000000000e+00  0.0000000000e+00  0.0000000000e+00  0.0000000000e+00  0.0000000000e+00  0.0000000000e+00  0.0000000000e+00  0.0000000000e+00  0.0000000000e+00  0.0000000000e+00  0.0000000000e+00  
-6.8000000000e+00  0.0000000000e+00  0.0000000000e+00  0.0000000000e+00  0.0000000000e+00  0.0000000000e+00  0.0000000000e+00  0.0000000000e+00  0.0000000000e+00  0.0000000000e+00  0.0000000000e+00  0.0000000000e+00  0.0000000000e+00  0.0000000000e+00  0.0000000000e+00  0.0000000000e+00  0.0000000000e+00  0.0000000000e+00  0.0000000000e+00  0.0000000000e+00  0.0000000000e+00  0.0000000000e+00  0.0000000000e+00  0.0000000000e+00  0.0000000000e+00  0.0000000000e+00  0.0000000000e+00  
-6.7000000000e+00  0.0000000000e+00  0.0000000000e+00  0.0000000000e+00  0.0000000000e+00  0.0000000000e+00  0.0000000000e+00  0.0000000000e+00  0.0000000000e+00  0.0000000000e+00  0.0000000000e+00  0.0000000000e+00  0.0000000000e+00  0.0000000000e+00  0.0000000000e+00  0.0000000000e+00  0.0000000000e+00  0.0000000000e+00  0.0000000000e+00  0.0000000000e+00  0.0000000000e+00  0.0000000000e+00  0.0000000000e+00  0.0000000000e+00  0.0000000000e+00  0.0000000000e+00  0.0000000000e+00  
-6.6000000000e+00  0.0000000000e+00  0.0000000000e+00  0.0000000000e+00  0.0000000000e+00  0.0000000000e+00  0.0000000000e+00  0.0000000000e+00  0.0000000000e+00  0.0000000000e+00  0.0000000000e+00  0.0000000000e+00  0.0000000000e+00  0.0000000000e+00  0.0000000000e+00  0.0000000000e+00  0.0000000000e+00  0.0000000000e+00  0.0000000000e+00  0.0000000000e+00  0.0000000000e+00  0.0000000000e+00  0.0000000000e+00  0.0000000000e+00  0.0000000000e+00  0.0000000000e+00  0.0000000000e+00  
-6.5000000000e+00  0.0000000000e+00  0.0000000000e+00  0.0000000000e+00  0.0000000000e+00  0.0000000000e+00  0.0000000000e+00  0.0000000000e+00  0.0000000000e+00  0.0000000000e+00  0.0000000000e+00  0.0000000000e+00  0.0000000000e+00  0.0000000000e+00  0.0000000000e+00  0.0000000000e+00  0.0000000000e+00  0.0000000000e+00  0.0000000000e+00  0.0000000000e+00  0.0000000000e+00  0.0000000000e+00  0.0000000000e+00  0.0000000000e+00  0.0000000000e+00  0.0000000000e+00  0.0000000000e+00  
-6.4000000000e+00  0.0000000000e+00  0.0000000000e+00  0.0000000000e+00  0.0000000000e+00  0.0000000000e+00  0.0000000000e+00  0.0000000000e+00  0.0000000000e+00  0.0000000000e+00  0.0000000000e+00  0.0000000000e+00  0.0000000000e+00  0.0000000000e+00  0.0000000000e+00  0.0000000000e+00  0.0000000000e+00  0.0000000000e+00  0.0000000000e+00  0.0000000000e+00  0.0000000000e+00  0.0000000000e+00  0.0000000000e+00  0.0000000000e+00  0.0000000000e+00  0.0000000000e+00  0.0000000000e+00  
-6.3000000000e+00  0.0000000000e+00  0.0000000000e+00  0.0000000000e+00  0.0000000000e+00  0.0000000000e+00  0.0000000000e+00  0.0000000000e+00  0.0000000000e+00  0.0000000000e+00  0.0000000000e+00  0.0000000000e+00  0.0000000000e+00  0.0000000000e+00  0.0000000000e+00  0.0000000000e+00  0.0000000000e+00  0.0000000000e+00  0.0000000000e+00  0.0000000000e+00  0.0000000000e+00  0.0000000000e+00  0.0000000000e+00  0.0000000000e+00  0.0000000000e+00  0.0000000000e+00  0.0000000000e+00  
-6.2000000000e+00  0.0000000000e+00  0.0000000000e+00  0.0000000000e+00  0.0000000000e+00  0.0000000000e+00  0.0000000000e+00  0.0000000000e+00  0.0000000000e+00  0.0000000000e+00  0.0000000000e+00  0.0000000000e+00  0.0000000000e+00  0.0000000000e+00  0.0000000000e+00  0.0000000000e+00  0.0000000000e+00  0.0000000000e+00  0.0000000000e+00  0.0000000000e+00  0.0000000000e+00  0.0000000000e+00  0.0000000000e+00  0.0000000000e+00  0.0000000000e+00  0.0000000000e+00  0.0000000000e+00  
-6.1000000000e+00  0.0000000000e+00  0.0000000000e+00  0.0000000000e+00  0.0000000000e+00  0.0000000000e+00  0.0000000000e+00  0.0000000000e+00  0.0000000000e+00  0.0000000000e+00  0.0000000000e+00  0.0000000000e+00  0.0000000000e+00  0.0000000000e+00  0.0000000000e+00  0.0000000000e+00  0.0000000000e+00  0.0000000000e+00  0.0000000000e+00  0.0000000000e+00  0.0000000000e+00  0.0000000000e+00  0.0000000000e+00  0.0000000000e+00  0.0000000000e+00  0.0000000000e+00  0.0000000000e+00  
-6.0000000000e+00  0.0000000000e+00  0.0000000000e+00  0.0000000000e+00  0.0000000000e+00  0.0000000000e+00  0.0000000000e+00  0.0000000000e+00  0.0000000000e+00  0.0000000000e+00  0.0000000000e+00  0.0000000000e+00  0.0000000000e+00  0.0000000000e+00  0.0000000000e+00  0.0000000000e+00  0.0000000000e+00  0.0000000000e+00  0.0000000000e+00  0.0000000000e+00  0.0000000000e+00  0.0000000000e+00  0.0000000000e+00  0.0000000000e+00  0.0000000000e+00  0.0000000000e+00  0.0000000000e+00  
-5.9000000000e+00  0.0000000000e+00  0.0000000000e+00  0.0000000000e+00  0.0000000000e+00  0.0000000000e+00  0.0000000000e+00  0.0000000000e+00  0.0000000000e+00  0.0000000000e+00  0.0000000000e+00  0.0000000000e+00  0.0000000000e+00  0.0000000000e+00  0.0000000000e+00  0.0000000000e+00  0.0000000000e+00  0.0000000000e+00  0.0000000000e+00  0.0000000000e+00  0.0000000000e+00  0.0000000000e+00  0.0000000000e+00  0.0000000000e+00  0.0000000000e+00  0.0000000000e+00  0.0000000000e+00  
-5.8000000000e+00  0.0000000000e+00  0.0000000000e+00  0.0000000000e+00  0.0000000000e+00  0.0000000000e+00  0.0000000000e+00  0.0000000000e+00  0.0000000000e+00  0.0000000000e+00  0.0000000000e+00  0.0000000000e+00  0.0000000000e+00  0.0000000000e+00  0.0000000000e+00  0.0000000000e+00  0.0000000000e+00  0.0000000000e+00  0.0000000000e+00  0.0000000000e+00  0.0000000000e+00  0.0000000000e+00  0.0000000000e+00  0.0000000000e+00  0.0000000000e+00  0.0000000000e+00  0.0000000000e+00  
-5.7000000000e+00  0.0000000000e+00  0.0000000000e+00  0.0000000000e+00  0.0000000000e+00  0.0000000000e+00  0.0000000000e+00  0.0000000000e+00  0.0000000000e+00  0.0000000000e+00  0.0000000000e+00  0.0000000000e+00  0.0000000000e+00  0.0000000000e+00  0.0000000000e+00  0.0000000000e+00  0.0000000000e+00  0.0000000000e+00  0.0000000000e+00  0.0000000000e+00  0.0000000000e+00  0.0000000000e+00  0.0000000000e+00  0.0000000000e+00  0.0000000000e+00  0.0000000000e+00  0.0000000000e+00  
-5.6000000000e+00  0.0000000000e+00  0.0000000000e+00  0.0000000000e+00  0.0000000000e+00  0.0000000000e+00  0.0000000000e+00  0.0000000000e+00  0.0000000000e+00  0.0000000000e+00  0.0000000000e+00  0.0000000000e+00  0.0000000000e+00  0.0000000000e+00  0.0000000000e+00  0.0000000000e+00  0.0000000000e+00  0.0000000000e+00  0.0000000000e+00  0.0000000000e+00  0.0000000000e+00  0.0000000000e+00  0.0000000000e+00  0.0000000000e+00  0.0000000000e+00  0.0000000000e+00  0.0000000000e+00  
-5.5000000000e+00  0.0000000000e+00  0.0000000000e+00  0.0000000000e+00  0.0000000000e+00  0.0000000000e+00  0.0000000000e+00  0.0000000000e+00  0.0000000000e+00  0.0000000000e+00  0.0000000000e+00  0.0000000000e+00  0.0000000000e+00  0.0000000000e+00  0.0000000000e+00  0.0000000000e+00  0.0000000000e+00  0.0000000000e+00  0.0000000000e+00  0.0000000000e+00  0.0000000000e+00  0.0000000000e+00  0.0000000000e+00  0.0000000000e+00  0.0000000000e+00  0.0000000000e+00  0.0000000000e+00  
-5.4000000000e+00  0.0000000000e+00  0.0000000000e+00  0.0000000000e+00  0.0000000000e+00  0.0000000000e+00  0.0000000000e+00  0.0000000000e+00  0.0000000000e+00  0.0000000000e+00  0.0000000000e+00  0.0000000000e+00  0.0000000000e+00  0.0000000000e+00  0.0000000000e+00  0.0000000000e+00  0.0000000000e+00  0.0000000000e+00  0.0000000000e+00  0.0000000000e+00  0.0000000000e+00  0.0000000000e+00  0.0000000000e+00  0.0000000000e+00  0.0000000000e+00  0.0000000000e+00  0.0000000000e+00  
-5.3000000000e+00  0.0000000000e+00  0.0000000000e+00  0.0000000000e+00  0.0000000000e+00  0.0000000000e+00  0.0000000000e+00  0.0000000000e+00  0.0000000000e+00  0.0000000000e+00  0.0000000000e+00  0.0000000000e+00  0.0000000000e+00  0.0000000000e+00  0.0000000000e+00  0.0000000000e+00  0.0000000000e+00  0.0000000000e+00  0.0000000000e+00  0.0000000000e+00  0.0000000000e+00  0.0000000000e+00  0.0000000000e+00  0.0000000000e+00  0.0000000000e+00  0.0000000000e+00  0.0000000000e+00  
-5.2000000000e+00  0.0000000000e+00  0.0000000000e+00  0.0000000000e+00  0.0000000000e+00  0.0000000000e+00  0.0000000000e+00  0.0000000000e+00  0.0000000000e+00  0.0000000000e+00  0.0000000000e+00  0.0000000000e+00  0.0000000000e+00  0.0000000000e+00  0.0000000000e+00  0.0000000000e+00  0.0000000000e+00  0.0000000000e+00  0.0000000000e+00  0.0000000000e+00  0.0000000000e+00  0.0000000000e+00  0.0000000000e+00  0.0000000000e+00  0.0000000000e+00  0.0000000000e+00  0.0000000000e+00  
-5.1000000000e+00  0.0000000000e+00  0.0000000000e+00  0.0000000000e+00  0.0000000000e+00  0.0000000000e+00  0.0000000000e+00  0.0000000000e+00  0.0000000000e+00  0.0000000000e+00  0.0000000000e+00  0.0000000000e+00  0.0000000000e+00  0.0000000000e+00  0.0000000000e+00  0.0000000000e+00  0.0000000000e+00  0.0000000000e+00  0.0000000000e+00  0.0000000000e+00  0.0000000000e+00  0.0000000000e+00  0.0000000000e+00  0.0000000000e+00  0.0000000000e+00  0.0000000000e+00  0.0000000000e+00  
-5.0000000000e+00  0.0000000000e+00  0.0000000000e+00  0.0000000000e+00  0.0000000000e+00  0.0000000000e+00  0.0000000000e+00  0.0000000000e+00  0.0000000000e+00  0.0000000000e+00  0.0000000000e+00  0.0000000000e+00  0.0000000000e+00  0.0000000000e+00  0.0000000000e+00  0.0000000000e+00  0.0000000000e+00  0.0000000000e+00  0.0000000000e+00  0.0000000000e+00  0.0000000000e+00  0.0000000000e+00  0.0000000000e+00  0.0000000000e+00  0.0000000000e+00  0.0000000000e+00  0.0000000000e+00  
-4.9000000000e+00  0.0000000000e+00  0.0000000000e+00  0.0000000000e+00  0.0000000000e+00  0.0000000000e+00  0.0000000000e+00  0.0000000000e+00  0.0000000000e+00  0.0000000000e+00  0.0000000000e+00  0.0000000000e+00  0.0000000000e+00  0.0000000000e+00  0.0000000000e+00  0.0000000000e+00  0.0000000000e+00  0.0000000000e+00  0.0000000000e+00  0.0000000000e+00  0.0000000000e+00  0.0000000000e+00  0.0000000000e+00  0.0000000000e+00  0.0000000000e+00  0.0000000000e+00  0.0000000000e+00  
-4.8000000000e+00  0.0000000000e+00  0.0000000000e+00  0.0000000000e+00  0.0000000000e+00  0.0000000000e+00  0.0000000000e+00  0.0000000000e+00  0.0000000000e+00  0.0000000000e+00  0.0000000000e+00  0.0000000000e+00  0.0000000000e+00  0.0000000000e+00  0.0000000000e+00  0.0000000000e+00  0.0000000000e+00  0.0000000000e+00  0.0000000000e+00  0.0000000000e+00  0.0000000000e+00  0.0000000000e+00  0.0000000000e+00  0.0000000000e+00  0.0000000000e+00  0.0000000000e+00  0.0000000000e+00  
-4.7000000000e+00  0.0000000000e+00  0.0000000000e+00  0.0000000000e+00  0.0000000000e+00  0.0000000000e+00  0.0000000000e+00  0.0000000000e+00  0.0000000000e+00  0.0000000000e+00  0.0000000000e+00  0.0000000000e+00  0.0000000000e+00  0.0000000000e+00  0.0000000000e+00  0.0000000000e+00  0.0000000000e+00  0.0000000000e+00  0.0000000000e+00  0.0000000000e+00  0.0000000000e+00  0.0000000000e+00  0.0000000000e+00  0.0000000000e+00  0.0000000000e+00  0.0000000000e+00  0.0000000000e+00  
-4.6000000000e+00  0.0000000000e+00  0.0000000000e+00  0.0000000000e+00  0.0000000000e+00  0.0000000000e+00  0.0000000000e+00  0.0000000000e+00  0.0000000000e+00  0.0000000000e+00  0.0000000000e+00  0.0000000000e+00  0.0000000000e+00  0.0000000000e+00  0.0000000000e+00  0.0000000000e+00  0.0000000000e+00  0.0000000000e+00  0.0000000000e+00  0.0000000000e+00  0.0000000000e+00  0.0000000000e+00  0.0000000000e+00  0.0000000000e+00  0.0000000000e+00  0.0000000000e+00  0.0000000000e+00  
-4.5000000000e+00  0.0000000000e+00  0.0000000000e+00  0.0000000000e+00  0.0000000000e+00  0.0000000000e+00  0.0000000000e+00  0.0000000000e+00  0.0000000000e+00  0.0000000000e+00  0.0000000000e+00  0.0000000000e+00  0.0000000000e+00  0.0000000000e+00  0.0000000000e+00  0.0000000000e+00  0.0000000000e+00  0.0000000000e+00  0.0000000000e+00  0.0000000000e+00  0.0000000000e+00  0.0000000000e+00  0.0000000000e+00  0.0000000000e+00  0.0000000000e+00  0.0000000000e+00  0.0000000000e+00  
-4.4000000000e+00  0.0000000000e+00  0.0000000000e+00  0.0000000000e+00  0.0000000000e+00  0.0000000000e+00  0.0000000000e+00  0.0000000000e+00  0.0000000000e+00  0.0000000000e+00  0.0000000000e+00  0.0000000000e+00  0.0000000000e+00  0.0000000000e+00  0.0000000000e+00  0.0000000000e+00  0.0000000000e+00  0.0000000000e+00  0.0000000000e+00  0.0000000000e+00  0.0000000000e+00  0.0000000000e+00  0.0000000000e+00  0.0000000000e+00  0.0000000000e+00  0.0000000000e+00  0.0000000000e+00  
-4.2998837066e+00  2.7498212644e-05  2.7339720184e-05  0.0000000000e+00  0.0000000000e+00  0.0000000000e+00  0.0000000000e+00  0.0000000000e+00  0.0000000000e+00  0.0000000000e+00  0.0000000000e+00  0.0000000000e+00  0.0000000000e+00  0.0000000000e+00  0.0000000000e+00  0.0000000000e+00  0.0000000000e+00  0.0000000000e+00  0.0000000000e+00  0.0000000000e+00  0.0000000000e+00  0.0000000000e+00  0.0000000000e+00  0.0000000000e+00  0.0000000000e+00  0.0000000000e+00  0.0000000000e+00  
-4.2000000000e+00  0.0000000000e+00  0.0000000000e+00  0.0000000000e+00  0.0000000000e+00  0.0000000000e+00  0.0000000000e+00  0.0000000000e+00  0.0000000000e+00  0.0000000000e+00  0.0000000000e+00  0.0000000000e+00  0.0000000000e+00  0.0000000000e+00  0.0000000000e+00  0.0000000000e+00  0.0000000000e+00  0.0000000000e+00  0.0000000000e+00  0.0000000000e+00  0.0000000000e+00  0.0000000000e+00  0.0000000000e+00  0.0000000000e+00  0.0000000000e+00  0.0000000000e+00  0.0000000000e+00  
-4.1000000000e+00  0.0000000000e+00  0.0000000000e+00  0.0000000000e+00  0.0000000000e+00  0.0000000000e+00  0.0000000000e+00  0.0000000000e+00  0.0000000000e+00  0.0000000000e+00  0.0000000000e+00  0.0000000000e+00  0.0000000000e+00  0.0000000000e+00  0.0000000000e+00  0.0000000000e+00  0.0000000000e+00  0.0000000000e+00  0.0000000000e+00  0.0000000000e+00  0.0000000000e+00  0.0000000000e+00  0.0000000000e+00  0.0000000000e+00  0.0000000000e+00  0.0000000000e+00  0.0000000000e+00  
-4.0000000000e+00  0.0000000000e+00  0.0000000000e+00  0.0000000000e+00  0.0000000000e+00  0.0000000000e+00  0.0000000000e+00  0.0000000000e+00  0.0000000000e+00  0.0000000000e+00  0.0000000000e+00  0.0000000000e+00  0.0000000000e+00  0.0000000000e+00  0.0000000000e+00  0.0000000000e+00  0.0000000000e+00  0.0000000000e+00  0.0000000000e+00  0.0000000000e+00  0.0000000000e+00  0.0000000000e+00  0.0000000000e+00  0.0000000000e+00  0.0000000000e+00  0.0000000000e+00  0.0000000000e+00  
-3.8996106176e+00  2.5656814483e-05  2.5508935358e-05  -1.6395037851e-03  1.6418575879e-03  4.3112886255e-04  4.3176771606e-04  7.4519569841e-03  7.4581705720e-03  2.0588973613e-03  2.0611962944e-03  -1.3216811381e-03  1.3236561213e-03  -8.1520723656e-04  8.1668797472e-04  -3.9765333386e-03  3.9869690497e-03  -1.4903444315e-02  1.4923864223e-02  6.5540158815e-03  6.5640379225e-03  -3.7255835029e-03  3.7307764484e-03  -2.0611865235e-03  2.0645728457e-03  5.9409701681e-03  5.9500818230e-03  
-3.8000000000e+00  0.0000000000e+00  0.0000000000e+00  0.0000000000e+00  0.0000000000e+00  0.0000000000e+00  0.0000000000e+00  0.0000000000e+00  0.0000000000e+00  0.0000000000e+00  0.0000000000e+00  0.0000000000e+00  0.0000000000e+00  0.0000000000e+00  0.0000000000e+00  0.0000000000e+00  0.0000000000e+00  0.0000000000e+00  0.0000000000e+00  0.0000000000e+00  0.0000000000e+00  0.0000000000e+00  0.0000000000e+00  0.0000000000e+00  0.0000000000e+00  0.0000000000e+00  0.0000000000e+00  
-3.6989272902e+00  1.0590669747e-04  5.1776233406e-05  9.3985590165e-04  9.9983167822e-03  -2.8101803980e-03  1.0642829155e-02  1.3616414206e-02  1.0386874419e-02  8.6301813668e-03  6.8653821104e-03  -1.5102613545e-02  1.8410419989e-02  -1.1636783874e-02  1.9320394825e-02  2.6970685721e-03  1.5485487140e-02  8.4566956106e-03  2.1630555255e-02  -1.9831424790e-03  4.2550892926e-03  9.3991623902e-03  1.7840739433e-02  5.3391626960e-03  1.7483461304e-02  4.9986954177e-04  1.8082301753e-02  
-3.5973379978e+00  2.4640820023e-04  7.8047359170e-05  -9.5811303211e-03  3.3146399853e-02  1.1548558908e-02  3.1607327738e-02  -2.6331581074e-02  2.2878129707e-02  -3.2678433471e-02  2.8688896292e-02  4.9607133566e-03  1.6688759002e-02  5.8863425582e-03  2.3271853828e-02  2.0691210893e-02  1.7845281884e-02  1.1135450715e-02  1.6384471424e-02  1.9998992883e-02  2.9327750818e-02  -1.2418713770e-03  2.0453922224e-02  1.4968609141e-02  1.4991929704e-02  3.7450848077e-02  2.3253345375e-02  
-3.4885587024e+00  1.0313887392e-03  1.6688157481e-04  1.0961535159e-02  4.4917170792e-02  -3.7349206936e-02  4.1511470831e-02  1.0244747457e-03  4.6157407659e-02  -3.0774593729e-02  4.6551694581e-02  1.7830522921e-02  3.5836816425e-02  -1.0534663436e-02  3.9106547977e-02  2.9050810891e-02  4.2614838014e-02  9.9030896878e-03  4.9080231542e-02  1.6745097070e-02  4.7990225795e-02  2.5430023584e-02  4.0908960598e-02  -4.2172946821e-02  3.7813228581e-02  -7.0074778495e-02  4.1666225921e-02  
-3.3843179309e+00  1.9451065706e-03  3.4461379564e-04  -2.4800394927e-02  4.8536388244e-02  3.1792496409e-02  4.7650590182e-02  1.8331181978e-02  4.7324012334e-02  -4.8675788876e-04  4.8090222386e-02  -5.2570944468e-02  3.4821735404e-02  -2.8811937857e-02  3.8765509613e-02  3.9216275875e-02  3.9146619464e-02  6.1477094315e-02  4.6603768861e-02  -2.1384985510e-03  3.7055478606e-02  3.2913137561e-02  4.1008714108e-02  1.5088219154e-01  4.6565007019e-02  1.3062031757e-01  4.9389126153e-02  
-3.2761181466e+00  3.5719686672e-03  3.9982757418e-04  3.1898242851e-02  5.0584793402e-02  8.4601299691e-02  4.8163273178e-02  6.3650340202e-02  5.4609141843e-02  8.9855504856e-02  5.4902740312e-02  -7.9700926227e-02  4.6307054387e-02  -2.3121243298e-03  4.6820485995e-02  -9.1074532541e-02  5.1235927952e-02  1.9362377402e-02  4.9158964638e-02  -1.2365652452e-01  5.1729404815e-02  -3.7161088212e-02  4.6674295985e-02  6.5036256119e-02  4.6943356254e-02  3.4430416517e-02  5.0426587524e-02  
-3.1697415906e+00  6.8660574964e-03  7.0898541240e-04  -4.5094430782e-02  5.1370023239e-02  -4.4192288349e-02  4.6152124683e-02  -3.4230068246e-02  4.1728090811e-02  -3.1731136008e-02  4.2417066704e-02  6.0318623205e-02  4.9218851752e-02  5.7975294842e-02  4.9115251235e-02  4.5678705400e-02  4.5961352812e-02  3.1082624412e-02  4.5489341141e-02  -5.6473735242e-02  4.5383348897e-02  -1.5346027700e-02  4.3510003374e-02  4.4282924172e-02  4.7847206409e-02  5.3331559098e-02  4.8974891202e-02  
-3.0587966028e+00  1.1891009689e-02  9.4875760709e-04  -3.2828134248e-02  4.1535757815e-02  -2.7098519779e-02  4.0726422936e-02  5.2012082545e-02  3.7098596260e-02  7.2187744056e-02  3.6250358624e-02  4.3132993445e-02  4.5825140204e-02  1.3514688200e-02  3.7287485230e-02  -1.4764652267e-02  3.8913006192e-02  -4.0881747437e-03  4.4189064309e-02  -2.0416912147e-02  3.4238717467e-02  -4.8991639842e-02  3.6234969985e-02  -4.6369271875e-02  4.8207998003e-02  -6.2464612124e-02  4.1788474093e-02  
-2.9545117277e+00  1.9260745200e-02  1.3823302894e-03  6.5282416003e-02  4.7360318635e-02  7.3136570480e-02  4.1245707734e-02  -5.6914562194e-03  3.6747818515e-02  -7.4510809322e-03  3.7838595645e-02  1.1004950234e-02  3.2830956636e-02  5.8878695392e-03  3.5729700076e-02  4.1681151911e-02  3.3722832270e-02  3.5383017539e-02  3.1035997243e-02  -2.4665408983e-02  3.5021817391e-02  -2.1027251174e-02  3.5902895195e-02  -6.3869770665e-03  2.8399511148e-02  1.8528426760e-02  2.6670253296e-02  
-2.8521370847e+00  2.6645398864e-02  1.4032209513e-03  -2.8588391841e-02  3.2735095171e-02  -4.5248839728e-02  2.7876372163e-02  7.5899211679e-03  3.6793224637e-02  -2.8077442342e-03  3.5298120228e-02  2.6865207293e-02  2.5568940369e-02  1.0680601953e-03  2.3072168214e-02  8.1525677517e-03  3.4521385694e-02  5.1012565992e-04  3.0049262893e-02  2.6014222694e-02  2.7268358509e-02  -1.5030869134e-02  2.6638311635e-02  5.4499504477e-02  2.6314751477e-02  3.1109303802e-02  2.6381006480e-02  
-2.7503818739e+00  3.7725047098e-02  1.9448157516e-03  1.7043627540e-02  2.1587835023e-02  5.6489680233e-03  2.1480323768e-02  3.3837161645e-02  2.3478861159e-02  1.2498630074e-02  2.0724255312e-02  2.2944155146e-02  2.5513282815e-02  -1.4659679703e-02  2.5582466573e-02  2.0834842908e-02  2.6293874760e-02  2.1762897356e-03  2.5081135708e-02  4.5325117037e-02  2.2862881921e-02  -2.7158149471e-03  2.2431704206e-02  1.1341715164e-02  2.1807755268e-02  -1.0498353170e-02  1.9680609280e-02  
-2.6523191022e+00  4.8986272797e-02  2.1449821899e-03  2.5224833031e-02  1.8974498695e-02  -1.5260351626e-02  2.2613850879e-02  -2.4730551855e-03  1.8349985635e-02  -7.2566218982e-03  1.5904930896e-02  3.2326501220e-02  2.1053922141e-02  6.7575063471e-03  1.9342527907e-02  -8.0707311409e-03  1.7038025825e-02  2.6092929437e-03  1.9414892915e-02  2.0487688624e-02  2.0817670343e-02  3.9067713284e-02  2.2007451124e-02  -1.3116977144e-02  2.2845872822e-02  -2.1092685597e-02  1.8143919809e-02  
-2.5501549648e+00  6.0194929387e-02  2.5319757942e-03  3.7860793248e-02  1.4419344740e-02  2.9035440001e-02  1.5843675307e-02  2.4904985192e-02  1.6143614309e-02  1.7929281479e-02  1.6939457057e-02  6.8120344746e-03  1.9641260826e-02  2.1239399650e-03  1.9535262579e-02  7.4275109001e-03  1.3578665087e-02  -2.3332740859e-02  1.7149654302e-02  8.7648596387e-03  1.7836038211e-02  1.6837413907e-02  1.6090131705e-02  -1.7298662240e-02  1.8087343788e-02  -3.4502311962e-02  1.6202908900e-02  
-2.4512380791e+00  7.3671228860e-02  2.9556135442e-03  -2.0524607804e-02  1.6290954213e-02  -2.6729530549e-02  1.6069424603e-02  1.1929198792e-02  1.7089533395e-02  -9.8027541903e-04  1.6987146331e-02  2.3815442311e-02  1.7850809369e-02  -1.4273265842e-02  1.6961207927e-02  3.8092701157e-02  1.2440261958e-02  1.4125116703e-02  1.3906041288e-02  -5.0062190503e-03  1.5395000246e-02  4.1815253591e-03  1.5387933014e-02  9.2718624561e-03  1.5629425084e-02  1.4940555231e-02  1.3997693698e-02  
-2.3500822698e+00  8.6616534569e-02  2.7701407997e-03  2.4672445058e-02  1.5965024712e-02  -7.5039376891e-03  1.4077322798e-02  1.5020375766e-02  1.5730758022e-02  4.9464732721e-03  1.5336828297e-02  -1.0711377128e-03  1.4514048996e-02  -2.6240395453e-04  1.3847650150e-02  1.9979012138e-02  1.5643754512e-02  -2.8465766041e-03  1.3590442705e-02  2.2167045706e-02  1.3880614944e-02  -3.5495223191e-03  1.5356339326e-02  1.0223294068e-02  1.2630709088e-02  -2.5389512055e-03  1.3146932893e-02  
-2.2501832748e+00  9.7110599780e-02  2.8241547695e-03  2.9495920187e-02  1.2524197301e-02  4.2079612236e-03  1.3426838666e-02  3.7687889706e-02  1.2963003000e-02  1.9925323912e-02  1.3613626714e-02  2.4982940828e-02  1.3249001991e-02  1.3324270519e-02  1.2966458188e-02  2.0776609169e-02  1.1745955174e-02  2.6957648026e-03  1.1951584312e-02  2.0163365068e-02  1.4123806299e-02  8.3770932372e-03  1.2560615735e-02  2.1805203144e-02  1.2530409222e-02  6.2740251696e-03  1.5621562406e-02  
-2.1505139200e+00  1.0789541067e-01  2.8634755560e-03  3.8800000478e-03  1.1639112034e-02  -2.3493782587e-02  1.1327122070e-02  3.3664274307e-02  1.1789178941e-02  3.0428775134e-02  1.1926169152e-02  8.3083588402e-03  1.3555961513e-02  -6.2603609840e-03  1.4987198754e-02  1.1206849154e-02  1.4775381307e-02  -8.4916068819e-03  1.1489983327e-02  3.3271649062e-02  1.3049963685e-02  5.6071850578e-03  1.2711577906e-02  1.2881899439e-02  1.1931925360e-02  -2.4440591805e-03  1.1844808917e-02  
-2.0509364168e+00  1.2069557073e-01  3.0029186350e-03  1.5242173250e-02  1.0854765806e-02  6.8174453728e-03  9.6759360140e-03  1.5537670449e-02  9.7935146495e-03  9.9461069404e-03  1.0016663079e-02  3.3501411703e-02  1.1047900464e-02  1.3940174262e-02  1.0557512741e-02  3.3516645257e-02  1.1604856055e-02  5.9099006621e-03  1.0968075896e-02  1.7423222324e-02  9.8719678688e-03  4.8633294794e-03  9.8170382747e-03  1.2349487514e-02  1.2535294429e-02  -7.5458025471e-03  1.0576555100e-02  
-1.9505870408e+00  1.2862453021e-01  2.8648679753e-03  1.4402089901e-02  9.8527028341e-03  6.3563895482e-03  1.1524834524e-02  3.0902830671e-02  1.0695068109e-02  2.4227227050e-02  1.0503564833e-02  3.1062677767e-02  1.2726742513e-02  -6.1997272969e-06  1.3170701010e-02  2.1410824030e-02  9.8193235414e-03  1.0408741376e-02  1.0705460218e-02  1.6093516008e-02  9.7779692519e-03  -3.8672978182e-03  1.2132781757e-02  1.3916335857e-02  1.1267390465e-02  -1.6252083760e-03  1.0283636279e-02  
-1.8502592395e+00  1.4217462091e-01  3.2802887819e-03  8.1123414116e-04  1.0939625362e-02  -6.9097704988e-03  1.1078098139e-02  3.3229806182e-02  1.0672469972e-02  2.7471546863e-02  1.0288510647e-02  8.0809729433e-03  1.1008669537e-02  -1.5408450418e-03  1.2066617596e-02  3.6675388919e-02  1.3110341608e-02  1.1189532635e-02  1.2008052729e-02  5.2337850597e-03  9.7013042397e-03  1.5369165996e-03  1.0925320598e-02  1.5418055561e-02  1.0043338414e-02  -8.3960866615e-03  1.1677743100e-02  
-1.7498461855e+00  1.4339892387e-01  3.1235856837e-03  2.4972252845e-02  1.0225714238e-02  6.3500834136e-03  1.0502938071e-02  1.0790280271e-02  1.0779875486e-02  2.1870057302e-03  1.1488957706e-02  2.4798319740e-02  1.1081461293e-02  1.0121361763e-02  1.0022094544e-02  3.0350701691e-03  8.6941831090e-03  -4.0153846143e-03  8.8021543971e-03  3.6226013838e-02  1.1138405271e-02  7.7030458849e-03  1.1307375149e-02  1.6521766621e-02  1.1047635191e-02  -7.2799709765e-03  9.3884798010e-03  
-1.6504070946e+00  1.5741342483e-01  3.5650445176e-03  9.9472093279e-03  1.0225438345e-02  2.1449662472e-03  1.0282006589e-02  3.5354513205e-02  9.8812389491e-03  2.7501212760e-02  9.9531096237e-03  2.2069856278e-03  9.8187231163e-03  -4.3251177156e-03  9.1528104365e-03  3.7930819668e-02  1.1404976296e-02  -6.8951797564e-03  1.1250980085e-02  7.9396575439e-04  9.0521367510e-03  -7.6448872764e-03  9.2048325016e-03  1.9250864286e-02  9.7200374448e-03  4.8148350712e-03  1.0734840862e-02  
-1.5504473270e+00  1.5923678347e-01  3.3490976511e-03  3.5809283471e-02  9.9308070733e-03  1.1847017050e-02  1.0077584967e-02  5.6176671153e-02  1.1005760002e-02  5.0249989822e-02  1.0935705914e-02  1.8321630979e-02  9.6182268438e-03  1.3163475252e-02  9.1046489009e-03  6.1598220047e-03  1.1625128395e-02  -1.8219570666e-03  1.0417115330e-02  1.6732259731e-02  1.1543339358e-02  2.4746250622e-02  9.9054370725e-03  1.5264424694e-02  1.1914747073e-02  1.1900872847e-03  1.1669202151e-02  
-1.4505003757e+00  1.7073993563e-01  3.6537941014e-03  2.0029265998e-02  9.8277661753e-03  4.2612606546e-03  1.0226342921e-02  4.0397860018e-02  8.3089322027e-03  3.4216339558e-02  8.8405924354e-03  2.2771725727e-02  8.1138063839e-03  1.0805520642e-02  9.0622862854e-03  2.0441545277e-02  8.6089029669e-03  8.4233099534e-03  9.5191051597e-03  1.2874575284e-02  9.9432499688e-03  -4.1749336672e-03  1.0662342312e-02  2.4976432167e-02  8.8779323101e-03  1.0481089778e-02  8.3131410155e-03  
-1.3507567479e+00  1.7724716626e-01  3.7456825649e-03  2.0580601182e-02  9.3068722374e-03  4.0965305509e-03  1.0067895700e-02  4.8390118534e-02  9.6113389310e-03  4.4644684771e-02  9.6049842959e-03  1.7472035648e-02  7.4656015387e-03  8.9422064996e-03  8.0073613402e-03  2.6278872751e-02  1.0763065138e-02  9.4350661161e-03  1.1117585248e-02  1.2924742271e-02  8.7152216620e-03  -1.3451491559e-03  8.0745165999e-03  1.7932686188e-02  8.0748232177e-03  -2.3775578152e-03  8.6916542564e-03  
-1.2509700452e+00  1.7767541962e-01  3.4213532168e-03  1.3082471626e-02  1.0163938176e-02  1.2511268618e-02  1.0404229293e-02  6.0399286053e-02  8.6481118387e-03  4.6633920826e-02  8.2326782192e-03  1.6219525773e-02  8.8026212022e-03  1.2973379764e-02  8.4833258220e-03  3.1860369306e-02  9.1895444880e-03  4.7978693227e-03  9.7557640221e-03  3.8775549048e-02  9.2059635289e-03  1.5859889935e-02  1.1089385280e-02  4.0428198867e-02  8.8927353434e-03  1.2766176222e-02  1.0169863431e-02  
-1.1510730878e+00  1.8469491541e-01  3.7942420198e-03  2.5434266312e-02  9.9100856904e-03  1.2512290435e-02  8.6467795209e-03  5.1918952937e-02  9.5299881048e-03  4.1128384621e-02  9.1446661988e-03  1.6058739440e-02  9.9895705626e-03  1.2582811397e-03  1.0615462020e-02  4.1797372084e-02  1.0348235689e-02  1.7883562350e-02  1.1678024979e-02  8.3525061173e-03  7.6632187906e-03  -2.0682884751e-03  7.2430516294e-03  2.0832476302e-02  8.1588292971e-03  5.9608871380e-03  8.9652651601e-03  
-1.0508129549e+00  1.8914657459e-01  3.7528213544e-03  1.4409846904e-02  8.6614084307e-03  1.2270081579e-03  8.7154133229e-03  6.3738262238e-02  7.9529741490e-03  5.6879895889e-02  8.0675008613e-03  1.8021907976e-02  8.9655667741e-03  6.6094445365e-03  9.7955947836e-03  3.1278727673e-02  9.5456951559e-03  1.5263889475e-02  9.1038656898e-03  1.7842850336e-02  1.0079013081e-02  5.7598632503e-03  8.8994215350e-03  2.7191475882e-03  9.8241428060e-03  -1.0322510432e-02  1.0103663074e-02  
-9.5055195062e-01  1.9435853400e-01  3.4546612878e-03  2.6759711879e-02  8.6412545367e-03  9.4928222558e-03  8.4184422628e-03  6.7113340341e-02  8.4167972195e-03  5.6159588958e-02  9.1087018151e-03  2.2240432955e-02  8.7374162377e-03  2.4726769731e-03  9.2912136601e-03  2.1245410358e-02  7.9095647469e-03  1.1914786085e-02  8.0357911277e-03  7.0830092824e-03  8.4983677940e-03  -1.4954947737e-02  9.4879479719e-03  1.5936918064e-02  1.0358728187e-02  -4.2232520572e-05  8.7328649399e-03  
-8.5070738286e-01  1.9656450762e-01  3.6908386000e-03  1.5861494638e-02  1.0476451381e-02  7.4203892938e-03  9.7549060048e-03  6.4661147868e-02  8.0312912884e-03  6.2364559594e-02  8.3830639314e-03  2.9274626201e-02  8.6580616564e-03  1.4139400911e-02  9.1161421162e-03  2.2794927842e-02  8.3838878082e-03  -3.0045499919e-03  7.9515348113e-03  6.7901990785e-03  8.1439442174e-03  -4.0928253220e-03  8.3156465360e-03  2.8173161970e-02  8.8803526877e-03  6.6702387277e-03  9.5279843489e-03  
-7.5070745221e-01  1.9704468429e-01  3.3535662499e-03  9.4634286451e-03  7.8008364456e-03  1.4988063381e-02  7.8222016647e-03  5.6832463066e-02  8.9090094628e-03  5.9042284336e-02  8.7312623905e-03  9.7734437056e-03  8.8392788609e-03  1.7375594808e-02  8.1239093436e-03  2.3862205904e-02  9.3070295145e-03  2.0840659295e-02  9.1242132632e-03  1.7852785383e-02  9.0812550814e-03  2.3032576328e-02  8.9143100745e-03  2.0172984506e-02  9.2554775758e-03  2.2058288237e-02  8.5435622330e-03  
-6.5093568933e-01  2.0300912240e-01  3.7936009122e-03  3.3105794967e-02  8.5970069915e-03  3.5540285277e-02  8.1950856477e-03  6.4936068301e-02  8.6048682734e-03  7.0241932971e-02  9.1091222363e-03  1.7522301966e-02  8.8736596487e-03  1.9208689940e-02  9.8253405478e-03  2.0094566317e-02  9.4775038066e-03  4.7153075986e-02  8.5877591177e-03  1.9320288418e-03  8.2889379001e-03  3.1890103200e-02  7.8345391247e-03  2.8694636346e-02  7.3673910966e-03  4.4351901889e-02  7.1951318975e-03  
-5.5090591247e-01  2.0026815482e-01  3.7211083193e-03  2.7682364350e-02  8.3621497434e-03  4.5259728822e-02  7.9895129501e-03  4.3757178480e-02  7.0759244483e-03  5.3220551872e-02  7.5926087646e-03  9.1267737328e-03  8.1401839550e-03  2.8322570013e-02  8.2966298458e-03  2.6906972814e-02  7.6368423576e-03  2.7083189365e-02  7.5473316782e-03  2.3924087452e-02  7.8684905973e-03  1.9836989911e-02  9.2765546585e-03  1.6585661346e-02  8.0877282676e-03  2.3689865509e-02  8.1012127914e-03  
-4.5053526495e-01  1.9962009445e-01  3.4542422290e-03  3.8684172775e-02  8.7502474715e-03  3.4539849177e-02  1.0487621517e-02  6.2561098041e-02  8.2715364975e-03  5.9854845963e-02  8.3140033008e-03  1.5801934743e-02  7.6321353515e-03  2.3231352945e-02  7.2887503922e-03  2.1986996541e-02  7.9675346439e-03  3.6328541345e-02  7.2551392614e-03  1.9939974378e-02  8.1305095106e-03  3.4381432048e-02  8.4038177581e-03  2.2990760241e-02  9.2895845428e-03  4.0569857607e-02  8.8792621592e-03  
-3.5039195234e-01  2.0733826161e-01  3.6845029230e-03  2.2666191384e-02  9.4326412120e-03  4.2187210443e-02  9.5325878560e-03  6.4986377497e-02  8.2470670641e-03  6.5090762970e-02  8.0212804672e-03  1.8730489206e-02  8.7687857793e-03  2.8754929249e-02  7.3337640415e-03  1.3716372687e-02  6.7006863437e-03  2.9726810810e-02  6.3542922336e-03  4.8905154725e-03  8.6453576808e-03  1.3852263034e-02  9.0970682096e-03  1.2504932178e-02  8.5484556629e-03  3.3441684131e-02  9.0094972544e-03  
-2.4996193593e-01  2.0620118889e-01  3.4376284481e-03  3.2482374695e-02  7.7432219877e-03  4.1055603471e-02  7.2948365284e-03  5.9907831368e-02  7.8512994781e-03  6.4844423537e-02  7.3410168373e-03  1.4672504877e-02  8.3440392723e-03  2.5307589351e-02  7.8211704020e-03  3.3758851324e-02  8.0543358866e-03  3.3111328814e-02  7.8890222893e-03  1.0410208781e-02  7.6158335318e-03  2.0207392894e-02  8.3511719738e-03  2.4309628481e-02  9.3611323917e-03  2.5949238437e-02  9.7773251629e-03  
-1.5043817585e-01  2.0587157166e-01  4.0202213558e-03  2.5820481025e-02  7.1296520115e-03  5.0370515139e-02  9.5822131888e-03  6.5094857664e-02  9.0457330479e-03  6.9520993433e-02  8.4749432285e-03  3.6732914048e-02  8.5483693773e-03  4.3452294997e-02  7.8424707394e-03  -9.2780641103e-04  7.6789206137e-03  2.3604978082e-02  7.3327436656e-03  2.1156022884e-02  8.1092831763e-03  1.6941776931e-02  8.8319216075e-03  2.3283651388e-02  7.6281352730e-03  3.4332733353e-02  7.0109774896e-03  
-5.0203660256e-02  2.0611181599e-01  3.6334481786e-03  2.5789046059e-02  9.1042002105e-03  3.9664186603e-02  9.0149154574e-03  8.4527940455e-02  9.8478475385e-03  9.6313532620e-02  9.6172230031e-03  1.1928637118e-02  8.6536019552e-03  3.0374393949e-02  8.9233571164e-03  1.3878431372e-02  7.4553460555e-03  2.3743003921e-02  7.8629388543e-03  -1.5158331957e-03  7.4282262603e-03  2.2115397559e-02  8.8704411859e-03  1.8066834269e-02  9.4705529134e-03  2.7138419678e-02  9.7599762225e-03  
4.8987867060e-02  2.0390178517e-01  3.4870403528e-03  3.9527793732e-02  8.7299966789e-03  5.0009555154e-02  8.7552767055e-03  5.5085213369e-02  1.1160215841e-02  5.8561989858e-02  1.0563649371e-02  3.6246908006e-02  7.7791055754e-03  3.4086702984e-02  6.9832627103e-03  3.3429433824e-02  8.7218212796e-03  4.2865140215e-02  8.7987539688e-03  1.6396490345e-02  9.3650259950e-03  2.8532472343e-02  7.5651541470e-03  2.2718477757e-02  9.8332521057e-03  2.2071237628e-02  8.9925488941e-03  
1.4925697625e-01  2.0162730192e-01  3.5475206606e-03  2.5253276048e-02  9.3864357324e-03  3.6668965388e-02  9.2112551820e-03  7.0616393552e-02  9.3211224128e-03  7.7276941764e-02  9.2502742456e-03  2.4926822702e-02  8.5538678572e-03  3.3549624150e-02  7.8992974982e-03  1.3686301171e-02  9.4942275556e-03  2.8092015961e-02  7.9101469420e-03  2.8728469241e-02  9.4061922907e-03  3.9025961947e-02  9.5429217806e-03  2.4343800558e-02  8.3655400401e-03  2.9288702190e-02  7.8379743778e-03  
2.4961883249e-01  2.0591744526e-01  3.3119096810e-03  2.5034183608e-02  8.8828852337e-03  2.8199503729e-02  8.3158373268e-03  7.1942871711e-02  7.9290101277e-03  7.0373014370e-02  7.7416772755e-03  1.5291451050e-02  7.5489118022e-03  2.9076094966e-02  9.3432566352e-03  3.4112689318e-03  9.1884955401e-03  3.0957642887e-02  9.1552397424e-03  2.3608999853e-02  8.4410391186e-03  2.3500632016e-02  9.9572875478e-03  6.1353478591e-03  9.1502330117e-03  2.9044694363e-02  9.1166821108e-03  
3.4975953622e-01  2.0082129867e-01  3.5981606814e-03  3.5704768072e-02  6.9686255094e-03  3.5822486312e-02  7.3190060373e-03  5.2080804092e-02  9.5798889641e-03  5.8378889824e-02  9.0966412141e-03  2.5444641184e-02  7.8667190855e-03  3.1768804458e-02  9.2219802983e-03  3.1878567286e-02  7.5433200727e-03  3.2821293436e-02  8.0356969477e-03  2.2395240782e-02  8.6715710911e-03  2.8992226017e-02  9.2793307041e-03  1.7536823368e-02  7.6905066085e-03  3.0743638743e-02  8.3379693214e-03  
4.4963933343e-01  2.0312466434e-01  3.5307353806e-03  2.7750784609e-02  8.7039948102e-03  3.4004317376e-02  8.4677038641e-03  5.9096703566e-02  8.7643220754e-03  6.3337543130e-02  9.5206875863e-03  1.8266788366e-02  7.8991400806e-03  3.0171234959e-02  7.7547461804e-03  3.7209726351e-02  9.5639848364e-03  4.0156062165e-02  1.0067666909e-02  3.5870429587e-02  8.8232347474e-03  4.1310696119e-02  7.9838217617e-03  8.0157780047e-03  8.0114784249e-03  1.2528440888e-02  6.8048143740e-03  
5.4961218053e-01  1.9978944771e-01  3.4935514015e-03  4.8673410055e-03  8.6097043319e-03  2.3163477298e-02  8.4205854289e-03  6.0286609747e-02  1.0170387197e-02  6.6383836449e-02  1.0028825778e-02  1.8229923015e-02  7.4973149385e-03  2.7434983220e-02  7.5767060021e-03  1.2213658475e-02  6.8456012133e-03  1.4740359468e-02  7.5305611870e-03  1.6395659872e-02  8.7351656069e-03  2.5433805519e-02  7.4077679681e-03  1.1464146867e-02  7.9686942752e-03  1.7414677466e-02  7.9162628750e-03  
6.4923452234e-01  2.0172354192e-01  3.2662995646e-03  2.0116541288e-02  8.1499200098e-03  3.3460550262e-02  7.4331648624e-03  5.4605018616e-02  9.0808595714e-03  6.2449369125e-02  8.8296238998e-03  1.7386412245e-02  8.6467379698e-03  1.8468112902e-02  7.0270066460e-03  2.4617916248e-02  8.9767112850e-03  3.3653630677e-02  8.7663713101e-03  2.1855099715e-02  9.6484777164e-03  3.9576195835e-02  9.8623072071e-03  8.1883507081e-03  8.0560379577e-03  2.3502755034e-02  7.4372931277e-03  
7.4875012963e-01  1.9497067556e-01  3.8716292343e-03  4.0020229982e-02  7.7975220314e-03  3.0872040866e-02  8.1224206658e-03  4.4931099852e-02  7.9807226314e-03  4.7194714919e-02  8.0333107596e-03  1.5224285567e-02  9.7562536443e-03  3.5336284282e-02  9.7154433104e-03  8.4951779847e-03  9.1715134183e-03  1.5188885288e-02  1.0267958206e-02  2.0536431841e-02  6.9637058660e-03  3.1541604138e-02  7.4501613819e-03  3.0356505677e-02  8.8335104048e-03  4.4049922524e-02  7.2868164551e-03  
8.4959711914e-01  1.9232322903e-01  4.0276586565e-03  1.8950821326e-02  1.0255062446e-02  -2.1044225546e-03  9.2234288436e-03  4.8473920273e-02  9.9861765999e-03  3.8943719895e-02  1.0558100033e-02  1.0024879858e-02  8.3457053740e-03  9.4442991932e-04  8.4873445970e-03  2.9696832427e-02  8.7056870163e-03  1.2045206375e-02  1.0035135000e-02  2.3935601427e-02  9.8891342361e-03  -4.8203840457e-04  9.8134609072e-03  2.2462773875e-02  8.4179180949e-03  1.6833307292e-02  9.1439603022e-03  
9.4938735447e-01  1.9196274226e-01  4.2400779064e-03  1.6611163315e-02  6.8048846802e-03  2.7486069391e-03  7.0837176838e-03  7.1952154737e-02  1.0325614834e-02  6.4628858303e-02  1.0680006539e-02  2.0762602297e-02  8.4693226391e-03  1.4124938401e-02  8.6188892320e-03  6.7021104590e-03  7.6801904299e-03  -6.6898999304e-03  8.1410179200e-03  2.5902308648e-02  8.7758822708e-03  6.1495292833e-03  8.5191250510e-03  3.4829552375e-02  1.0038701641e-02  5.4342969965e-03  1.0083397096e-02  
1.0489479329e+00  1.8241132040e-01  3.6131299828e-03  2.2558423434e-02  9.6114424198e-03  -2.1369519386e-03  9.7687289765e-03  5.3162202455e-02  7.4645692831e-03  4.7352578618e-02  7.7767678231e-03  5.6896632625e-03  9.5098253128e-03  -7.3780250147e-03  9.9899010539e-03  5.0775310868e-03  1.0279207307e-02  -1.1232607279e-02  9.6220890902e-03  1.5775421197e-02  9.4897616544e-03  1.0542137628e-02  9.0348610930e-03  1.7423269328e-02  9.3904627120e-03  4.6282678923e-03  9.1238748278e-03  
1.1489302533e+00  1.7791800872e-01  3.7751472437e-03  1.1590274683e-02  9.4675078205e-03  3.3635631433e-04  9.7378836008e-03  6.5790793366e-02  1.0216285240e-02  5.5876823229e-02  1.0272684905e-02  2.1535762215e-02  8.3738829675e-03  2.6951725460e-03  7.9296475689e-03  1.5053940179e-02  7.7406250038e-03  8.8387342916e-04  8.1710486030e-03  1.8179877469e-02  7.9674250459e-03  -6.7235311261e-03  1.0023390500e-02  2.2907296998e-02  1.0273520919e-02  1.0964851769e-02  9.5304443508e-03  
1.2490500151e+00  1.7455779481e-01  3.6270786038e-03  2.0835590816e-02  7.5200979672e-03  5.7341339513e-03  9.6149235924e-03  4.9902644437e-02  8.9572129723e-03  4.1157884204e-02  9.3187571186e-03  9.0144755117e-03  8.2471786785e-03  -4.3976054509e-03  9.7413766039e-03  2.5878249953e-02  9.0346670745e-03  9.5185397676e-03  9.8194020033e-03  2.2131264284e-02  8.8568192049e-03  -4.1185418616e-03  9.1167866852e-03  9.3926212464e-03  7.9879761323e-03  -5.0778398053e-03  8.0878758845e-03  
1.3484698894e+00  1.6935390430e-01  3.8322922957e-03  1.6583306734e-02  7.7464451680e-03  9.6834553348e-03  8.3618223818e-03  3.5494323461e-02  9.4096739074e-03  2.6054042978e-02  9.7478313112e-03  1.6200231836e-02  9.0607467430e-03  8.9727269433e-03  8.9202058713e-03  3.2880426044e-02  7.3080922007e-03  1.2197802597e-02  8.4665230884e-03  2.0256693978e-02  9.8792937951e-03  1.0294487613e-02  9.9037997933e-03  2.8505180461e-02  1.0932342256e-02  2.8746035832e-03  1.0455296344e-02  
1.4483617015e+00  1.6485756373e-01  3.3921202446e-03  1.4528238270e-02  7.0698944672e-03  5.1629909888e-03  7.7577810304e-03  5.3889404981e-02  1.2195216610e-02  4.3832928594e-02  1.2011308639e-02  2.6222420835e-02  9.7701172727e-03  9.1004939862e-04  1.0658494471e-02  2.2848932573e-02  1.0124871774e-02  1.2175416490e-02  1.0721551484e-02  7.9849143625e-03  1.0507445240e-02  -5.5797623305e-03  1.0702498413e-02  2.1363588000e-02  9.4157994564e-03  1.0026533463e-02  8.4793206892e-03  
1.5491180918e+00  1.5492236731e-01  3.6190436616e-03  1.3009204345e-02  1.0594305110e-02  8.5067582816e-03  1.1393083182e-02  5.2663226975e-02  9.1693278090e-03  4.7948327852e-02  8.8375692788e-03  1.8778227747e-03  8.4816619347e-03  -1.0517414862e-02  9.3127520467e-03  1.3090411095e-02  6.8588397176e-03  1.5568105898e-02  8.3994226589e-03  2.7430268309e-02  1.0067759928e-02  1.5182970778e-03  9.3808269592e-03  9.5173893450e-03  8.0392552431e-03  -2.0872145904e-02  8.5775574072e-03  
1.6491115092e+00  1.5088219105e-01  3.4394121993e-03  1.0985610632e-02  9.9582155751e-03  9.0737469190e-04  1.0831544751e-02  4.1432829170e-02  1.0315120688e-02  3.7030213463e-02  1.0409932902e-02  1.9721063574e-02  9.9272904337e-03  5.0619769885e-04  8.3527214000e-03  3.4293803940e-02  9.8055058451e-03  1.1513960158e-02  1.0124561649e-02  4.3393153749e-02  1.0006688064e-02  2.0269778429e-02  9.9873819585e-03  2.3764618747e-02  1.0441601424e-02  -4.6879155359e-03  1.1346152414e-02  
1.7489221393e+00  1.3891456151e-01  3.2052980546e-03  1.6077136275e-02  1.0597782928e-02  9.9041755342e-04  9.2879225269e-03  5.5716042037e-02  1.2405830682e-02  4.7312222591e-02  1.3664456661e-02  4.0473382201e-03  9.3012963135e-03  -1.5254205327e-02  8.9175620076e-03  5.4083225958e-03  1.1273165250e-02  -4.9676968846e-03  1.1522330452e-02  2.5112971444e-02  9.7568531564e-03  1.1490644449e-02  9.2366938139e-03  -2.7219311751e-03  1.1390399493e-02  7.7413194947e-03  1.0929009414e-02  
1.8488424018e+00  1.3286282213e-01  3.2669648078e-03  1.4110415710e-02  1.0526041763e-02  -4.0789263646e-03  1.3368199420e-02  3.3520233445e-02  1.2607273656e-02  1.5741406242e-02  1.3020583882e-02  3.0065441943e-02  8.4233905778e-03  -4.6096092895e-04  9.1184259349e-03  1.8452170439e-02  1.3065682879e-02  -4.5204798948e-03  1.1187064306e-02  2.3528847776e-02  1.0603323158e-02  3.3283781405e-03  1.1844228739e-02  1.6847471648e-02  1.1305888374e-02  -5.6685247251e-04  1.0301713091e-02  
1.9479991068e+00  1.2148698333e-01  3.2083025985e-03  3.0117042251e-02  1.3677762544e-02  1.3164266682e-02  1.2635396765e-02  4.3230714078e-02  1.3031575285e-02  3.5691144386e-02  1.2790878365e-02  2.5886517745e-03  1.1551107146e-02  -1.1443017604e-02  1.0901329969e-02  2.3166256320e-02  9.2868760525e-03  4.2106994400e-03  1.1072413431e-02  1.9680882988e-02  1.0842642982e-02  3.9279296857e-03  9.4736111986e-03  1.8476466931e-02  1.1032480358e-02  2.6814746567e-02  1.1510728543e-02  
2.0480242225e+00  1.1254046794e-01  3.2715636330e-03  3.1587918043e-02  1.3727021334e-02  1.5907969838e-02  1.4035758555e-02  1.4631373934e-02  1.2023098326e-02  7.3393771074e-03  1.2498977826e-02  2.2912468376e-02  1.1003216032e-02  1.6886522012e-02  1.0033910910e-02  6.3376759910e-03  1.2108700873e-02  -1.6089211018e-02  1.1518560167e-02  -5.9401720560e-03  1.1807357165e-02  -1.8305050183e-02  1.0348919547e-02  4.4984977803e-03  1.3688171261e-02  -1.6575910088e-02  1.2128137042e-02  
2.1467107467e+00  1.0259304095e-01  3.0539072030e-03  8.7395846510e-03  1.3918113672e-02  -1.1170741165e-02  1.2774476798e-02  1.2103226481e-02  1.2739134766e-02  4.1915668086e-04  1.2858073982e-02  3.8206662031e-02  1.4110032279e-02  2.8636780655e-02  1.3445353806e-02  -6.6803237451e-03  1.4866958522e-02  -7.8213100987e-03  1.3424439916e-02  1.1147557490e-02  1.1183690393e-02  -8.7896177130e-04  1.1304331611e-02  -4.4772360264e-03  1.2519991882e-02  -2.4616027439e-02  1.1075961094e-02  
2.2479552316e+00  8.8789664422e-02  2.8922287095e-03  2.5428051237e-02  1.6315096669e-02  1.1369826271e-02  1.5973637802e-02  1.8212197662e-02  1.3200176210e-02  1.4748707411e-02  1.3670685043e-02  2.2730184865e-03  1.2746472369e-02  -3.1520418128e-02  1.2501758481e-02  2.1370232514e-02  1.2485212431e-02  6.9790462690e-03  1.3346982164e-02  1.7502101852e-03  1.1555230608e-02  -2.6717276535e-02  1.2662493255e-02  4.0607720591e-03  1.1681496584e-02  -1.5203101607e-02  1.2298060031e-02  
2.3471086754e+00  7.8207828855e-02  2.8376826063e-03  1.7866529954e-02  1.2945115009e-02  4.9993943445e-03  1.3877884393e-02  9.3411426546e-03  1.4561970182e-02  1.3255826986e-03  1.4258860316e-02  2.7155892442e-03  1.4451139946e-02  -1.8917900138e-02  1.4112895873e-02  4.9461414054e-02  1.6780695119e-02  2.6776318915e-02  1.4468186906e-02  -3.0521322655e-03  1.3980925263e-02  -9.0697305792e-03  1.3353673275e-02  4.9451261340e-02  1.7331921350e-02  6.4883208909e-03  1.6857075990e-02  
2.4452172644e+00  6.7536166610e-02  2.9376406462e-03  -1.2710248631e-02  1.4155272383e-02  -1.2311783988e-02  1.5501064381e-02  -9.2292822266e-03  1.2654516503e-02  -1.4502446191e-02  1.3469811796e-02  2.0061565673e-02  1.8147394393e-02  2.4609362466e-04  1.6161058977e-02  1.1688233054e-02  1.0404506756e-02  -1.1274334326e-02  1.2731372766e-02  -3.0770338581e-03  1.4249768630e-02  -2.2750238714e-02  1.3544481652e-02  1.7633956266e-02  1.5135679245e-02  -6.1665973336e-03  1.4557709514e-02  
2.5456935230e+00  5.6161963729e-02  2.7837904768e-03  3.0724917509e-02  2.0942042290e-02  1.1538946139e-02  1.8383915807e-02  -4.1252284918e-04  1.6789177164e-02  -8.4789033915e-03  1.7228629803e-02  2.1709101625e-02  1.7426340671e-02  -2.1434928631e-02  1.4442884021e-02  4.6116440298e-02  2.0278024394e-02  1.8080544558e-02  2.3376707951e-02  -3.2441384630e-02  1.7721087447e-02  -3.0865562033e-02  1.4917146719e-02  1.7863974998e-02  1.5486582000e-02  6.3206413293e-03  1.7442963812e-02  
2.6436609244e+00  4.2168520091e-02  2.0245281854e-03  -1.8248171695e-02  2.2369570215e-02  -3.9595469151e-02  2.1383464525e-02  -1.1634826912e-02  1.9530235268e-02  -1.3002731894e-02  1.9712846445e-02  -3.8890324532e-03  1.9412447123e-02  -1.3780855714e-02  2.0058740020e-02  -1.3517646250e-04  1.9394412356e-02  -2.1303635672e-02  2.1471173061e-02  1.7675439862e-02  2.1834548658e-02  -1.1934138647e-02  2.1916509511e-02  3.7065257394e-02  2.3989880214e-02  2.3064639122e-03  2.2624790735e-02  
2.7430503100e+00  3.2197507874e-02  1.7020627059e-03  3.4192807634e-02  3.4383059213e-02  3.8413114427e-02  2.9810953294e-02  3.6093305067e-02  2.4878349619e-02  2.7383488736e-02  2.5656168620e-02  2.6458705354e-02  2.5910613541e-02  1.8234577018e-02  2.7690075961e-02  3.4672350375e-02  2.1653834109e-02  3.2055294559e-02  2.4952077620e-02  4.6421279413e-03  2.0977126726e-02  -2.3936907357e-02  2.2323737071e-02  3.4456749073e-02  2.5991039569e-02  -5.8223169473e-03  2.4614011980e-02  
2.8401881445e+00  2.4015846919e-02  1.4900281764e-03  5.6120655404e-02  2.6693219515e-02  3.8376431435e-02  2.6880023992e-02  -1.6010831775e-02  3.4011957323e-02  -1.5612836354e-02  3.3541697661e-02  6.2677250524e-02  2.7773856356e-02  1.7849875920e-02  2.5290097196e-02  1.9644997467e-02  3.2068591241e-02  -3.1695544203e-03  3.2478483486e-02  3.3115556497e-02  3.2694624667e-02  -2.2135836401e-02  3.2060252419e-02  9.8181901607e-02  3.5329519481e-02  6.8566499316e-02  3.8184291770e-02  
2.9361743662e+00  1.6863322145e-02  1.2868799590e-03  9.1044051272e-02  3.6923549860e-02  7.5994475275e-02  3.7565482067e-02  -7.8117313229e-02  3.6906940938e-02  -5.3346021587e-02  3.3317925389e-02  5.1028907824e-02  3.8324349570e-02  7.3429228773e-03  3.1738774250e-02  -8.2720595697e-03  3.1276584468e-02  9.1674561964e-03  3.4162825488e-02  8.7103514627e-02  4.4032296014e-02  1.4378687929e-02  4.0126269561e-02  -3.5235267244e-02  3.9808256736e-02  -1.1893621558e-02  3.6998261654e-02  
3.0298145907e+00  1.0025865807e-02  8.5514131997e-04  -1.4059319174e-02  4.8847749004e-02  -2.2527393460e-02  4.9769192015e-02  3.0355706182e-02  4.0303054782e-02  4.0300712812e-02  3.4225856698e-02  3.4435300197e-03  3.7473385447e-02  -8.7881451082e-03  3.9501333865e-02  -5.5218313894e-02  3.3075437295e-02  -5.6794058396e-02  3.8755064081e-02  -1.4785209895e-02  4.5757328384e-02  -5.2220863347e-02  4.6457719485e-02  5.8060641714e-02  4.0263026857e-02  3.3235705224e-02  3.8324564373e-02  
3.1225717546e+00  5.1260396863e-03  6.1331840241e-04  -3.6332414171e-03  5.0597442034e-02  -2.7577932990e-02  5.0485867202e-02  1.1469484998e-02  4.8947675228e-02  -3.0815727485e-03  5.0168254119e-02  1.9998848991e-02  4.7809419458e-02  3.1270293477e-02  4.7368156640e-02  1.0129168337e-02  4.4387159644e-02  3.0885696613e-02  4.3098335462e-02  -2.0454450418e-02  5.3695052594e-02  -2.1393243858e-02  4.8401706740e-02  1.5052209505e-01  5.2478471820e-02  1.0125592830e-01  4.8846711914e-02  
3.2151333920e+00  3.1073188944e-03  4.3565878070e-04  -1.7102372305e-02  4.4492437808e-02  -9.4362030364e-03  5.1320304962e-02  -3.3708898683e-02  3.4216227111e-02  -4.1523518377e-02  3.5616557252e-02  -2.1257660286e-02  4.0412071892e-02  -2.0135037858e-02  3.4667636688e-02  1.8008669017e-03  3.2878540932e-02  3.4612219971e-04  3.6689906851e-02  7.0700196036e-02  4.3371197227e-02  3.1743618668e-02  3.5276004751e-02  1.1528875741e-02  3.9616542381e-02  -2.6905261908e-02  3.3116830740e-02  
3.3088200310e+00  1.3294550784e-03  2.2209924572e-04  1.1274062452e-02  4.2080813175e-02  2.6501903437e-03  4.3545492339e-02  -2.3298757208e-02  4.1480350997e-02  -1.8282837455e-02  4.2587631275e-02  4.6736518126e-02  3.3067559237e-02  5.0775264734e-02  3.5730626920e-02  -4.0871034337e-02  3.9121378586e-02  3.2912224732e-02  4.3151945753e-02  1.4405995731e-02  4.6280378080e-02  3.1788637617e-02  5.3651603679e-02  -7.0705766301e-02  4.2070150021e-02  -1.0764438152e-02  4.3296091427e-02  
3.4034847278e+00  4.5562318402e-04  1.2397142702e-04  -4.7061641039e-02  3.5287364426e-02  -1.0911900829e-02  3.7663365619e-02  1.8699930676e-02  2.5971719132e-02  2.4588807622e-02  2.5603217779e-02  -1.0596911155e-02  1.9148338231e-02  -4.1993199047e-02  2.8803469478e-02  -5.3249825049e-02  2.8879758508e-02  -7.5629908046e-02  3.0231011015e-02  1.1759400725e-02  2.8294068439e-02  -9.7013901355e-03  2.4937732021e-02  -9.9876519905e-03  1.3229342871e-02  -3.6434347314e-02  2.2041553321e-02  
3.5014753889e+00  2.3326140414e-04  7.8709896409e-05  7.8978181548e-03  1.7727516099e-02  4.2964785337e-02  1.9850454339e-02  -1.6038328727e-02  2.1239270489e-02  -1.1728414016e-02  1.9839502256e-02  -6.0918521579e-03  2.3743841110e-02  3.0760614064e-02  2.7622194284e-02  2.7873872599e-02  1.6556966493e-02  4.7888342571e-02  2.3054975531e-02  9.7356060345e-03  2.2050430660e-02  -7.0677410234e-03  1.7408052668e-02  1.6569781073e-02  2.4353585479e-02  3.8973091722e-03  2.0026164695e-02  
3.6014675336e+00  2.5434785805e-04  8.9702686565e-05  -2.7445977502e-02  2.4637365614e-02  -7.8256178123e-03  2.2724972370e-02  3.9328088278e-02  1.8515877986e-02  2.5221037606e-02  1.6200651494e-02  -2.9191721535e-02  2.3701817350e-02  -2.4252574073e-02  2.0031312786e-02  -2.1332602265e-02  2.1630869696e-02  -1.7907941607e-02  2.5980045260e-02  -3.4778918699e-02  2.3305678911e-02  -5.8015890042e-03  2.3253328696e-02  1.4864218188e-02  1.9883516279e-02  -8.8787516973e-03  1.6126817675e-02  
3.7002375671e+00  2.9777857241e-05  2.9606225511e-05  -1.5008643712e-02  1.5029183934e-02  -6.0021193664e-03  6.0110083402e-03  -1.4700539150e-03  1.4712802490e-03  -2.7710832259e-03  2.7742032161e-03  4.9956322067e-03  5.0031983430e-03  6.1767996660e-03  6.1882178720e-03  8.8766440547e-04  8.8998178679e-04  -2.7536992955e-03  2.7575141242e-03  -5.4874252009e-03  5.4957752922e-03  -2.5674010917e-03  2.5709742727e-03  -3.2323358487e-03  3.2376934420e-03  -1.4362821280e-03  1.4384726979e-03  
3.8000000000e+00  0.0000000000e+00  0.0000000000e+00  0.0000000000e+00  0.0000000000e+00  0.0000000000e+00  0.0000000000e+00  0.0000000000e+00  0.0000000000e+00  0.0000000000e+00  0.0000000000e+00  0.0000000000e+00  0.0000000000e+00  0.0000000000e+00  0.0000000000e+00  0.0000000000e+00  0.0000000000e+00  0.0000000000e+00  0.0000000000e+00  0.0000000000e+00  0.0000000000e+00  0.0000000000e+00  0.0000000000e+00  0.0000000000e+00  0.0000000000e+00  0.0000000000e+00  0.0000000000e+00  
3.9000000000e+00  0.0000000000e+00  0.0000000000e+00  0.0000000000e+00  0.0000000000e+00  0.0000000000e+00  0.0000000000e+00  0.0000000000e+00  0.0000000000e+00  0.0000000000e+00  0.0000000000e+00  0.0000000000e+00  0.0000000000e+00  0.0000000000e+00  0.0000000000e+00  0.0000000000e+00  0.0000000000e+00  0.0000000000e+00  0.0000000000e+00  0.0000000000e+00  0.0000000000e+00  0.0000000000e+00  0.0000000000e+00  0.0000000000e+00  0.0000000000e+00  0.0000000000e+00  0.0000000000e+00  
4.0000000000e+00  0.0000000000e+00  0.0000000000e+00  0.0000000000e+00  0.0000000000e+00  0.0000000000e+00  0.0000000000e+00  0.0000000000e+00  0.0000000000e+00  0.0000000000e+00  0.0000000000e+00  0.0000000000e+00  0.0000000000e+00  0.0000000000e+00  0.0000000000e+00  0.0000000000e+00  0.0000000000e+00  0.0000000000e+00  0.0000000000e+00  0.0000000000e+00  0.0000000000e+00  0.0000000000e+00  0.0000000000e+00  0.0000000000e+00  0.0000000000e+00  0.0000000000e+00  0.0000000000e+00  
4.1000000000e+00  0.0000000000e+00  0.0000000000e+00  0.0000000000e+00  0.0000000000e+00  0.0000000000e+00  0.0000000000e+00  0.0000000000e+00  0.0000000000e+00  0.0000000000e+00  0.0000000000e+00  0.0000000000e+00  0.0000000000e+00  0.0000000000e+00  0.0000000000e+00  0.0000000000e+00  0.0000000000e+00  0.0000000000e+00  0.0000000000e+00  0.0000000000e+00  0.0000000000e+00  0.0000000000e+00  0.0000000000e+00  0.0000000000e+00  0.0000000000e+00  0.0000000000e+00  0.0000000000e+00  
4.2000000000e+00  0.0000000000e+00  0.0000000000e+00  0.0000000000e+00  0.0000000000e+00  0.0000000000e+00  0.0000000000e+00  0.0000000000e+00  0.0000000000e+00  0.0000000000e+00  0.0000000000e+00  0.0000000000e+00  0.0000000000e+00  0.0000000000e+00  0.0000000000e+00  0.0000000000e+00  0.0000000000e+00  0.0000000000e+00  0.0000000000e+00  0.0000000000e+00  0.0000000000e+00  0.0000000000e+00  0.0000000000e+00  0.0000000000e+00  0.0000000000e+00  0.0000000000e+00  0.0000000000e+00  
4.3000000000e+00  0.0000000000e+00  0.0000000000e+00  0.0000000000e+00  0.0000000000e+00  0.0000000000e+00  0.0000000000e+00  0.0000000000e+00  0.0000000000e+00  0.0000000000e+00  0.0000000000e+00  0.0000000000e+00  0.0000000000e+00  0.0000000000e+00  0.0000000000e+00  0.0000000000e+00  0.0000000000e+00  0.0000000000e+00  0.0000000000e+00  0.0000000000e+00  0.0000000000e+00  0.0000000000e+00  0.0000000000e+00  0.0000000000e+00  0.0000000000e+00  0.0000000000e+00  0.0000000000e+00  
4.4000000000e+00  0.0000000000e+00  0.0000000000e+00  0.0000000000e+00  0.0000000000e+00  0.0000000000e+00  0.0000000000e+00  0.0000000000e+00  0.0000000000e+00  0.0000000000e+00  0.0000000000e+00  0.0000000000e+00  0.0000000000e+00  0.0000000000e+00  0.0000000000e+00  0.0000000000e+00  0.0000000000e+00  0.0000000000e+00  0.0000000000e+00  0.0000000000e+00  0.0000000000e+00  0.0000000000e+00  0.0000000000e+00  0.0000000000e+00  0.0000000000e+00  0.0000000000e+00  0.0000000000e+00  
4.5000000000e+00  0.0000000000e+00  0.0000000000e+00  0.0000000000e+00  0.0000000000e+00  0.0000000000e+00  0.0000000000e+00  0.0000000000e+00  0.0000000000e+00  0.0000000000e+00  0.0000000000e+00  0.0000000000e+00  0.0000000000e+00  0.0000000000e+00  0.0000000000e+00  0.0000000000e+00  0.0000000000e+00  0.0000000000e+00  0.0000000000e+00  0.0000000000e+00  0.0000000000e+00  0.0000000000e+00  0.0000000000e+00  0.0000000000e+00  0.0000000000e+00  0.0000000000e+00  0.0000000000e+00  
4.6000000000e+00  0.0000000000e+00  0.0000000000e+00  0.0000000000e+00  0.0000000000e+00  0.0000000000e+00  0.0000000000e+00  0.0000000000e+00  0.0000000000e+00  0.0000000000e+00  0.0000000000e+00  0.0000000000e+00  0.0000000000e+00  0.0000000000e+00  0.0000000000e+00  0.0000000000e+00  0.0000000000e+00  0.0000000000e+00  0.0000000000e+00  0.0000000000e+00  0.0000000000e+00  0.0000000000e+00  0.0000000000e+00  0.0000000000e+00  0.0000000000e+00  0.0000000000e+00  0.0000000000e+00  
4.7000000000e+00  0.0000000000e+00  0.0000000000e+00  0.0000000000e+00  0.0000000000e+00  0.0000000000e+00  0.0000000000e+00  0.0000000000e+00  0.0000000000e+00  0.0000000000e+00  0.0000000000e+00  0.0000000000e+00  0.0000000000e+00  0.0000000000e+00  0.0000000000e+00  0.0000000000e+00  0.0000000000e+00  0.0000000000e+00  0.0000000000e+00  0.0000000000e+00  0.0000000000e+00  0.0000000000e+00  0.0000000000e+00  0.0000000000e+00  0.0000000000e+00  0.0000000000e+00  0.0000000000e+00  
4.8000000000e+00  0.0000000000e+00  0.0000000000e+00  0.0000000000e+00  0.0000000000e+00  0.0000000000e+00  0.0000000000e+00  0.0000000000e+00  0.0000000000e+00  0.0000000000e+00  0.0000000000e+00  0.0000000000e+00  0.0000000000e+00  0.0000000000e+00  0.0000000000e+00  0.0000000000e+00  0.0000000000e+00  0.0000000000e+00  0.0000000000e+00  0.0000000000e+00  0.0000000000e+00  0.0000000000e+00  0.0000000000e+00  0.0000000000e+00  0.0000000000e+00  0.0000000000e+00  0.0000000000e+00  
4.9000000000e+00  0.0000000000e+00  0.0000000000e+00  0.0000000000e+00  0.0000000000e+00  0.0000000000e+00  0.0000000000e+00  0.0000000000e+00  0.0000000000e+00  0.0000000000e+00  0.0000000000e+00  0.0000000000e+00  0.0000000000e+00  0.0000000000e+00  0.0000000000e+00  0.0000000000e+00  0.0000000000e+00  0.0000000000e+00  0.0000000000e+00  0.0000000000e+00  0.0000000000e+00  0.0000000000e+00  0.0000000000e+00  0.0000000000e+00  0.0000000000e+00  0.0000000000e+00  0.0000000000e+00  
5.0000000000e+00  0.0000000000e+00  0.0000000000e+00  0.0000000000e+00  0.0000000000e+00  0.0000000000e+00  0.0000000000e+00  0.0000000000e+00  0.0000000000e+00  0.0000000000e+00  0.0000000000e+00  0.0000000000e+00  0.0000000000e+00  0.0000000000e+00  0.0000000000e+00  0.0000000000e+00  0.0000000000e+00  0.0000000000e+00  0.0000000000e+00  0.0000000000e+00  0.0000000000e+00  0.0000000000e+00  0.0000000000e+00  0.0000000000e+00  0.0000000000e+00  0.0000000000e+00  0.0000000000e+00  
5.1000000000e+00  0.0000000000e+00  0.0000000000e+00  0.0000000000e+00  0.0000000000e+00  0.0000000000e+00  0.0000000000e+00  0.0000000000e+00  0.0000000000e+00  0.0000000000e+00  0.0000000000e+00  0.0000000000e+00  0.0000000000e+00  0.0000000000e+00  0.0000000000e+00  0.0000000000e+00  0.0000000000e+00  0.0000000000e+00  0.0000000000e+00  0.0000000000e+00  0.0000000000e+00  0.0000000000e+00  0.0000000000e+00  0.0000000000e+00  0.0000000000e+00  0.0000000000e+00  0.0000000000e+00  
5.2000000000e+00  0.0000000000e+00  0.0000000000e+00  0.0000000000e+00  0.0000000000e+00  0.0000000000e+00  0.0000000000e+00  0.0000000000e+00  0.0000000000e+00  0.0000000000e+00  0.0000000000e+00  0.0000000000e+00  0.0000000000e+00  0.0000000000e+00  0.0000000000e+00  0.0000000000e+00  0.0000000000e+00  0.0000000000e+00  0.0000000000e+00  0.0000000000e+00  0.0000000000e+00  0.0000000000e+00  0.0000000000e+00  0.0000000000e+00  0.0000000000e+00  0.0000000000e+00  0.0000000000e+00  
5.3000000000e+00  0.0000000000e+00  0.0000000000e+00  0.0000000000e+00  0.0000000000e+00  0.0000000000e+00  0.0000000000e+00  0.0000000000e+00  0.0000000000e+00  0.0000000000e+00  0.0000000000e+00  0.0000000000e+00  0.0000000000e+00  0.0000000000e+00  0.0000000000e+00  0.0000000000e+00  0.0000000000e+00  0.0000000000e+00  0.0000000000e+00  0.0000000000e+00  0.0000000000e+00  0.0000000000e+00  0.0000000000e+00  0.0000000000e+00  0.0000000000e+00  0.0000000000e+00  0.0000000000e+00  
5.4000000000e+00  0.0000000000e+00  0.0000000000e+00  0.0000000000e+00  0.0000000000e+00  0.0000000000e+00  0.0000000000e+00  0.0000000000e+00  0.0000000000e+00  0.0000000000e+00  0.0000000000e+00  0.0000000000e+00  0.0000000000e+00  0.0000000000e+00  0.0000000000e+00  0.0000000000e+00  0.0000000000e+00  0.0000000000e+00  0.0000000000e+00  0.0000000000e+00  0.0000000000e+00  0.0000000000e+00  0.0000000000e+00  0.0000000000e+00  0.0000000000e+00  0.0000000000e+00  0.0000000000e+00  
5.5000000000e+00  0.0000000000e+00  0.0000000000e+00  0.0000000000e+00  0.0000000000e+00  0.0000000000e+00  0.0000000000e+00  0.0000000000e+00  0.0000000000e+00  0.0000000000e+00  0.0000000000e+00  0.0000000000e+00  0.0000000000e+00  0.0000000000e+00  0.0000000000e+00  0.0000000000e+00  0.0000000000e+00  0.0000000000e+00  0.0000000000e+00  0.0000000000e+00  0.0000000000e+00  0.0000000000e+00  0.0000000000e+00  0.0000000000e+00  0.0000000000e+00  0.0000000000e+00  0.0000000000e+00  
5.6000000000e+00  0.0000000000e+00  0.0000000000e+00  0.0000000000e+00  0.0000000000e+00  0.0000000000e+00  0.0000000000e+00  0.0000000000e+00  0.0000000000e+00  0.0000000000e+00  0.0000000000e+00  0.0000000000e+00  0.0000000000e+00  0.0000000000e+00  0.0000000000e+00  0.0000000000e+00  0.0000000000e+00  0.0000000000e+00  0.0000000000e+00  0.0000000000e+00  0.0000000000e+00  0.0000000000e+00  0.0000000000e+00  0.0000000000e+00  0.0000000000e+00  0.0000000000e+00  0.0000000000e+00  
5.7000000000e+00  0.0000000000e+00  0.0000000000e+00  0.0000000000e+00  0.0000000000e+00  0.0000000000e+00  0.0000000000e+00  0.0000000000e+00  0.0000000000e+00  0.0000000000e+00  0.0000000000e+00  0.0000000000e+00  0.0000000000e+00  0.0000000000e+00  0.0000000000e+00  0.0000000000e+00  0.0000000000e+00  0.0000000000e+00  0.0000000000e+00  0.0000000000e+00  0.0000000000e+00  0.0000000000e+00  0.0000000000e+00  0.0000000000e+00  0.0000000000e+00  0.0000000000e+00  0.0000000000e+00  
5.8000000000e+00  0.0000000000e+00  0.0000000000e+00  0.0000000000e+00  0.0000000000e+00  0.0000000000e+00  0.0000000000e+00  0.0000000000e+00  0.0000000000e+00  0.0000000000e+00  0.0000000000e+00  0.0000000000e+00  0.0000000000e+00  0.0000000000e+00  0.0000000000e+00  0.0000000000e+00  0.0000000000e+00  0.0000000000e+00  0.0000000000e+00  0.0000000000e+00  0.0000000000e+00  0.0000000000e+00  0.0000000000e+00  0.0000000000e+00  0.0000000000e+00  0.0000000000e+00  0.0000000000e+00  
5.9000000000e+00  0.0000000000e+00  0.0000000000e+00  0.0000000000e+00  0.0000000000e+00  0.0000000000e+00  0.0000000000e+00  0.0000000000e+00  0.0000000000e+00  0.0000000000e+00  0.0000000000e+00  0.0000000000e+00  0.0000000000e+00  0.0000000000e+00  0.0000000000e+00  0.0000000000e+00  0.0000000000e+00  0.0000000000e+00  0.0000000000e+00  0.0000000000e+00  0.0000000000e+00  0.0000000000e+00  0.0000000000e+00  0.0000000000e+00  0.0000000000e+00  0.0000000000e+00  0.0000000000e+00  
6.0000000000e+00  0.0000000000e+00  0.0000000000e+00  0.0000000000e+00  0.0000000000e+00  0.0000000000e+00  0.0000000000e+00  0.0000000000e+00  0.0000000000e+00  0.0000000000e+00  0.0000000000e+00  0.0000000000e+00  0.0000000000e+00  0.0000000000e+00  0.0000000000e+00  0.0000000000e+00  0.0000000000e+00  0.0000000000e+00  0.0000000000e+00  0.0000000000e+00  0.0000000000e+00  0.0000000000e+00  0.0000000000e+00  0.0000000000e+00  0.0000000000e+00  0.0000000000e+00  0.0000000000e+00  
6.1000000000e+00  0.0000000000e+00  0.0000000000e+00  0.0000000000e+00  0.0000000000e+00  0.0000000000e+00  0.0000000000e+00  0.0000000000e+00  0.0000000000e+00  0.0000000000e+00  0.0000000000e+00  0.0000000000e+00  0.0000000000e+00  0.0000000000e+00  0.0000000000e+00  0.0000000000e+00  0.0000000000e+00  0.0000000000e+00  0.0000000000e+00  0.0000000000e+00  0.0000000000e+00  0.0000000000e+00  0.0000000000e+00  0.0000000000e+00  0.0000000000e+00  0.0000000000e+00  0.0000000000e+00  
6.2000000000e+00  0.0000000000e+00  0.0000000000e+00  0.0000000000e+00  0.0000000000e+00  0.0000000000e+00  0.0000000000e+00  0.0000000000e+00  0.0000000000e+00  0.0000000000e+00  0.0000000000e+00  0.0000000000e+00  0.0000000000e+00  0.0000000000e+00  0.0000000000e+00  0.0000000000e+00  0.0000000000e+00  0.0000000000e+00  0.0000000000e+00  0.0000000000e+00  0.0000000000e+00  0.0000000000e+00  0.0000000000e+00  0.0000000000e+00  0.0000000000e+00  0.0000000000e+00  0.0000000000e+00  
6.3000000000e+00  0.0000000000e+00  0.0000000000e+00  0.0000000000e+00  0.0000000000e+00  0.0000000000e+00  0.0000000000e+00  0.0000000000e+00  0.0000000000e+00  0.0000000000e+00  0.0000000000e+00  0.0000000000e+00  0.0000000000e+00  0.0000000000e+00  0.0000000000e+00  0.0000000000e+00  0.0000000000e+00  0.0000000000e+00  0.0000000000e+00  0.0000000000e+00  0.0000000000e+00  0.0000000000e+00  0.0000000000e+00  0.0000000000e+00  0.0000000000e+00  0.0000000000e+00  0.0000000000e+00  
6.4000000000e+00  0.0000000000e+00  0.0000000000e+00  0.0000000000e+00  0.0000000000e+00  0.0000000000e+00  0.0000000000e+00  0.0000000000e+00  0.0000000000e+00  0.0000000000e+00  0.0000000000e+00  0.0000000000e+00  0.0000000000e+00  0.0000000000e+00  0.0000000000e+00  0.0000000000e+00  0.0000000000e+00  0.0000000000e+00  0.0000000000e+00  0.0000000000e+00  0.0000000000e+00  0.0000000000e+00  0.0000000000e+00  0.0000000000e+00  0.0000000000e+00  0.0000000000e+00  0.0000000000e+00  
6.5000000000e+00  0.0000000000e+00  0.0000000000e+00  0.0000000000e+00  0.0000000000e+00  0.0000000000e+00  0.0000000000e+00  0.0000000000e+00  0.0000000000e+00  0.0000000000e+00  0.0000000000e+00  0.0000000000e+00  0.0000000000e+00  0.0000000000e+00  0.0000000000e+00  0.0000000000e+00  0.0000000000e+00  0.0000000000e+00  0.0000000000e+00  0.0000000000e+00  0.0000000000e+00  0.0000000000e+00  0.0000000000e+00  0.0000000000e+00  0.0000000000e+00  0.0000000000e+00  0.0000000000e+00  
6.6000000000e+00  0.0000000000e+00  0.0000000000e+00  0.0000000000e+00  0.0000000000e+00  0.0000000000e+00  0.0000000000e+00  0.0000000000e+00  0.0000000000e+00  0.0000000000e+00  0.0000000000e+00  0.0000000000e+00  0.0000000000e+00  0.0000000000e+00  0.0000000000e+00  0.0000000000e+00  0.0000000000e+00  0.0000000000e+00  0.0000000000e+00  0.0000000000e+00  0.0000000000e+00  0.0000000000e+00  0.0000000000e+00  0.0000000000e+00  0.0000000000e+00  0.0000000000e+00  0.0000000000e+00  
6.7000000000e+00  0.0000000000e+00  0.0000000000e+00  0.0000000000e+00  0.0000000000e+00  0.0000000000e+00  0.0000000000e+00  0.0000000000e+00  0.0000000000e+00  0.0000000000e+00  0.0000000000e+00  0.0000000000e+00  0.0000000000e+00  0.0000000000e+00  0.0000000000e+00  0.0000000000e+00  0.0000000000e+00  0.0000000000e+00  0.0000000000e+00  0.0000000000e+00  0.0000000000e+00  0.0000000000e+00  0.0000000000e+00  0.0000000000e+00  0.0000000000e+00  0.0000000000e+00  0.0000000000e+00  
6.8000000000e+00  0.0000000000e+00  0.0000000000e+00  0.0000000000e+00  0.0000000000e+00  0.0000000000e+00  0.0000000000e+00  0.0000000000e+00  0.0000000000e+00  0.0000000000e+00  0.0000000000e+00  0.0000000000e+00  0.0000000000e+00  0.0000000000e+00  0.0000000000e+00  0.0000000000e+00  0.0000000000e+00  0.0000000000e+00  0.0000000000e+00  0.0000000000e+00  0.0000000000e+00  0.0000000000e+00  0.0000000000e+00  0.0000000000e+00  0.0000000000e+00  0.0000000000e+00  0.0000000000e+00  
6.9000000000e+00  0.0000000000e+00  0.0000000000e+00  0.0000000000e+00  0.0000000000e+00  0.0000000000e+00  0.0000000000e+00  0.0000000000e+00  0.0000000000e+00  0.0000000000e+00  0.0000000000e+00  0.0000000000e+00  0.0000000000e+00  0.0000000000e+00  0.0000000000e+00  0.0000000000e+00  0.0000000000e+00  0.0000000000e+00  0.0000000000e+00  0.0000000000e+00  0.0000000000e+00  0.0000000000e+00  0.0000000000e+00  0.0000000000e+00  0.0000000000e+00  0.0000000000e+00  0.0000000000e+00  
7.0000000000e+00  0.0000000000e+00  0.0000000000e+00  0.0000000000e+00  0.0000000000e+00  0.0000000000e+00  0.0000000000e+00  0.0000000000e+00  0.0000000000e+00  0.0000000000e+00  0.0000000000e+00  0.0000000000e+00  0.0000000000e+00  0.0000000000e+00  0.0000000000e+00  0.0000000000e+00  0.0000000000e+00  0.0000000000e+00  0.0000000000e+00  0.0000000000e+00  0.0000000000e+00  0.0000000000e+00  0.0000000000e+00  0.0000000000e+00  0.0000000000e+00  0.0000000000e+00  0.0000000000e+00  
