#eta  rn(eta)  rn_err(eta)  rnn(eta)  rnn_err(eta)
-6.9996380806e+00  -2.3321300484e-02  1.5257285558e-01  3.4553620357e+00  3.4553620357e+00  -6.5205292574e-01  4.4984823297e+00  -1.2419546255e+00  1.2419546255e+00  3.1552358855e-01  5.5264638157e-01  3.6953922998e-01  3.6953922998e-01  -9.3406611577e-01  1.1072790615e+01  2.2731071659e+00  2.2731071659e+00  2.6680249675e+00  4.0539326727e+01  3.4410966027e+00  3.4410966027e+00  3.4150190944e-02  5.0480045114e-01  -8.5258776924e-01  8.5258776924e-01  
-6.8949599266e+00  6.1722338567e-01  5.5804237079e-01  2.3359750869e-01  6.3826757767e-01  4.5476995635e-01  1.0658977172e+00  1.2788449679e-01  8.7307847878e-01  2.4092956137e+00  4.7239586517e+02  4.1167367936e-01  1.0834582475e+00  7.2161697621e-02  3.0550734367e+00  9.8864804748e-01  5.8220553337e-01  2.1559110125e+00  1.3120595126e+01  7.4586307401e-01  1.8222406683e+00  6.4564804842e+00  8.6624351020e+01  -1.5413467982e+00  2.7094680300e+00  
-6.7937583923e+00  5.1211217591e+00  3.1338703158e+01  3.8168952897e+00  3.8168952897e+00  1.8586920083e-01  6.2855595744e-01  -8.1788489847e-01  8.1788489847e-01  -9.9240072023e-01  5.9088557288e+00  6.9136461522e-01  6.9136461522e-01  -2.5154525977e-01  4.6443365972e+00  5.8040783414e-01  5.8040783414e-01  1.0941978819e+00  6.3989449707e+01  -3.5588037869e-02  3.5588037869e-02  -1.5088420544e+00  4.1962134720e+00  1.0145408996e+00  1.0145408996e+00  
-6.6932811737e+00  -6.1136655020e-01  1.3270088369e+00  0.0000000000e+00  0.0000000000e+00  1.3645232539e-01  9.8385100030e-01  0.0000000000e+00  0.0000000000e+00  -3.5889203433e+00  2.4450704694e+01  0.0000000000e+00  0.0000000000e+00  -8.2784307492e-01  2.8668277954e+02  0.0000000000e+00  0.0000000000e+00  3.0554313500e+00  7.3485827286e+00  0.0000000000e+00  0.0000000000e+00  1.8425512269e-01  1.1416094847e+00  0.0000000000e+00  0.0000000000e+00  
-6.5919303894e+00  1.8422356217e+00  4.5585941402e+00  -1.6351687061e+00  1.6351687061e+00  -1.2225116061e+00  1.3787312646e+01  3.8824080079e-01  3.8824080079e-01  7.0157092882e-01  4.1610387026e+00  6.7205757273e+00  6.7205757273e+00  -3.3356413412e+00  1.8948396459e+01  4.9687571559e-02  4.9687571559e-02  -1.9616864793e+00  1.7013408097e+00  2.2903745215e+00  2.2903745215e+00  -8.3727123698e+00  3.6740065499e+03  -1.3043872336e-01  1.3043872336e-01  
-6.4904680252e+00  -1.0616804331e+00  1.3359189613e+00  1.8568187278e+00  2.9046023372e+00  -2.4884882402e+00  4.4148513428e+00  5.4429247583e-01  2.5148292957e+00  7.5964751604e-01  7.1428458459e+00  -4.3813625561e-01  1.0334953012e+00  -1.3436403464e+00  1.3191771531e+01  1.0474016191e+00  2.7694691080e-01  -5.5761607008e-01  1.3983828120e+00  1.3487940575e+00  6.0513919302e+00  1.7036755427e+00  1.1111752763e+01  7.3690796518e-01  8.2248787325e+00  
-6.3879809380e+00  -1.1355790501e+00  1.7708962958e+00  4.1652517960e-01  6.7280827137e-01  -6.1213999568e-01  2.3392441866e+00  -1.7471475724e+00  3.4569582516e+01  -3.0206645892e-01  4.1119790744e+00  5.4106070330e-01  5.7409260624e-01  1.4953159973e+00  3.5875718624e+00  -1.7391516838e-01  4.5585122021e-01  -3.2347771343e+00  2.5167543164e+01  1.2239424682e+00  2.7756833604e+00  1.6187402639e-01  6.1234613981e-01  2.2548607679e+00  4.0257120761e+01  
-6.2867588997e+00  5.1161170262e-01  1.0311594979e+00  1.2103107901e+01  1.4466399274e+01  -1.5209093935e+00  1.1204354397e+03  -5.3875521847e-01  1.8064978262e+00  -7.4283365222e-01  5.9740219213e-01  1.2561719904e+00  1.8840200542e+00  -2.3645721076e+00  2.6557439864e+01  8.2869161268e-02  2.9882751810e+00  8.3396089814e-02  1.5269866351e+00  -1.9979823408e-01  4.4584244949e-01  2.1393815367e-01  6.2802885621e-01  -1.1947045196e+00  6.9271302780e-01  
-6.1821627617e+00  -1.8084467103e+00  5.0079066393e+00  -2.7841983185e-01  8.5091233123e-01  -5.4588756233e+00  4.8118413780e+01  3.7878592084e+00  2.1626080980e+01  5.6709841698e-01  2.7841742796e+00  1.0260276557e-01  2.0991712811e-01  -5.9182539301e-01  4.0431929854e+01  -2.4143107096e-01  7.5543621548e-01  -3.7516947853e+00  6.7188066464e+01  8.4160960564e-01  1.4204231569e+01  4.7336049354e+00  3.0753784875e+01  -5.0312980852e-01  1.0339409171e+00  
-6.0802230835e+00  2.0092862983e+00  7.2225969759e+00  3.7524947382e-01  2.1689426627e+00  4.3692165985e-01  2.1446527234e+01  -1.1731930017e+00  4.6895094122e+02  6.6151130759e-01  3.3705984956e+01  -2.2918725925e+00  1.0979917362e+01  -1.6679042132e+00  3.2384291574e+00  1.0310802742e+00  2.4510573572e+00  1.9625892971e+00  1.8806773714e+00  -2.0918948000e+00  4.9664746022e+00  -1.4336288813e+00  1.5943105639e+01  4.8857773027e-01  7.2337837358e+00  
-5.9751472473e+00  6.2133026785e+00  3.3359382645e+01  -4.2495711543e+00  5.6610599857e+00  8.0360636039e-02  3.1431532978e+00  4.4222112019e-01  7.7505856197e+00  -6.4052468901e-02  2.0492069294e+00  1.9544973047e+01  1.9804666803e+03  1.8317522690e-01  1.5308167459e+00  3.9749235392e-01  1.6190601077e+00  8.3052104789e-01  1.0208934003e+00  8.7311581705e-01  7.6849279203e-01  1.8116427353e+01  3.7518915374e+02  -2.1444602724e-01  2.2476196733e-01  
-5.8715190887e+00  -2.5233765944e+00  1.1287421575e+01  1.8872617479e+00  3.6536657788e+00  7.2764577561e-01  1.7371869766e+00  9.0530797594e-01  5.9916484075e-01  -1.8582509320e+00  6.3759502662e+00  6.3014548111e-01  6.4945903757e-01  3.9580182120e-01  7.3797127664e-01  -7.3884276953e-02  4.6535914592e+00  -2.6923950235e+00  6.6523092365e+00  8.6270805974e-01  5.7771915341e+00  1.0781534093e+00  2.8530836101e+00  1.4929174800e+00  1.2872311356e+00  
-5.7656722069e+00  3.8222898088e+00  8.0431368562e+00  -7.1263860510e-01  1.5984968675e+00  1.5222607381e+01  6.8730629071e+02  1.6618598119e+00  3.8309314411e+00  2.7666343446e+00  2.2313679032e+01  9.6014556715e-02  7.6090535645e-01  -7.0078913592e-01  9.8435227525e-01  -1.2453361198e+02  1.3097761707e+04  -4.5453831609e-01  7.7959915063e-01  7.2822975238e-02  1.3086751527e+00  3.0752450223e-01  9.5081263445e+00  3.1882348799e+00  6.5102063488e+00  
-5.6644949913e+00  2.3728456607e+01  3.0624323764e+03  -2.6096948006e-01  6.7327535149e-01  -2.9191981359e+00  1.9413740595e+01  1.1510255241e-01  1.0526134980e+00  -5.4799795411e-01  6.7780143260e-01  -1.0619166697e+00  1.6388408869e+00  1.7761751186e+00  4.8364521495e+01  -8.8878138905e-01  9.1818092883e-01  -3.9929609408e+00  9.5519096474e+01  7.2552484932e-01  3.4883821225e+00  5.4970047369e-01  9.9196408922e-01  1.3711055120e+00  1.3485546665e+00  
-5.5602774620e+00  7.5231725445e+00  6.6950573327e+01  9.0443943540e-01  3.2400719958e+00  -2.8058580639e-01  8.5822760669e-01  -6.1490966381e+00  3.5761057412e+01  6.5126063554e+00  4.1544288923e+01  1.2679540284e-01  3.8378600557e+00  5.7970272609e+00  3.5089129530e+01  -1.9333583821e+00  3.4511479055e+01  -6.5887583373e+03  6.2657433029e+05  3.7035327018e+00  2.7868309317e+01  1.2717703002e+00  2.7177800333e+00  -5.9125803493e-03  4.9948869212e+00  
-5.4578995705e+00  -3.9615513173e+00  1.8401908510e+01  1.4107007996e+00  7.1243099845e-01  -6.4866340079e+00  2.5069736778e+01  1.4502457929e+00  2.4655082498e+00  4.6972734837e+00  3.8631303554e+01  6.0271227286e-01  6.7219667879e+00  -7.8054575566e-01  1.2244285302e+00  7.2987990720e-01  3.4098957892e+00  4.1057674976e-01  4.8691043981e-01  7.2583187204e+00  3.7627400379e+01  -2.6796243419e+00  4.6264895536e+00  1.7790516386e+00  1.9371673558e+01  
-5.3553223610e+00  -2.2755303478e+00  7.0744452959e+00  3.0141733147e+00  6.1111682756e+00  6.0221159785e+00  1.5959004264e+01  3.7636454426e+01  2.8544619171e+03  8.8079861751e+00  2.9324691953e+02  -2.8549110613e-01  1.2733977017e+00  -1.0023745148e+00  9.4703346367e+00  -1.4437477662e+00  1.0196132584e+00  7.1998670077e+00  2.7216757207e+02  2.3994514795e-01  2.6732624020e+00  -7.1149848461e-01  2.1009467946e+00  -5.4362276677e-01  1.2879227835e+00  
-5.2527194023e+00  6.4953489729e-01  1.1691927116e+00  6.4473726311e+00  7.7335485863e+00  9.8563480394e+00  2.1543340478e+02  -7.6130268577e-01  8.4259254028e-01  4.7627550585e+00  1.8511766657e+02  6.5766640458e+00  3.4402327504e+01  5.1906167232e+00  1.4872048224e+02  5.5040841005e-01  8.6984277573e-01  -9.7058486242e-01  1.5020283485e+00  3.3260474003e+00  3.7854932004e+01  -3.4748581023e-01  6.1290375306e-01  2.4668643307e+00  4.3597503940e+00  
-5.1522593498e+00  -6.0838423505e+00  2.9625900100e+01  1.0431359963e+00  1.7824518376e+00  -4.8895420812e+00  8.1536760065e+00  -4.1181610036e+00  1.4313744117e+01  1.3004350361e+00  1.0603769408e+00  -4.2352076707e-01  9.1456010663e-01  2.6448458189e+00  7.0423849117e+01  3.3677908829e+00  7.0547482200e+01  9.3667525283e-01  2.0198341773e+01  -1.2950488734e-01  1.7652909712e+00  1.7905537151e+00  1.5878101441e+00  1.5337533979e+00  1.1753483427e+00  
-5.0491886139e+00  -3.2811222001e+00  7.4242652110e+00  1.0904475336e+00  7.2029957646e+01  -1.0403603021e+01  8.3236072187e+01  -2.4552452651e+00  1.6471607581e+02  -3.7942251289e+00  1.4642129042e+01  3.7072007668e-01  1.2423742694e+00  1.8311315552e+00  2.4688694858e+00  -1.5619039077e+00  1.7048946173e+00  3.4196002447e+00  1.7516335179e+01  1.1386558149e-01  1.5235485482e+00  -7.8810989672e+00  2.6814915906e+02  -3.0631690832e-01  3.0075736987e-01  
-4.9499545097e+00  -9.1123075451e+00  3.5486775642e+01  -6.2767134336e-01  4.8625006143e-01  1.2380157603e+01  5.8142696234e+01  7.2300975626e+00  1.0662796607e+02  -9.4862392302e-01  1.8733121822e+00  -5.9605033474e+00  3.4664493210e+01  -5.7837367147e-01  8.4779900140e-01  -2.3941471241e+00  9.6581524544e+00  -6.0084815790e-01  8.7424237338e-01  7.5713881579e+00  1.6412233180e+02  -2.7829748806e+00  1.1947240487e+01  -4.9792370574e+02  4.4949519294e+04  
-4.8488950729e+00  -1.9446673253e+01  1.8566284493e+02  5.3872273161e-01  6.6899368477e-01  -1.1182812848e+02  3.7150889537e+03  -2.9112650964e+00  2.7537856432e+01  1.8614212295e-01  8.8431990067e-01  3.3638071688e+00  3.5243947674e+01  -1.2109208908e+00  1.3148377662e+01  -4.4049210860e-01  1.4107094746e+00  -1.7223412093e+00  2.2006208586e+00  1.0678162955e+00  1.3005886057e+00  -1.8469429415e+00  1.5800014733e+02  -2.8426940497e+00  3.4513963185e+00  
-4.7489666939e+00  1.3114125038e+01  2.7912259377e+01  1.0889984216e+01  3.4852226463e+01  7.0720347411e+00  2.8457427489e+01  4.2209498106e+00  5.3924563737e+01  5.8643869697e+00  1.9835946119e+01  7.7945704092e-01  9.1875173155e-01  1.2716758558e-01  1.1862724357e+00  4.6202743458e-01  7.2440826655e-01  -5.7233212562e-01  8.3269750582e-01  4.0290252821e-01  1.4388783459e+00  6.2242463460e-01  1.2575052433e+00  1.0250341336e+00  9.6334690795e-01  
-4.6481237411e+00  1.3640334888e+01  2.4209158491e+02  -3.5376023957e+00  7.5045624753e+00  -3.3003229047e+01  6.0759526961e+02  5.5380829432e+00  1.1438544841e+02  -1.2644128883e+00  4.9293924990e+00  -1.2914209143e+00  1.7978995868e+00  -5.5462938948e+00  1.8754256907e+01  -3.9041443145e-01  5.2698350182e-01  6.4355240349e+00  4.9121015381e+02  1.0485487854e+00  9.3204166019e-01  -3.6518980048e+00  1.2541159522e+02  -2.3231941974e-01  3.6546961954e+01  
-4.5493087769e+00  4.2142030849e+00  4.3225663539e+00  1.4231540975e+00  2.2919326985e+00  8.4775848155e+01  2.3798079751e+03  -3.4578771092e-01  3.2274004055e-01  -7.7480917611e+01  8.2350070139e+03  4.3883816184e-01  1.3383334938e+00  6.8767328574e-01  9.6187946341e-01  3.9109564526e-01  1.5380198314e+02  -8.1533265306e-01  9.9308983148e-01  4.9784935992e-01  1.1769470577e+00  -4.0234445928e+00  2.6764730155e+01  2.3841977317e-01  2.3863156642e+00  
-4.4490871429e+00  2.9963780627e+00  1.5937222315e+00  7.5690058796e-01  2.5887238592e+00  -5.1989597193e+01  2.3640799503e+03  7.6932878603e+00  8.7850596044e+02  1.0417984907e+01  6.3873665671e+02  2.9860178944e-01  3.2488438036e+00  -2.1440123418e+00  1.8677982067e+00  2.9813278773e+00  3.5264591776e+00  -7.4380089877e-01  1.2107092610e+02  -5.3259237023e-01  5.0954389206e+00  7.1547019344e+00  1.5132467448e+01  -5.1805606815e+00  3.4682567892e+02  
-4.3489518166e+00  3.3776315813e+00  1.3699071508e+00  1.4133667382e+00  4.1119986016e+00  5.7358440998e+00  3.3325598926e+00  -1.7583111499e+00  1.4023862451e+00  -2.9969399323e+00  1.1831914224e+01  -9.9360870373e-01  3.5249828598e+01  1.5463020829e+00  1.8405119315e+01  6.3665513607e-01  1.0116116912e+00  3.0116327469e+00  1.7006657318e+01  -1.5920226682e+00  3.5006850855e+00  8.9552549690e-01  2.6674046585e+00  -2.5798176966e+00  1.3928870179e+01  
-4.2494950294e+00  3.7880657983e+00  2.0459936882e+00  1.4949070971e+00  8.2236237893e-01  5.5180301821e+00  5.6832351106e+00  -1.3065028421e+00  9.1501747925e-01  2.9307149829e+00  3.2548531877e+00  1.8087017121e-01  7.6450143506e-01  2.8456299549e+01  4.0558372103e+03  -2.6977411117e-01  4.0733555101e+00  -2.1554505517e+00  1.5801534236e+00  7.5289786726e-01  5.8038171597e-01  -8.0458101089e-01  2.0061081535e+00  1.7945083235e+00  1.7884614386e+00  
-4.1489858627e+00  4.7320391275e+00  2.8455354310e+00  5.7387260011e+00  3.7517724710e+00  3.7320096466e+00  1.5319195069e+00  -2.2119814071e+00  3.0016160447e+00  3.0915926259e+00  4.8684121750e+00  4.1698212731e-01  1.0418985701e+00  2.8738048319e-01  2.6546129928e+00  1.2745838719e+01  4.4164166846e+02  2.4572217479e-01  1.1664694450e+00  -3.1847067161e-01  5.8392950829e-01  1.3156952238e+00  2.0982361708e+00  -1.4963584775e+00  4.8975091004e+00  
-4.0493807793e+00  4.8847282659e+00  3.8747027324e+00  1.0308311367e+00  2.0012267234e-01  6.3999924493e+00  4.4663107683e+00  -2.4288731776e+01  1.6019111684e+02  -1.0584064474e+01  4.1517124132e+01  1.5494639671e+00  1.0777728722e+00  1.4925790127e+00  2.4724241228e+00  -1.5222670902e+00  1.7632800307e+00  -1.0748442802e+00  2.0574815745e+00  4.8804725918e+00  1.4299887548e+01  -9.6857770140e+00  1.7926914431e+03  -1.4820498694e+01  6.2446305885e+02  
-3.9494631290e+00  3.5225251086e+00  1.6531967253e+00  1.5402828517e+00  6.8041800409e+00  4.0105090183e+00  1.4446099752e+00  -2.0310811180e+02  5.3683427862e+03  1.2474513592e+02  4.4892181633e+03  -2.2625420573e+00  1.3501067901e+01  -1.6568012330e+00  1.5919266390e+00  1.6922063765e+00  3.0969559270e+00  -3.4016886576e+00  4.2499035263e+00  -2.4728888034e+00  4.0197337756e+01  -5.5566141078e-01  1.7422187687e+00  3.7148859059e-01  6.5265415282e-01  
-3.8491694927e+00  4.6752000773e+00  2.5107809162e+00  4.8928775715e+00  9.6307766406e+00  5.8788576607e+00  2.6963204016e+00  -6.8759883278e+01  6.9480109021e+02  1.6415234710e+01  1.7748142072e+02  1.4235182058e+00  1.0098883640e+00  5.1023947551e+01  2.9617462438e+03  -5.7178940225e+00  9.3992122827e+01  1.9774263143e+00  2.5527762412e+02  2.2174241174e+00  2.5627203693e+01  6.4670011589e+00  5.5066096580e+01  3.1882813748e-01  4.6694123719e-01  
-3.7492308617e+00  4.6713265618e+00  3.0717168315e+00  2.8138718681e+00  4.5855109452e+01  3.1087987098e+00  8.5007984737e-01  2.3474396061e+01  3.8429029386e+02  5.6490835821e+00  6.2066707124e+00  1.5429280072e+00  3.0456613476e+01  -1.0646835495e+01  8.9463511494e+01  2.2766468809e+00  1.9556367694e+00  -3.7555592348e+00  3.1168389211e+02  -7.8900578482e-01  3.7978829164e+00  1.3533312889e+00  1.3254498310e+00  9.3148359149e-01  5.4714554901e-01  
-3.6490337849e+00  4.3617389255e+00  2.1127787842e+00  1.8578634402e+00  1.8832331236e+00  4.0546155740e+00  1.4699793606e+00  1.0324662612e+01  1.9091447850e+02  4.3478924895e+00  2.8076629648e+00  2.2944636183e+01  2.3653550197e+02  2.3957114439e+00  1.5320842770e+00  -6.0521568516e-01  6.1187011928e-01  2.2960468938e+00  1.3198713657e+00  1.2791847874e+00  1.2695681538e+00  -5.1674873635e+00  1.2718257732e+01  -7.8055276944e-01  3.7797750196e+01  
-3.5492284298e+00  8.2278248256e+00  1.1490171758e+01  7.8003002978e+00  1.3527880841e+01  3.0416882781e+00  8.5762299917e-01  -6.7074776578e+01  3.3525528883e+03  6.3539154841e+00  5.2565513229e+00  1.8738716719e+00  1.8755389162e+00  -7.8838900374e+00  3.2827726271e+01  1.5177970439e+00  1.8922604149e+00  2.8192738579e+01  1.1330971395e+03  1.2419292589e+00  6.7451831956e-01  2.4500460010e+00  1.3008189118e+00  -4.5252101936e-01  2.2762473706e+00  
-3.4493803978e+00  6.4906229121e+00  7.5064319565e+00  5.1089882793e+00  9.7377357527e+00  3.5397130807e+00  9.7581862043e-01  2.2232579725e+01  1.6284709320e+02  9.9471979507e+00  1.6179117789e+01  5.9722912613e+00  1.6699181478e+01  -5.0666847589e+00  1.3380508681e+01  -5.8809921326e+00  2.5269982436e+01  6.3302502408e+00  4.2860712612e+01  1.0075702575e+00  4.2130148195e-01  -3.4361818915e+00  6.1020005023e+00  1.2051910547e+01  5.3676045549e+03  
-3.3494105339e+00  5.6005624126e+00  2.8211348417e+00  4.3238821390e+00  1.1064936912e+01  3.7229776609e+00  9.9636018051e-01  -1.3928314511e+02  2.2423267813e+04  5.0740344102e+00  3.1690964103e+00  3.6881573404e+00  5.4190418624e+00  1.1367316204e+01  1.0641444645e+02  2.5933627077e+00  1.4845724843e+00  -1.9111102764e+00  2.2916980448e+00  1.9135454918e-01  1.4215793201e+00  3.3028883040e+00  4.2472809570e+00  -5.4426846025e+00  1.8262803563e+02  
-3.2493007183e+00  6.5627085468e+00  4.8866982158e+00  4.6047548830e+01  1.5696883910e+02  3.5988591546e+00  8.8621633683e-01  5.5419330333e+00  1.3761497902e+01  1.8416661862e+01  4.8810477897e+01  2.5710735325e+00  1.2977694195e+00  -1.5186837937e+01  6.1500931871e+01  -5.1935134402e+00  2.1940472308e+01  4.1409128849e+00  2.7001788591e+01  1.4205074292e+01  8.5584911791e+02  -1.3697121217e+00  1.1719767610e+00  2.5866905341e+01  3.3749740281e+03  
-3.1494035721e+00  5.0249667894e+00  2.5996270839e+00  1.7766836681e+01  1.0291441986e+02  3.4749313602e+00  8.7862873975e-01  6.4097755973e+00  3.3391372097e+01  5.1829799878e+00  3.4502821604e+00  3.6730778735e+00  3.2246137095e+00  2.2567928436e+01  1.3215660731e+02  3.1678542400e+00  6.7021419120e+00  -3.1359360761e+00  2.1386281333e+00  2.5405154514e+00  2.5050888459e+00  5.2143884907e+00  1.0124521196e+01  -1.6195257168e+00  4.2846471569e+01  
-3.0494992733e+00  5.6898154469e+00  3.2437280516e+00  1.4822884927e+01  1.6483684609e+02  3.3979120301e+00  8.2954427182e-01  4.9267132555e+00  6.4209738174e+00  1.9788515810e+01  6.2709831273e+01  1.6522524262e+00  6.7851659552e-01  -1.8600215458e+01  1.0266827650e+02  3.7159468411e+00  1.7673417894e+01  6.1697666968e+00  6.7347222128e+00  2.2703897500e+00  3.0715141632e+00  1.0017937258e+01  3.8854014168e+01  -8.3192515994e-02  2.4155834415e+00  
-2.9493832588e+00  3.7279935886e+00  1.6074474323e+00  -9.9342598811e+01  2.2801898998e+03  3.1421206864e+00  7.0363735136e-01  8.8043992381e+00  2.3867484713e+01  5.1761888415e+00  2.7108517606e+00  4.1227894538e+00  3.0859297983e+01  1.8906478682e+01  5.2817015780e+01  -3.1479640039e+00  2.0286265603e+00  -1.1381664836e+01  7.5379051917e+01  1.9251509562e+00  8.4752939488e+00  -3.9293392613e+00  3.7942872590e+00  4.6006577683e+00  6.5330776251e+00  
-2.8495545387e+00  4.5989139501e+00  3.1788981070e+00  3.8987043558e+00  9.3805715448e+00  2.5785137435e+00  4.8180819804e-01  4.7213053771e+00  5.1260147152e+00  5.3497428187e+00  2.6096426517e+00  4.2787979533e+00  1.5671313695e+01  -2.0787835410e+01  1.1784354322e+02  3.1310858703e+00  4.1190761849e+00  -9.7103239938e+00  3.2655523182e+01  6.2981289385e-01  6.4587464829e-01  8.1537918704e+00  1.4686747519e+01  1.4700752993e+00  2.4816395649e+00  
-2.7494306564e+00  3.9259914552e+00  1.5714939577e+00  4.4467204324e+00  1.6668991290e+01  2.9359479988e+00  6.2057270661e-01  4.4715812786e+00  4.3166819413e+00  5.1508942718e+00  2.4377623175e+00  1.1361466118e+01  2.6270414756e+02  8.6110878786e+01  1.3741363804e+03  -2.8744232802e+00  2.2283166320e+00  -1.0193842031e+01  3.5576522641e+01  2.5330953568e+00  2.1958635124e+00  1.9001572072e+00  8.4938192514e-01  2.4112094460e-01  2.9093760617e-01  
-2.6493029594e+00  3.4493283660e+00  2.2587295319e+00  2.2165110026e+00  7.6628212528e+00  2.4108369155e+00  4.5933425593e-01  3.1090049816e+00  1.6136668807e+00  6.7168445120e+00  4.4172495284e+00  1.8328826997e+00  8.5351384115e-01  -8.9696014779e+00  9.4832317591e+00  -2.4631882982e+00  3.5618435717e+00  -5.4238549860e+00  1.7175300246e+01  1.5012293829e+00  6.4054760988e+00  1.2114290485e+01  2.2757258518e+01  -2.9046459004e+00  3.1073295483e+00  
-2.5493345261e+00  3.0625854373e+00  1.5587541747e+00  2.3556463151e+00  6.9261585140e+00  2.3307258779e+00  3.8139757658e-01  2.4577642888e+00  1.0228150290e+00  5.0437287785e+00  2.4632461172e+00  2.6165953602e+00  2.0654799640e+00  8.3918469567e+00  9.0585429013e+00  -8.8490939763e+00  5.3626080511e+01  -2.7651131235e+00  1.3572059795e+00  8.9153090339e-01  6.8867584379e-01  1.4834681074e+01  6.4997178717e+01  1.8795266116e+00  2.2389328380e+00  
-2.4495291710e+00  3.1511232289e+00  2.4183235648e+00  3.4575755648e+00  7.0386517533e+00  2.2335914647e+00  4.2188282907e-01  2.4665993493e+00  1.0780033663e+00  6.3425490916e+00  3.4279162351e+00  3.5027531867e+00  6.4748843427e+00  1.2007002006e+01  2.2270788245e+01  -8.4615468389e+00  1.8514751696e+01  -3.5481927714e+01  6.3662498239e+02  1.9685795185e+00  3.5104074349e+00  1.6614557905e+01  5.8724869761e+01  -5.8497000169e-01  2.2864390606e+00  
-2.3494238853e+00  2.7664611545e+00  1.9642080940e+00  1.3147760594e+00  6.1702589247e+00  1.9735523901e+00  3.1226368633e-01  2.1217323613e+00  5.7178247487e-01  7.9476398336e+00  5.1814178015e+00  3.5969137264e+00  1.6791806390e+01  9.2231029876e+00  7.7279714071e+00  -3.2246222093e-01  1.8375724119e+00  1.3793435469e+01  7.3529710034e+02  5.0422884096e-01  2.2656189085e+00  5.3919700159e+00  8.4234503001e+00  -2.2676621880e+00  9.3901665259e+00  
-2.2495498657e+00  3.1050443413e+00  3.2190668512e+00  1.5480654588e+00  5.6388170736e+00  1.9722217886e+00  3.3163666604e-01  2.7206022774e+00  1.1514842676e+00  9.7029057972e+00  9.1762737476e+00  3.9307221496e+00  4.7925340750e+00  3.7255468938e+00  2.2229516566e+00  8.2211789492e-01  2.7505182137e+00  -9.9550149629e-01  9.1908451281e-01  -2.7580222502e-02  5.2831933951e-01  -4.9951356955e+01  5.2288521333e+03  -1.2542899397e-01  2.1879935694e+00  
-2.1495814323e+00  3.1849270410e+00  2.8346422085e+00  3.7207542258e+00  7.0331622387e+00  1.8449308245e+00  2.6876426583e-01  1.5590113029e+00  3.8832459892e-01  4.4388964680e+00  2.4015018426e+00  1.7103343969e+00  4.6005972601e-01  3.9424233091e+00  2.7972735571e+00  2.3236233343e+00  1.4947856414e+01  2.4408881865e+01  1.1237514692e+03  5.4655121838e-01  3.5989639431e+01  6.0401127069e-01  8.8717842543e-01  1.3274598676e+00  1.6844117150e+02  
-2.0496332645e+00  2.8363443335e+00  2.0371283713e+00  2.9221429826e+00  4.8570509514e+00  1.7488856913e+00  2.2057345135e-01  1.7170013690e+00  3.8732630919e-01  3.7681081271e+00  1.2967423100e+00  -1.9510017394e+01  4.5649485423e+03  1.5881073000e+00  6.7704986062e-01  2.7442684808e+01  4.7151676452e+03  7.7288352496e+00  1.8806056864e+02  -5.1317014483e-01  9.2072484107e-01  7.4574482314e-01  8.1517627924e-01  -3.5457311905e-01  2.5540713417e+00  
-1.9494692087e+00  2.7003467931e+00  1.7198887460e+00  1.5302627855e+00  3.9111183575e+00  1.7055090373e+00  2.1141411116e-01  1.6403713665e+00  3.0165044234e-01  3.1804615870e+00  9.0946774300e-01  -9.1133052286e+00  1.1700840685e+02  -2.3101815196e+00  6.1908120153e+03  -2.8308791702e+00  5.7744117417e+00  -1.5903388182e+01  1.5393206275e+03  1.1785823937e+00  1.5056109842e+00  1.1864380760e+00  2.1210779309e+00  6.7666200364e+00  2.5041389788e+02  
-1.8497318029e+00  2.8760466518e+00  2.2677063027e+00  1.3413676008e+00  3.2172707865e+00  1.4584720528e+00  1.5223244453e-01  1.4447639486e+00  2.1140969396e-01  2.8077301606e+00  9.4626332290e-01  1.9051182033e+00  1.3030073532e+00  2.8165011582e+00  2.2361729532e+00  -7.7669836379e-01  9.7276257289e+00  9.8093652905e-01  5.1700657446e+00  -1.1199836444e+00  1.1408482185e+00  -1.6897072810e+00  2.3430657696e+00  -6.3415736262e-01  9.3454986291e-01  
-1.7496762276e+00  3.5881179210e+00  2.9829128069e+00  1.2813512886e+00  4.4818713011e+00  1.4323794769e+00  1.4484810520e-01  1.2781096809e+00  1.8276981356e-01  4.7702025426e+00  2.2118118257e+00  -4.0417127240e+01  1.1798655652e+03  2.9056005362e+00  2.1027830056e+00  4.1453356434e+00  1.2073842875e+02  -1.0606488401e+00  1.2836260196e+00  4.0458885320e+00  3.7557623511e+01  6.0017232333e+00  7.5377869024e+01  1.0345273661e+00  1.3266046939e+00  
-1.6497117281e+00  4.7148221878e+00  3.9382426308e+00  3.1809884482e+00  9.2700545747e+00  1.3696726845e+00  1.5434290559e-01  1.1517189420e+00  1.3518778687e-01  2.4272011492e+00  6.5469572986e-01  -1.4903970234e+01  1.3089972735e+02  1.9383101883e+00  9.3302742561e-01  4.5770114184e-01  3.7330494658e+00  1.6088245734e+00  5.9741305004e+00  -1.8973184172e-01  8.0627617808e-01  -1.8877350852e+00  3.2449501394e+00  8.3880881091e-02  5.4283218557e+00  
-1.5498278141e+00  4.0502765582e+00  3.8194900617e+00  2.1964168477e+01  4.6418617988e+02  1.2366122977e+00  1.1302464658e-01  1.0453348316e+00  7.8003454834e-02  2.4772737184e+00  6.9562723216e-01  5.5768263642e+00  2.3991891697e+01  6.3283397680e-01  6.4590833406e-01  2.6400138979e+00  5.8542459473e+00  -5.3364942776e+00  1.7094471700e+02  -9.6765441792e-01  1.1539612676e+00  -2.0784076817e+00  5.3830067375e+00  1.0841487197e+01  1.0278493635e+02  
-1.4497630596e+00  2.8305740675e+00  2.0379887324e+00  3.6045311783e+00  1.4701316146e+01  1.2171313111e+00  9.7875576748e-02  1.1648387258e+00  1.3990637965e-01  1.7377979726e+00  3.1005724972e-01  3.0560208643e+00  3.2248033748e+01  -3.3195258727e+00  4.2258081206e+00  1.0154643589e+00  7.1956429552e+01  8.9002246545e+00  8.4299723306e+02  -8.0743184044e-01  1.7355024599e+01  -1.2312921196e+00  3.5434567159e+01  1.0133639934e+00  9.8576645164e-01  
-1.3496983051e+00  3.9325180594e+00  6.2992776910e+00  -1.0842270339e+01  6.6068954570e+01  1.1800130595e+00  9.7847018986e-02  1.0957435461e+00  8.0149338963e-02  1.7675604345e+00  6.5498878830e-01  1.5447017476e+00  1.5348316366e+00  -1.6028104247e+03  1.5704976378e+05  -2.7767722127e-01  2.1336387256e+00  5.4799263574e+00  2.7081517029e+02  7.2444420189e-02  4.8549187920e-01  1.9280533842e+01  4.2270012104e+03  -9.3264133743e-01  2.9560326328e+01  
-1.2499570847e+00  -2.1691908879e+01  4.6072629018e+02  -2.8612488008e+00  1.2579532553e+01  1.1498214027e+00  8.5546585638e-02  1.0540067194e+00  1.2794380952e-01  1.9425863410e+00  4.9481914010e-01  3.9865456583e+00  3.6556328010e+01  2.1295403309e+00  1.5259033373e+00  5.7517254930e+00  3.0873280053e+02  5.3331616987e-01  1.9129206988e+00  -1.4874828330e-01  3.5402744237e+00  1.2844097305e+00  1.1969144343e+00  7.2220118516e-01  3.5102725796e+00  
-1.1498205662e+00  8.5529366250e+00  2.4780605244e+01  -1.8926016279e+00  1.8598114661e+00  1.0393188276e+00  7.5901188044e-02  9.8352092848e-01  9.3104413969e-02  1.3993474204e+00  4.2260711646e-01  1.3659642421e+00  1.1790839705e+00  2.7667375294e-01  1.2772775866e+00  -1.2002786427e+00  5.3217829887e+00  -5.1144180294e+00  3.1024951473e+01  -5.6055209792e+00  3.2690324495e+01  -6.0058631754e-03  6.6516836262e-01  -8.2348862889e-02  2.6686653486e+00  
-1.0497742891e+00  6.8399725697e+00  1.9376416793e+01  -1.3482996065e+01  2.0029006146e+02  1.1030605572e+00  7.3160573992e-02  9.6901894014e-01  8.2295989159e-02  1.7366223877e+00  3.6214794046e-01  1.2486883370e+00  8.6235349585e-01  -8.6996189115e+00  7.8043888837e+01  3.3381307647e-02  5.5647957737e+02  -3.8894576011e+01  1.7109785011e+03  -2.2216695189e+00  1.5016105462e+02  2.1941559046e+00  3.2627389873e+00  3.5026805397e-01  1.5046662748e+00  
-9.4996595383e-01  5.0943713776e+00  7.7925356913e+00  -1.4166758666e+00  1.4644636203e+00  1.1394531999e+00  7.8066533906e-02  9.0432464668e-01  5.4401940200e-02  1.4119318744e+00  3.7662182515e-01  2.0821270442e+00  6.2854362594e+00  3.2666084667e-01  3.6478357804e-01  -1.4936947601e+00  6.8300155856e+00  -4.9848693757e-01  1.1529257115e+00  1.7432640175e+00  2.3080535777e+01  2.0213167646e+00  9.4540035505e+01  5.4143712694e+02  4.9056219335e+04  
-8.4993427992e-01  -1.5362153472e+00  1.5610088056e+00  2.2602597053e-02  2.5136509759e+00  1.0928284176e+00  6.7840873837e-02  9.8768488437e-01  6.5132767241e-02  1.3701916997e+00  4.3579776678e-01  -3.7306519320e-01  1.8901958973e+01  2.4317973016e+00  4.8711500259e+00  -1.6803255423e-01  1.8344242960e+00  -2.2467360363e-01  6.3489323648e+01  -6.6138612405e+00  2.3617237113e+01  7.3742334531e+00  1.4747410621e+03  1.8582971481e+00  4.5664261613e+00  
-7.4986225367e-01  -3.6678862476e+01  1.7088706925e+03  4.4252992525e-01  1.5968314606e+01  9.7018223627e-01  7.0200090648e-02  8.2866925222e-01  7.7058628878e-02  1.0232092344e+00  3.3256580107e-01  2.4902092871e-01  2.3349936160e+00  1.0188391437e+00  1.0667850549e+00  -3.8990146344e-02  7.4595411891e-01  -1.5297538016e+00  2.4674345016e+01  -1.8935458629e-01  5.9916889871e-01  3.4348324940e+00  1.9673133170e+01  2.4799951962e-01  2.6326040155e+01  
-6.4985251427e-01  -8.7707880215e-01  7.0557896817e-01  -7.1902047527e-01  2.3222085562e+00  1.0363566706e+00  4.2440052243e-02  1.0063427131e+00  7.7857811201e-02  8.7743045276e-01  2.7744237101e-01  6.7413263902e-01  3.3658002136e-01  1.8890334822e+00  2.1974042181e+00  7.5373993442e-01  2.1930110334e+00  4.8586977443e-02  1.2733109903e+00  -6.7528372702e+00  2.2145434894e+02  8.0401424122e-01  1.3006482710e+00  1.7974279753e+00  1.8037378731e+01  
-5.4994875193e-01  -2.3546521203e+00  6.1598563714e+00  -4.0854806625e+00  1.2250835195e+01  1.0636559761e+00  7.2820573598e-02  1.0199991094e+00  5.5584704879e-02  7.9804733327e-01  2.4600316740e-01  4.2416787588e-01  4.3183864032e-01  1.5451761572e+00  1.7802326647e+00  -1.3053389160e+01  1.6662995103e+03  -5.4975178077e-01  1.0788273732e+00  1.4937214450e-01  7.8147470266e-01  -1.1771080098e+00  1.1688770663e+00  9.9404817706e-01  1.4643861102e+00  
-4.4994610548e-01  -1.5603200756e+00  5.1969697795e+00  -1.4736266016e-01  1.1925241522e+00  9.8650883170e-01  5.0437232430e-02  9.1823984087e-01  5.9445246875e-02  1.2375694076e+00  2.3543846481e-01  4.8823928336e-01  4.2346866083e-01  1.3018157376e+00  6.7458493437e-01  1.2301197053e+00  2.7887530551e+00  -1.6457411533e+00  1.2708013432e+00  3.7450183745e+00  5.1395867373e+01  -1.3403167995e+00  2.8914793654e+00  -8.7334094308e-02  4.3735348232e-01  
-3.4979194403e-01  -9.1865054000e-01  3.6610873093e+00  8.2566105357e-01  2.6294554258e+00  1.0013314028e+00  4.6342225672e-02  9.4992679542e-01  1.0863693769e-01  1.4455254314e+00  4.1483578899e-01  1.1074133627e+00  4.8338724534e-01  2.0830325032e+00  3.3704307788e+00  -6.6036144416e-01  2.4656021292e+00  -1.0499981265e+00  1.4896564789e+00  1.0412223663e+00  7.2637616285e-01  1.4097333987e+00  2.6962863623e+00  -4.4460469242e+01  1.6611806803e+03  
-2.4993331730e-01  4.0575496236e-01  6.0821959982e-01  9.6065476727e-01  7.3156380538e+00  1.0369174978e+00  5.5223856253e-02  9.4738518145e-01  6.0857519471e-02  7.8828376624e-01  1.6996534665e-01  -5.2422070079e+00  3.5469218764e+01  1.5227498174e+00  1.4671872498e+00  -2.2498821523e-01  3.1035069879e+00  -3.4652729610e+01  1.3295304193e+03  -4.6161624642e-01  1.2244608026e+00  -1.0020848097e+00  8.3479019516e+00  -5.3881654094e-01  1.0598409778e+00  
-1.5000061691e-01  8.2720414538e+00  4.2741978285e+02  6.4988618644e+00  3.8267421362e+01  9.6800451835e-01  4.2809132179e-02  8.6970210372e-01  8.5953521169e-02  1.2660222499e+00  4.7133163028e-01  -1.3616600899e+01  2.8628482568e+02  -1.4336532225e+00  9.4079643803e+00  -2.5121693199e-01  1.3183451017e+01  -1.4050714789e+00  1.1561782383e+00  2.5657668290e+00  1.9238396831e+01  -3.5463150207e+00  2.4296430234e+02  1.7423970147e+01  4.2763730884e+02  
-4.9969337881e-02  1.2912742948e+00  4.3475210086e+00  1.0151752408e+00  5.7411570985e-01  1.0445499745e+00  4.2750466915e-02  1.0597237310e+00  4.8202889215e-02  9.2926604282e-01  2.5984291389e-01  1.7059775207e+00  3.9134229834e+00  -2.0373949126e+00  3.1117317641e+01  -3.9460859747e+00  7.9892984162e+00  2.8640956484e-01  8.8392123759e-01  4.0479438555e+00  5.3029471739e+01  -1.3287521144e+00  1.6638476060e+00  -2.1087914958e+00  3.9441196318e+00  
4.9903359264e-02  1.0000000000e+00  0.0000000000e+00  1.0000000000e+00  0.0000000000e+00  1.0000000000e+00  0.0000000000e+00  1.0000000000e+00  0.0000000000e+00  1.0000000000e+00  0.0000000000e+00  1.0000000000e+00  0.0000000000e+00  1.0000000000e+00  0.0000000000e+00  1.0000000000e+00  0.0000000000e+00  1.0000000000e+00  1.3527128286e-15  1.0000000000e+00  0.0000000000e+00  1.0000000000e+00  0.0000000000e+00  1.0000000000e+00  0.0000000000e+00  
1.4979593456e-01  7.3592307717e-01  4.9118993492e+00  9.8828925429e-01  5.6221628523e-01  9.5736676312e-01  3.9137721465e-02  9.4366263682e-01  4.3202135329e-02  1.0769628158e+00  2.9072319346e-01  6.0106738270e-01  7.5016152356e-01  -4.3155711861e-01  1.9668798793e+01  -2.8208846579e-01  2.3237222591e+00  3.6367729833e+00  1.6721394730e+01  3.9779102268e-01  9.0385901801e+00  -7.6368033397e-01  8.7842518964e-01  -4.9240575798e-01  1.1656218713e+00  
2.4993507564e-01  3.1855350922e-01  1.7028873079e+01  1.5569498032e-01  8.6603411084e-01  1.0330738160e+00  4.5129280547e-02  1.1499292992e+00  1.0724291436e-01  7.9114021677e-01  3.2939842524e-01  -6.8415951750e-02  5.4776566694e-01  -6.4748909183e-01  5.2157090112e+00  -2.4164180933e+00  2.4897730502e+01  -7.1651950409e-01  5.7081723444e-01  4.1039301233e-01  1.2415915866e+00  -1.1214487269e-01  4.4711662161e+00  9.3103498707e-02  4.3999602616e-01  
3.4986314178e-01  2.5499007359e+00  6.2498820426e+00  1.2390352063e+00  1.5266921194e+01  9.6442547433e-01  5.1548277349e-02  1.0555829117e+00  6.8817672484e-02  1.2691911178e+00  2.7296672294e-01  -1.8703822922e-01  1.4669323870e+00  6.6291300334e-01  6.2717319472e-01  -5.1737732316e+00  2.3851400334e+01  -3.9372121529e-02  3.3818833679e-01  -2.3236722787e+00  2.0938898319e+01  -8.3770181938e-01  4.6990301189e+01  -1.9502281678e+00  6.8561022781e+00  
4.4992470741e-01  -1.0482619168e+00  1.6959129752e+01  1.3235653728e+00  4.7302503535e+00  9.9869263295e-01  4.6189623188e-02  1.0528498935e+00  1.1528229856e-01  6.9237762759e-01  1.9725994752e-01  9.0469685598e-01  3.7681188482e-01  4.8956998231e-01  6.1296844559e-01  -1.7365769190e+00  1.1120817579e+01  -9.7398531035e-01  1.6030110417e+00  9.6502756605e-01  6.5006099381e-01  7.3578982288e-01  1.3899392657e+00  -4.7302866847e-02  6.4895189155e-01  
5.4995501041e-01  -7.1532051509e-01  3.3410686953e+00  -8.3488879386e+00  1.3667638755e+02  1.0137034254e+00  5.2119903190e-02  1.0890861799e+00  6.8370570145e-02  8.0833519145e-01  1.5139295989e-01  2.0713875918e+00  2.7926978495e+00  7.7029512428e-01  3.9905549516e-01  7.9504438314e-01  2.4706500949e+00  -6.1136367535e-01  4.6911486368e-01  2.3543108835e-01  8.7396104546e-01  -7.7856380108e-01  1.5257959521e+00  -1.6747715830e+01  6.4887557928e+02  
6.4986526966e-01  -4.4347130232e-01  8.1155655352e-01  -2.6945508428e-01  1.3517252223e+00  9.4020002774e-01  6.5121956377e-02  9.8042390600e-01  5.4433447358e-02  1.2543417679e+00  4.0124228460e-01  2.3932667911e+00  3.7331171713e+00  6.5478589815e-01  6.5005270391e-01  1.9071942243e-01  1.3622416722e+00  -1.8962302379e+00  4.3181856054e+00  6.5360834597e+00  5.9836635529e+01  -8.5803821263e-01  8.3393762318e-01  1.0315379470e+00  1.9894661290e+00  
7.4977916479e-01  -1.1480110528e+00  9.5652333983e-01  -1.5331224715e+00  5.1712492390e+00  9.6493563163e-01  3.9539369141e-02  9.9376153067e-01  7.9801819165e-02  1.1408582475e+00  3.5572346268e-01  1.4872666773e+00  7.5531929479e-01  5.3715215049e-01  6.6741843313e-01  1.2777234166e+00  2.2915478513e+00  9.9989762942e+00  4.5048773201e+02  -1.3160893135e-01  3.3510454269e+00  1.2826535742e+00  2.5155484643e+00  5.3459906936e-01  3.0353566054e+00  
8.4983658791e-01  -4.1833186478e-02  4.1118742641e-01  4.3653211538e+00  1.3310335868e+02  1.0307903004e+00  7.4464033684e-02  1.2068595801e+00  1.0898705261e-01  9.7840294661e-01  3.2171563538e-01  4.8613115968e+00  8.4928967720e+01  9.9140264812e-01  9.4590565567e-01  -2.3377189129e+01  6.4078711059e+02  1.6001989956e+01  1.5955365886e+03  -4.8681522230e+00  5.5182647397e+01  3.2079466427e-01  6.9419899530e-01  6.8666451260e-02  1.9028060162e+02  
9.4983351231e-01  -6.5823796021e-01  7.1224349445e-01  3.2879122331e+00  6.9233861381e+02  9.1509338561e-01  5.6689618727e-02  1.0125146541e+00  6.6960122286e-02  7.3053790380e-01  2.1631563979e-01  -1.2500216325e+00  3.9646850502e+01  4.2284075871e-01  6.1837878229e-01  9.4846422537e-01  4.2036626379e+02  2.6632854233e+00  1.4985007351e+01  -1.5618034604e-01  1.1636103026e+00  -1.5119594266e-01  8.2546331214e-01  5.6180195641e-01  1.0753136206e+00  
1.0497974157e+00  2.0038145485e-01  2.6828273022e-01  -7.1322471720e-01  7.0641402163e-01  8.7765703835e-01  6.0414127856e-02  1.1058390571e+00  6.6207542768e-02  7.0879936904e-01  1.9833263054e-01  5.0387091081e-01  1.0961326029e+00  3.1031766753e+00  3.7468381296e+00  -8.3007706951e-01  1.0268482889e+01  -1.9688320320e+00  9.1412724495e+00  6.5793692696e-01  6.0621197398e+00  4.1734007973e-01  4.6233367273e+00  5.5422022811e-02  6.5062459549e-01  
1.1497534513e+00  1.5408096535e-01  3.1021729341e-01  -9.0596050316e-02  8.7318915929e-01  9.0661047190e-01  6.0699653398e-02  1.0320496210e+00  8.8268421544e-02  5.7608824784e-01  1.1883587862e-01  8.0434631090e-01  4.9889797988e-01  -1.3537444319e-01  6.3547561710e-01  1.1460230635e-01  2.4257378924e+00  -2.9723723667e-02  5.2601098387e-01  -2.5831187955e-01  1.0640051031e+00  4.6674303004e-01  7.3763227061e-01  3.2142072589e+00  1.5166861086e+01  
1.2498775721e+00  1.2252249940e-01  2.2786400567e-01  -5.3277924844e-01  4.5733033186e-01  9.6222194419e-01  7.0065602025e-02  1.0168518822e+00  9.8115627423e-02  7.1535307922e-01  2.3475731695e-01  7.3822531483e-01  7.2911669258e-01  3.3522041737e+00  6.1068509317e+01  -8.1040854281e-01  1.9737802851e+00  -2.1667476963e-01  7.6461086873e-01  -2.0635197856e-01  1.4453548688e+00  -8.7679928199e+02  5.8802023541e+04  -2.6256203096e+00  1.5883869832e+03  
1.3496013880e+00  -5.3959717229e-02  3.3795995345e-01  -3.1890345067e-01  2.1875191745e+00  8.6975089500e-01  6.5312305562e-02  9.4891095730e-01  1.1911387233e-01  5.1512761589e-01  1.3216579915e-01  2.7934920915e-01  4.0056928367e-01  4.7208873721e-01  3.4529466738e-01  1.0656543925e-01  5.6020849225e-01  1.9996815928e+00  1.0364666252e+01  -7.8065775992e+00  8.4036326643e+01  7.8427949541e-01  6.0774678374e-01  1.6916457932e+00  1.0212761154e+01  
1.4497647285e+00  2.5807006643e-01  2.4657682026e-01  -9.6718802325e-02  8.0977387887e-01  8.4751024221e-01  7.1799532695e-02  9.1267352527e-01  6.7240020641e-02  5.6655982715e-01  2.1091062519e-01  6.5450069951e-01  7.3247262130e-01  -6.1772815609e-04  1.0856966988e+00  -3.9621649481e+00  7.5675811361e+00  4.4454122681e-01  5.0507073023e+00  4.8162382698e+02  4.4754147354e+04  2.7833109797e-03  6.0711591007e-01  2.2787611747e+00  4.3678764608e+02  
1.5497343540e+00  3.5484468717e-01  2.1290543773e-01  2.8054680801e-01  8.1091394387e-01  8.2166027996e-01  6.7160667771e-02  8.5861675059e-01  1.0305456260e-01  5.7563016184e-01  1.0192500848e-01  3.2320855831e-01  5.8974857147e-01  -3.0524282646e-01  3.2067015294e-01  8.3004225126e-01  7.2684339999e+00  4.6231840431e-02  7.3990607201e-01  -2.3940808134e+00  4.2085672736e+01  -1.0168878011e+00  4.1843622017e+01  9.9492712605e-01  8.2613509325e-01  
1.6496194601e+00  2.4875342336e-01  1.9467401717e-01  6.1005117993e-02  5.5095724923e-01  8.0873260672e-01  7.5364690416e-02  9.5668715828e-01  7.1908576416e-02  4.0399383526e-01  1.1113541588e-01  1.8558397324e-01  6.5073764574e-01  1.6009413267e+00  2.0464664104e+00  3.7244143995e-01  1.2456637874e+00  -1.4205690364e-01  1.0058817523e+00  -1.0662910297e+00  3.2921883421e+00  -4.9688481444e-01  7.2112442932e-01  8.4768685940e-02  7.6177466027e-01  
1.7496668100e+00  2.1354974299e-01  1.6988023214e-01  3.0443527505e-01  6.3107960046e-01  7.3020037164e-01  8.4333020795e-02  8.6839085717e-01  1.0106332505e-01  4.1231316381e-01  1.1283198615e-01  -7.4799239329e-02  3.6391570476e-01  5.1712703859e-01  2.4323396046e-01  2.4008591989e+00  4.0501714850e+00  6.7072638881e-01  1.8644491247e+00  -5.6194864358e+00  1.3167945986e+01  -5.3952688467e-01  5.9890689963e-01  4.6684267457e+00  1.1912907520e+03  
1.8496626616e+00  2.8035239603e-01  1.9649023094e-01  7.4357935776e-01  1.1166233720e+00  6.9821490228e-01  7.2065511807e-02  7.8258159103e-01  1.1845866077e-01  2.1013034935e-01  1.0347426236e-01  -1.8289492423e-02  2.9023417857e-01  3.4598464564e-01  2.4889197092e-01  1.9179348623e-01  3.3242577165e+00  -9.5799732255e-01  1.2334902585e+00  2.7919614856e-01  1.2833745476e+00  2.1613477479e-01  9.8848872561e-01  9.8263469659e-01  1.2884646350e+00  
1.9495682716e+00  3.4924509772e-01  1.9413595214e-01  7.1607594087e-01  1.3193654122e+00  6.8572864333e-01  7.3226354647e-02  6.9231301506e-01  1.0405304094e-01  3.5661491011e-01  1.3078716494e-01  5.2720232159e-01  3.3044334620e-01  3.5727981988e-01  2.7743210074e-01  -1.2381113364e+00  2.8321417457e+00  1.2502465792e+00  1.3599732799e+01  -9.0295503833e-01  1.0061990346e+00  -6.0331551331e-01  8.3686124806e-01  -1.6139515793e+00  2.6167158985e+00  
2.0495483875e+00  3.7149631914e-01  1.8153034210e-01  6.2688677733e-01  1.0953373968e+00  5.8643022463e-01  7.3620295153e-02  6.0984079470e-01  1.1652708123e-01  3.1468775552e-01  9.0091808651e-02  -1.3117983454e-01  8.6618135246e-01  3.2874338688e-04  2.1797458212e-01  -3.7938406444e-01  2.1957884370e+00  4.3801205372e-01  3.7049475180e+01  8.5864224764e-01  8.4706300544e-01  8.7753042269e-01  2.1461357540e+00  1.0019298443e-01  1.1320884617e+00  
2.1496224403e+00  3.5395064559e-01  1.8996724961e-01  3.2873469433e-01  1.0254165854e+00  5.7188976581e-01  7.3965324863e-02  5.8272829132e-01  1.3572222348e-01  2.6573744755e-01  9.9318284651e-02  -1.7693694234e-02  2.8753625172e-01  6.3085707088e-01  2.6613373485e-01  -2.7289189095e-02  5.7879055316e+00  1.5910830809e-01  9.0704818103e-01  -1.8666399484e+00  7.7842800716e+00  1.3602737297e+00  1.7406184526e+00  -3.0395862168e+00  3.1196034972e+01  
2.2495200634e+00  3.1560229499e-01  1.8137600337e-01  2.5953699797e-01  6.8405667132e-01  5.4215031957e-01  8.2218828010e-02  6.4187193754e-01  1.7060603374e-01  2.2597154277e-01  1.2636702491e-01  5.8509377106e-01  1.4833174179e-01  2.5491969100e-01  1.7336308766e-01  7.7160089831e-01  2.9522672727e+01  3.3686069214e-02  5.0082797011e-01  8.7468432925e+00  5.6805590148e+02  1.6922395591e+00  2.5373857145e+00  -5.9947984603e-01  2.1089794945e+02  
2.3493993282e+00  3.2410418816e-01  1.9628154360e-01  6.1408173388e-01  8.8382774052e-01  5.0719944688e-01  8.9888693256e-02  3.6825713364e-01  1.5918918031e-01  1.0401608324e-01  1.0157553100e-01  2.5672949012e-01  1.9824925818e-01  2.6943089572e-01  1.6573450156e-01  1.2606016404e+00  6.8183907036e+00  -1.0147299033e+00  1.1186966127e+00  -2.1970424375e+01  1.1776886046e+03  -4.4487819296e-03  1.0077955545e+00  -1.0334106159e+01  1.2064361461e+02  
2.4494330883e+00  3.6276773284e-01  1.7956105010e-01  7.1653403601e-01  9.6284512039e-01  5.0683652881e-01  8.2612244130e-02  4.7165897391e-01  1.2386513353e-01  1.2648896056e-01  1.0147244570e-01  2.9077305824e-01  3.0628459520e-01  1.0920952810e-01  9.1168107586e-02  -1.8442977567e+00  1.0116061349e+02  3.9109971413e-02  2.9955796071e-01  1.9156876896e+00  4.2846815056e+00  1.8997503572e-01  2.8604634588e-01  -4.6684476049e-01  8.1219537881e-01  
2.5495209694e+00  3.1866917179e-01  1.7063078282e-01  2.7854165708e-01  6.1553091070e-01  4.4788416414e-01  8.8999258445e-02  4.0615639859e-01  1.6573647262e-01  1.5820468200e-01  9.7778007698e-02  2.9003826825e-01  2.6048771882e-01  8.5604181389e-02  1.3303690341e-01  -1.1641229482e-01  5.0017775009e-01  -3.2641236503e-02  1.6461404125e-01  4.8817295065e-01  1.2835817058e+00  6.5828773814e-02  1.9054292618e-01  -1.8032561303e+00  3.6038087470e+00  
2.6495280266e+00  3.2718499641e-01  1.2693694042e-01  4.0577237115e-01  6.3782591544e-01  4.2917287266e-01  7.1638187913e-02  4.0753236724e-01  1.5351489414e-01  1.9879496587e-01  1.0657773891e-01  3.8407975214e-01  2.3868419419e-01  1.2050542432e-01  1.2225185690e-01  -1.0412367474e-01  5.1819120219e-01  -3.6263902733e-01  1.9516705001e-01  1.1260679279e+00  5.6216472021e-01  7.3057392944e-02  1.5332112303e-01  5.3867209950e-01  5.6953611760e-01  
2.7493729591e+00  2.9077017179e-01  1.2796788498e-01  4.2936311344e-01  6.2242205254e-01  4.1496064756e-01  8.4348090442e-02  3.2243053439e-01  1.4707773570e-01  1.4965940418e-01  1.2010621732e-01  5.4659518716e-01  2.0892224799e-01  -1.1247219972e-01  9.3753792469e-02  -4.1106485755e-01  3.6985242871e-01  -1.9011827193e-01  2.1497128525e-01  6.2945688526e-01  8.4662704339e-01  8.4854735929e-02  1.2744107462e-01  -3.4824784396e-01  3.7465012009e-01  
2.8492650986e+00  2.5509534844e-01  9.2367607972e-02  2.1407457170e-01  3.1608641245e-01  3.4077111641e-01  7.5373484122e-02  2.2530935109e-01  1.7973463337e-01  1.9462840209e-01  9.9949180818e-02  6.4888387683e-02  1.9760584124e-01  1.6090041193e-02  9.0826555125e-02  -3.4986049927e-01  2.4805800472e-01  -9.4703789802e-02  1.7804539203e-01  3.9711061996e-01  2.6623058920e-01  5.2734083783e-01  2.3079168992e-01  4.2632731888e+00  1.1206706557e+01  
2.9495301247e+00  2.1822012041e-01  1.1071876436e-01  2.4626014474e-01  4.4711424784e-01  3.8796554418e-01  7.4756828041e-02  2.1373853777e-01  1.8359998917e-01  1.8738975519e-01  9.2846323658e-02  2.2401535154e-01  3.6720171435e-01  -5.2013797924e-02  1.0172207766e-01  3.2259071888e-01  2.5784592752e-01  -1.0862649675e-01  2.0623074181e-01  1.6043203575e+00  1.6161680595e+00  1.2682495638e-01  2.5275867911e-01  6.9653918717e-01  1.0842561778e+00  
3.0493476391e+00  2.6867258792e-01  9.7171681497e-02  -1.3440859659e-02  3.0831419141e-01  3.1842800254e-01  7.3732193843e-02  1.1732232089e-01  1.7557327060e-01  1.9370109284e-01  9.6240887552e-02  2.6116498869e-01  2.6203877015e-01  5.5859203527e-02  1.1948861595e-01  -3.1932227265e-01  2.5658304741e-01  -8.4455455374e-02  1.8892543459e-01  5.4062728428e-01  4.9927843891e-01  -2.5688925011e-01  2.4217360566e-01  2.2221700639e-01  3.5925262693e-01  
3.1493432522e+00  1.7625811149e-01  8.6133006960e-02  5.7641816052e-02  2.5377493551e-01  2.9448759599e-01  7.4693091630e-02  2.0546703460e-01  1.9932319548e-01  5.3300064740e-02  1.1137349645e-01  6.0616416125e-01  2.1948773164e-01  -5.3099159505e-02  1.2885044858e-01  2.7843290223e-01  1.0916529108e+00  1.6420634263e-01  1.9992788359e-01  4.1572574741e-01  1.8805534397e+00  1.0898576155e-01  2.7050535522e-01  -2.0697251063e+01  1.0202708167e+03  
3.2493965626e+00  1.9949500896e-01  9.1964283178e-02  5.7609842011e-02  2.0714492517e-01  2.8796855527e-01  7.3524406326e-02  1.6482956948e-01  2.1537278981e-01  1.9399804521e-01  1.5938915859e-01  2.7393563947e-01  1.8764785044e-01  4.9659064251e-02  1.4640952638e-01  3.2381270316e-01  4.4664296280e-01  -3.2045257800e-01  2.2508081149e-01  3.9787947680e-01  4.4407373970e-01  1.9782694172e-01  3.1684541154e-01  -9.2928694885e-01  1.8481886767e+01  
3.3491847515e+00  1.5307349008e-01  9.2728524268e-02  1.9464977272e-02  3.0274507848e-01  2.7804960336e-01  7.1937482407e-02  1.8458418718e-01  1.9217835362e-01  5.6602431977e-02  1.0443135954e-01  3.8979665266e-01  1.6600529172e-01  -6.9849498230e-02  1.1807016490e-01  -2.0515337759e-01  5.0024424787e-01  2.5884471175e-01  3.4066084401e-01  6.4631907671e-02  8.1524263979e-01  -7.3630286065e-01  7.2146184542e-01  -1.1488746171e-01  4.7986208188e-01  
3.4491970539e+00  1.7898965741e-01  8.3943233395e-02  2.2223134074e-01  4.0444361175e-01  2.6879991291e-01  7.1114498098e-02  -2.2732669700e-03  2.6747766219e-01  1.9799902031e-01  1.4698717046e-01  2.7483901074e-01  2.7669556765e-01  1.0041733566e-01  2.2534429197e-01  3.8696123613e-01  2.3554271796e-01  -5.2887974464e-01  4.9009266470e-01  5.2840044104e+00  7.8680038308e+01  3.0676551214e-01  3.1571736909e-01  -2.9186113203e-01  6.6797588422e-01  
3.5492534637e+00  1.5530877449e-01  1.0917399775e-01  1.8886916988e-01  4.7984645706e-01  2.8273047258e-01  7.7531961375e-02  4.1649832449e-02  2.5024508791e-01  1.0262643217e-01  1.4786028346e-01  1.6170692239e-01  3.0718253061e-01  -2.0401793808e-01  2.9855870093e-01  -1.6843653323e-01  4.4130755743e-01  1.4822950236e-01  2.4713689803e-01  9.9447466985e-01  4.6002430101e-01  -2.9726723178e-01  3.6685666436e-01  2.5156620875e-02  7.4553752023e-01  
3.6491847038e+00  1.2300675789e-01  1.0948554640e-01  1.2342675682e-01  3.6957811157e-01  3.2903569117e-01  9.2640916327e-02  -1.1965339858e-02  2.6898125330e-01  1.5837062251e-01  1.1946204735e-01  5.3670498418e-01  3.0059079093e-01  -1.2446667626e-01  2.6196579620e-01  6.6556090594e-01  5.6189844588e-01  1.8639118802e-02  3.8264068328e-01  8.0770597225e-01  4.4816131351e-01  4.0934483870e-01  2.1603054294e-01  -2.0227696073e+00  4.0082390003e+01  
3.7490432262e+00  2.2978959654e-01  1.0443148876e-01  5.4129634758e-01  2.9472877038e-01  2.4696997380e-01  8.9830944629e-02  1.2131117659e-01  2.1758367083e-01  2.3094009193e-01  1.4146925804e-01  4.6970212579e-02  5.3289014740e-01  4.1919456008e-01  2.7004842744e-01  -1.6735717008e+00  2.1880819788e+00  4.3714054773e-01  2.7103222667e-01  8.1273031183e-01  3.3967737137e+00  -2.0339951499e-01  4.1926140711e-01  -9.7841535008e-01  8.8116094385e+00  
3.8488965034e+00  2.1482975706e-01  1.1344263012e-01  4.2403607883e-01  4.1438413371e-01  3.2192248208e-01  8.9622554370e-02  5.5228623117e-02  2.5940390026e-01  1.7868114708e-01  1.5327076867e-01  5.3418042944e-01  7.0475187405e-01  -1.0734353790e-01  2.6012469639e-01  4.4219629629e-01  3.4267525177e-01  -1.4614666388e-01  4.5082429807e-01  -1.2914218146e+00  4.7259855475e+00  7.4484320167e-01  6.0362572328e-01  1.0769102024e+00  5.6083512243e-01  
3.9486594200e+00  2.1450649115e-01  1.0992045123e-01  1.9643656992e-01  4.2957756738e-01  1.7047045057e-01  7.7990914545e-02  -1.3462323832e-02  3.3900172896e-01  7.0735990203e-02  2.4392657292e-01  7.0514606783e-01  3.7499427370e-01  1.7815636708e-02  3.6686279907e-01  -1.4451537249e-01  7.7150332736e-01  2.2310085488e-01  4.5882585151e-01  4.4739268046e-01  1.5979577551e+00  1.5999730631e-01  4.7272188801e-01  3.2052861006e+00  4.8329335396e+00  
4.0488047600e+00  2.8452557301e-01  1.3169467198e-01  6.7518680863e-01  5.8631083024e-01  2.4968726205e-01  9.1538075900e-02  -2.3561793401e-03  3.1356828603e-01  7.7612643839e-03  1.4495525087e-01  -4.2065678652e-01  8.4641406458e-01  -6.0943464042e-01  6.0023930369e-01  5.6738051738e-01  4.2120981904e+00  -2.9822067816e-01  3.3665051538e-01  -5.4652602911e-01  2.4256388279e+00  -1.7920953264e+00  1.7304172382e+01  2.8064138046e+00  7.8837056685e+00  
4.1483335495e+00  2.0594668928e-01  1.5225171369e-01  9.7047167646e-01  1.8858956912e-01  1.5696397712e-01  1.0057717855e-01  -4.5490250232e-02  5.1562656630e-01  -1.0312018439e-01  2.8458559889e-01  6.4813231440e-01  3.9845741868e-01  6.8979137871e-01  1.2784637181e+00  -6.6450225015e-01  6.5315828849e-01  -9.5018739462e-01  1.1393557233e+00  1.9580879754e-01  1.7165188548e+00  1.5860919337e-02  3.9756063338e-01  -1.5594012936e-01  2.1107217985e+00  
4.2481727600e+00  2.1215053376e-01  1.3341192422e-01  1.7521519098e-01  1.4853299172e-01  2.6840642960e-01  1.0667907636e-01  -4.5771148436e-01  4.4450259731e-01  3.3300983279e-01  7.4445752506e-01  2.2887570341e+00  1.3306976931e+01  2.9746439300e+00  4.0747734441e+01  1.1134730008e-01  1.5746741322e+00  3.4998738081e+02  3.3097815745e+04  -3.2327543541e+00  5.7553595800e+00  7.7508386936e-01  9.7523368763e-01  -6.6659640653e-01  2.8194149541e+00  
4.3485622406e+00  2.6482831177e-01  1.5099882261e-01  6.7041573487e-01  2.6088961510e-01  1.8275153373e-01  1.5043046219e-01  -7.6841803740e-01  4.2837685170e-01  3.4636137383e-01  4.7762979782e-01  5.8863327061e+00  5.9331786730e+01  1.1447107460e-02  4.4358046833e-01  -5.2455623968e+00  5.0023510490e+01  -4.6661498235e-01  3.5674275237e-01  1.3364478625e+00  1.0714169592e+00  -1.1645655602e+00  1.2657564772e+01  5.6385888400e-01  6.6421883821e-01  
4.4481568336e+00  2.9658419554e-01  1.2347239034e-01  6.7612206404e-01  1.0574988052e+00  1.7494349429e-01  1.0004878193e-01  -5.7183916794e-01  3.8356176507e-01  -3.2318810597e-01  6.5352688635e-01  -6.5421033581e-01  4.7732416332e+00  7.4579919382e-01  3.1212405397e+00  1.6197515999e+00  3.9648547108e+00  3.5961378869e-01  1.3238499679e+00  -6.8508396489e-01  4.2002442699e+00  1.2194696614e+00  4.4274847507e+00  -3.8784368180e-01  1.2876227705e+00  
4.5479583740e+00  3.3480705431e-01  1.9609811769e-01  1.2572177129e+00  1.8121013327e+00  -8.1417186190e-03  1.4848286119e-01  6.5199973199e-02  3.8854458719e+00  6.0523088483e-02  6.6383494712e-01  3.2683379229e+00  2.2706781359e+01  -4.7036430969e-01  4.4648121215e-01  3.3955780349e-01  3.7519916049e-01  -1.0084286067e-01  7.1821647214e+01  -1.4274379022e+00  3.9529524683e+01  1.4540905270e-01  2.8582503098e-01  -5.9727677281e-01  2.8516570932e+00  
4.6480107307e+00  2.3960146475e-01  2.2034747127e-01  6.7227146878e-01  1.9015748617e+00  1.2064775683e-02  1.2207471924e-01  -2.9203937784e+00  3.0795396038e+00  1.0239605452e-01  5.5044067905e-01  2.2315242456e+00  5.0647732488e+00  1.5176875989e+00  5.4965505381e+00  4.4637336863e-01  3.5436096866e+00  -1.2476620771e+00  1.7367419618e+00  1.9727981845e+00  5.5190091699e+00  -2.4067508605e-01  5.4841050680e-01  5.0185702554e+00  5.2104000621e+01  
4.7471446991e+00  6.8336625987e-02  2.1511004409e-01  -2.7346333482e-01  6.4106830886e-01  -3.2360171449e-02  2.2518856956e-01  2.2886219538e-01  3.1853795549e+00  -8.3873041449e-01  1.6069541837e+00  -7.9029882574e-01  1.2709698773e+00  -1.9263279089e-01  4.6062571558e-01  -2.6197125735e+00  4.9033532584e+00  9.2713683350e-01  1.9629044006e+01  9.9408692572e-01  4.5727135710e+00  -4.5375427900e-01  1.3373670520e+00  -1.7029127998e+00  4.9058298791e+00  
4.8468475342e+00  7.9335547999e-02  1.4684980986e-01  9.1359743891e-02  3.0857274714e-01  1.5226597116e-01  3.3528312025e-01  4.0725911557e-01  7.6758246891e+00  1.7998629049e-01  3.4656076729e-01  1.3031030934e+00  1.7449966917e+00  3.1095851863e+00  3.6623677357e+02  2.2208400914e+00  3.7958216258e+00  -1.8109927173e+00  4.8221066586e+00  2.4412172861e+00  5.3382709234e+00  1.6798960265e+00  3.9655641380e+00  9.8343008964e-01  8.4130539141e-01  
4.9456863403e+00  -5.9112292903e-02  3.3888317759e-01  1.6872890504e+00  1.4539558277e+01  -2.7485318042e-02  3.2506400336e-01  -5.6297807462e-01  1.0080377475e+01  2.6784982824e+01  1.8907229602e+03  2.9618343964e-01  9.9290968823e-01  -8.1879808815e-01  3.6635479511e+00  -2.3827740924e+00  5.5908549535e+00  -5.9078308947e-01  8.0805547097e-01  9.4945046533e-01  1.0801131752e+00  6.7909277036e-02  2.0952608343e+02  -3.5673006239e-01  4.3523611447e-01  
5.0455965996e+00  -1.1997377946e-01  3.0671667122e-01  -1.6086015071e+00  2.0064045508e+00  8.2788146442e-02  2.3092939189e-01  1.6657053684e-01  6.9298878876e-01  -1.0209651382e+00  2.8792155610e+00  -1.6181727762e-01  1.0642032702e+00  -1.8114574018e+00  6.3507388936e+00  -4.1554588803e-01  1.0271603624e+00  -1.7385508164e+00  6.1899568899e+00  1.4070237517e-01  5.0950071569e-01  -4.1019390319e-01  1.4021511591e+00  -1.2390037742e-03  6.5439305843e-01  
5.1448106766e+00  -4.0039404054e-01  8.5726255330e+00  2.9225515784e+00  3.3849065440e+00  -1.1579700091e-01  3.5601218688e-01  -2.6193612666e-01  1.5438223027e+00  -2.8215646164e-01  5.8353990628e-01  2.3952366888e+00  5.5509282547e+01  5.6201455666e-01  1.3485824879e+00  -6.4762842418e-01  6.8984934878e-01  3.3203249769e-01  1.2429674004e+00  3.9473799868e+00  4.1166768961e+02  -7.4382777280e-02  1.1287573654e+00  -3.3429443548e+00  8.7382478493e+00  
5.2417521477e+00  -1.8673530462e-01  7.5259683548e-01  9.2069503768e-01  2.6492525611e+00  -2.0949727496e-01  3.1327418538e-01  -2.4405021828e-01  8.2153818973e-01  7.7393509738e-01  5.9614229695e-01  -2.4669500188e+00  6.8863611852e+00  1.0320194192e-01  1.5091411767e+01  1.3860667930e-01  4.8306553518e+00  9.1269849164e-01  9.3655238507e+00  1.7906581202e+00  7.5482165684e+02  5.6369326059e-01  5.7518034650e-01  6.5548479214e-01  4.4912652193e-01  
5.3404011726e+00  1.6298047281e+00  6.4711905802e+00  1.6110227936e-01  6.0211837917e-01  1.1996114554e-01  1.7575290245e+00  -1.3263907597e+00  1.1640452686e+00  3.8082004818e-01  2.4510657455e+00  1.3231078368e-01  1.0013680758e+00  2.2562505825e-01  1.4131248419e+00  1.8618689747e+00  3.2178267402e+00  -1.0606911262e+00  2.3067961379e+00  1.7340277368e-01  6.6353546728e+00  -2.3661084677e+00  5.0624200275e+01  4.2444578257e-01  1.6756300547e+00  
5.4409003258e+00  -4.7598186265e-01  1.5467997361e+00  3.2179456089e-01  1.0253589347e+00  1.7608600753e-01  4.0575944158e-01  8.6824590085e-02  1.5331273090e+00  7.9445591635e-02  4.7167016378e-01  -3.2165712009e+00  2.0214375852e+01  -1.2082207154e+00  7.1204061638e+00  -6.9554367366e-01  4.0186568933e-01  2.7049575976e-01  1.0706719965e+00  2.9212485179e+00  9.1613154236e+01  -2.4255007651e+00  8.8649887222e+01  -1.7614781852e+00  9.2735433270e+00  
5.5378756523e+00  -2.4574007664e-01  5.2435378275e-01  7.1114115686e-01  4.4356322299e-01  -1.6436967549e-01  3.0205900671e-01  7.0524049042e-01  1.0638890640e+00  2.5643382896e-01  8.0698993394e-01  1.7879103155e+00  1.1042376692e+01  -1.5112410463e+00  2.1417693389e+01  1.6162355317e+00  1.4128779433e+01  2.4705430364e+00  3.1253467033e+00  1.4350726598e-01  8.0653565581e-01  -3.8333499726e-01  6.0703512278e-01  6.8443356699e-01  3.2330515387e+00  
5.6325716972e+00  1.3589375819e-01  8.2544209826e-01  1.1005373646e+00  4.8298926114e+00  -2.9452033326e+00  5.6823793571e+01  -1.7591559715e-01  7.7026509903e-01  1.4650030859e-01  4.4953896646e-01  1.1900681981e+01  1.7837884490e+02  1.8078219717e-01  5.4939368330e-01  -1.3091528554e+00  5.3444284084e+01  3.8261286007e-03  8.6360068719e-01  2.4698580401e-01  7.5219340847e-01  7.0880645187e-01  8.3192429238e+00  -1.6885929977e+01  2.1325740219e+02  
5.7280368805e+00  -1.2715087052e-01  5.2215986024e-01  -3.9322944843e+00  4.6097246866e+00  -3.7958874247e-01  7.7904364632e-01  7.8060069528e+00  5.2257307361e+01  -1.9491929638e+00  1.2148926416e+01  -9.5513775763e-01  9.6247069839e-01  7.4478897873e-01  5.3171533385e+00  -1.1361142279e+00  1.0751760888e+00  -2.0118391790e-01  6.7062525786e-01  1.4706585839e+00  6.1278751790e+00  2.0348848756e+00  1.7470292749e+01  7.3540103264e-01  6.3534228185e-01  
5.8240451813e+00  2.9647370871e-01  2.8375253992e+00  -1.3552112282e+00  6.3862326184e+00  7.7674096207e-02  1.6758170917e+00  5.7974881629e-01  3.2264595669e+00  -7.5703027590e+00  7.6318118053e+02  1.0355669801e+01  4.1367537277e+01  -1.6103128384e+00  1.7443263493e+01  5.8771884080e-02  2.4869419731e+00  -2.2676585743e+00  4.3022798005e+00  1.0903325230e+01  1.2493895334e+02  3.0836249296e+00  5.6739823352e+01  3.2046562435e-01  3.5620337762e-01  
5.9218993187e+00  -4.4802845957e-01  4.8118362030e+00  4.8285327800e-01  5.3040907598e+00  1.2312184894e+00  9.2792729991e+00  1.1091078737e+00  6.6880657895e-01  -6.1668816142e-01  3.7915380838e+00  1.5978886650e+00  1.0806882844e+00  2.3026268892e+00  2.3343629194e+01  -2.4450010285e+01  3.0877358264e+02  -3.8395998264e-01  5.5079023240e-01  1.4045113986e+00  9.9017575184e+00  9.5262920370e-01  1.0942485694e+00  6.7349749247e-01  4.2006605269e-01  
6.0161352158e+00  1.8353587269e-01  9.3599811841e-01  3.3237531076e-01  5.4535713698e+01  1.0657427447e+01  2.2055036094e+02  2.0448011114e+00  8.5020412358e+01  -9.6593991657e+00  2.0078900540e+02  -8.9957796546e-01  2.2957362810e+00  5.9966722829e+00  4.2820375193e+01  2.1923462981e+00  2.0705175720e+01  1.2279058756e+00  1.9951312944e+00  1.1593689827e+00  1.6694468662e+00  7.5981409473e-02  8.0672507554e-01  -4.7337145691e+00  7.3231929598e+00  
6.1132874489e+00  5.2102044574e-01  8.8284700988e-01  3.1567589811e+00  5.1517073775e+01  2.4253883620e+00  8.8772400818e+01  1.6590624648e-01  9.9641800233e-01  9.5545337021e-01  2.6525173228e+00  -4.0714631038e-01  1.4026075500e+00  1.9018543951e-01  7.7403270999e+01  1.0004117183e+00  1.4523446313e+00  5.1441921602e-01  5.1628516894e-01  -4.6977306845e-01  1.3611841980e+00  -6.3204066726e-01  1.0503328887e+00  1.7864124048e+00  2.4220240015e+01  
6.2124648094e+00  -5.3874814379e-01  1.1607933387e+00  -3.6826751467e+00  2.9512462917e+00  -1.7557008695e-01  5.4380295846e-01  2.4736527950e-01  1.0025759022e+00  1.9348842917e+00  5.6577161216e+00  1.0379833529e+01  5.2757926194e+01  -9.6748233763e-01  2.4986601603e+00  -4.1186389742e+00  1.1718813740e+01  -2.4878483406e-01  7.7108932498e-01  1.4594198676e+00  2.6976033792e+00  2.2975898802e-01  1.0727177576e+00  -1.8772397555e+00  1.2781063646e+01  
6.3095703125e+00  2.8116020880e+00  6.7390949442e+01  5.6351526664e-02  2.4766682995e+00  9.4302690237e-02  8.6496338213e-01  -1.9183617637e+00  1.8959355207e+00  -1.3550757036e+00  1.0892376663e+00  7.5985947444e-01  2.6318783369e+00  -5.4283926278e-01  3.0113539239e+01  8.9826194091e+00  2.2735819871e+01  8.7371719612e+00  1.1429341229e+02  -4.8269835105e+00  1.0105172413e+01  4.9170778886e+00  1.1829701412e+01  -8.3966901979e-01  4.6788472404e-01  
6.4077305794e+00  -8.9352752411e-01  8.7033425700e-01  2.2966215826e+00  6.2232540841e+00  -1.8209158173e+00  9.8878044931e+00  -7.1798326763e-01  8.5721091507e-01  -2.9012334285e+00  2.9596058610e+01  1.4260135881e+00  3.8652154021e+01  6.4089419185e-01  4.4861273146e+00  -5.6358362337e+00  1.7721924335e+01  -2.8710215936e-01  4.9355198649e-01  8.3277494368e-01  7.7083350166e-01  6.6735132511e+00  4.6700192832e+01  5.9292672565e-01  3.5937491457e+00  
6.5073161125e+00  -1.1259563851e+00  1.7953463166e+01  5.1461976447e-01  1.4695514278e+00  -3.2507025397e-01  7.5230916438e+00  1.9139622762e+00  1.6069674617e+00  1.2400980296e+00  2.6223204919e+00  -2.3227960498e+00  1.6452072919e+00  -7.0113345771e-01  3.4936314898e+00  9.5565552540e-01  3.3177753996e-01  -1.7806602167e+00  8.0900212640e+00  7.7164900203e-01  6.7718358068e-01  6.3765536554e-01  1.1845965860e+00  -9.9208315222e-01  2.3971376472e+02  
6.6061086655e+00  5.2673122971e-01  1.1451547444e+00  -5.9901325219e-01  5.9901325219e-01  -8.9074554852e-01  3.1665903939e+00  2.5228871425e+00  2.5228871425e+00  1.4166970314e+00  2.3692554619e+01  1.4574461538e-01  1.4574461538e-01  -3.9527326995e-01  7.9367203768e+00  1.9712932103e+01  1.9712932103e+01  -5.1550576281e-01  6.7886174854e-01  4.2765395586e-01  4.2765395586e-01  4.9290724195e-02  5.1418695284e-01  -7.5091790176e+00  7.5091790176e+00  
6.7042903900e+00  -1.7124704644e+00  5.0817107755e+00  0.0000000000e+00  0.0000000000e+00  1.9840895079e+00  4.3871916418e+02  0.0000000000e+00  0.0000000000e+00  -2.5181195004e-01  1.8871938999e+00  0.0000000000e+00  0.0000000000e+00  -2.1320092425e-01  2.8662536501e+00  0.0000000000e+00  0.0000000000e+00  3.3887565893e-01  5.8465058145e-01  0.0000000000e+00  0.0000000000e+00  7.1015084488e+00  1.1215246308e+02  0.0000000000e+00  0.0000000000e+00  
6.8040814400e+00  2.0017302093e-01  6.1006670251e-01  2.5661896651e-01  2.5661896651e-01  -3.9064411985e+01  4.2741974844e+03  -1.1975862696e+00  1.1975862696e+00  -9.2973388529e-01  6.1723448325e+00  1.4167455247e+00  1.4167455247e+00  -3.4684630827e+00  9.9689651830e+00  1.6875852925e+00  1.6875852925e+00  6.0224355680e-01  5.8756743859e+00  -2.7522948248e+01  2.7522948248e+01  -7.0863188601e-01  2.0847793041e+00  9.6544922424e-01  9.6544922424e-01  
6.9029259682e+00  1.6350654719e+00  1.7301290924e+00  4.0977682193e+00  6.6710799548e+00  2.1291118362e+00  4.5901690041e+00  7.4336822665e+00  1.0603130636e+01  1.1931335779e-01  1.4728307578e+00  2.4787419198e+00  1.8111390182e+00  1.7061307239e+01  9.0163633939e+01  1.0202887373e+00  1.4362216512e+00  3.9814198789e-01  4.7246280196e+00  1.2893559458e+00  2.3678444390e+00  1.7461552798e-01  1.4291849974e+00  -6.2320432456e-01  1.5943624720e+00  
