#pT  vn{4}  vn{4}_err
1.0497410595e-01  1.1862410079e-03  8.9524473589e-03  4.6929803794e-03  1.7802141511e-03  0.0000000000e+00  0.0000000000e+00  
1.9951753318e-01  4.2330109105e-03  5.5272310172e-03  2.2649759823e-02  4.4050231661e-03  0.0000000000e+00  0.0000000000e+00  
2.9806518555e-01  3.9890011725e-03  5.6173142624e-03  3.7169517560e-02  5.4871677774e-03  0.0000000000e+00  0.0000000000e+00  
3.9756181836e-01  1.6035160648e-03  2.1015605285e-02  5.5469322802e-02  7.3220206900e-03  0.0000000000e+00  0.0000000000e+00  
4.9734523892e-01  3.4834841333e-03  3.6818990043e-02  7.2979107332e-02  9.6296537491e-03  0.0000000000e+00  0.0000000000e+00  
5.9726786613e-01  2.2450030462e-03  3.4353206052e-02  8.6549802762e-02  1.1531386165e-02  0.0000000000e+00  0.0000000000e+00  
6.9723248482e-01  2.5504111767e-03  5.4116478356e-02  9.3124277416e-02  1.2330068289e-02  0.0000000000e+00  0.0000000000e+00  
7.9725891352e-01  1.9360261854e-03  2.8035681355e-02  1.0856575133e-01  1.4988250701e-02  0.0000000000e+00  0.0000000000e+00  
8.9735662937e-01  3.2584395061e-03  2.5006504231e-02  1.0879031902e-01  1.6526759233e-02  0.0000000000e+00  0.0000000000e+00  
9.9739706516e-01  8.3609549474e-03  1.1117627701e-02  1.0982619743e-01  1.7742395484e-02  0.0000000000e+00  0.0000000000e+00  
1.0974739790e+00  1.0908177700e-02  1.2364454623e-02  1.1011369650e-01  2.3709945351e-02  0.0000000000e+00  0.0000000000e+00  
1.1974884272e+00  1.7685600730e-02  1.8312844131e-02  1.0639825476e-01  2.5741009089e-02  0.0000000000e+00  0.0000000000e+00  
1.2977603674e+00  3.5356273847e-02  2.4939756368e-02  7.7470685615e-02  3.1794883030e-02  0.0000000000e+00  0.0000000000e+00  
1.3980298042e+00  3.7847237686e-02  2.6323229465e-02  7.7470410101e-02  3.4410628292e-02  0.0000000000e+00  0.0000000000e+00  
1.4979932308e+00  3.3776717222e-02  2.6252463405e-02  3.4013962691e-02  4.1065005875e-02  0.0000000000e+00  0.0000000000e+00  
1.5983309746e+00  3.6189183670e-02  2.6561458849e-02  1.9217696174e-02  4.0357698655e-02  0.0000000000e+00  0.0000000000e+00  
1.6983872652e+00  5.6783023256e-02  4.1240402161e-02  7.8505736664e-03  4.6226417489e-02  0.0000000000e+00  0.0000000000e+00  
1.7988892794e+00  3.0620913971e-02  3.4893840167e-02  1.1418735628e-02  3.3005902212e-02  0.0000000000e+00  0.0000000000e+00  
1.8986170292e+00  6.9676913762e-02  4.8153944585e-02  1.2674988249e-02  4.3891396269e-02  0.0000000000e+00  0.0000000000e+00  
1.9990381002e+00  8.6173281786e-02  5.2955266995e-02  1.7037491303e-02  4.8955486293e-02  0.0000000000e+00  0.0000000000e+00  
2.0992660522e+00  1.0234674126e-01  5.6166507219e-02  5.2583063386e-03  5.3860901816e-02  0.0000000000e+00  0.0000000000e+00  
2.1992928982e+00  7.2285428371e-02  5.1156428227e-02  3.1101869613e-02  4.6070966602e-02  0.0000000000e+00  0.0000000000e+00  
2.2993144989e+00  8.4566911912e-02  6.1509044149e-02  7.2909767157e-02  6.0934910229e-02  0.0000000000e+00  0.0000000000e+00  
2.3992028236e+00  6.1730754681e-02  5.6042883385e-02  8.6955792430e-02  6.1841509675e-02  0.0000000000e+00  0.0000000000e+00  
2.4993822575e+00  9.7336069317e-02  6.6128364639e-02  7.1173806053e-02  5.3206567790e-02  0.0000000000e+00  0.0000000000e+00  
2.5993428230e+00  7.4569641989e-02  6.1688539754e-02  7.4861127242e-02  5.6075129608e-02  0.0000000000e+00  0.0000000000e+00  
2.6997091770e+00  1.2168385508e-01  7.8874857666e-02  9.7056036481e-02  6.2004993709e-02  0.0000000000e+00  0.0000000000e+00  
2.7986819744e+00  8.4527342034e-02  7.3322246730e-02  1.2572594954e-01  7.1920989154e-02  0.0000000000e+00  0.0000000000e+00  
2.8993585110e+00  1.6245877152e-01  1.0104177127e-01  1.2502317160e-01  7.4556910652e-02  0.0000000000e+00  0.0000000000e+00  
2.9992663860e+00  9.4239160395e-02  7.7273844675e-02  1.3712716072e-01  7.4166079179e-02  0.0000000000e+00  0.0000000000e+00  
3.0996248722e+00  1.1813499907e-01  8.0679322503e-02  1.3246125890e-01  6.6440734573e-02  0.0000000000e+00  0.0000000000e+00  
3.1992108822e+00  1.1712728951e-01  8.9640134569e-02  1.6111043263e-01  8.2980301059e-02  0.0000000000e+00  0.0000000000e+00  
3.2994954586e+00  8.1843521948e-02  9.5101062731e-02  1.0396247169e-01  5.9010576205e-02  0.0000000000e+00  0.0000000000e+00  
3.3990590572e+00  1.8470340685e-01  1.0434828830e-01  1.6603623895e-01  8.2033748426e-02  0.0000000000e+00  0.0000000000e+00  
3.4997284412e+00  1.0539169120e-01  8.8405983171e-02  9.8905464371e-02  6.1685887873e-02  0.0000000000e+00  0.0000000000e+00  
3.5999464989e+00  3.6507654468e-02  3.8351619351e-01  1.4039846557e-01  7.1787614625e-02  0.0000000000e+00  0.0000000000e+00  
3.6990013123e+00  1.4669370426e-01  1.0345372632e-01  1.7810973618e-01  8.3779233089e-02  0.0000000000e+00  0.0000000000e+00  
3.7995717525e+00  1.0710231708e-01  9.4867049379e-02  1.5288582130e-01  8.7971167401e-02  0.0000000000e+00  0.0000000000e+00  
3.8996727467e+00  1.9409963067e-01  1.0881223831e-01  8.5853871165e-02  5.9137075667e-02  0.0000000000e+00  0.0000000000e+00  
3.9999866486e+00  1.3575754639e-01  9.2541498930e-02  1.6187023882e-01  8.8812117299e-02  0.0000000000e+00  0.0000000000e+00  
