#pT  dN/(2pi dy pT dpT)  dN/(2pi dy pT dpT)_err  vn{SP}  vn{SP}_err
1.0495541990e-01  1.6064615027e+01  9.5612796533e-02  7.4093816890e-03  7.7755609952e-04  2.6115686135e-03  4.1970297639e-04  2.8871157639e-04  4.7714751050e-04  -3.5251426755e-04  5.6121345283e-04  7.2931868724e-04  5.2803445448e-04  3.0441349396e-04  5.7492917926e-04  
1.9960868359e-01  1.0361076157e+01  5.7819021774e-02  1.4151207138e-02  1.3045015292e-03  1.1266006778e-02  7.4999110753e-04  7.1837652815e-04  3.7758144113e-04  -1.6234518986e-04  4.1042160939e-04  -1.7420832875e-04  4.4870061320e-04  4.8240884017e-04  4.4743112443e-04  
2.9813233018e-01  5.9776071980e+00  3.1486207899e-02  1.9678041353e-02  1.7415565737e-03  2.4880758062e-02  1.3829175089e-03  3.2609853289e-03  5.9328511204e-04  4.4453733057e-04  5.2993947909e-04  2.9617817026e-05  5.0718152805e-04  8.3198395099e-05  5.9770187636e-04  
3.9759978652e-01  3.4581632060e+00  1.7676793041e-02  2.4996671657e-02  2.2629821888e-03  3.9573847943e-02  2.0718296104e-03  4.8876103466e-03  7.6416910511e-04  1.5654835696e-03  5.9456288206e-04  4.3618857166e-05  3.8499455965e-04  1.0345842096e-03  7.1108427509e-04  
4.9738490582e-01  2.0439132032e+00  1.0693499188e-02  2.7639580805e-02  2.7312050018e-03  5.6411616772e-02  3.1290357724e-03  9.8445277387e-03  1.0422217522e-03  3.1191233153e-03  7.7688457200e-04  5.5487262018e-04  5.8487786581e-04  2.9002515947e-04  5.3335757128e-04  
5.9734153748e-01  1.2397835982e+00  7.2197148785e-03  3.0892948518e-02  3.0765007103e-03  7.2621705306e-02  3.8837229689e-03  1.4608203911e-02  1.5080525533e-03  4.9559295235e-03  7.4457502133e-04  5.1623308178e-04  8.2266155724e-04  1.9368182016e-03  7.1418592943e-04  
6.9726449251e-01  7.6501768612e-01  4.7963762582e-03  3.4265704673e-02  3.5329094206e-03  8.9509101995e-02  4.9036143232e-03  1.9183001750e-02  2.0378087076e-03  8.0042847492e-03  1.0925800177e-03  2.6530420701e-03  7.7482950828e-04  -9.9014014128e-04  9.1633233727e-04  
7.9718685150e-01  4.8212391929e-01  3.6342329656e-03  3.6857371827e-02  4.1973214678e-03  1.0667097691e-01  5.6763535053e-03  2.4023635648e-02  2.0977307347e-03  1.0124659166e-02  1.4900028601e-03  2.5106955731e-03  8.3324449176e-04  1.4005284819e-03  9.7392329041e-04  
8.9721113443e-01  3.0631467899e-01  2.5823396443e-03  3.8133665451e-02  4.4856521729e-03  1.2446116698e-01  6.6491218218e-03  3.0147063266e-02  3.1270999836e-03  1.2848153938e-02  1.7529674217e-03  3.6673970590e-03  1.4100956338e-03  5.2969390273e-04  1.3097081638e-03  
9.9721461535e-01  1.9877301824e-01  2.0136025271e-03  3.7057934477e-02  4.9766179223e-03  1.3717929449e-01  7.5314468866e-03  3.6784518273e-02  3.7309879502e-03  1.4260836827e-02  2.0089669084e-03  6.9153047258e-03  1.2215957717e-03  1.7656116523e-03  1.3575672332e-03  
1.0973267555e+00  1.2997577741e-01  1.4746281699e-03  3.4960650384e-02  5.8985430751e-03  1.5107620558e-01  8.0596346885e-03  4.4621740758e-02  3.6119472495e-03  2.2701444057e-02  2.6652780248e-03  9.6779819596e-03  2.5489890836e-03  2.0958981353e-03  1.9521524547e-03  
1.1973658800e+00  8.6599488234e-02  1.1520989986e-03  3.4456380600e-02  6.3345186329e-03  1.5983751587e-01  8.8063480950e-03  4.6943875010e-02  4.9146120992e-03  2.8578704406e-02  2.4694806323e-03  5.6955357717e-03  2.1273588400e-03  5.6266207257e-04  2.1581000476e-03  
1.2973587513e+00  5.8644417310e-02  8.5249786790e-04  2.3877948088e-02  7.3025704415e-03  1.6834518737e-01  8.8947564516e-03  5.1471287926e-02  5.3422626396e-03  2.9458604417e-02  2.8470590085e-03  1.2302859335e-02  2.5849464874e-03  5.9651181545e-03  2.3568539895e-03  
1.3976016045e+00  4.0429743409e-02  6.6966161075e-04  2.2818785149e-02  8.7134565492e-03  1.7124915397e-01  9.8848911100e-03  6.4867830254e-02  7.1084346684e-03  3.3451754352e-02  4.2394050831e-03  9.2204582848e-03  3.9359752233e-03  2.1175022391e-03  2.7360294873e-03  
1.4977244139e+00  2.8664123074e-02  5.5108021012e-04  9.0959577325e-03  9.9807971145e-03  1.7551359338e-01  1.0750091372e-02  6.8050467580e-02  7.5128359461e-03  4.1644329448e-02  4.6163108761e-03  1.6732456965e-02  3.9187412027e-03  6.9778509619e-04  3.3700845144e-03  
1.5980360508e+00  2.0540495911e-02  4.7378807338e-04  1.0252457720e-03  1.1786102893e-02  1.7398269692e-01  1.1316068926e-02  5.8032714322e-02  8.4814424123e-03  4.3038291448e-02  5.0788319577e-03  1.6480016739e-02  4.2414921450e-03  1.1704472354e-02  4.3577943343e-03  
1.6981402636e+00  1.5492558002e-02  4.0062207012e-04  -2.5926453681e-02  1.4401314676e-02  1.6556119967e-01  1.1741031998e-02  6.7454318559e-02  9.2093288975e-03  4.7569835516e-02  7.1748299224e-03  2.3927023080e-02  5.3987860823e-03  1.1384178687e-02  5.5260237844e-03  
1.7984637022e+00  1.1986133007e-02  3.4270356379e-04  -2.5166400721e-02  1.5041889114e-02  1.6816310439e-01  1.2960354995e-02  6.9636200045e-02  9.9746481656e-03  4.2185697732e-02  6.3434100182e-03  2.1085657741e-02  5.5521498565e-03  1.2842990850e-03  5.0137190560e-03  
1.8982583284e+00  9.2061464263e-03  3.0207681300e-04  -4.9394895921e-02  1.9159279151e-02  1.5861464143e-01  1.3060140671e-02  7.2100350283e-02  1.3022888693e-02  4.4163521900e-02  7.2343372642e-03  1.3433272320e-02  6.9274534402e-03  7.0981452712e-03  5.6199704474e-03  
1.9981839657e+00  7.4828500852e-03  2.8670731257e-04  -4.4915266865e-02  2.2432040974e-02  1.5031109493e-01  1.3602578019e-02  7.0385844609e-02  1.2787623811e-02  4.7973736970e-02  8.5618052063e-03  2.5446628527e-02  6.8806354996e-03  -2.5661707740e-03  5.8149740920e-03  
2.0987784863e+00  6.0952279373e-03  2.6069547168e-04  -4.5472729391e-02  2.1153658032e-02  1.3952109165e-01  1.4629317692e-02  7.1806474907e-02  1.2930145899e-02  3.7406762797e-02  7.7456530697e-03  2.9338712262e-02  7.7891741691e-03  5.7135630694e-03  7.2076480638e-03  
2.1990709305e+00  5.0144313667e-03  2.2759087057e-04  -6.9682270754e-02  2.3982892667e-02  1.3092312492e-01  1.5510307660e-02  7.5842275407e-02  1.3505994442e-02  5.3085419706e-02  8.3878978616e-03  1.5478454849e-02  9.2816761582e-03  9.2166872744e-04  6.6763966144e-03  
2.2987873554e+00  4.1894270170e-03  2.1869306698e-04  -7.9388929935e-02  2.7774008290e-02  1.2485423758e-01  1.8241096440e-02  7.2220081130e-02  1.5115348340e-02  4.4466464701e-02  1.0241183349e-02  3.5329796653e-02  8.0949244461e-03  -3.5304258357e-03  8.2904698920e-03  
2.3990907669e+00  3.5877943728e-03  1.9535854030e-04  -1.0094044292e-01  2.7151821025e-02  1.1387592224e-01  1.8160849301e-02  7.0015546671e-02  1.7297660577e-02  3.8775142649e-02  1.1057766147e-02  2.7403626813e-02  9.0318780954e-03  1.2846211000e-02  8.1236444079e-03  
2.4991836548e+00  3.0880785870e-03  1.8152058526e-04  -1.0239324517e-01  3.0414045145e-02  1.1098996408e-01  1.6383091325e-02  6.4743893539e-02  1.5889831145e-02  4.5870167125e-02  1.0650461086e-02  2.9431936350e-02  8.5197671487e-03  8.1019228902e-03  5.9957638308e-03  
2.5993483067e+00  2.6652689819e-03  1.6609479920e-04  -1.1090382714e-01  3.1580956276e-02  1.0669088369e-01  1.8226439302e-02  6.7657042071e-02  1.7523911256e-02  2.4497141423e-02  1.2788948656e-02  1.8779071538e-02  9.5056151144e-03  3.0155379721e-04  9.1892599559e-03  
2.6992344856e+00  2.3604909581e-03  1.4868996690e-04  -1.1884236102e-01  3.3132816223e-02  9.0379718122e-02  1.6006140222e-02  6.6728034927e-02  1.8180039162e-02  3.8223734376e-02  1.1017815877e-02  1.5323483299e-02  1.2520088838e-02  -1.5300079092e-03  1.0027293683e-02  
2.7993328571e+00  2.0965690507e-03  1.3937918129e-04  -1.2979814068e-01  3.6318695241e-02  8.9685822979e-02  1.8600390660e-02  6.5637901936e-02  1.8620248949e-02  3.6880929964e-02  1.0839003345e-02  3.1279478710e-02  1.2488474201e-02  5.7133499674e-03  8.2682717757e-03  
2.8994340897e+00  1.9049997914e-03  1.3231924532e-04  -1.3823907725e-01  3.4753119690e-02  8.7932521521e-02  1.9724048795e-02  4.8547516329e-02  1.9234100134e-02  4.1036688742e-02  1.2850945830e-02  2.0222857549e-02  1.2568771782e-02  2.9079958055e-03  1.1228435964e-02  
2.9989287853e+00  1.6460742577e-03  1.1891933219e-04  -1.3533027575e-01  3.8961010184e-02  9.2806439047e-02  1.8840100447e-02  5.5060128561e-02  1.9539387329e-02  3.1003808389e-02  1.6368081228e-02  1.0639186880e-02  1.0857289592e-02  -9.2914172495e-03  9.6428914211e-03  
3.0988872051e+00  1.5031725325e-03  1.1429518585e-04  -1.4513239880e-01  4.1674874949e-02  6.0680606234e-02  2.0941332772e-02  4.9053270607e-02  1.8653784837e-02  3.9756795906e-02  1.3722880084e-02  -1.1483032923e-04  1.1615556811e-02  -1.2524697319e-02  8.0761459551e-03  
3.1989560127e+00  1.3908980062e-03  1.0893074312e-04  -1.4461507632e-01  4.4482250381e-02  8.4456086490e-02  2.1955054575e-02  5.2898172465e-02  1.8818551889e-02  4.5741869001e-02  1.2527249605e-02  3.0054210596e-02  1.0460695001e-02  -1.3052062514e-02  1.0290921039e-02  
3.2999091148e+00  1.2154394906e-03  9.7242992448e-05  -1.6875868506e-01  4.1874017279e-02  8.4968965845e-02  2.0356240290e-02  4.4472220190e-02  2.0856739997e-02  2.3960305618e-02  1.2712072175e-02  1.1304956813e-03  1.4746192804e-02  -1.1010424674e-03  1.1118710711e-02  
3.3991272449e+00  1.1362134071e-03  9.1788500397e-05  -1.5086272548e-01  4.1629999735e-02  7.4282731586e-02  2.2950570101e-02  4.1883445050e-02  2.2949843673e-02  1.2768185357e-02  1.2073380908e-02  1.2653032838e-02  1.5961014435e-02  -8.9307104960e-03  1.2025491785e-02  
3.4995400906e+00  1.0450054755e-03  8.8634633302e-05  -1.5760261254e-01  4.2677865380e-02  6.6624420973e-02  1.9948184248e-02  4.8172099390e-02  2.0368862496e-02  3.3706231837e-02  1.5243499293e-02  3.9096635100e-03  1.7182015637e-02  3.1963134626e-03  1.1703519814e-02  
3.5998647213e+00  9.5290472410e-04  7.8977052475e-05  -1.6162942762e-01  4.5842088277e-02  7.5259007422e-02  2.1900800729e-02  5.0124927287e-02  2.4298748121e-02  1.7951252834e-02  1.5678559018e-02  2.8886588121e-02  1.1837331929e-02  -1.1143805490e-02  1.2471088919e-02  
3.6994071007e+00  8.6147374199e-04  7.6254740497e-05  -1.6064600090e-01  4.8984762288e-02  7.9839870416e-02  1.9482076259e-02  6.1677998631e-02  2.4223781819e-02  3.0462381768e-02  1.5696078838e-02  3.4409987589e-03  1.3675188183e-02  1.0872016136e-03  1.4367621972e-02  
3.7999491692e+00  8.2573481344e-04  7.1531806031e-05  -1.5915959990e-01  4.6401276209e-02  5.2627932018e-02  2.0022104153e-02  4.9357195571e-02  2.2277055956e-02  2.5033055578e-02  1.3050602703e-02  1.7011383792e-02  1.0534009422e-02  -2.6360696979e-02  1.4345014393e-02  
3.8995938301e+00  7.5548701805e-04  6.8196350303e-05  -1.6623828786e-01  4.8072040827e-02  5.5624935313e-02  2.3514644894e-02  5.6113941286e-02  2.3541139986e-02  1.9812651441e-02  1.3721006368e-02  1.7124587766e-02  1.5783010963e-02  -6.9261747307e-03  1.4278469024e-02  
3.9993841648e+00  6.9607672732e-04  6.4135490559e-05  -1.7443579882e-01  4.7931905255e-02  5.9870124602e-02  2.5252193598e-02  4.7969581724e-02  2.4422680456e-02  3.0194137981e-02  1.4957941684e-02  -3.6517170995e-03  1.8331611995e-02  -4.8871853520e-03  1.3124746996e-02  
