#pT  dN/(2pi dy pT dpT)  dN/(2pi dy pT dpT)_err  vn{SP}  vn{SP}_err
1.0866821243e-01  1.1134337607e-01  3.4166201674e-03  1.3306250572e-02  2.4459314536e-02  5.8065519407e-03  1.9296477820e-02  5.0153486948e-03  2.1842074252e-02  -2.7389271960e-02  3.4665630231e-02  -1.5143863046e-02  2.3834245811e-02  -5.4532978238e-02  3.4392371944e-02  
2.0401233921e-01  1.1585645341e-01  3.5526116547e-03  -1.0906022651e-02  1.7932724938e-02  -2.0472101597e-02  1.5293759645e-02  -4.2096217977e-03  1.4626878635e-02  1.7209471401e-02  2.1299916124e-02  1.4731496921e-02  2.2452442387e-02  -2.4724219666e-02  3.2118458731e-02  
3.0255217018e-01  1.1432372842e-01  2.9700647721e-03  1.0528636911e-02  1.6650382231e-02  1.3601982680e-02  1.3007543458e-02  9.9124747000e-04  1.4074442674e-02  -7.0995125517e-03  1.6235533852e-02  5.0139297715e-03  1.7341414779e-02  -8.6436427061e-03  2.2020041610e-02  
4.0186640342e-01  1.0949974377e-01  2.2842510586e-03  -1.2188233490e-03  1.3038008129e-02  6.4053011222e-03  1.2344048777e-02  -2.4937855972e-03  8.8957698508e-03  -2.0096513896e-02  1.4068451928e-02  -7.4342941871e-03  1.2709840042e-02  2.3345506460e-02  1.4392356359e-02  
5.0127738787e-01  1.0569641277e-01  2.2049108085e-03  -5.6996779286e-03  1.5239466281e-02  2.9349768183e-02  1.2288761131e-02  9.6837847661e-03  1.4477801974e-02  1.1457559899e-02  1.1439610998e-02  1.5527989979e-02  1.4234886315e-02  2.6916093800e-02  1.5528208737e-02  
6.0070805778e-01  9.9064908213e-02  2.0629336073e-03  -3.1166847153e-02  8.4933846166e-03  2.3851939701e-02  9.6431093744e-03  -2.0635278087e-03  9.2717807338e-03  -1.8822952202e-02  1.2242096219e-02  1.6092722869e-02  1.2911799217e-02  -3.3318242469e-04  1.2346129462e-02  
7.0028291118e-01  8.5889582317e-02  1.6812398881e-03  5.1130143416e-05  1.0071909996e-02  3.9864853369e-02  8.9607280308e-03  -2.0850165264e-04  9.8415631633e-03  2.8659786167e-02  1.2546536544e-02  -1.1622445412e-02  1.5770690012e-02  2.9725604626e-02  1.5655103700e-02  
7.9981968444e-01  7.7327818533e-02  1.6204927018e-03  1.6024000560e-02  9.5544350287e-03  2.6554454979e-02  1.1835239159e-02  -9.6565299071e-03  9.0612857031e-03  -1.2880449817e-02  1.2958597143e-02  1.0762898404e-02  1.0675205974e-02  -1.9638427021e-02  1.3498743067e-02  
9.0008269856e-01  6.4013781486e-02  1.4378870102e-03  -1.2829915173e-02  9.7405813557e-03  6.8234113057e-02  1.0052995300e-02  1.0804075621e-02  1.0395807475e-02  -1.2184547260e-02  1.2742887456e-02  1.5593045805e-02  1.5655022352e-02  3.5708426215e-02  1.7353306118e-02  
9.9880117181e-01  5.5735232790e-02  1.0042101354e-03  2.2430406198e-02  1.0359120823e-02  5.4261008141e-02  8.0486923252e-03  3.5110250673e-02  1.0909167528e-02  1.0883495426e-02  1.3075025456e-02  8.6926735946e-03  1.4067784555e-02  -4.8051594415e-03  1.2773320707e-02  
1.0998297894e+00  4.6438075474e-02  9.6769323063e-04  1.6289603635e-02  1.3251324695e-02  9.4978086283e-02  1.1319277805e-02  1.6872794409e-02  1.0063388716e-02  3.3031399753e-03  1.6721488544e-02  2.2943895270e-02  1.3303266696e-02  1.0727585220e-02  1.8615969258e-02  
1.1983421424e+00  3.6316788891e-02  8.2507309374e-04  1.7644584287e-02  9.6537202596e-03  8.6614983143e-02  9.4986941947e-03  -3.2577756489e-04  1.1444407735e-02  1.7346448806e-02  1.5208630459e-02  8.1748985402e-03  1.2330764789e-02  -1.6059088695e-02  1.6718217716e-02  
1.2985879348e+00  2.9454160529e-02  6.6316091026e-04  1.4918616652e-02  1.4708804955e-02  1.2330651921e-01  1.3544677865e-02  2.1924297496e-02  1.3426752631e-02  -2.8125155407e-03  1.8649830565e-02  9.9461013076e-03  1.8779267015e-02  9.2556503914e-03  1.9728702144e-02  
1.3976051022e+00  2.2715037694e-02  4.7866356102e-04  3.0282651640e-03  1.5201393163e-02  8.7566505895e-02  1.1945908092e-02  4.2371062296e-02  1.5566525895e-02  -1.4156395391e-03  1.8987938482e-02  1.7899224145e-02  1.8000789670e-02  8.8106860766e-03  1.6228677854e-02  
1.4982645875e+00  1.7408448812e-02  4.8127164183e-04  4.9249428297e-02  1.4879719810e-02  1.2961790378e-01  1.6214739596e-02  2.3064189713e-02  1.4672601970e-02  4.2268967349e-02  2.1898551900e-02  3.0622918317e-03  1.7186229725e-02  -3.7011219820e-02  2.4266610364e-02  
1.5970292476e+00  1.3541800051e-02  3.6110101800e-04  1.5710756291e-02  2.1006170153e-02  1.1505337948e-01  1.7284574610e-02  -1.1420793787e-02  1.3377581324e-02  -1.7928371476e-02  2.1256564805e-02  1.0980085431e-02  2.2181476713e-02  1.3049010177e-03  2.1374418966e-02  
1.6977766409e+00  1.0237499337e-02  3.1250953941e-04  -8.6066011402e-03  1.7804452133e-02  1.3085413562e-01  1.8503687000e-02  7.3001556727e-02  2.1950328665e-02  1.8230136676e-02  2.2679396620e-02  -2.7456627678e-02  2.3013280465e-02  3.4530285108e-03  2.5062134698e-02  
1.7973806718e+00  7.2083615100e-03  2.5900018954e-04  5.8484355453e-02  2.3086964697e-02  1.6412369621e-01  2.0403404396e-02  5.0034662331e-02  1.7046704703e-02  -1.0823674596e-02  2.2469788976e-02  -1.4553039845e-03  2.7517028618e-02  8.6219000893e-02  3.1556675233e-02  
1.9004204645e+00  5.1760770606e-03  1.8000487010e-04  3.8093392218e-02  2.5089473110e-02  1.2823401117e-01  2.7640778987e-02  7.0130605443e-02  2.1590579918e-02  -3.9691405930e-02  3.3596395165e-02  9.6195965503e-03  3.0743662259e-02  -7.2292531058e-02  3.8707311006e-02  
1.9979774167e+00  3.9312150053e-03  1.5247487077e-04  -3.9027286676e-03  3.1847896701e-02  1.4799080008e-01  2.7267687696e-02  7.6625046228e-02  2.4187133082e-02  8.2320533115e-02  5.1180610366e-02  5.0468710243e-02  3.7612761379e-02  -3.9472877810e-02  4.5149730213e-02  
2.0975187099e+00  2.7437400094e-03  1.2252175684e-04  -1.7166918568e-02  3.7595618058e-02  9.6864849726e-02  2.7670642527e-02  1.0650167341e-02  3.3839375505e-02  2.5305705729e-02  4.5704696252e-02  1.1121828192e-02  4.3973697513e-02  1.1623240758e-01  4.8125326180e-02  
2.1967692338e+00  2.1468221754e-03  9.8320903184e-05  6.7018936277e-02  4.0415418664e-02  1.6733515571e-01  3.8180141714e-02  -1.5551884553e-03  3.5640315539e-02  -5.0752500655e-02  4.4026228984e-02  -2.9481513992e-02  4.4217695139e-02  -9.8203311947e-02  5.3084034759e-02  
2.2979464874e+00  1.3042449076e-03  8.3302720667e-05  9.8144587950e-04  4.6450450353e-02  1.3007426195e-01  4.1236615603e-02  5.1427159784e-02  4.0711150397e-02  5.2056388554e-03  4.9512797183e-02  1.0971366262e-01  6.5106770978e-02  1.4722513670e-03  6.2513323393e-02  
2.3979563607e+00  1.1364176351e-03  7.8119817792e-05  -8.9454009852e-02  5.3277781738e-02  2.1537779361e-01  4.8430298216e-02  3.0847977136e-02  3.9691842594e-02  9.7077386344e-03  5.9022050027e-02  -7.3207253674e-03  5.5036254235e-02  -6.7786261539e-02  7.0618997029e-02  
2.4973497098e+00  6.5963007077e-04  6.3225724379e-05  -6.0206901939e-02  7.3853553723e-02  1.4791739988e-01  5.5916570939e-02  7.4636848155e-02  4.8563183393e-02  -2.5866245043e-02  6.1597331841e-02  1.0540690470e-01  7.0727336921e-02  -1.6069719292e-02  9.5383669037e-02  
2.6015427963e+00  4.4914165933e-04  3.9655500985e-05  4.9988736986e-03  8.1224332015e-02  1.6646598468e-01  7.6378343466e-02  3.4627078947e-03  6.7517775425e-02  -1.5800615171e-02  8.9810219685e-02  1.3157968991e-02  1.1209594451e-01  -2.5194808842e-01  1.1588310223e-01  
2.6973745826e+00  3.6635652196e-04  3.9046293207e-05  -1.0499706951e-03  8.3075165172e-02  1.4969796594e-01  7.9357256361e-02  7.2329041950e-03  9.2604928785e-02  -5.0028876354e-02  9.8030264954e-02  1.4871119540e-01  1.0797106284e-01  1.4913940401e-01  1.0764617055e-01  
2.7997400716e+00  2.0266559029e-04  2.9248938499e-05  2.7996254354e-02  8.6439059798e-02  -1.6267069979e-03  1.0092175907e-01  -1.5081550523e-01  1.2132226240e-01  1.7945797983e-01  1.2664868920e-01  4.0593762852e-02  1.4592826538e-01  9.3844064255e-02  1.4898268816e-01  
2.8917624587e+00  1.2974628589e-04  2.1349696415e-05  -3.1739421774e-03  1.5162192170e-01  1.4808736904e-01  1.2856732780e-01  -5.4461287382e-02  1.1149374893e-01  -1.1707171366e-01  1.5264934034e-01  -1.0154944184e-01  1.8758134201e-01  -2.0695718649e-02  1.6077892740e-01  
2.9940407326e+00  9.6125509192e-05  1.7812895434e-05  -5.3964177034e-02  2.1213304564e-01  3.0199792356e-02  1.3291202875e-01  2.7412693925e-01  1.7399290796e-01  -3.5119869432e-02  1.2644913256e-01  -3.6690683632e-03  2.1449903427e-01  2.6991061708e-01  1.5062470905e-01  
3.0995302713e+00  1.0107409515e-04  2.0705618677e-05  2.6674620938e-01  1.5347825617e-01  1.3627969901e-01  1.3023122317e-01  -4.3220590756e-02  1.2319277408e-01  -9.0870640231e-02  1.5780629591e-01  3.6435675414e-02  2.0416125779e-01  -1.4683415239e-01  2.0585308019e-01  
3.1957527936e+00  6.2857741269e-05  1.4395466912e-05  2.9118140889e-01  1.9297080461e-01  2.7942162520e-01  1.8132890237e-01  4.6623985161e-02  1.8192275617e-01  4.0089877940e-01  2.3105878205e-01  -7.8135668280e-03  2.0431411540e-01  9.2525463719e-02  2.4950386911e-01  
3.2878897260e+00  3.4431023956e-05  1.0274008986e-05  5.2037859544e-02  2.5788134430e-01  2.0800664408e-01  2.4493233613e-01  -4.7759763626e-02  2.4809446153e-01  3.6992964275e-01  2.5876204392e-01  1.1155535117e-01  3.4807320876e-01  1.4201568912e-01  2.7223301131e-01  
3.3727138280e+00  6.7040508484e-06  4.7081193180e-06  7.7162994324e-01  4.0061795078e-01  7.8341784492e-01  1.6529865085e-01  -3.6491075434e-01  5.5152388898e-01  2.3535506609e-01  3.2172783611e-02  -1.5266462118e+00  1.1272871057e+00  1.9047924107e+00  9.1825723689e-01  
3.4945536358e+00  2.8428151432e-05  9.7035693311e-06  -1.5405557289e-01  2.2893828624e-01  5.4434215589e-01  1.9651425556e-01  4.9930730795e-01  4.1125080846e-01  -9.8384017838e-02  3.5346922963e-01  -6.9845795085e-02  2.8118811384e-01  -1.7741245337e-01  2.8773752338e-01  
3.6269565185e+00  9.4707120083e-06  5.3902811632e-06  -2.5347396406e-01  3.6819196626e-01  9.4417183430e-02  8.5029562281e-01  -1.0214864411e+00  5.8722807228e-01  4.4905556361e-01  4.5671501824e-01  -2.2417095757e-01  8.4854802371e-01  -8.8435038420e-01  2.1506581004e-01  
3.6932604300e+00  3.5673298125e-06  3.5449638879e-06  nan  nan  nan  nan  nan  nan  nan  nan  nan  nan  nan  nan  
3.7987909156e+00  5.7651706751e-06  4.1096337188e-06  -9.0469860556e-02  1.1282651455e+00  6.2220296976e-01  1.8798452008e-01  -2.0010269784e-01  1.8271018566e-01  -7.6415276788e-01  9.8045231589e-01  5.5254768883e-01  2.0491149063e-01  -4.6835848604e-01  5.5399903485e-01  
3.8726814005e+00  4.9044081784e-06  3.4244066756e-06  -9.9290450059e-01  3.6869363670e-01  6.4747560032e-01  2.2326557669e-01  -3.0354814929e-01  1.5263637967e+00  9.4145980882e-01  1.5099641728e+00  -1.2588148303e-01  8.9247804702e-01  -8.0830118881e-01  4.0482135818e-01  
3.9500000000e+00  0.0000000000e+00  0.0000000000e+00  nan  nan  nan  nan  nan  nan  nan  nan  nan  nan  nan  nan  
