#eta  rn(eta)  rn_err(eta)  rnn(eta)  rnn_err(eta)
-7.0000305176e+00  5.5865435857e+12  1.1061356300e+15  0.0000000000e+00  0.0000000000e+00  2.7779756180e+11  5.5003917236e+13  0.0000000000e+00  0.0000000000e+00  1.5196306898e+11  3.0088687658e+13  0.0000000000e+00  0.0000000000e+00  2.2488010735e+12  4.4526261254e+14  0.0000000000e+00  0.0000000000e+00  6.3620617246e+12  1.2596882215e+15  0.0000000000e+00  0.0000000000e+00  3.0119001759e+12  5.9635623482e+14  0.0000000000e+00  0.0000000000e+00  
-6.8997883797e+00  -2.3076472296e+13  2.3076472296e+13  0.0000000000e+00  0.0000000000e+00  5.0612512195e+13  5.0612512195e+13  0.0000000000e+00  0.0000000000e+00  4.5413718549e+13  4.5413718549e+13  0.0000000000e+00  0.0000000000e+00  -3.3454866881e+13  3.3454866881e+13  0.0000000000e+00  0.0000000000e+00  3.1565350220e+14  3.1565350220e+14  0.0000000000e+00  0.0000000000e+00  -2.6240945349e+14  2.6240945349e+14  0.0000000000e+00  0.0000000000e+00  
-6.8000054359e+00  5.0744799045e+14  5.0744799045e+14  0.0000000000e+00  0.0000000000e+00  -6.9536785899e+13  6.9536785899e+13  0.0000000000e+00  0.0000000000e+00  2.2618070614e+14  2.2618070614e+14  0.0000000000e+00  0.0000000000e+00  1.1325097489e+14  1.1325097489e+14  0.0000000000e+00  0.0000000000e+00  2.9735049197e+14  2.9735049197e+14  0.0000000000e+00  0.0000000000e+00  5.5824343112e+13  5.5824343112e+13  0.0000000000e+00  0.0000000000e+00  
-6.6998872757e+00  3.8710017087e+12  7.6645833831e+14  0.0000000000e+00  0.0000000000e+00  3.7254263943e+12  7.3763442607e+14  0.0000000000e+00  0.0000000000e+00  -2.2302902245e+12  4.4159746445e+14  0.0000000000e+00  0.0000000000e+00  1.6448508533e+12  3.2568046896e+14  0.0000000000e+00  0.0000000000e+00  -4.4707937352e+12  8.8521715957e+14  0.0000000000e+00  0.0000000000e+00  7.2355881802e+11  1.4326464597e+14  0.0000000000e+00  0.0000000000e+00  
-6.5996241570e+00  0.0000000000e+00  0.0000000000e+00  0.0000000000e+00  0.0000000000e+00  0.0000000000e+00  0.0000000000e+00  0.0000000000e+00  0.0000000000e+00  0.0000000000e+00  0.0000000000e+00  0.0000000000e+00  0.0000000000e+00  0.0000000000e+00  0.0000000000e+00  0.0000000000e+00  0.0000000000e+00  0.0000000000e+00  0.0000000000e+00  0.0000000000e+00  0.0000000000e+00  0.0000000000e+00  0.0000000000e+00  0.0000000000e+00  0.0000000000e+00  
-6.4995656013e+00  2.4424638815e+12  4.8360784853e+14  0.0000000000e+00  0.0000000000e+00  7.8000838196e+11  1.5444165963e+14  0.0000000000e+00  0.0000000000e+00  5.2313009330e+11  1.0357975847e+14  0.0000000000e+00  0.0000000000e+00  -2.8324403879e+12  5.6082319681e+14  0.0000000000e+00  0.0000000000e+00  -3.2728408082e+12  6.4802248002e+14  0.0000000000e+00  0.0000000000e+00  2.5857787293e+11  5.1198418839e+13  0.0000000000e+00  0.0000000000e+00  
-6.3994016647e+00  -1.8021395258e+02  4.1268099558e+02  0.0000000000e+00  0.0000000000e+00  2.6860816469e+00  5.6794486388e+00  0.0000000000e+00  0.0000000000e+00  8.7864522971e+00  7.9017071768e+01  0.0000000000e+00  0.0000000000e+00  -6.3278098503e-01  4.1034493782e+01  0.0000000000e+00  0.0000000000e+00  -8.5070003667e-01  6.0185737511e+00  0.0000000000e+00  0.0000000000e+00  -9.0236104810e-01  1.3228390814e+00  0.0000000000e+00  0.0000000000e+00  
-6.2998070717e+00  -8.2241194081e+00  1.2690986155e+01  0.0000000000e+00  0.0000000000e+00  -1.1859370915e+00  4.9102599887e+00  0.0000000000e+00  0.0000000000e+00  4.0469769645e+02  7.7583795641e+02  0.0000000000e+00  0.0000000000e+00  -4.1639338686e+00  1.7889651308e+01  0.0000000000e+00  0.0000000000e+00  -1.6409650341e+01  3.7193192025e+01  0.0000000000e+00  0.0000000000e+00  2.5524684952e-01  4.3976960586e+01  0.0000000000e+00  0.0000000000e+00  
-6.1995396614e+00  -1.9169379136e+02  3.7156163408e+02  0.0000000000e+00  0.0000000000e+00  -3.7687400920e-01  3.0199952941e+00  0.0000000000e+00  0.0000000000e+00  -9.9932206883e-01  1.9265602276e+01  0.0000000000e+00  0.0000000000e+00  1.5551059104e-01  2.2554350517e+01  0.0000000000e+00  0.0000000000e+00  6.5733909626e-01  1.7729710173e+00  0.0000000000e+00  0.0000000000e+00  3.2059795362e-01  5.8409043695e-01  0.0000000000e+00  0.0000000000e+00  
-6.0990490913e+00  -1.5307660022e+00  1.4930066274e+00  0.0000000000e+00  0.0000000000e+00  -2.5024222035e-01  1.2715398921e+02  0.0000000000e+00  0.0000000000e+00  -2.7598923850e+00  1.1057590764e+01  0.0000000000e+00  0.0000000000e+00  -1.8655092717e-01  9.3438880089e+00  0.0000000000e+00  0.0000000000e+00  1.0466246942e+00  3.2292968154e+00  0.0000000000e+00  0.0000000000e+00  3.9069023970e+00  1.1261837299e+01  0.0000000000e+00  0.0000000000e+00  
-5.9983892441e+00  2.0235086571e+00  3.3686292496e+01  0.0000000000e+00  0.0000000000e+00  -9.2357399906e-02  7.4155236401e-01  0.0000000000e+00  0.0000000000e+00  -2.8497584383e+01  3.7486712913e+02  0.0000000000e+00  0.0000000000e+00  -1.9361751071e+00  4.4592003018e+00  0.0000000000e+00  0.0000000000e+00  -2.3589914255e+00  2.6066574716e+01  0.0000000000e+00  0.0000000000e+00  5.0181719125e-01  7.5944589343e+01  0.0000000000e+00  0.0000000000e+00  
-5.8990478516e+00  6.1515507265e-01  1.8524203644e+00  0.0000000000e+00  0.0000000000e+00  -4.9713900742e-01  1.0751077266e+00  0.0000000000e+00  0.0000000000e+00  4.7464065012e-01  1.9968395423e+00  0.0000000000e+00  0.0000000000e+00  5.8837657359e+01  1.8512172005e+02  0.0000000000e+00  0.0000000000e+00  -1.5763402551e+00  1.6651217127e+00  0.0000000000e+00  0.0000000000e+00  -1.1802622954e+00  6.4974854257e+00  0.0000000000e+00  0.0000000000e+00  
-5.7976818085e+00  2.8675705052e+00  5.7601480820e+00  1.6965683144e-01  1.6965683144e-01  -4.0801415201e-01  6.3009581820e-01  1.0255059824e+00  1.0255059824e+00  3.4086189035e+00  1.6601415855e+01  -2.1317791919e-01  2.1317791919e-01  1.0772462364e+00  1.1036499509e+01  2.1367631841e+00  2.1367631841e+00  -9.8654879795e-01  2.5204850980e+00  -4.4444698076e-01  4.4444698076e-01  4.5475078334e+00  1.9259706189e+01  -1.0762559328e+00  1.0762559328e+00  
-5.6984481812e+00  5.3182602780e-01  1.9941605388e+00  -1.3848738186e+00  1.3848738186e+00  -1.3384320627e+00  2.2161441876e+01  -3.0124938534e+00  3.0124938534e+00  -5.2379580806e-03  6.6227667728e-01  4.1246442261e+00  4.1246442261e+00  2.0360976547e+00  2.2551802603e+01  -3.2441965931e-01  3.2441965931e-01  -2.1749928511e+01  1.0438235402e+02  1.5188177470e+00  1.5188177470e+00  -2.7197770377e-02  5.7791144614e-01  2.4544122807e+00  2.4544122807e+00  
-5.5970053673e+00  6.5950145848e+00  2.3174814554e+02  -7.0737794688e-01  7.0737794688e-01  -6.3651395401e+00  3.0108302274e+01  9.9442120029e-01  9.9442120029e-01  -4.8313416410e-01  1.0522411736e+00  -1.3860331101e-01  1.3860331101e-01  2.3597250507e+00  1.1725874174e+01  -9.3882754010e-01  9.3882754010e-01  1.2473595965e+00  2.1352783894e+00  6.3988350666e-01  6.3988350666e-01  -8.4863612510e-01  1.2844922279e+00  -1.1917740813e+00  1.1917740813e+00  
-5.4969873428e+00  2.1883024458e+00  3.3590424318e+00  -2.5586994920e-01  3.6509565584e-01  3.9854726585e+00  8.5642632610e+01  1.0028236016e+00  3.6043457534e+00  -1.3773259382e+00  1.7454964783e+02  -4.4874846646e+00  3.4466042499e+00  -1.3947688448e+00  2.3253715113e+00  1.0374242613e+00  8.1756716394e-02  -3.6584287050e+01  2.0610042152e+02  -1.6794257157e+01  2.3029308552e+01  -6.8907958424e-01  1.6908574861e+00  1.8642186228e+01  2.6477381435e+01  
-5.3973603249e+00  -1.0593854414e+00  1.3206371156e+01  2.5932302750e+00  2.5932302750e+00  -3.0596208631e+01  1.6276652202e+02  -9.0133014472e-01  9.0133014472e-01  -8.0979424921e-01  1.1002445620e+00  9.8379706232e-01  9.8379706232e-01  -1.5007095301e+00  2.1831099471e+00  -4.8716570480e-01  4.8716570480e-01  -2.9920249734e-01  5.3626040432e-01  1.7277111872e+00  1.7277111872e+00  9.7586844037e-01  9.9432732951e-01  -1.2788078492e+00  1.2788078492e+00  
-5.2960243225e+00  6.2195183982e-02  7.1062903648e-01  -3.0753912620e+00  4.2724834540e+00  -1.6893804457e+00  4.1346470114e+00  -3.0197388682e+01  5.1370097170e+01  4.8106763227e-01  1.0380576976e+01  -2.5469875679e+00  3.9831240947e+00  -8.6469537237e-03  8.9960646257e+00  1.4973634015e+00  2.8530862381e+00  1.1815585738e-01  1.8611874421e+00  -8.5606671668e-01  3.5082511365e+00  -8.5719981910e-01  2.6601979154e+00  5.6545275341e-01  2.1726851783e+00  
-5.1956205368e+00  -2.2235355562e+00  1.6237125380e+02  3.4869007254e-02  7.1634434414e-01  5.5862606025e-02  6.5544205451e-01  -2.3451817217e+00  8.9070766555e+00  1.5755704223e-01  5.5057369841e-01  1.4895068181e+00  2.3375223030e+01  1.9951057657e+00  1.9584041601e+01  -1.7896772191e+00  6.5662078455e+00  -4.9544940926e-01  2.8382245670e+00  1.1721630044e-01  3.5948813557e+00  7.3629868683e-01  1.6586392940e+00  3.4183620398e-01  9.0979711505e-01  
-5.0959897041e+00  1.3778055147e+00  1.9096648491e+00  -1.3401329397e+00  2.0543057600e+00  3.5736447280e+00  3.8203557468e+01  -2.5801032776e-01  3.2738531016e+00  9.4453408640e-01  1.5485011364e+00  -1.4604686793e+00  3.1569596893e+00  4.6558876238e-02  9.3219749667e-01  3.2431363428e+00  7.5389205148e+00  9.6590882608e-02  1.4739751288e+00  -1.8691871697e-01  7.7026997956e-01  1.1823347060e-01  1.6837334612e+00  8.7257347600e-01  6.3099862608e-01  
-4.9924545288e+00  2.8966045890e-01  3.8840504716e+00  -4.4919441501e-01  6.6462492463e-01  -2.5160717603e+00  7.1904671717e+01  8.0478462282e-01  1.4908885832e+00  -4.1204230166e-01  4.2235695286e-01  -2.0548958186e+00  4.3902851072e+00  8.3341629611e-01  8.1290862829e-01  -2.9704739392e+00  4.2342858575e+02  -1.8476982710e+00  8.7309728149e+00  -1.1724632461e+00  4.3095382113e+00  -3.6394198288e+00  4.1532388485e+02  1.7559863876e+00  4.2887914270e+00  
-4.8928356171e+00  2.1463582625e-01  4.0184216923e-01  1.2471945030e+00  1.0966168737e+00  3.3993328091e-01  5.2688031422e-01  -5.8631444429e-01  1.4491611324e+00  -4.6987613938e-01  1.1321498554e+00  5.1501894215e-01  4.0383504745e-01  3.3343043646e+00  4.7868892649e+01  -6.4031665165e+00  2.1811013700e+01  -7.7488841901e-01  1.0547467279e+00  -2.7385072612e-01  5.7627807123e-01  5.5995541727e+00  1.8406415451e+02  -1.0393527061e+01  1.1247552133e+03  
-4.7899346352e+00  8.9895330932e+00  3.2545463750e+03  8.6585160822e-01  3.7665552790e-01  2.7043356965e+00  2.5745772165e+01  -5.5968866892e-01  1.0495346675e+00  -6.9619756736e-01  9.0071798583e-01  1.6848909997e+00  1.3157870049e+01  1.0369601790e+01  1.7254896826e+02  4.1269266096e+00  4.0865568903e+01  -5.5055130734e-01  7.7539143890e-01  -3.5239620584e-01  9.8396632036e-01  6.4477498493e+00  5.3066819037e+02  -2.4044724914e+00  8.9998752580e+00  
-4.6865630150e+00  -2.0880238915e+00  6.3130657157e+01  -6.7941943288e-01  4.3482129175e-01  -2.1420064147e+00  5.8163334671e+02  3.0557206231e-01  1.5295229164e+00  -5.4453320452e+00  1.0157395566e+02  8.4016053163e-01  8.6131514449e-01  -1.2718633965e+00  4.0074201032e+01  -5.8681169485e-01  5.1527561018e-01  -3.0475777975e-01  9.5755296112e-01  1.3810607990e+00  5.3396813431e+00  3.7942474591e+00  2.9427500413e+01  5.0813200510e-01  7.0593975491e-01  
-4.5816903114e+00  2.7021567154e+00  4.7580704109e+02  1.1238896803e+00  1.2097331092e+00  8.8396002865e-01  1.0003310097e+00  1.1103440505e+00  1.1099534747e+01  4.1868442483e-01  1.0016064931e+00  2.5051665349e+00  1.3147419382e+01  8.0191750901e-01  7.3260559915e+00  -7.5123367680e-01  9.8561830458e-01  2.2605137527e+00  1.7828581709e+01  5.7800733964e-02  2.5108994328e-01  -7.0176924639e-01  5.7418884230e-01  -1.2408070230e+00  1.3259468931e+01  
-4.4740800858e+00  1.0662160117e+00  1.7033984620e+00  2.3937060090e-01  6.2300252475e-01  1.7037704065e+00  6.4125228011e+00  2.3518191916e+01  6.9691733719e+02  4.2355439791e-01  8.4242929979e-01  -1.0554362103e+00  2.0093091816e+00  -5.5110107408e-01  1.2174038925e+00  2.0530956732e+00  5.4061315078e+00  -1.2032336077e+02  2.2924358140e+04  -9.7071926233e-01  7.5194223966e-01  -6.5591606688e-01  2.2410432264e+00  1.3705624614e+00  5.3325341127e-01  
-4.3695964813e+00  -2.1834321340e+00  5.3649718552e+00  -1.9315268896e+01  1.3660009930e+03  3.8923770283e+00  2.0999748937e+01  5.7726662892e-01  5.4707197600e+00  1.0034317493e-01  2.4010478159e+00  -7.8180622482e-01  1.4843250984e+00  5.4822273479e-01  1.0547399258e+00  4.2492399654e-01  1.9443427032e+02  1.2068157908e-01  1.9080395568e+00  4.3396006174e-02  1.3517363940e+00  4.2869136639e-01  8.6120898648e-01  9.0845806734e-01  3.2607824628e+00  
-4.2618112564e+00  1.8780080404e+00  8.6424203516e+00  5.2061804811e+00  1.9976017064e+01  -3.0244344847e-01  4.1604928073e+02  6.2434828863e-01  9.4861795494e-01  -7.6516583898e-01  1.0302949229e+01  1.0197714176e+01  4.7581429526e+02  1.8248823723e+00  2.0408571114e+02  6.0540867539e+00  7.2346444544e+02  4.4120642355e-01  2.1211599934e+00  -8.2375998881e-01  8.1055708179e-01  -3.3827113920e-01  2.8516383121e+00  1.3485589925e-01  1.0215152778e+00  
-4.1557011604e+00  -2.5344675528e-01  4.2741062123e-01  -1.6523806265e+00  2.1237816756e+00  -6.6516722101e-01  1.5189087628e+00  1.9926706158e+00  2.6756852799e+00  5.0969177452e-01  5.1916044891e-01  -3.9021521078e+01  2.1054505736e+03  -1.4282083698e+00  1.7761021335e+00  -9.1993401399e-01  1.2376942690e+00  -2.3612185623e+00  8.6818468586e+00  -9.6808019694e-01  1.2303306515e+00  1.5068160498e+00  3.1096681807e+00  -3.6771623168e-01  1.2144225545e+00  
-4.0531730652e+00  -2.0103137113e+00  3.2489127215e+00  9.2267408426e-01  3.7160237714e+01  -3.7238259076e-01  8.2599170420e-01  2.9533604383e-01  1.0170296705e+00  -3.3924841066e+00  1.8516511930e+01  -2.8327899135e-01  6.7476784966e-01  1.5415435418e-01  5.0387795645e-01  -9.6801039065e-01  1.8278812588e+00  1.3215445658e+00  2.0420258068e+00  -1.4440975081e+00  1.3091016744e+00  -1.0303421641e+00  1.3579856989e+00  -3.3056064978e-01  1.7899539208e+00  
-3.9503955841e+00  -6.4793092749e+00  5.9325573051e+01  8.4129019592e-01  3.9583388120e+00  -5.2868357320e-01  8.0960811268e-01  -9.0046542912e-01  2.8537668899e+00  1.3973703617e+00  3.5096517253e+00  1.0553460131e+00  2.4036994737e+00  1.4023059010e-01  1.0695273614e+00  2.0833092073e+00  3.8051011715e+00  6.7952974096e-01  1.8525424922e+00  -9.5478711188e-01  1.0677968430e+00  9.1100044531e-01  1.2544819704e+00  -1.3309295882e+00  1.4754404730e+00  
-3.8491613865e+00  -8.3108232790e-01  6.6391956889e-01  -6.3431720377e+00  1.2798018295e+02  -1.4206109204e+00  1.1030540832e+00  -1.5535331583e-01  9.6468232499e-01  -1.1499089660e+00  8.3999382523e+00  -1.0096388437e+00  2.8930271814e+00  4.4923988098e+00  1.5479104082e+01  2.3548650207e-01  9.5462238163e+00  -4.1473994792e+00  6.7418485869e+03  1.0935817867e+01  6.7358690221e+01  -2.6943783144e-01  4.7045494307e-01  9.1380344825e-02  1.2778245421e+00  
-3.7484719753e+00  -5.6000222500e-01  8.6373327343e-01  2.2460234151e+00  9.0356495573e+00  8.7173858540e-01  6.7114231267e-01  -1.8197771895e-01  1.1738469934e+01  1.7531399437e+00  1.4969699017e+00  9.2654765432e-01  9.5409143259e-01  5.4393905536e+00  4.9851966978e+02  -1.6548213161e+00  2.0358600170e+00  4.9410388503e+00  1.5688146163e+01  -7.4471497062e-02  7.5417303138e-01  -2.1252052045e+00  6.0545836615e+00  5.8405677118e-02  5.2679807931e-01  
-3.6476886272e+00  -2.0154663503e+00  1.8198311869e+00  -4.6341009789e-01  5.6687847252e-01  2.0830305713e+00  2.0125475838e+01  3.1065295881e+00  1.0611193907e+02  -2.2280861918e+00  5.9432431738e+00  -2.2294381345e+00  4.2837270499e+01  -3.1458195257e+00  2.9729300454e+00  4.0891500023e+00  3.5560389485e+01  1.0039675096e+01  9.6649813300e+01  -1.7302819853e+01  1.5742905026e+03  1.0685688031e+00  7.9465955036e-01  7.4613207188e-02  8.3225515769e-01  
-3.5479867458e+00  -3.8067592621e+00  5.2682141343e+00  -9.4333668688e-01  8.4470128498e-01  1.8314408736e+00  1.9382153919e+00  -4.0524825841e+00  4.2871244816e+01  1.8832463147e-02  5.8569927612e-01  1.9458272069e-01  1.1490237469e+00  -3.2202379117e+00  1.6138762374e+01  2.2790952286e-01  5.7484247737e+00  -1.1905668327e+00  1.1268212985e+00  2.1748669369e+01  9.6067555984e+02  -2.1611042025e+00  2.0234579885e+00  1.9165353674e+00  3.1364965536e+00  
-3.4476490021e+00  -6.9038954419e+00  1.9853022955e+01  -9.1110965741e+00  1.2588576086e+02  2.3189485214e+00  2.9412912087e+00  -2.9365267972e+00  1.9427497668e+01  -1.2998786446e+00  1.9211123425e+00  4.2627070327e+00  9.7368019649e+00  1.5471764387e+01  4.3649660936e+02  -1.7453726756e+00  3.1060867825e+00  -3.4739487406e+00  5.7612054889e+00  3.0877497365e-01  7.4992574748e-01  5.1168454130e+00  9.1954671266e+00  -7.8423608158e+00  1.4803782031e+02  
-3.3481199741e+00  -5.6982609619e+00  7.7152586653e+00  2.7000579911e+00  5.3423646290e+02  1.2642255311e+00  6.6139747192e-01  -8.4682141689e-01  2.0235206228e+00  4.5359358972e+00  9.7416742408e+00  -1.4251145612e+00  2.0508303708e+02  -5.3452964869e+00  9.8071822589e+00  1.0712524554e+00  2.5611721526e+00  -5.2267736837e+01  3.3352334063e+03  -7.1749367228e-01  2.4097141670e+00  1.0789551308e+01  8.4115606036e+01  8.3681365208e-01  9.9398818399e+00  
-3.2480630875e+00  -7.9986345696e+00  9.2766578610e+00  9.0622961332e+00  7.7099104515e+01  2.3028186333e+00  1.3351154145e+00  2.1110137841e+00  4.3398782362e+02  -3.3592582081e+00  5.0019568832e+00  -1.2475364288e+00  5.5799627897e+00  7.3940877617e+00  1.4798713223e+01  -2.6228324842e+00  3.1701105586e+01  3.4915742441e+00  4.1574214176e+00  -7.4541353833e-01  1.6478708002e+00  -4.0348273070e+00  4.3377561559e+00  -1.5080973418e-01  7.6261297821e-01  
-3.1482129097e+00  -6.1768647090e+00  4.9423359763e+00  1.3120329759e+01  2.7150245042e+02  -8.7253651797e+01  1.2423798424e+04  1.4885212698e-01  5.9135992320e-01  3.5908790424e+00  6.4612371945e+00  4.7842724326e-01  1.2639711798e+00  2.3438762439e+00  1.7412239919e+00  -6.7257364640e-01  2.5201634816e+00  -5.8018600608e+00  8.0748550209e+00  1.4397427361e+01  4.4192218657e+02  -6.7460614095e+00  9.0783546607e+00  -5.2194456271e-01  4.7327913156e-01  
-3.0483610630e+00  -6.8330455669e+00  5.8782990458e+00  1.4309106677e+00  5.7836848351e-01  4.0328610261e+00  5.4399223452e+00  -1.1566754225e+00  1.1760866536e+01  -1.0171908427e+01  1.7821616426e+01  -2.8056418464e+00  2.4736051167e+01  1.8208984209e+01  6.2644489468e+01  -1.1924273562e-01  9.1519436223e-01  -1.3304556923e+01  8.4829033522e+01  -2.4545207998e+00  4.2131834986e+00  -6.0787659927e+00  7.8781136877e+00  2.2536361587e+00  5.3174610799e+00  
-2.9484994411e+00  -6.2711939672e+00  3.9608290946e+00  -5.7829079226e+00  1.5444760613e+01  3.6905043714e+00  2.2509514693e+00  1.2720185317e+00  9.9387449363e-01  8.9427280709e+00  3.6203265119e+01  -2.9482027814e+00  3.1163865909e+01  -1.6396193949e+01  7.6706052061e+01  5.0832680971e+00  2.5590500567e+03  4.2900890636e+01  3.7109009980e+03  2.9442858185e-01  4.1528973179e-01  4.8901441509e+00  5.4627535265e+00  3.2360942328e-01  3.1111425632e-01  
-2.8487498760e+00  -1.1126088830e+01  1.2069201154e+01  7.0253923509e+00  1.3839652844e+01  1.9119404934e+00  5.7809930698e-01  2.6043658550e+00  3.2295796200e+00  -7.2321168953e+01  2.1143984066e+04  1.0952454820e+00  3.9571841133e-01  6.5717626474e+00  7.0654935389e+00  2.7303915368e+01  3.3699432766e+02  -4.4030396209e+00  4.1436758314e+00  -1.5429707169e+00  9.6609635650e-01  5.3859386859e+00  4.4543559807e+00  -8.6429689160e-01  1.2799112965e+00  
-2.7487566471e+00  -6.6308152995e+00  3.6681025603e+00  3.8361799081e+00  2.6617788085e+00  2.6845193274e+00  7.8371330680e-01  -7.9510544825e+00  3.2433114101e+01  -1.4074926080e+01  4.9248088750e+01  4.7094674004e+00  2.9809345807e+01  2.7670792760e+01  2.2137966246e+02  4.6523462059e+01  1.5992550299e+04  1.4811228345e+01  5.9165943082e+01  -3.2360881482e+00  4.3589247393e+00  1.0607226337e+01  2.1892813746e+01  -1.8173521748e+00  2.4303234127e+00  
-2.6490199566e+00  -2.4789596529e+01  8.4043764715e+01  1.9451367903e+01  2.8076687940e+02  2.0951905437e+00  5.1057161900e-01  2.3531484942e+00  1.2132328920e+00  7.2094698837e+00  8.2334558838e+00  -1.8013572697e+01  1.1394318752e+03  1.9211767481e+01  1.0199396725e+02  -6.3813442509e-01  5.2981321336e-01  -4.6051860050e+01  2.3819846307e+03  -7.3878890121e+00  6.6422388322e+01  7.1412638481e+00  9.4039821626e+00  6.3748096335e-01  5.1804999090e-01  
-2.5490186214e+00  -1.8882617495e+01  4.0379980722e+01  -1.0123971351e+01  2.3582155907e+01  2.2522084101e+00  5.5116142881e-01  2.3111998180e+00  1.1492936766e+00  3.0627012306e+00  1.5599806058e+00  2.1471714558e+00  2.0649323739e+00  1.3073409144e+01  2.1495533555e+01  9.8304189548e+00  2.0721401719e+01  -6.5529585571e+00  5.3471159040e+00  -2.8907107414e+00  2.7406270704e+03  8.0104464461e+00  9.0053854249e+00  2.7802711154e+00  2.0408303974e+00  
-2.4491386414e+00  7.0214957114e+00  4.7628224906e+00  1.0900306721e+01  6.6716751300e+01  3.9359854890e+00  1.2131054709e+00  3.3479246222e+00  2.7467883386e+00  -1.8345615135e+01  6.6232659196e+01  -1.5617971898e+00  1.9323517754e+00  3.6354184823e+00  1.7277193103e+00  1.2562798391e+00  3.2592996037e+00  9.4136812444e+01  2.0144926340e+03  6.7886411067e+00  2.2810520721e+01  3.7332622609e+01  2.6110185599e+02  5.9196539391e+00  2.7365115372e+02  
-2.3492777348e+00  -1.4829392954e+01  2.7139127208e+01  1.4513976150e+00  7.5776881240e-01  2.7034655678e+00  5.6187462499e-01  1.8423035026e+00  1.6258413004e+00  2.7012734235e+02  2.7355480947e+04  4.6221025899e-01  8.5002603694e-01  -7.3466541040e+00  1.0806333846e+01  1.7263793560e-01  2.6984675886e+00  -4.3538025728e+00  3.1969817484e+00  -1.2530716199e+00  1.0151787134e+00  -6.7005859532e+00  1.0459024905e+01  5.6612179727e-01  3.9488221191e+00  
-2.2494788170e+00  -4.7806552774e+00  3.0586302582e+00  -4.5869433657e+00  2.1242528775e+01  1.7364735543e+00  3.2246386354e-01  1.8345835980e+00  6.6157715841e-01  -1.8875437548e-01  1.8802421503e+00  3.7214346584e-01  2.2232982670e+00  5.5330024520e-01  1.3016785465e+00  -7.4440325253e-01  3.0598441288e+00  -3.6724319753e-01  1.3600118531e+00  2.7828777644e+00  8.4681547784e+00  -6.5113007620e-01  1.2111618525e+00  2.2719708267e+00  1.5273229416e+02  
-2.1493916512e+00  1.0177088945e+01  1.7148303294e+01  -1.7371092279e-02  6.8229144711e-01  1.3430930656e+00  1.9267666046e-01  1.7206379517e+00  5.8113584239e-01  -1.5267227313e-01  5.2250238814e-01  6.1441721201e-01  1.9733239826e+00  -3.8055642587e+00  1.4060455255e+01  -3.3645342714e-01  6.8208028731e-01  2.1640570340e+00  6.6745640378e+00  -1.2241033429e+00  3.0344170792e+00  -1.1136114702e+00  2.5335807434e+00  3.5158723371e-01  7.1563786527e-01  
-2.0494863987e+00  2.4625230505e+00  3.6773810829e+03  4.9035996086e+00  9.0899744888e+01  1.6614848737e+00  2.5045604327e-01  1.4851546936e+00  5.3260091241e-01  1.1463439498e+00  4.3365839038e+00  3.2080009473e+00  4.4443677787e+00  -2.2079134941e+00  1.3653440419e+01  9.1147655917e-01  2.2024195604e+00  -1.1407820337e+00  3.3735668850e+00  8.7888112667e+00  2.6852721366e+02  3.8799299926e-01  1.5711808792e+00  -6.5145988434e-01  1.0434502939e+01  
-1.9495646954e+00  1.0311951064e+00  5.2463610960e+00  1.0592598302e+00  8.3113738413e-01  1.2194530778e+00  1.2964699491e-01  1.4102630533e+00  4.2730094633e-01  1.6172935937e+00  2.7215278759e+00  6.7930413754e-01  7.4293461656e-01  -6.8405396179e-01  9.7581414922e-01  3.4268696299e+00  7.1320466861e+01  2.8754997314e-01  4.3239585453e+00  -5.2360904573e+00  2.0215283184e+01  7.7829056771e+00  1.7326211045e+02  4.3637114513e-01  7.3576274223e-01  
-1.8495179415e+00  9.4309916994e-01  7.2353125479e-01  5.5095390701e+00  1.2499245917e+02  1.3454109037e+00  1.8823431634e-01  1.6456493701e+00  4.6840609519e-01  -4.6006236302e-01  1.7876832986e+00  3.6224618339e-01  1.2643453757e+00  -1.7519046593e+01  2.9614197670e+02  7.9636359997e-01  8.2702541614e-01  1.7631831530e+00  3.7127114662e+00  -4.1386077203e-01  7.5224379769e-01  3.8953429846e+00  2.9414881755e+01  -2.8018953245e+00  2.0153424783e+02  
-1.7495380640e+00  1.2584912059e-01  8.6355589586e-01  -1.8997844380e+01  4.8314421756e+03  1.4314300335e+00  1.6794854251e-01  1.8530315776e+00  4.5529361974e-01  3.0237033736e+00  6.2529009518e+01  -3.9905234266e+00  1.3452898677e+02  6.4462870926e-01  1.2106733707e+00  1.5791782620e+01  2.1775493473e+03  -1.4055618688e+00  1.3446076088e+00  1.0278746640e+00  1.0936238867e+00  -6.5591307247e-02  1.3816268987e+01  -2.2015051595e-01  1.1129715015e+00  
-1.6495672464e+00  -5.9957291255e-01  6.1387811672e-01  9.5208963838e-01  9.6126546188e+00  1.3721527448e+00  1.4843494755e-01  1.2679854811e+00  2.7634847766e-01  2.0668440669e-01  9.3395769612e-01  -5.0992614110e-01  8.2777459994e-01  5.4278541194e-01  6.4519400580e-01  7.6511979417e-01  6.1151875709e+00  1.7217099966e+00  1.8284931152e+02  3.3215175845e-01  3.9482148210e-01  3.2122174765e+00  7.7926347509e+00  -1.8881399424e-02  1.1615018460e+00  
-1.5495299101e+00  3.0678779446e-01  2.7423192112e-01  6.8783769824e-01  1.1750302978e+00  1.5643054698e+00  1.6070081154e-01  1.1428333019e+00  1.7257644731e-01  -1.1362270819e+01  1.0151200858e+03  1.4421785883e+01  1.8373225523e+03  3.1585167294e-01  6.8264482233e-01  7.6799079020e-01  1.6489229580e+00  3.1105359886e-04  1.6270218173e+00  -5.0678589806e+00  1.6942617412e+02  -7.4428496389e-01  1.5404886460e+00  6.5876355068e-01  7.4642649592e-01  
-1.4496147633e+00  -4.7284384237e-01  4.4272579512e-01  -3.2436332828e-02  5.9372666724e-01  1.1823033709e+00  1.0734464846e-01  1.5406689820e+00  2.5391303081e-01  -1.1992098006e+00  2.1490702609e+00  -1.4383306290e-01  1.1313426520e+00  1.2808355635e+00  3.8678665544e+01  3.4889811876e-01  1.3546948198e+00  -2.5401292413e+00  9.3895405619e+00  1.7847451005e-01  3.0669552083e+00  -8.4760307690e-01  9.3329976965e-01  -1.6706505955e+00  1.5407038105e+00  
-1.3496745825e+00  -1.6514229817e+00  2.9079944553e+00  -2.3225023867e+00  3.2298807818e+00  1.1998647758e+00  1.1496307134e-01  1.5007943111e+00  2.6871927942e-01  1.0094759865e+00  7.2123623194e+00  3.3032117302e-01  9.9813204238e-01  2.4772052356e+00  2.0671829988e+00  4.8047132322e+00  1.4717261529e+01  6.9900291750e-01  1.3314996576e+00  -3.3208173965e-01  6.4861828463e-01  -1.8469330639e+01  1.6063575824e+03  3.5612967861e-02  1.2900070310e+00  
-1.2496081591e+00  -1.2374843176e+00  8.0608260077e-01  -6.8160773014e-01  1.1552794352e+00  1.2515436341e+00  1.0918077712e-01  1.3926825887e+00  1.9148592627e-01  6.9036370244e-01  1.2018010151e+00  -4.1931757670e-01  7.1878579794e-01  -2.9075789211e-01  8.9345525358e-01  -2.2760785342e+00  3.3444124103e+00  -4.0001987233e-01  5.3831529935e-01  -1.1541049465e+00  2.8210278266e+00  3.8559570862e+02  7.6057758375e+04  1.0004837660e+00  1.8434413841e+00  
-1.1496418715e+00  -1.3009377538e+00  1.6417781272e+00  4.8193370580e-01  2.7326955385e+00  1.2151771447e+00  9.5578363910e-02  1.4777079306e+00  2.6567902194e-01  6.4293802215e-02  9.0215430755e-01  6.4139891206e-01  5.9222875634e-01  2.5680739475e+00  8.6628030799e+00  1.0382987671e+01  2.9399061558e+02  -2.1736317872e-02  9.7921197969e-01  -5.1648331642e-02  4.6514064069e+00  -9.2129397575e-01  1.3267400148e+00  -1.4156424267e+01  3.0221357946e+02  
-1.0496650934e+00  -2.6730695771e+00  2.7742500838e+00  2.1510516625e+00  2.7781783997e+01  1.2385493202e+00  1.0441321069e-01  1.3552575737e+00  1.7464085942e-01  -2.3169759383e+00  7.7378667741e+00  -7.6158382650e-01  6.2565246671e+00  1.9975633473e+00  2.8647094893e+00  -4.6308926753e-01  7.6002106781e-01  1.9546584268e-01  1.5344636249e+00  -2.1000126848e+00  4.7853798450e+00  -8.6579483740e-01  8.1985651931e-01  -4.7606320054e+00  3.3127444747e+01  
-9.4973105192e-01  -2.6377617369e+00  2.1834473900e+00  -1.1134350439e+00  1.1562862059e+00  1.1517234542e+00  8.1878360403e-02  1.3375268549e+00  2.0203565747e-01  -4.0250915131e-01  2.2866152980e+00  1.9866344741e+00  2.2650998352e+00  5.4949259252e-01  4.6058701904e+01  4.1034427735e-01  6.9267923867e+00  4.3470702420e+00  4.4294077305e+01  -2.0773147061e+00  4.3276390750e+01  1.3048491649e+01  4.2595066985e+02  1.8389154381e+00  4.3718588356e+00  
-8.4963291883e-01  5.2568690171e+00  1.0018789156e+01  3.7388988274e-01  6.0627492432e-01  1.0913406995e+00  6.6270638098e-02  1.1744898031e+00  1.0467965590e-01  -8.4315575454e-01  2.4419138466e+00  1.8565950371e+00  2.5697016153e+00  -5.0211812730e+00  2.5757570779e+02  -2.1683302210e+00  4.6822390328e+01  7.8299474036e-01  7.7254920935e-01  7.1916121221e-01  1.9909634893e+00  -3.3959060596e-01  1.3790432145e+00  -2.5146519052e-01  8.3203242952e-01  
-7.4970638752e-01  -9.4514823391e-01  5.8073130369e-01  -8.5340962545e-02  9.2013573989e-01  1.0604075055e+00  5.5282459452e-02  1.2004338791e+00  1.1453692094e-01  3.2955497878e-01  5.6718546875e-01  1.8201734273e-01  6.9617054862e-01  -1.2762979493e+00  2.2850258136e+00  3.2963556640e-01  7.2902611634e+00  1.3485147727e+00  1.7433944599e+00  2.9946421571e+00  7.0257667724e+00  4.6310347402e+00  1.0852166427e+01  6.5434157057e-01  6.9466169686e-01  
-6.4973366261e-01  -1.0067976164e+00  7.2564744604e-01  -4.7289507898e+00  8.6261591225e+01  1.0333628555e+00  5.2406034377e-02  1.1319382212e+00  9.1008283124e-02  6.4041853963e-01  7.4952738809e-01  -8.1018349124e+00  1.2240743363e+02  7.4163589160e-01  5.9457526397e-01  2.4098985783e+00  1.6700025692e+01  -1.6583653610e+00  4.9326185864e+00  -1.1497538396e+00  1.4451116351e+00  9.0827797803e-01  1.3084257277e+00  2.9656299654e-01  8.6482787374e+01  
-5.4977983236e-01  -3.5308310520e+00  6.2885291613e+00  3.8438037688e-01  1.1919826936e+00  1.0472378631e+00  5.2976563383e-02  1.1281145490e+00  1.0126356378e-01  -2.8491223129e-02  4.3706036226e-01  -2.3056723821e+00  5.8976920220e+00  4.3735231430e-01  1.0503512439e+00  -1.5657984529e+00  8.9748855318e+00  -5.6390369937e-01  9.7850836423e-01  -1.2902374634e+01  5.1260347758e+02  -1.5398506468e+00  2.7544074246e+00  1.0349945571e+00  1.9746873041e+00  
-4.4977143407e-01  -1.4756301967e+00  1.7347355595e+00  1.1998509630e+00  3.7279422024e+00  1.0089296389e+00  5.1943752734e-02  1.0673086891e+00  8.0947857797e-02  -1.7663585437e-01  1.8580352338e+00  1.4670356899e+01  6.7124369412e+02  2.6746421001e+00  2.3276659868e+02  1.1075864411e+00  2.4089982579e+01  1.2666020963e+01  1.2142535591e+03  -6.3307750361e-03  2.8462283791e+00  -1.5455374585e+00  1.3398791533e+01  2.2311623812e+00  1.0147939574e+01  
-3.4988063574e-01  -6.1472053872e-01  1.5758635851e+00  -2.2006536233e+00  2.3675087820e+01  1.0066176043e+00  4.3788664078e-02  9.8093947377e-01  6.5539679168e-02  -1.7063026327e-01  1.7546470031e+00  5.5288223049e-02  4.3550666135e-01  9.8676022494e+00  1.1992441343e+02  -3.7601176175e+00  4.9423946382e+02  5.0679540587e-01  7.3985444973e-01  -5.1085033309e+00  1.9736276019e+02  1.5269209243e+00  1.4427016799e+00  -1.6460629010e+00  3.8506717020e+00  
-2.4990227818e-01  5.5292774366e-01  6.7175789845e-01  8.4871074800e-01  1.7274411313e+01  1.0113497191e+00  4.0941095529e-02  1.0628576682e+00  6.9532055347e-02  2.5047438894e+00  3.4363547847e+02  -2.2037102161e+00  4.0565511150e+00  1.8352533232e-01  6.5200099975e-01  4.9450755970e+00  2.1102186407e+01  -2.9126975477e+00  1.0840852319e+02  1.9568729208e-01  5.8740569083e-01  4.4549516596e+00  2.8693236972e+01  -6.4943260515e+00  1.0609437401e+02  
-1.4992575347e-01  7.8302589334e+00  4.0467151311e+01  1.3557706133e-01  1.0985944367e+00  1.0555323915e+00  4.7727065100e-02  1.2467603992e+00  1.0742557161e-01  -1.6854804207e-01  1.2976218221e+00  8.0561923614e-01  1.9999195062e+00  -4.1513074761e-01  4.8211962381e-01  2.1175214896e-01  8.9141686123e-01  -3.2855158354e+00  1.9948721608e+01  2.1830168858e+00  1.8047657613e+01  -1.7153447161e+00  7.2897122900e+00  2.0042167915e+00  2.9335938638e+00  
-4.9971491098e-02  1.7208612688e-01  8.4744909194e-01  3.5735722964e+00  1.2478667976e+01  9.9691695292e-01  3.6456179087e-02  1.0406987247e+00  8.0910010517e-02  2.1119024739e-01  8.2792411051e-01  1.1486858149e+00  5.2277691537e+00  2.8891074999e+00  3.9268793060e+00  -6.3487519284e+00  8.3335598394e+01  1.2975120745e+00  2.2840866516e+00  1.6871244990e+00  1.6940794543e+00  -1.6204183980e+00  1.5579525122e+00  -1.5798270952e+00  7.2736698615e+01  
4.9998395145e-02  1.0000000000e+00  1.5661425343e-16  1.0000000000e+00  0.0000000000e+00  1.0000000000e+00  0.0000000000e+00  1.0000000000e+00  0.0000000000e+00  1.0000000000e+00  0.0000000000e+00  1.0000000000e+00  0.0000000000e+00  1.0000000000e+00  1.1772142444e-15  1.0000000000e+00  0.0000000000e+00  1.0000000000e+00  0.0000000000e+00  1.0000000000e+00  0.0000000000e+00  1.0000000000e+00  1.4691719250e-15  1.0000000000e+00  0.0000000000e+00  
1.5002278984e-01  6.4148489253e+00  9.1794046574e+01  2.8820599077e-01  5.7380176391e-01  1.0030993746e+00  3.6780674857e-02  9.6092219776e-01  7.4668455027e-02  5.0008797656e+00  3.8040792650e+01  8.2482055588e-01  2.1029390017e+01  3.4926917444e-01  4.6695245905e-01  -1.4932888969e-01  7.2840467069e-01  7.8223989565e-01  1.3317138497e+00  5.9579522528e-01  6.2439303585e-01  -6.1997048009e-01  5.9036287890e-01  -4.1582895619e+00  6.3525719727e+02  
2.4986982346e-01  1.3948991837e-01  5.1407462491e-01  1.1020618112e+01  5.8272221626e+02  9.4739897820e-01  4.2769849590e-02  8.0210913084e-01  6.9872529349e-02  -1.2658088002e+01  1.0252043530e+03  1.2742210715e+00  2.9243857960e+00  -2.4256913829e+00  2.9445859196e+00  4.3829118046e+00  8.8381949751e+01  -3.3447189857e-01  1.2753738896e+00  4.9386068325e-01  1.4000548477e+00  -6.2152922177e-01  2.1788588540e+00  5.0404297684e-01  7.2800769823e-01  
3.4987062216e-01  1.8222380316e+00  2.2568950956e+00  1.1052560430e+00  3.3685780058e+00  9.8878582533e-01  3.9979957243e-02  9.4087999467e-01  6.1276905260e-02  2.8346488906e-01  2.5799688232e+00  -4.6143542967e-01  8.7298111954e-01  7.1768347169e+00  2.2148512701e+02  2.0484975404e-01  5.7978439558e-01  -4.6981225749e-01  2.5760494938e+00  1.8338652508e+00  6.1672563083e+02  2.4761001175e-01  9.2540333512e-01  -1.8011153578e-01  8.9202921429e-01  
4.4982478023e-01  -1.6821508940e+00  4.6211211790e+00  -4.6342922917e-01  1.4999677133e+00  9.9343540735e-01  4.3272932996e-02  1.0194539164e+00  6.8249918787e-02  1.4820405620e+02  2.9996174854e+04  1.9563166625e+01  5.0253039992e+02  1.1327109310e-01  4.8162966122e-01  -1.4835908746e+00  1.2489558064e+02  1.9957591156e+00  3.1407776376e+00  -1.8777403153e-01  1.1016489820e+00  6.5763416637e-01  5.8130544905e-01  -6.2205813518e-01  1.5726990139e+00  
5.4967761040e-01  -6.8235927717e-01  7.9816110244e-01  8.6730145281e-01  3.3667255621e+00  9.9116270368e-01  5.1189798814e-02  9.3696317920e-01  7.0806830566e-02  -3.4216908996e+00  4.3343091957e+02  1.1007061398e-01  1.2343546626e+00  3.7586356662e-01  1.0046661005e+01  7.8955292680e-01  7.3457711929e+00  5.6141313437e-02  9.0571872822e-01  -1.2204081582e+02  2.2457499812e+04  -7.2228561937e-01  2.7618092357e+00  4.6165639028e-01  1.7887957215e+00  
6.4979153872e-01  -2.8731638543e-01  4.7579170589e-01  2.9388054269e+00  3.8647301282e+01  9.5490529395e-01  4.8512932294e-02  8.8647087164e-01  7.9569152123e-02  -1.3418331684e+01  6.5499619676e+03  -4.4608740507e-01  1.1288777186e+00  2.3695223035e+00  7.6468782687e+00  -6.7545288467e-01  1.9864358175e+00  -1.7966877837e+00  2.7953971139e+00  -9.5966535354e-02  4.4835597218e+00  -6.6035456211e-01  1.2426171009e+00  9.7688737522e-01  1.2162946684e+00  
7.4967932701e-01  -9.9583996482e-01  7.1921978569e-01  -2.7464666851e-01  4.6739474568e+00  9.6772686405e-01  4.9101237132e-02  8.8346912066e-01  7.0644027253e-02  1.5725446186e+00  1.9139840567e+00  -1.1405840919e-01  4.5200173146e-01  1.3527116732e+00  1.0818353887e+00  4.3974639391e-01  1.6868115175e+00  -6.2282174610e-01  1.4644959736e+00  -8.7695020933e-01  1.1683646388e+00  1.1122298200e+00  1.5678489845e+00  1.0241486095e+00  9.8427555039e+02  
8.4969121218e-01  -1.0600547875e+00  6.5397457727e-01  -3.0241455432e+01  2.3123425418e+03  9.4304665297e-01  4.9244426804e-02  8.3307063679e-01  7.9917050005e-02  3.0832482501e+00  5.7560621167e+00  5.8112014964e+00  4.5997524102e+01  -7.9577287302e-01  1.4150749251e+00  3.5354386257e+00  1.4962530646e+02  7.4782075838e-01  9.7729084188e-01  3.4320907791e-01  9.4901340032e-01  2.2105907737e-01  4.5532602127e-01  1.5408587154e+00  2.6630173931e+00  
9.4965702295e-01  1.9330148909e-01  3.3183278556e-01  2.7256596762e+00  7.3632875450e+00  9.1632129710e-01  5.5949261718e-02  8.5146759329e-01  7.5680788603e-02  -1.2451004911e+00  5.1218630360e+00  5.4250448776e-01  5.8926078878e-01  -1.8513386403e-01  1.1151812329e+00  -4.1221220562e-01  1.1952285222e+00  1.2837148578e+00  1.3275266546e+00  1.3944089740e+00  4.6489232250e+00  -3.1204724532e+00  2.3851521632e+01  -4.1918891765e+00  2.5940523162e+02  
1.0495789051e+00  -3.8042089214e-01  3.1601555047e-01  -9.0302611893e-01  9.5437473627e-01  8.6828612578e-01  6.1658507892e-02  7.4773885139e-01  1.1856641017e-01  -2.6202715363e+00  1.9216035564e+01  5.0643249838e-01  5.5042474282e-01  2.6574318469e+00  2.1394498125e+02  2.3991642130e+00  1.6869853113e+01  2.6516667468e-01  1.0973647786e+00  -5.2641806758e-01  5.1305955184e+00  1.1006745414e-01  6.4820548864e-01  5.5672656852e-01  1.1981324453e+00  
1.1496062279e+00  -3.7615921353e-01  3.9862329382e-01  5.4134237588e-01  2.3579943095e+00  8.0742521877e-01  6.8192596567e-02  7.3792808536e-01  9.3720172767e-02  -4.4363091092e-01  8.8282632131e-01  -1.4093270150e+00  6.4777185862e+00  5.0545166419e-01  6.7994005895e-01  -2.1918770608e+00  4.1784634084e+00  2.4765120605e+00  5.8264435577e+02  -4.8364127375e-01  8.4832312584e-01  -1.1600733692e+00  1.0685204742e+00  -2.1805026744e-01  1.1058456071e+00  
1.2496148348e+00  -7.7474370305e-01  9.7842313880e-01  2.1834544168e+00  7.2364870679e+00  8.2295103002e-01  6.4809159792e-02  6.7683837366e-01  1.2651338077e-01  3.3670014941e+01  4.0303191671e+03  1.5660485049e+00  1.5268510969e+00  4.0492494447e-01  1.0058455298e+00  1.2439072850e-01  5.8388823799e-01  4.3501528333e+01  1.3407924444e+04  -4.1079093496e+00  1.8133770357e+03  -1.0974043927e+00  1.6961903741e+00  -8.7923117933e-02  5.2546044956e-01  
1.3495573997e+00  -8.0981330133e-01  5.2565418241e-01  -1.5025942690e+00  5.7145979851e+00  7.9904409316e-01  6.9912162376e-02  7.1810744110e-01  9.9040386275e-02  1.4684479655e+00  2.4087624097e+00  -2.4178942810e+00  4.0044782857e+00  -3.6756793509e+00  1.9252327834e+01  -4.4293734648e-01  5.1573906224e-01  -2.5243388326e+00  3.6822011708e+00  -8.9553105079e-01  3.0082339917e+00  8.9704064990e-03  3.3282912957e-01  1.0165762615e+00  1.9585365659e+00  
1.4495334625e+00  -6.1367453203e-01  9.5091963646e-01  -4.3530242397e-01  7.0872503697e-01  8.3346625057e-01  8.0610604899e-02  6.6642402126e-01  1.2195345278e-01  1.1240707116e+00  6.7634356427e+00  3.2060225620e+00  1.6428804233e+02  4.0511596801e-01  3.4356619063e-01  2.1457668073e-01  5.3105631541e-01  1.4536628195e+00  2.4882611791e+00  -3.3161196583e+00  5.5358766317e+01  -3.8661947160e-02  8.5734742940e-01  -1.6121247793e+02  3.5371054815e+04  
1.5495064259e+00  -2.1244035977e+00  2.0479187848e+00  -3.3514019998e+01  9.7212131159e+02  8.4584186925e-01  7.6914754720e-02  6.4915987245e-01  1.0961871547e-01  -8.4755297595e-01  1.5528944871e+00  -2.8207690488e+00  8.0642148301e+02  9.8036439028e-01  4.8149626103e+01  2.9282295132e+00  3.7109608924e+01  -4.1267730625e-01  1.1658419749e+00  7.9000604278e+00  5.5768788527e+02  -1.1872111578e+00  1.3651139913e+00  -6.0120235927e-01  5.7677156254e-01  
1.6493809223e+00  3.2727061325e+00  2.9323831090e+00  1.5814421783e+00  2.3964981419e+01  6.3929552511e-01  6.5910695910e-02  8.7511953793e-01  1.3287742177e-01  -6.0637691256e-02  9.0161514083e-01  2.1482175192e+00  3.6794630706e+02  3.2455797620e+00  7.6698766138e+00  1.3394673797e+00  4.2738501708e+00  -5.2598057685e+01  7.1644650414e+03  -1.7877081975e-01  1.0476520604e+00  -1.3772740875e+00  3.4347487727e+00  1.5281767162e+00  1.8603418106e+00  
1.7494357824e+00  -1.6763652202e+00  1.6683760093e+00  1.0828369217e+00  4.5532871689e+00  7.2882506099e-01  7.9122109790e-02  7.8883860837e-01  1.6936283712e-01  4.8980770424e+00  7.2816375540e+01  -1.9840306620e+00  2.9544251198e+00  1.8550975065e+00  2.1500728427e+00  1.5942096851e+00  4.0596451655e+01  2.2517362275e+00  2.7497988748e+02  3.0333834605e+00  3.9385968452e+00  3.1985780220e-01  7.3031261333e-01  -4.3283757555e+01  4.9920920048e+03  
1.8494579792e+00  7.9682988412e+00  1.1738375941e+02  2.0142311300e-01  1.2968060005e+01  6.9865091238e-01  8.2421806183e-02  5.3982027183e-01  1.3233695858e-01  4.2249208858e-01  2.5179477738e+00  -2.3184278258e-01  1.9762178443e+00  1.5784735485e+00  2.9754041421e+00  1.3997912555e-01  1.5894233262e+00  -7.1468300621e-01  6.7326231324e-01  9.7813584321e-01  1.0065629975e+00  -9.6830302699e+00  1.0325643192e+03  -1.0474887383e+01  7.2486273030e+02  
1.9494408369e+00  1.0635232542e+00  8.2790845265e-01  1.9949472840e-01  1.2882214382e+00  7.4334059879e-01  1.0372044424e-01  6.0790495286e-01  1.6900915988e-01  -2.2504952407e+00  2.9539363214e+01  3.1834533236e+00  5.2736659636e+01  -6.5506705571e-02  3.8842975378e-01  1.2623195405e+00  1.2813818404e+00  5.7861975400e-01  1.1105659679e+00  -2.4557431957e+00  4.6315392773e+00  2.8206596886e-01  9.6278183648e-01  -3.2489056824e-01  7.0374440752e+00  
2.0495157242e+00  1.1051491260e+00  8.7715553509e+00  9.4698717395e-01  7.6307218323e-01  8.2008694265e-01  8.7897576700e-02  7.0939504279e-01  2.0190148958e-01  6.2701108935e-01  1.0494821482e+00  1.4808917587e+00  1.6254931461e+00  -1.4760739131e+00  2.0153277336e+00  2.7806915825e-01  3.0279214501e+00  4.4256775516e+00  1.5006387768e+02  -1.8885232596e-01  9.8441496665e-01  1.5796926555e-01  8.9561499892e-01  2.3231527995e+00  4.1790601340e+00  
2.1494307518e+00  5.0628840785e-02  2.5449866434e-01  2.2223948428e-01  9.9917795367e-01  6.0194087806e-01  9.1463166107e-02  6.7373668801e-01  2.2567899223e-01  9.3652220582e-01  4.2865755300e+00  3.1439622398e-01  4.0340649743e-01  -4.9514105414e-01  1.6770311149e+00  1.1519474481e+00  7.1144812090e+00  -9.1068428006e-01  2.5356487567e+00  1.2787185952e-01  1.4453473366e+00  3.6173527548e+00  1.4791841652e+02  -1.9393232912e+00  7.6214503173e+01  
2.2494478226e+00  9.9556108658e-02  1.5625147096e-01  -5.1146390215e+01  2.5266087839e+03  7.4462774524e-01  1.0726343814e-01  5.8151709628e-01  1.9811993008e-01  -5.9899224702e+00  1.3162458010e+02  1.4583202277e+00  4.0540129222e+01  -2.7690453927e-01  8.5038058890e-01  -3.0598930504e+00  1.0410174440e+01  4.8070145657e-01  1.3172021921e+00  -8.3167812054e-01  1.4089065374e+00  -9.2333001841e-01  2.3318217729e+00  2.9128337574e+00  7.4503903061e+00  
2.3491449356e+00  -2.0960854723e-01  1.3410030232e-01  -2.2474788351e-01  4.1466252920e-01  5.7597969287e-01  1.0658787241e-01  5.4544870458e-01  2.0188993908e-01  -5.6574393818e+00  3.7668753964e+02  3.1964260632e+00  5.4914314610e+01  1.8604746056e+00  4.8351617090e+00  -1.4051318761e+00  4.1450534585e+00  -2.6865396044e+00  4.0597475039e+01  3.6855766226e-01  7.5092138735e-01  -1.5642270473e+00  3.1461675238e+00  3.5713516162e-01  2.0024857812e+00  
2.4491422176e+00  -6.8401102456e-02  1.0895747033e-01  6.8996154487e-01  3.7270067517e-01  3.6997657159e-01  7.7201313419e-02  5.4443477706e-01  3.7875270529e-01  3.2687555293e-03  1.7919377475e-01  2.2046173230e+00  4.6595721926e+00  -1.3748569042e-01  1.8967204841e-01  7.0556428538e+00  1.8198326246e+02  -2.3029292778e-01  1.6525516165e-01  -8.0070679704e-01  6.6771511852e-01  -1.5073942290e-01  1.9762476153e-01  1.6465594613e+00  3.1751287297e+01  
2.5489115715e+00  1.4273431956e-01  9.2371747714e-02  9.3036434786e-02  2.4887217941e-01  2.5418837521e-01  7.8696398302e-02  2.9960472127e-01  2.2493300017e-01  -5.6239150171e-02  1.1665344295e-01  -6.4529384506e-01  8.4190575408e-01  2.7539152840e-01  1.3383274238e-01  8.6223825355e-01  9.8682510419e+00  1.3385627217e-02  1.0154442742e-01  1.5381306462e-01  4.6378394130e-01  2.9599570223e-02  1.4071362244e-01  1.8597555908e-01  1.0684697667e+00  
2.6489748955e+00  -5.4053574349e-02  1.0619318296e-01  -1.0068777837e-01  1.9862922484e-01  4.4414182490e-01  1.0780719944e-01  4.3317294892e-01  1.9960113822e-01  3.2694062594e-01  1.6814018257e-01  4.6786722640e-01  4.4839786890e-01  7.7396412496e-02  1.1295665160e-01  1.0345253303e-01  1.9277143831e-01  -1.5310408010e-01  1.2248607820e-01  -3.7163325740e-02  2.5852519047e-01  1.2558520661e-01  1.3354433139e-01  3.6060845008e-01  2.5659584706e-01  
2.7487411499e+00  -4.1991699729e-02  1.0941544198e-01  5.5927332720e-02  1.7283630983e-01  4.7742678845e-01  1.1646881639e-01  4.2551653655e-01  2.1605758766e-01  1.3959646496e-01  1.5736690552e-01  -5.7412071588e-02  2.9873765935e-01  5.5567554399e-02  1.7175802941e-01  -1.5721662941e+00  1.2389278983e+00  -1.9872453935e-02  1.4475650478e-01  -1.4571667419e-01  3.3598960681e-01  1.4116695820e-01  1.7483679435e-01  1.5732809853e+00  1.1461211593e+00  
2.8484547138e+00  -1.5104442773e-01  8.3750448956e-02  2.6135030892e-01  1.9607300417e-01  3.7266989174e-01  1.1115170647e-01  -1.3067463260e-01  2.8514340644e-01  -7.3471258728e-02  1.6368206516e-01  2.2037779810e-01  3.8151128336e-01  3.7373478845e-02  1.3795550849e-01  -2.1685376775e-02  2.8597928252e-01  6.9934287454e-02  1.5302051761e-01  -3.1116913805e-01  3.3490918921e-01  9.6076383743e-02  1.7901550596e-01  -5.5336117115e-01  4.9664768743e-01  
2.9482080936e+00  -9.0400537858e-02  9.6318131801e-02  1.4442025520e-01  2.3135865032e-01  5.2327109634e-01  1.5881567329e-01  3.8598904774e-01  3.4373392656e-01  -5.5728415053e-03  1.7037852805e-01  9.1361984994e-01  3.2043855764e-01  1.5300717145e-01  1.5697747381e-01  3.7228760271e-02  5.5136386314e-01  -2.2811155821e-01  2.1167735876e-01  -6.4941022831e-01  4.1890395506e-01  1.8630895438e-01  1.5427197007e-01  -1.1668223608e+00  1.4717724555e+00  
3.0482158661e+00  -1.5978501112e-01  1.0247989109e-01  -1.7552408622e-01  2.2555802721e-01  2.7145733117e-01  1.6041585889e-01  7.8837318761e-01  5.7946251257e-01  1.1730656584e-01  3.2414004151e-01  -3.7736465773e-01  1.3486721330e+00  -6.4069423986e-02  1.7040546918e-01  -1.1867430605e-01  4.8706183826e-01  1.3854546258e-02  2.7729906175e-01  3.4553423325e+00  9.8402960647e+00  2.0575456870e-01  2.2649563504e-01  3.1044782036e+00  3.0301301340e+00  
3.1475317478e+00  -1.4686610478e-01  1.2080234062e-01  6.9945362894e-01  2.9457415105e-01  2.5001003265e-01  3.0937896391e-01  -9.2478059307e-01  2.2203059828e+00  -9.9748414410e-02  1.6611776827e-01  -3.4605119967e-01  7.4365186894e-01  5.7568303820e-02  1.6583561016e-01  -1.6042888336e+01  1.7207122134e+03  -8.0193627995e-02  2.3020574294e-01  -4.1256501318e-01  6.4727077431e-01  -1.6587336437e-01  2.1136558132e-01  4.5233561671e-01  8.3430120478e-01  
3.2474076748e+00  -1.6242970709e-01  1.3340235559e-01  9.3159953803e-02  2.8309878524e-01  -2.2593638137e-02  1.9865168387e-01  7.1772848375e+00  5.2260486418e+01  2.8242599261e-01  4.5134794071e-01  2.2297274530e+00  1.7492260701e+01  4.2775364555e-01  2.9861056631e-01  -1.5495620900e+00  4.9867580444e+00  -1.7380689934e-01  2.1304081286e-01  7.1175016938e-02  8.2485596892e-01  -1.4954196038e-01  1.9571658938e-01  -1.9236223198e+00  1.7100972022e+00  
3.3471283913e+00  -1.2583705819e-01  1.4094008282e-01  1.1939561207e-01  4.2911275218e-01  4.3494658225e-01  2.3933232168e-01  2.3717443333e-01  5.9193948275e-01  -3.0069326683e-01  4.0811183947e-01  -8.5471725810e-01  3.6415566498e+00  1.3766895496e-01  2.4984052969e-01  -3.5956217500e-01  5.6845873578e-01  2.8837925650e-01  3.3397309915e-01  -1.3649233508e+00  2.5434967130e+00  -2.4923907286e-01  2.6145093935e-01  -7.6698701808e+00  1.9171211915e+02  
3.4475557804e+00  -1.7700376739e-01  2.2735220864e-01  1.9366008364e-01  6.4748950113e-01  7.9207858302e-01  4.1004373064e-01  -1.2001589604e+00  1.9318883368e+00  2.2500271847e-01  4.4614531180e-01  -3.0687226771e+00  5.0406530458e+01  -1.9027169722e-01  3.5421950288e-01  9.4458669161e-01  1.1047574594e+00  -2.9971658117e-02  3.0360552899e-01  -1.7794066065e+00  6.7743458008e+01  9.7590326883e-02  3.2877936642e-01  1.3533758188e+00  8.0180072321e+00  
3.5463473797e+00  -1.4994499912e-01  3.7514974138e-01  -1.2564238093e-01  1.1011397943e+00  4.3465461026e-01  5.4604740320e-01  -3.6089992738e-01  9.9292749524e-01  -7.7746270213e-01  1.1222278988e+00  2.3974561933e-01  4.8838404079e-01  7.6148028006e-02  3.6151948181e-01  -5.7876614870e-01  7.4665110875e-01  -2.9153061317e-01  4.4996715850e-01  3.4076613660e+00  1.9477109484e+01  1.9819692208e-01  3.1781466100e-01  -1.2268501561e-01  5.1898075623e-01  
3.6459124088e+00  -2.6502314825e-01  3.4316657335e-01  -1.0647104063e+00  1.0897868808e+00  5.4897173361e-01  5.6029249151e-01  -2.7320082155e-01  9.8313531207e-01  3.3813625257e+01  3.6507159811e+03  4.9454397603e+00  9.2570212361e+01  -3.3129224262e-01  1.1136893070e+00  3.6717106926e+00  1.3720613506e+02  -8.4366866287e-01  7.8722073268e-01  4.1074931768e-02  5.1888509215e-01  -4.6483373173e-01  4.4937275513e-01  5.2773392295e-01  7.6475577183e-01  
3.7451877594e+00  -4.9821627290e-01  4.5380605043e-01  -2.1762002217e+00  3.3507879365e+00  4.9709317525e-01  1.7439943209e+00  2.8125702575e-01  7.0007516891e-01  -4.6091669853e-01  9.7476624497e-01  -4.5114172387e-01  3.6087494425e+00  -3.1926553257e-01  2.9250234181e-01  2.8347802651e-01  6.2624337888e+00  1.0885413180e-01  4.7169172802e-01  -1.1822283755e-01  1.8776435794e+00  9.3835116109e-01  6.7831838098e-01  1.1297100699e+01  9.5145656591e+02  
3.8444848061e+00  -1.8165358147e+00  4.7154311919e+00  4.6505551710e-01  2.1778071364e+00  1.1505854459e+00  8.9293416889e-01  4.4245813805e+00  1.1490976064e+03  5.7249047849e-01  4.8712866942e-01  1.0842385126e+00  9.8870866717e-01  1.5621017965e-01  8.7206286095e-01  -6.0859849207e-01  7.2313614972e-01  2.0980941909e-01  5.4563988614e-01  -1.1669140484e+01  4.9926166724e+02  -4.8394152938e-01  1.0515434944e+00  2.1135093871e+01  5.0889169245e+02  
3.9429452419e+00  -1.2071185833e+00  9.6441790106e-01  -1.9331135934e-01  5.6150111561e-01  -7.0599046359e-01  5.3072587583e-01  -7.2848939277e+00  1.3638464583e+02  -1.0136423674e+00  6.4093228456e+00  -1.0430799906e+00  5.5885605237e+00  2.3020835946e-01  5.4293463956e-01  4.6647967834e+00  1.9235288129e+02  2.0752240221e-02  7.7102447567e-01  9.5685248143e-02  5.9427207661e-01  -3.7671409359e+00  6.4832121722e+00  2.0187017566e+01  4.9213047680e+03  
4.0405201912e+00  -1.7582750702e-01  6.6117270537e-01  1.2391711813e+00  3.1224488553e+00  -1.9210208210e+00  4.3573409734e+00  -1.1634064248e+00  4.0951231424e+00  7.3525289456e-01  1.6626509316e+00  9.7238438101e-01  2.6943465406e+00  6.8772950275e+00  4.9014582547e+02  4.8667868001e-01  8.2113527874e-01  1.5362389305e+00  5.4637914735e+00  -1.0519307614e+00  8.7354508531e-01  1.1090882703e+00  1.7168731157e+00  -7.5536245032e-01  7.4334578804e-01  
4.1369819641e+00  -5.0197906073e-01  6.0565753597e-01  1.3625437204e+00  1.9521725388e+01  -2.7581906788e+00  7.1964078006e+00  3.5247259272e+00  1.1396193188e+01  -3.2332993361e-01  1.2371097475e+00  -3.4141286310e+00  3.3389021258e+01  7.3752240381e+00  1.0512119589e+02  -1.0554689879e+00  2.9827325767e+00  7.6609135747e-01  1.2456289693e+00  -6.9497049145e-01  5.6163911225e-01  -9.7976244586e-01  1.4430070589e+00  -3.1053152657e+00  5.2051308238e+01  
4.2327909470e+00  -4.0047482204e+00  7.2393266852e+00  -6.1130429977e-01  1.1075676432e+00  -1.5415221207e+00  3.6671093813e+00  5.0605089183e-01  6.5426222243e-01  1.9724125773e+00  2.0484421484e+00  -3.1201084843e-02  5.8147184536e-01  -7.0558919791e-01  8.7856347822e-01  -1.0963127802e+00  1.4411141096e+00  -4.4325169594e-01  1.1934636832e+00  -1.0415226384e+00  1.4041874513e+00  6.7578800236e-01  1.2212477712e+00  -2.6543303040e+00  2.2756975964e+01  
4.3289170265e+00  5.5813453659e-01  1.5038801936e+00  2.0102047727e-01  6.7813000011e-01  5.8929031733e-01  4.3329667640e+00  1.6214397368e+00  2.7523597981e+00  -1.5791259554e+00  1.2910434731e+01  3.9931923812e-01  6.3104264288e+01  4.4344814582e-01  1.0754103742e+01  -4.4021788403e-02  6.1564158023e+01  2.8806770373e+00  8.1817770132e+01  -1.2195995894e+00  1.1800953999e+00  -1.6863713067e+01  2.6265454131e+03  6.4006497703e+00  3.1055144649e+02  
4.4229526520e+00  -4.6898112854e-01  9.5642323533e-01  -3.4970937535e-02  1.0817062749e+00  2.6306898172e-01  8.2306638590e-01  1.7636010927e+00  1.2683732555e+01  6.5711284332e+01  1.1767280855e+04  -1.2942737808e+00  1.7491050825e+00  1.8674913155e+00  5.2628750616e+00  -1.3024802090e+00  7.6093322508e+01  4.6608277603e+00  5.7105263361e+02  1.0353624222e+01  1.8853723037e+03  2.3938754732e+00  6.6533893946e+00  1.1687255404e+00  6.5391166979e+00  
4.5156350136e+00  9.4982349974e-01  1.5361674732e+00  4.3332958235e+00  4.1640217993e+01  6.1454612918e-01  1.8334029473e+00  4.9470820887e-02  1.0021301274e+00  2.9356879907e+00  1.0734729185e+02  -9.6784544805e-01  2.5213076495e+00  -1.8730465920e+00  5.8790474346e+00  4.8138751765e-01  2.6944328152e+00  3.6850119916e-02  1.0865752186e+00  -1.0344361661e+00  1.1767678015e+00  -1.5545577270e+00  2.1946421750e+00  7.3019878999e-01  2.9273971721e-01  
4.6149959564e+00  2.1059611780e-01  1.1485725533e+00  9.2228869262e-01  6.9588146263e+00  1.1389964351e+00  1.4075294847e+00  1.0491244395e+00  1.9156404277e+01  2.9531559147e+00  1.0064911501e+02  4.1690507111e-01  1.0817794704e+00  1.2267338501e+00  3.1913230470e+00  -1.3690564789e+00  7.5391487958e+00  4.7554934793e-01  2.3777198269e+00  1.7116373659e+01  1.3437379773e+02  -1.4297467954e+00  1.1646800547e+00  -9.0827979896e-01  6.4059123815e+00  
4.7102980614e+00  -5.3388424160e-01  7.4325391439e+00  -1.4750122448e+00  1.0110297507e+00  -2.0655499237e-01  7.2606450084e-01  3.2031031078e+00  6.3387696183e+00  -1.7199202714e-01  4.3230616140e-01  1.2126494810e+00  5.0025737107e+00  -9.5841939555e-01  2.7073170827e+00  -1.7101126442e+00  1.4302110630e+00  -3.4913229005e+00  1.6618169974e+01  7.3908058961e-01  1.2472903382e+00  2.8772850685e-01  8.7794322919e-01  1.9886151996e+00  3.4434589011e+00  
4.8080868721e+00  -1.2079157829e-01  9.9140507972e-01  1.1560574503e+00  5.2294884387e-01  2.7124211777e-01  3.1872934915e+01  -1.7652726383e+00  7.0590660704e+00  -1.4506848678e+00  2.4038514244e+00  6.2955405384e-01  2.1178756864e+01  8.2611324492e-02  1.4047128132e+00  2.3376067169e-01  1.0846518461e+00  -1.8353200842e+00  2.7909852252e+00  -2.7901535421e+00  5.1729444444e+00  2.4392321049e-01  1.8833748814e+00  -4.1522296946e-01  1.0523209154e+00  
4.9071297646e+00  4.3467420479e+00  7.0952447037e+01  8.1836428851e-01  3.8736257092e+00  2.9919415645e+00  7.0252957996e+00  -1.7250347587e+00  1.9292661445e+00  -2.3294013722e+00  3.2987093987e+01  1.9488510167e+00  1.9504550227e+00  2.8210226101e-01  5.4729375883e-01  -1.6206707689e-01  2.4748461556e+00  -1.3067621553e+00  2.7238919442e+00  -3.5944741935e+00  1.0293418165e+01  1.5540216933e-01  9.2533445467e-01  -2.1952425390e-01  2.1011777343e+00  
5.0058417320e+00  2.8066959918e+00  9.1510141390e+01  -2.2437647813e+00  2.8583882984e+00  -4.0601738581e-01  1.2959712063e+01  1.1418661183e+00  2.0145684729e+01  -2.4412037734e+00  2.9273451574e+00  -4.9177512075e-01  5.7206388584e-01  1.2060094013e+00  1.2773929671e+00  -1.9853860288e-01  4.6494737270e-01  -5.7476991229e-01  2.2727300002e+00  -8.6582555398e-01  7.1684334133e-01  -3.2502127401e-01  2.4578540332e+00  5.6879057601e-01  2.6250305179e+00  
5.1050534248e+00  7.3167619504e-01  8.9176154294e-01  -7.5097804010e-01  7.1914633945e-01  3.0137021271e-01  9.1337173886e-01  -3.9460015653e+00  2.0435618689e+01  1.0765683543e+00  2.5499787531e+00  -6.7204181078e-01  1.3710406491e+00  2.0544315926e+01  2.9929300567e+02  3.0226601269e-01  5.5241835563e-01  8.7446555055e+00  1.2190522125e+02  -5.2212520108e+00  7.5576254609e+00  7.0642470403e+00  2.4447238788e+02  1.1490383829e+00  9.0006969990e-01  
5.2049903870e+00  -4.1353869107e-01  1.4229921436e+00  2.6995973205e+01  5.4107380565e+01  1.7370331733e+01  2.5329437990e+02  -3.6692403351e-01  8.2509459073e+00  7.2012545507e+00  1.6650605639e+02  7.1165390882e-01  1.8373445105e+00  4.8496920567e-01  1.3354693905e+00  -5.6756809764e-01  5.3268003282e-01  -2.0690085228e+00  2.0859401876e+01  7.0820427134e+00  4.6257561440e+01  1.3825871934e+00  2.4681853720e+00  2.8903904689e+00  6.8453610293e+00  
5.3040895462e+00  9.1940957224e+00  1.2725131489e+03  -3.0974547573e-01  3.1143600779e+00  -5.7270568993e-01  5.0765439621e+00  -3.3145403766e-02  2.2751009160e-01  1.7081612500e+00  6.8045553650e+01  -3.8543620051e-01  1.4820121868e+00  2.6417409860e+01  2.6937165363e+02  6.9872651757e-01  9.6501178660e+00  7.8979868789e+00  8.0937795010e+01  -1.1368320881e+00  1.5159384572e+00  -1.1965588703e+00  2.3736801127e+00  1.7302649516e+00  2.5842667909e+00  
5.4026932716e+00  -1.0161820503e+00  1.9401122321e+00  3.8175360290e-01  3.8175360290e-01  -2.9340641441e-02  8.8373880932e-01  -1.0983489307e+00  1.0983489307e+00  -1.2468659393e+00  1.8842263081e+00  1.0062796877e+00  1.0062796877e+00  -6.7253673663e-01  9.0553210931e-01  -2.0321114374e+00  2.0321114374e+00  -3.4606857057e+00  1.7643456124e+01  5.7299796862e-01  5.7299796862e-01  1.0294402449e+00  9.4174279796e-01  -7.7413897736e-01  7.7413897736e-01  
5.5023856163e+00  4.6140357606e-01  6.2223175989e-01  -3.8147642768e+00  1.2971773496e+01  2.5214606399e-01  1.3656257465e+00  1.0116097947e+00  7.9487958856e-01  -2.0207201076e+00  1.2828398410e+01  -2.2550257313e-01  6.9200638790e-01  -7.2643306452e-01  1.2589657294e+00  9.6395859493e-01  8.2422535021e-02  -2.4888252105e-02  3.1745262488e-01  -1.0244498518e-01  7.7113575472e+00  -1.5084568236e+00  6.0054091876e+00  5.2634144415e-02  1.4168411262e+00  
5.6021943092e+00  2.0216874147e-01  3.6622809780e-01  -1.3994993836e+00  1.3994993836e+00  -1.5669983281e-01  5.7020478320e+00  9.9552885673e-01  9.9552885673e-01  -2.1164715208e+00  6.2008360206e+00  -7.1425061454e+00  7.1425061454e+00  4.3795236631e-01  7.5642465549e-01  -1.0544801450e+00  1.0544801450e+00  8.1079315429e-01  1.2620233149e+00  1.5471175461e+00  1.5471175461e+00  -1.1911186592e+00  1.8499895592e+00  -8.3067337691e-01  8.3067337691e-01  
5.7015533447e+00  1.8909537482e+00  7.0412680678e+00  -7.1484852074e-01  7.1484852074e-01  -6.9347318259e-01  1.5530911328e+00  -3.2862307736e-01  3.2862307736e-01  -1.7887572497e+02  6.0446376035e+02  2.4001464038e-01  2.4001464038e-01  5.2403513234e-01  9.6877757921e-01  -3.0515259240e+00  3.0515259240e+00  -4.5027754498e-02  3.7755691615e-01  6.5180631619e-01  6.5180631619e-01  -3.6034142417e+01  1.3274275711e+02  4.0334503229e-01  4.0334503229e-01  
5.8009486198e+00  3.5258248375e-01  4.6668298260e-01  5.8351614387e+00  5.8351614387e+00  -2.5011515777e+00  8.4506478959e+00  9.6535273084e-01  9.6535273084e-01  2.9248425955e-01  1.2746897215e+00  -4.6438909076e+00  4.6438909076e+00  9.5427423066e-01  3.0364256940e+00  4.6330590494e-01  4.6330590494e-01  -8.2317270963e-01  4.0795004788e+01  -2.2274310401e+00  2.2274310401e+00  2.0841676884e-01  1.3362421421e+00  -9.1983232838e-01  9.1983232838e-01  
5.9011888504e+00  1.6117674247e+00  4.3692290216e+00  0.0000000000e+00  0.0000000000e+00  -1.9803668904e+00  5.6057258843e+00  0.0000000000e+00  0.0000000000e+00  1.9199413573e+00  3.7319016427e+01  0.0000000000e+00  0.0000000000e+00  1.6490156477e-02  1.0627688940e+00  0.0000000000e+00  0.0000000000e+00  -6.3783891646e-01  7.2352387137e-01  0.0000000000e+00  0.0000000000e+00  -8.7637581752e-01  1.8677844326e+00  0.0000000000e+00  0.0000000000e+00  
6.0013279915e+00  5.1666092445e-01  1.1407218034e+00  0.0000000000e+00  0.0000000000e+00  -1.0553288087e+01  2.5134092874e+01  0.0000000000e+00  0.0000000000e+00  -3.1365317133e-02  4.5952561029e-01  0.0000000000e+00  0.0000000000e+00  -5.3309423450e-01  2.4206198818e+00  0.0000000000e+00  0.0000000000e+00  -3.9343852100e-01  2.3266712350e+00  0.0000000000e+00  0.0000000000e+00  1.2065524449e+00  1.3934319856e+01  0.0000000000e+00  0.0000000000e+00  
6.1004509926e+00  -6.6120148108e-01  1.8575730155e+00  0.0000000000e+00  0.0000000000e+00  2.4834500596e+00  1.6677482391e+01  0.0000000000e+00  0.0000000000e+00  -3.4349448985e-01  1.6345832977e+00  0.0000000000e+00  0.0000000000e+00  -4.1127065651e+00  4.0219659813e+01  0.0000000000e+00  0.0000000000e+00  9.4994892907e-01  3.1077434126e+00  0.0000000000e+00  0.0000000000e+00  2.5422603091e-01  6.6135292231e-01  0.0000000000e+00  0.0000000000e+00  
6.2008171082e+00  -5.1251307597e-03  1.4568410560e-01  0.0000000000e+00  0.0000000000e+00  -2.5000871354e+00  6.6850707544e+00  0.0000000000e+00  0.0000000000e+00  -1.0656957425e+00  6.1808215324e+00  0.0000000000e+00  0.0000000000e+00  3.7348221320e+00  2.3070390186e+01  0.0000000000e+00  0.0000000000e+00  1.5029987401e+00  3.4416350687e+00  0.0000000000e+00  0.0000000000e+00  2.9849053372e+00  2.6491936184e+01  0.0000000000e+00  0.0000000000e+00  
6.3008856773e+00  -1.2255773291e-01  1.4348478879e-01  0.0000000000e+00  0.0000000000e+00  -8.4347271001e-01  5.3432188500e+00  0.0000000000e+00  0.0000000000e+00  2.5185995283e-03  2.7620467902e-01  0.0000000000e+00  0.0000000000e+00  -2.3970635845e-01  7.2106816211e-01  0.0000000000e+00  0.0000000000e+00  -5.8438684284e-02  3.0406615316e-01  0.0000000000e+00  0.0000000000e+00  3.7053987996e+00  5.2794634172e+01  0.0000000000e+00  0.0000000000e+00  
6.4003176689e+00  -5.6999804210e-03  1.6951918152e-01  0.0000000000e+00  0.0000000000e+00  4.8934491447e-01  2.4867189608e+01  0.0000000000e+00  0.0000000000e+00  1.4929800147e-01  6.8358799908e+00  0.0000000000e+00  0.0000000000e+00  -1.2732429871e+00  1.8601177989e+01  0.0000000000e+00  0.0000000000e+00  -1.1182338125e+00  2.3279573387e+00  0.0000000000e+00  0.0000000000e+00  -1.1298392830e+00  4.2788535872e+00  0.0000000000e+00  0.0000000000e+00  
6.5002355576e+00  -4.6960988500e-01  9.2556995248e+00  0.0000000000e+00  0.0000000000e+00  2.5880714812e+00  5.9027656303e+00  0.0000000000e+00  0.0000000000e+00  2.9734058968e+00  5.1843519320e+00  0.0000000000e+00  0.0000000000e+00  1.6044495744e-01  1.0186863632e+00  0.0000000000e+00  0.0000000000e+00  -2.3389768979e-01  1.5073611645e+00  0.0000000000e+00  0.0000000000e+00  -2.0054295644e+00  3.6126358268e+00  0.0000000000e+00  0.0000000000e+00  
6.5999865532e+00  -2.1361650089e+14  1.5995346890e+14  0.0000000000e+00  0.0000000000e+00  9.8247336830e+12  1.6770713899e+13  0.0000000000e+00  0.0000000000e+00  2.6221148161e+14  3.6624994953e+14  0.0000000000e+00  0.0000000000e+00  5.1018791766e+14  3.6937151328e+14  0.0000000000e+00  0.0000000000e+00  -9.0115601841e+13  1.2530120113e+14  0.0000000000e+00  0.0000000000e+00  -6.8814117470e+14  4.8826797778e+14  0.0000000000e+00  0.0000000000e+00  
6.7002835274e+00  3.1151484485e-01  1.0289106487e+00  0.0000000000e+00  0.0000000000e+00  -1.2901353248e-01  2.8732580192e+00  0.0000000000e+00  0.0000000000e+00  -6.1361980866e-01  6.5960609644e+00  0.0000000000e+00  0.0000000000e+00  -8.2406498852e-01  1.5563078656e+01  0.0000000000e+00  0.0000000000e+00  -2.4825416999e-02  4.8748639414e-02  0.0000000000e+00  0.0000000000e+00  2.3179053087e-01  5.8825534081e-01  0.0000000000e+00  0.0000000000e+00  
6.8004336357e+00  0.0000000000e+00  0.0000000000e+00  0.0000000000e+00  0.0000000000e+00  0.0000000000e+00  0.0000000000e+00  0.0000000000e+00  0.0000000000e+00  0.0000000000e+00  0.0000000000e+00  0.0000000000e+00  0.0000000000e+00  0.0000000000e+00  0.0000000000e+00  0.0000000000e+00  0.0000000000e+00  0.0000000000e+00  0.0000000000e+00  0.0000000000e+00  0.0000000000e+00  0.0000000000e+00  0.0000000000e+00  0.0000000000e+00  0.0000000000e+00  
6.9000911713e+00  0.0000000000e+00  0.0000000000e+00  0.0000000000e+00  0.0000000000e+00  0.0000000000e+00  0.0000000000e+00  0.0000000000e+00  0.0000000000e+00  0.0000000000e+00  0.0000000000e+00  0.0000000000e+00  0.0000000000e+00  0.0000000000e+00  0.0000000000e+00  0.0000000000e+00  0.0000000000e+00  0.0000000000e+00  0.0000000000e+00  0.0000000000e+00  0.0000000000e+00  0.0000000000e+00  0.0000000000e+00  0.0000000000e+00  0.0000000000e+00  
