#pT  vn{4}  vn{4}_err
1.0764147341e-01  0.0000000000e+00  0.0000000000e+00  6.7972563450e-03  2.7604374840e-03  0.0000000000e+00  0.0000000000e+00  
2.0295557380e-01  0.0000000000e+00  0.0000000000e+00  8.4090370196e-03  2.3637384356e-03  0.0000000000e+00  0.0000000000e+00  
3.0092164874e-01  0.0000000000e+00  0.0000000000e+00  2.3093512166e-02  1.9533634126e-03  0.0000000000e+00  0.0000000000e+00  
3.9973288774e-01  0.0000000000e+00  0.0000000000e+00  3.3218336802e-02  2.4646095874e-03  0.0000000000e+00  0.0000000000e+00  
4.9884161353e-01  0.0000000000e+00  0.0000000000e+00  4.5075350750e-02  2.8428481261e-03  0.0000000000e+00  0.0000000000e+00  
5.9832882881e-01  0.0000000000e+00  0.0000000000e+00  5.8264224876e-02  3.3439901634e-03  0.0000000000e+00  0.0000000000e+00  
6.9791454077e-01  0.0000000000e+00  0.0000000000e+00  6.0401869881e-02  4.6450907774e-03  0.0000000000e+00  0.0000000000e+00  
7.9760193825e-01  0.0000000000e+00  0.0000000000e+00  7.7976552741e-02  5.1870139779e-03  0.0000000000e+00  0.0000000000e+00  
8.9730471373e-01  0.0000000000e+00  0.0000000000e+00  8.7563202591e-02  6.3128154676e-03  0.0000000000e+00  0.0000000000e+00  
9.9722129107e-01  0.0000000000e+00  0.0000000000e+00  9.4930688329e-02  6.8775016132e-03  0.0000000000e+00  0.0000000000e+00  
1.0969387293e+00  0.0000000000e+00  0.0000000000e+00  9.6552823266e-02  8.2341126824e-03  0.0000000000e+00  0.0000000000e+00  
1.1968548298e+00  0.0000000000e+00  0.0000000000e+00  9.9821995979e-02  1.1158335256e-02  0.0000000000e+00  0.0000000000e+00  
1.2969537973e+00  0.0000000000e+00  0.0000000000e+00  1.1228359287e-01  1.1108945627e-02  0.0000000000e+00  0.0000000000e+00  
1.3966194391e+00  0.0000000000e+00  0.0000000000e+00  1.1240823906e-01  1.1800797014e-02  0.0000000000e+00  0.0000000000e+00  
1.4963749647e+00  0.0000000000e+00  0.0000000000e+00  1.1620685882e-01  1.5276676470e-02  0.0000000000e+00  0.0000000000e+00  
1.5967046022e+00  0.0000000000e+00  0.0000000000e+00  1.4198463148e-01  1.6466178206e-02  0.0000000000e+00  0.0000000000e+00  
1.6965146065e+00  0.0000000000e+00  0.0000000000e+00  1.0200718975e-01  2.1461420956e-02  0.0000000000e+00  0.0000000000e+00  
1.7965588570e+00  0.0000000000e+00  0.0000000000e+00  1.1724986558e-01  2.1088687509e-02  0.0000000000e+00  0.0000000000e+00  
1.8964955807e+00  0.0000000000e+00  0.0000000000e+00  1.1137545782e-01  2.7982496665e-02  0.0000000000e+00  0.0000000000e+00  
1.9973217249e+00  0.0000000000e+00  0.0000000000e+00  1.1146565995e-01  2.6914027725e-02  0.0000000000e+00  0.0000000000e+00  
2.0974993706e+00  0.0000000000e+00  0.0000000000e+00  1.0006257776e-01  3.4952284104e-02  0.0000000000e+00  0.0000000000e+00  
2.1966388226e+00  0.0000000000e+00  0.0000000000e+00  1.0386479265e-01  3.7479561967e-02  0.0000000000e+00  0.0000000000e+00  
2.2956311703e+00  0.0000000000e+00  0.0000000000e+00  1.0742879441e-01  5.8584723773e-02  0.0000000000e+00  0.0000000000e+00  
2.3990294933e+00  0.0000000000e+00  0.0000000000e+00  1.7104151353e-01  6.6178889175e-02  0.0000000000e+00  0.0000000000e+00  
2.4970848560e+00  0.0000000000e+00  0.0000000000e+00  1.4497736155e-01  7.6121614555e-02  0.0000000000e+00  0.0000000000e+00  
2.5971028805e+00  0.0000000000e+00  0.0000000000e+00  1.7791664024e-01  1.0391593572e-01  0.0000000000e+00  0.0000000000e+00  
2.6951060295e+00  0.0000000000e+00  0.0000000000e+00  2.4653303664e-02  2.4482303496e-01  0.0000000000e+00  0.0000000000e+00  
2.7955477238e+00  0.0000000000e+00  0.0000000000e+00  1.4356030440e-01  1.7142731419e-01  0.0000000000e+00  0.0000000000e+00  
2.8970756531e+00  0.0000000000e+00  0.0000000000e+00  1.8344561761e-01  3.7760083789e-01  0.0000000000e+00  0.0000000000e+00  
2.9970953465e+00  0.0000000000e+00  0.0000000000e+00  3.1603489076e-01  2.0072402425e-01  0.0000000000e+00  0.0000000000e+00  
3.0979762077e+00  0.0000000000e+00  0.0000000000e+00  1.2307850551e-01  2.3532381177e-01  0.0000000000e+00  0.0000000000e+00  
3.1895096302e+00  0.0000000000e+00  0.0000000000e+00  7.6398889404e-02  7.0946503978e-01  0.0000000000e+00  0.0000000000e+00  
3.3117234707e+00  0.0000000000e+00  0.0000000000e+00  6.6111147910e-01  3.9948291462e-01  0.0000000000e+00  0.0000000000e+00  
3.3936965466e+00  0.0000000000e+00  0.0000000000e+00  1.9114936525e-01  4.9726859379e-01  0.0000000000e+00  0.0000000000e+00  
3.5003201962e+00  0.0000000000e+00  0.0000000000e+00  7.4031773938e-01  4.8344069718e-01  0.0000000000e+00  0.0000000000e+00  
3.5931131840e+00  0.0000000000e+00  0.0000000000e+00  3.6884352868e-01  3.6209792480e-01  0.0000000000e+00  0.0000000000e+00  
3.6704888344e+00  0.0000000000e+00  0.0000000000e+00  5.1211984026e-01  1.2248601949e+01  0.0000000000e+00  0.0000000000e+00  
3.7845911980e+00  0.0000000000e+00  0.0000000000e+00  6.4817983029e-01  1.7684737216e-01  0.0000000000e+00  0.0000000000e+00  
3.8903813362e+00  0.0000000000e+00  0.0000000000e+00  8.9024500023e-01  6.2382358382e+00  0.0000000000e+00  0.0000000000e+00  
3.9626183510e+00  0.0000000000e+00  0.0000000000e+00  1.3228770373e+00  3.5805031108e-01  0.0000000000e+00  0.0000000000e+00  
