#pT  vn{4}  vn{4}_err
1.0808206350e-01  3.1593809402e-02  3.5481274675e-02  3.5599453025e-02  2.3041831159e-02  0.0000000000e+00  0.0000000000e+00  
2.0383250713e-01  1.6478534006e-02  3.0022672149e-02  3.2366388963e-02  1.7169982573e-02  0.0000000000e+00  0.0000000000e+00  
3.0193594098e-01  2.8394089847e-03  7.3949015844e-02  2.6956434548e-03  3.9683212192e-02  0.0000000000e+00  0.0000000000e+00  
4.0112042427e-01  6.3924632705e-03  2.2969117638e-02  2.4663287474e-03  7.4749629973e-02  0.0000000000e+00  0.0000000000e+00  
5.0063014030e-01  1.2068488869e-02  2.2453621128e-02  1.3137137453e-02  1.4060481049e-02  0.0000000000e+00  0.0000000000e+00  
6.0038679838e-01  1.1264933085e-02  1.6166833607e-02  3.0593253034e-02  1.8027558007e-02  0.0000000000e+00  0.0000000000e+00  
6.9965082407e-01  7.4191136472e-03  1.4636126909e-02  3.4724088815e-02  1.2749812814e-02  0.0000000000e+00  0.0000000000e+00  
7.9947078228e-01  1.6675029336e-02  1.8467540692e-02  4.6692811450e-02  1.2150671215e-02  0.0000000000e+00  0.0000000000e+00  
8.9899516106e-01  1.4072827060e-02  1.6291198232e-02  6.5796482274e-02  1.1270701192e-02  0.0000000000e+00  0.0000000000e+00  
9.9883687496e-01  1.9995006278e-03  3.6804091547e-02  9.7386660412e-02  1.4843331212e-02  0.0000000000e+00  0.0000000000e+00  
1.0985831022e+00  2.3890049050e-02  2.0425593882e-02  7.4548957150e-02  1.9474367413e-02  0.0000000000e+00  0.0000000000e+00  
1.1979123354e+00  7.1705111441e-03  2.7360152551e-02  3.2000046963e-02  3.6661468575e-02  0.0000000000e+00  0.0000000000e+00  
1.2978895903e+00  3.9587286960e-02  3.0682214284e-02  1.1913036411e-01  2.0234492839e-02  0.0000000000e+00  0.0000000000e+00  
1.3976424932e+00  5.9225061974e-03  5.6099932223e-02  1.0531049299e-01  2.4467044817e-02  0.0000000000e+00  0.0000000000e+00  
1.4980124235e+00  5.4306837693e-03  1.5982990708e-01  1.6842332471e-01  3.0092710056e-02  0.0000000000e+00  0.0000000000e+00  
1.5975917578e+00  7.0606353835e-03  2.2351450276e-01  1.0091936676e-01  2.7535006878e-02  0.0000000000e+00  0.0000000000e+00  
1.6964074373e+00  7.2294116693e-02  4.9161683970e-02  1.1475581595e-01  3.1526012470e-02  0.0000000000e+00  0.0000000000e+00  
1.7972728014e+00  9.3003979179e-02  7.9124520632e-02  1.3676995308e-01  3.5373801587e-02  0.0000000000e+00  0.0000000000e+00  
1.8964781761e+00  3.2818387181e-02  6.7536834537e-02  1.0622566928e-01  3.9054408382e-02  0.0000000000e+00  0.0000000000e+00  
1.9965646267e+00  1.2024585347e-01  8.1020235660e-02  1.3113286263e-01  5.5384720550e-02  0.0000000000e+00  0.0000000000e+00  
2.0966548920e+00  1.9807480750e-01  1.1263396281e-01  1.1097664494e-01  6.8262798538e-02  0.0000000000e+00  0.0000000000e+00  
2.1943264008e+00  3.2298950931e-02  2.8354124876e-01  1.0315377133e-01  9.3269178058e-02  0.0000000000e+00  0.0000000000e+00  
2.2941884995e+00  3.0775742326e-02  5.4014535659e-01  2.2735518296e-01  9.5355618743e-02  0.0000000000e+00  0.0000000000e+00  
2.3971281052e+00  4.5498476151e-01  2.6082383768e-01  1.9123637212e-01  1.1769193813e-01  0.0000000000e+00  0.0000000000e+00  
2.4968240261e+00  8.1570941058e-02  2.0790961125e-01  9.7072499628e-02  2.3424860283e-01  0.0000000000e+00  0.0000000000e+00  
2.5890488625e+00  7.3055021416e-02  8.2797634528e-01  2.7712347486e-01  1.7353939885e-01  0.0000000000e+00  0.0000000000e+00  
2.6966397762e+00  5.8024538917e-01  3.8891397541e-01  1.5542611530e-01  2.2282242721e-01  0.0000000000e+00  0.0000000000e+00  
2.7989799976e+00  1.5689806771e-01  1.3274076587e+00  8.5273323199e-01  2.8030554305e-01  0.0000000000e+00  0.0000000000e+00  
2.9042158127e+00  6.3257219923e-02  1.1252447768e+00  5.7999794462e-01  2.9483055071e-01  0.0000000000e+00  0.0000000000e+00  
3.0089473724e+00  8.9712767246e-02  2.0350014711e+00  2.7866460123e-01  8.7330877845e-01  0.0000000000e+00  0.0000000000e+00  
3.0878913403e+00  3.7544055484e-01  1.3233674699e+00  1.8692974935e-01  1.3940221207e+00  0.0000000000e+00  0.0000000000e+00  
3.2078707218e+00  1.1641330333e+00  3.3080212792e+00  6.8079238451e-01  1.9797709585e+00  0.0000000000e+00  0.0000000000e+00  
3.2782051563e+00  7.3280421676e-01  6.5410010952e+00  2.4238606979e+00  5.1574769443e+00  0.0000000000e+00  0.0000000000e+00  
3.3835606575e+00  4.2147399293e-01  2.7780922374e+00  1.1026262233e-01  4.1402342487e+00  0.0000000000e+00  0.0000000000e+00  
3.5168871880e+00  1.2548265514e+00  1.3301194516e+01  1.4130197531e+00  1.6251647433e+00  0.0000000000e+00  0.0000000000e+00  
3.5499992371e+00  0.0000000000e+00  0.0000000000e+00  0.0000000000e+00  0.0000000000e+00  0.0000000000e+00  0.0000000000e+00  
3.7291462421e+00  1.1610232313e+00  5.2885559153e-01  5.5167720643e-01  1.4027560848e+01  0.0000000000e+00  0.0000000000e+00  
3.7500000000e+00  0.0000000000e+00  0.0000000000e+00  0.0000000000e+00  0.0000000000e+00  0.0000000000e+00  0.0000000000e+00  
3.8500001431e+00  0.0000000000e+00  0.0000000000e+00  0.0000000000e+00  0.0000000000e+00  0.0000000000e+00  0.0000000000e+00  
3.9500007629e+00  0.0000000000e+00  0.0000000000e+00  0.0000000000e+00  0.0000000000e+00  0.0000000000e+00  0.0000000000e+00  
