#pT  vn{4}  vn{4}_err
1.0788130015e-01  0.0000000000e+00  0.0000000000e+00  0.0000000000e+00  0.0000000000e+00  7.5965047951e-03  4.0067866376e-02  
2.0348422229e-01  0.0000000000e+00  0.0000000000e+00  0.0000000000e+00  0.0000000000e+00  4.2888974482e-02  6.7228170694e-02  
3.0163797736e-01  0.0000000000e+00  0.0000000000e+00  0.0000000000e+00  0.0000000000e+00  2.4339273947e-02  4.1154502073e-02  
4.0069964528e-01  0.0000000000e+00  0.0000000000e+00  0.0000000000e+00  0.0000000000e+00  1.0472129132e-02  2.5213679198e-02  
4.9987077713e-01  0.0000000000e+00  0.0000000000e+00  0.0000000000e+00  0.0000000000e+00  1.7660546432e-02  2.5012841677e-02  
5.9924787283e-01  0.0000000000e+00  0.0000000000e+00  0.0000000000e+00  0.0000000000e+00  1.3328778747e-02  2.2491828976e-02  
6.9882059097e-01  0.0000000000e+00  0.0000000000e+00  0.0000000000e+00  0.0000000000e+00  4.8940019327e-03  2.3677678592e-02  
7.9829120636e-01  0.0000000000e+00  0.0000000000e+00  0.0000000000e+00  0.0000000000e+00  3.0232073801e-02  4.4151729181e-02  
8.9801043272e-01  0.0000000000e+00  0.0000000000e+00  0.0000000000e+00  0.0000000000e+00  6.3885045104e-03  4.2096312822e-02  
9.9763005972e-01  0.0000000000e+00  0.0000000000e+00  0.0000000000e+00  0.0000000000e+00  2.5974018229e-02  4.9061822201e-02  
1.0972850323e+00  0.0000000000e+00  0.0000000000e+00  0.0000000000e+00  0.0000000000e+00  1.0639844516e-02  2.2749648198e-02  
1.1970301867e+00  0.0000000000e+00  0.0000000000e+00  0.0000000000e+00  0.0000000000e+00  1.7609891784e-02  3.7002694751e-02  
1.2967808247e+00  0.0000000000e+00  0.0000000000e+00  0.0000000000e+00  0.0000000000e+00  1.3754770728e-02  3.4088454006e-02  
1.3962022066e+00  0.0000000000e+00  0.0000000000e+00  0.0000000000e+00  0.0000000000e+00  7.1760211585e-03  7.5576462648e-02  
1.4971512556e+00  0.0000000000e+00  0.0000000000e+00  0.0000000000e+00  0.0000000000e+00  5.1127422565e-02  8.8275175559e-02  
1.5969049931e+00  0.0000000000e+00  0.0000000000e+00  0.0000000000e+00  0.0000000000e+00  6.5378950545e-02  9.6931712095e-02  
1.6973537207e+00  0.0000000000e+00  0.0000000000e+00  0.0000000000e+00  0.0000000000e+00  1.6542053780e-02  2.5605682143e-01  
1.7968913317e+00  0.0000000000e+00  0.0000000000e+00  0.0000000000e+00  0.0000000000e+00  2.1922179721e-02  2.3936728498e-01  
1.8964241743e+00  0.0000000000e+00  0.0000000000e+00  0.0000000000e+00  0.0000000000e+00  4.7918993361e-02  1.3812399377e-01  
1.9963806868e+00  0.0000000000e+00  0.0000000000e+00  0.0000000000e+00  0.0000000000e+00  2.6949815785e-02  3.2281426981e-01  
2.0971612930e+00  0.0000000000e+00  0.0000000000e+00  0.0000000000e+00  0.0000000000e+00  1.0923976340e-01  3.2450766861e-01  
2.1971840858e+00  0.0000000000e+00  0.0000000000e+00  0.0000000000e+00  0.0000000000e+00  5.3098983891e-02  2.5687636859e-01  
2.2972300053e+00  0.0000000000e+00  0.0000000000e+00  0.0000000000e+00  0.0000000000e+00  2.3459250056e-01  3.3307923930e-01  
2.3947975636e+00  0.0000000000e+00  0.0000000000e+00  0.0000000000e+00  0.0000000000e+00  1.3940197725e-01  8.1213503185e-01  
2.4977128506e+00  0.0000000000e+00  0.0000000000e+00  0.0000000000e+00  0.0000000000e+00  1.4344746001e-01  9.0761746738e-01  
2.5967893600e+00  0.0000000000e+00  0.0000000000e+00  0.0000000000e+00  0.0000000000e+00  2.0160673683e-01  1.3178414967e+00  
2.6927089691e+00  0.0000000000e+00  0.0000000000e+00  0.0000000000e+00  0.0000000000e+00  4.8112420905e-01  7.6444102264e-01  
2.7984564304e+00  0.0000000000e+00  0.0000000000e+00  0.0000000000e+00  0.0000000000e+00  2.2372986361e-01  1.5262189045e+00  
2.9009675980e+00  0.0000000000e+00  0.0000000000e+00  0.0000000000e+00  0.0000000000e+00  5.4028435601e-01  9.9848973796e-01  
2.9990105629e+00  0.0000000000e+00  0.0000000000e+00  0.0000000000e+00  0.0000000000e+00  1.0399720829e+00  1.7258751531e+00  
3.0982453823e+00  0.0000000000e+00  0.0000000000e+00  0.0000000000e+00  0.0000000000e+00  3.3417987519e-01  3.7028458076e+00  
3.1908345222e+00  0.0000000000e+00  0.0000000000e+00  0.0000000000e+00  0.0000000000e+00  2.6116341234e-01  2.3300352256e+00  
3.3004307747e+00  0.0000000000e+00  0.0000000000e+00  0.0000000000e+00  0.0000000000e+00  1.2845499018e+00  3.5697826959e+00  
3.4007263184e+00  0.0000000000e+00  0.0000000000e+00  0.0000000000e+00  0.0000000000e+00  7.8498532246e-01  4.0588136523e+00  
3.4947435856e+00  0.0000000000e+00  0.0000000000e+00  0.0000000000e+00  0.0000000000e+00  4.3399073425e-01  6.7506430525e+00  
3.5985844135e+00  0.0000000000e+00  0.0000000000e+00  0.0000000000e+00  0.0000000000e+00  5.8191249488e-01  2.5136001535e+00  
3.7098400593e+00  0.0000000000e+00  0.0000000000e+00  0.0000000000e+00  0.0000000000e+00  4.7835806977e-01  8.6536959841e+00  
3.8022935390e+00  0.0000000000e+00  0.0000000000e+00  0.0000000000e+00  0.0000000000e+00  9.5500442232e-01  2.4236501958e+00  
3.9017393589e+00  0.0000000000e+00  0.0000000000e+00  0.0000000000e+00  0.0000000000e+00  1.3669477351e+00  2.6736884956e+00  
3.9925520420e+00  0.0000000000e+00  0.0000000000e+00  0.0000000000e+00  0.0000000000e+00  4.4417164496e-01  1.0281238141e+01  
