#eta  dN/deta  dN/deta_err  vn{2}(eta)  vn{2}(eta)_err  Re{vn}(eta) Re{vn}(eta)_err
-6.9944577217e+00  1.2257771939e-01  8.3204647526e-03  3.5948735643e-02  1.9294721045e-02  1.0968527462e-02  1.2402177224e-02  -8.7587891803e-04  9.2459050862e-03  7.1181615111e-03  8.3473322014e-03  -7.0633096681e-04  7.6412764215e-03  -6.0528659604e-03  6.7943751518e-03  -1.4001120343e-02  8.6658080169e-03  -2.2638137002e-03  7.2729368563e-03  6.5882131362e-03  6.0631353679e-03  -2.8778820017e-03  5.4450161094e-03  -6.9986634356e-03  5.8383047646e-03  -3.2220980315e-04  5.4272264077e-03  
-6.8486890793e+00  7.8572697937e-02  5.2627306432e-03  1.3076001061e-02  1.2896857566e-02  -9.5944079012e-05  7.7983408428e-03  1.4036164419e-02  1.0991096143e-02  1.5040055250e-02  9.8280533308e-03  -2.7601266683e-04  6.5085174459e-03  -2.3685194010e-03  4.5599425296e-03  -7.9166310298e-03  6.3206132231e-03  -5.4724870501e-03  7.8021617852e-03  6.5770050112e-03  6.4866395173e-03  -3.3625019759e-03  6.7456162062e-03  -5.2241813178e-03  6.5045933094e-03  -5.0408389795e-03  6.2409327859e-03  
-6.7485651970e+00  9.3342758715e-02  6.1969086528e-03  1.0434208134e-02  9.6487463151e-03  3.4905241539e-03  7.7517176176e-03  -2.3919705266e-03  8.5572915423e-03  3.0853041051e-03  6.8886245789e-03  -1.4051992542e-04  6.1305095204e-03  -3.2173692288e-03  6.6058254705e-03  -8.8458514430e-03  6.6703118734e-03  -7.4436347386e-04  8.5028262950e-03  -2.7496388321e-03  5.8564857928e-03  -3.9877264106e-03  6.1321989264e-03  -8.5905447918e-04  6.9974907974e-03  -4.1228914408e-03  5.3682021779e-03  
-6.6484942436e+00  1.1156468838e-01  7.3589389212e-03  2.7695192786e-03  6.7976573657e-03  -3.2623284544e-03  5.0072331841e-03  2.3534805419e-03  6.4104586303e-03  1.7286374389e-03  6.0236264701e-03  -5.5438025197e-05  3.7826499080e-03  -1.1675311649e-03  3.6430072554e-03  -1.0105261052e-02  5.1069727377e-03  -6.1134899900e-03  5.5958063244e-03  2.7677966377e-03  4.3695457560e-03  5.0133536356e-03  3.7698620795e-03  4.5944371532e-03  4.6753062864e-03  3.7448349449e-03  4.1724086458e-03  
-6.5485019684e+00  1.3164959848e-01  8.6088031530e-03  5.5168780014e-03  6.0838939070e-03  1.6132912424e-03  5.4133818212e-03  -1.0191154030e-02  5.6558697792e-03  -8.8257837984e-03  4.9563144542e-03  2.8608163162e-03  4.5827878776e-03  1.5668829402e-03  4.3208588932e-03  -8.7221420075e-04  4.3578083513e-03  -4.0770238836e-03  4.0946908214e-03  3.0893155217e-03  4.6150803925e-03  -2.1434279749e-03  5.6998565231e-03  9.0258324576e-03  4.3116034936e-03  6.8908112399e-03  3.7589477498e-03  
-6.4484562874e+00  1.5736040473e-01  1.0180088691e-02  -3.1503464975e-03  5.6909236683e-03  -8.9825596850e-03  4.9673904923e-03  -4.2597441388e-03  4.1126237336e-03  -1.5454510045e-03  3.8283744858e-03  -1.1040564925e-03  3.6368246533e-03  -2.8767435887e-03  3.7028622920e-03  2.9434342584e-03  3.8503555840e-03  6.8021793945e-03  4.1766039580e-03  -5.3118407840e-03  4.2419358019e-03  -6.9460475334e-05  3.6448576905e-03  -4.1117366826e-03  4.0383988423e-03  2.2420738408e-03  4.0127439004e-03  
-6.3485274315e+00  1.8632316589e-01  1.2084413320e-02  4.7568123008e-03  5.8185893690e-03  4.0395236978e-03  4.8165889513e-03  -5.4810623049e-03  3.6143822206e-03  -4.0231742967e-03  3.0946961898e-03  1.8139313033e-03  3.9611503122e-03  -7.0758182802e-04  3.5741122643e-03  1.4069913607e-04  4.1159353812e-03  4.8962062253e-03  4.1273485518e-03  -2.6927531307e-03  3.8608638059e-03  1.5236606221e-03  3.4871889585e-03  -3.7314926170e-03  3.2724441017e-03  3.9589062157e-03  3.4537997047e-03  
-6.2484388351e+00  2.2121647000e-01  1.4386638068e-02  -8.7510964510e-03  5.4713251579e-03  -6.4872904795e-03  5.7980349334e-03  -1.6094187812e-03  4.2706698065e-03  -9.2872503354e-04  3.8277246841e-03  5.5287695699e-03  2.8777875163e-03  5.7208586712e-03  2.8696271006e-03  3.5922433920e-03  2.8566155499e-03  2.7266257753e-03  3.0973150082e-03  1.8055662162e-03  3.5826142745e-03  7.3542307733e-04  4.0667127040e-03  4.8486249241e-03  3.8184622852e-03  4.8078079766e-04  3.4113394110e-03  
-6.1485552788e+00  2.6020005345e-01  1.6668716446e-02  -4.8134168717e-03  5.7258000685e-03  -2.7656875015e-03  5.0414245824e-03  3.5020102348e-03  2.8996686580e-03  1.2803169470e-03  3.3625959476e-03  -2.7129525350e-03  2.6762363632e-03  -2.3123979267e-03  3.0038915644e-03  2.8101129015e-03  2.1979701072e-03  1.3254031127e-03  2.6609888079e-03  3.1412467075e-03  2.4065839395e-03  2.1028116973e-03  2.5277704679e-03  1.1042260261e-03  2.6288300013e-03  1.9378683177e-03  2.8783468659e-03  
-6.0486922264e+00  3.0541378260e-01  1.9442243502e-02  -3.9154638641e-03  4.4535846768e-03  -5.6765005349e-03  3.6720646730e-03  -6.8428554971e-03  3.0813588169e-03  -5.5581384709e-03  2.7827032797e-03  -2.2533635721e-04  1.9916408854e-03  2.5218977898e-04  1.9977388157e-03  -2.7622024856e-04  2.0312202781e-03  -2.0294480159e-03  2.2576094025e-03  -2.3733310696e-03  2.3338616314e-03  1.5117882000e-03  2.1110731860e-03  3.3119608035e-03  2.0839826891e-03  2.5671501323e-03  2.6149995211e-03  
-5.9486694336e+00  3.5688886046e-01  2.2454828024e-02  -7.6801832100e-03  4.0360110528e-03  -5.7062292828e-03  4.7564987395e-03  -3.2035403847e-03  2.5417379880e-03  -2.9145656700e-03  2.1295056616e-03  1.5412548056e-03  1.5510031349e-03  1.8712697166e-04  1.5539570594e-03  -1.9351032976e-03  2.0037362161e-03  -1.0373623344e-03  1.9528824109e-03  2.2344184928e-03  2.1514768745e-03  9.0132443364e-04  2.0791574919e-03  7.3413236852e-04  2.0715916613e-03  -5.2427094078e-03  2.0228619213e-03  
-5.8487162590e+00  4.1392627358e-01  2.5761492550e-02  -5.3749344388e-03  4.1396920489e-03  -4.7175055797e-03  4.1573485686e-03  -2.8869976807e-03  2.1820850343e-03  -1.6069014044e-03  2.1104863617e-03  1.4990325031e-03  2.1249024958e-03  7.0777523574e-04  2.7810993298e-03  1.2329622155e-03  2.0305092840e-03  7.1523820904e-05  1.7566714778e-03  1.1337683471e-03  1.8326079086e-03  -1.3055323881e-03  1.8039310403e-03  1.6977651133e-03  1.7572753030e-03  1.4163138094e-03  2.0297078893e-03  
-5.7487812042e+00  4.8098891973e-01  2.9614819214e-02  -9.7571757185e-03  3.8074459242e-03  -6.6868912010e-03  3.7640220179e-03  -3.1502658278e-03  2.0631750235e-03  -3.3667942899e-03  2.2013073094e-03  1.7258218782e-03  1.5351954646e-03  3.1828850707e-03  1.5364796123e-03  -1.7033556764e-03  1.9418876818e-03  -1.0166388810e-03  1.6371460171e-03  -4.6477274829e-04  1.6448533175e-03  4.7825528230e-04  1.4823643651e-03  1.8527193306e-03  2.1848319561e-03  -5.9176306716e-04  1.6864164769e-03  
-5.6488623619e+00  5.5261462927e-01  3.3458791673e-02  -9.5258242907e-03  3.7537151694e-03  -6.0248602210e-03  3.4947755878e-03  -5.8263232807e-04  1.6057954136e-03  -6.3047025692e-04  1.8149424583e-03  -1.5303683960e-03  1.6948415268e-03  -1.0840080825e-03  1.8812002357e-03  -2.1214824325e-04  1.8017318100e-03  3.3704043377e-04  1.8072587934e-03  -5.2116266929e-04  1.3433689757e-03  3.6491024500e-04  1.2664710240e-03  1.0219460770e-03  1.8271229764e-03  -1.3598767388e-03  1.5834467903e-03  
-5.5488686562e+00  6.3375771046e-01  3.8035500795e-02  -7.5114143594e-03  3.3356735686e-03  -5.4133463442e-03  3.6823195744e-03  -4.4335341722e-03  1.8358253525e-03  -3.1336903292e-03  1.5773196457e-03  -1.3003557129e-03  1.2095526055e-03  -3.0748905960e-04  1.1908819494e-03  -1.8556029916e-03  1.1767853201e-03  -2.9252456220e-04  1.2326835337e-03  -1.0385121592e-03  1.5697776223e-03  -3.5217385764e-04  1.5399650804e-03  -1.6445959027e-03  1.2082318296e-03  -2.6172708629e-04  1.2233357954e-03  
-5.4490075111e+00  7.1918261051e-01  4.2579777539e-02  -8.2419336469e-03  4.0179086196e-03  -5.4064709171e-03  4.1335093445e-03  3.6595823458e-04  1.4104160574e-03  1.0501371430e-04  1.2533650823e-03  1.6439399867e-03  1.1485691568e-03  1.7931582679e-03  1.1493611359e-03  4.2247374675e-04  1.7919186616e-03  7.1197906562e-04  1.2730660294e-03  1.2900938294e-03  1.0234758932e-03  1.4837458932e-03  1.0048128322e-03  8.2083532886e-04  1.2167569892e-03  -2.4433061494e-05  1.5462887157e-03  
-5.3489599228e+00  8.1110382080e-01  4.7318570316e-02  -7.3894549218e-03  3.5697510837e-03  -2.6313207945e-03  3.3120745827e-03  -1.0087688897e-03  1.5659150785e-03  -6.5713555670e-05  1.3884553930e-03  -1.3270832148e-03  1.7155456507e-03  -1.5336067893e-03  1.8588050344e-03  -1.8025449783e-04  1.2510400712e-03  2.1704178074e-04  1.1441143447e-03  -3.8953347830e-03  1.5211108661e-03  -3.3170197905e-03  1.3694809176e-03  3.3282558003e-04  1.2739753816e-03  9.6456275015e-04  1.0119582542e-03  
-5.2490744591e+00  9.1004556417e-01  5.2358686924e-02  -6.7602823184e-03  4.0970852614e-03  -3.0509816799e-03  4.5823280644e-03  -1.8961070977e-03  1.5745365519e-03  -5.8801905181e-04  1.7027851592e-03  -1.2335509230e-03  1.4581949822e-03  -3.0811102008e-04  1.2291830736e-03  -8.7883995343e-04  1.1597933728e-03  -2.1130549151e-03  1.1157371697e-03  -1.2741855723e-03  1.2580181849e-03  -7.6177817851e-04  1.2248367265e-03  -1.0400867738e-03  1.2320390660e-03  -1.0571212357e-03  1.1041536051e-03  
-5.1490635872e+00  1.0158241987e+00  5.7546596974e-02  -3.5121918321e-03  3.6779410433e-03  -1.8853500096e-03  4.1635597568e-03  2.7712915720e-04  1.4669206593e-03  3.5209867550e-04  1.3427698011e-03  3.3996606325e-04  1.2282655034e-03  2.0389654122e-04  1.2032603483e-03  2.2809593119e-03  1.0808690389e-03  1.5463193817e-03  1.0825019529e-03  -2.0073961123e-04  1.1930656510e-03  -8.0501590923e-05  1.1620106149e-03  1.5518824006e-05  1.1570986403e-03  5.4778106634e-04  1.1033970628e-03  
-5.0492286682e+00  1.1246209145e+00  6.2699921429e-02  -2.5175129918e-03  3.7288500875e-03  -9.2982742457e-04  3.9975847732e-03  5.5209937799e-05  1.3119821579e-03  2.1276340085e-04  1.3217747631e-03  9.3357315779e-04  1.0722658935e-03  3.0341606781e-04  1.1056623659e-03  -1.3917007671e-03  9.0114604524e-04  1.6641323244e-04  1.1204394639e-03  2.6825064590e-04  1.0317956221e-03  -7.6722643577e-04  9.2702429735e-04  6.8446602381e-04  1.1658383324e-03  1.2540241035e-03  1.1012941524e-03  
-4.9491276741e+00  1.2364141941e+00  6.7856512964e-02  -3.2444962049e-03  3.5039708375e-03  -7.0727110342e-04  3.5975816289e-03  1.5920757860e-03  1.3627046661e-03  1.3448107223e-03  1.1401218894e-03  7.2724131329e-04  7.4281169353e-04  2.5709372882e-04  9.3448731509e-04  -3.6760753796e-04  1.4361317074e-03  7.2926039777e-04  1.4704054380e-03  7.5479733938e-04  8.8594438506e-04  9.7522887518e-04  8.7425388850e-04  1.1549222780e-03  1.0252290346e-03  1.2976993529e-03  8.6500591805e-04  
-4.8492479324e+00  1.3521718979e+00  7.3221974075e-02  -1.6448187221e-03  2.9540332962e-03  -8.0377845199e-04  2.8221807317e-03  -4.7218974526e-04  1.0433822640e-03  -5.3678151840e-05  9.4532486927e-04  -9.2946147999e-04  1.2149581816e-03  -2.7087687247e-04  1.2290239908e-03  -1.1339621964e-03  8.1525374020e-04  -2.7166603085e-04  7.8832877242e-04  1.8623374200e-04  1.0284855258e-03  -1.9212599675e-05  8.6259134942e-04  -6.5461622565e-04  9.2463033174e-04  1.3165594867e-03  9.4593173222e-04  
-4.7492785454e+00  1.4660328627e+00  7.8027606010e-02  -1.2087251205e-03  2.9449930243e-03  -4.4866685189e-04  2.6144723911e-03  1.2315460433e-03  1.2092130165e-03  1.8180490612e-03  1.1072985505e-03  9.6634471235e-04  8.3999383523e-04  8.4426741404e-04  8.1048517730e-04  -1.1384230094e-03  9.8162334675e-04  -5.3249915948e-04  1.0402898414e-03  -2.4436673061e-04  1.0523170188e-03  9.2948764641e-04  1.1005911592e-03  4.1339668225e-04  8.6081611493e-04  -1.0971376680e-03  1.0263876221e-03  
-4.6493983269e+00  1.5848906040e+00  8.2792468369e-02  7.1643587679e-04  2.9667326068e-03  2.3194127192e-04  3.3890247548e-03  2.0843673704e-03  1.1611983707e-03  2.5346290596e-03  9.8436645065e-04  1.3335396765e-03  9.1287253645e-04  9.4177501932e-04  7.0761167211e-04  -1.8089326655e-04  7.0177137265e-04  -7.0856088934e-04  7.7471068469e-04  4.8276218906e-04  8.6023205799e-04  1.8517513467e-03  7.7975972826e-04  6.5125283792e-04  9.2609026315e-04  1.7772190266e-03  8.4047317928e-04  
-4.5494360924e+00  1.7056075335e+00  8.7824821472e-02  4.7298194544e-04  2.4384501975e-03  -1.5153433490e-04  2.8404363580e-03  1.1991851361e-03  1.3351204411e-03  1.2260627302e-03  1.1401683499e-03  3.8492822601e-05  1.0473291287e-03  -2.4387986418e-04  9.4729099094e-04  5.0433164289e-05  7.3958356601e-04  5.5380905378e-04  7.8669433936e-04  1.8336142720e-03  7.1499580556e-04  -3.5707799083e-04  6.2821927214e-04  5.9535868801e-04  8.4543873283e-04  6.3860801949e-04  7.3164053725e-04  
-4.4494233131e+00  1.8202091455e+00  9.1843023896e-02  2.9845537252e-03  2.3393595740e-03  1.6465887057e-03  2.4394283228e-03  2.7240837630e-03  1.3048253312e-03  1.8775387387e-03  1.0991670446e-03  1.3673251369e-05  9.1870652031e-04  1.4748187882e-04  8.7183172737e-04  -1.3136171893e-03  7.2749990663e-04  -4.4279250212e-04  8.9607144596e-04  2.7850089890e-05  6.3308254186e-04  5.2724546716e-05  6.4867218585e-04  1.9020946289e-04  8.7119437240e-04  -6.9283570652e-05  8.6117885920e-04  
-4.3494448662e+00  1.9364223480e+00  9.5747135580e-02  2.0776002737e-03  2.3654511325e-03  -3.1894829327e-04  2.1608104873e-03  1.3594381114e-03  1.1488212243e-03  8.5072385858e-04  1.0359567132e-03  4.8804347586e-04  6.2339519711e-04  -1.4170065251e-04  5.2736668513e-04  1.3047637340e-03  1.0017349559e-03  6.4627841063e-04  9.3010402865e-04  -5.3293979445e-04  7.3677979929e-04  -2.7056755990e-04  7.7498684879e-04  2.3557144624e-04  7.7854708215e-04  8.0398531736e-05  7.1539259202e-04  
-4.2495222092e+00  2.0531046391e+00  1.0014155507e-01  3.1738752043e-03  2.2447702051e-03  1.1029779496e-03  2.4732908206e-03  3.0436441849e-03  1.0283880215e-03  2.1885083216e-03  8.6341582092e-04  4.9159953793e-04  1.0480639964e-03  -1.0212625636e-03  7.3713311165e-04  -4.5517773938e-06  7.0786630243e-04  -1.1029201435e-03  7.3563076051e-04  5.2853870236e-04  8.2691359521e-04  7.4730351406e-04  7.2549349133e-04  -3.0396929872e-04  7.4214726570e-04  -4.7759201975e-04  9.2293855669e-04  
-4.1495409012e+00  2.1697170734e+00  1.0382225364e-01  4.6717258436e-03  1.8207037261e-03  1.5988432051e-03  1.9669473282e-03  3.9685068163e-03  9.5839381306e-04  2.4557569782e-03  9.9741991656e-04  5.2544009936e-05  1.3302180240e-03  6.2514541846e-04  1.3852184250e-03  2.0064823262e-04  6.8647749426e-04  1.9110389309e-04  7.9141356831e-04  -1.6331307124e-03  8.1422485981e-04  -6.0036199313e-04  7.8597733911e-04  -4.2666242920e-04  8.6962947072e-04  -3.0064295417e-04  7.2175660850e-04  
-4.0495738983e+00  2.2829027176e+00  1.0708289593e-01  4.9370826193e-03  1.7332865933e-03  2.5374402663e-03  1.6161348998e-03  4.5401756414e-03  1.1126960549e-03  2.3429415127e-03  1.0486015874e-03  8.5901837304e-04  6.1745675457e-04  2.3415552926e-04  7.3605925050e-04  5.1623523943e-05  8.1288702233e-04  -3.1728043645e-04  7.7422013101e-04  -2.4267933355e-04  6.0115993043e-04  -8.6817479822e-05  6.8876285008e-04  2.3839555148e-04  7.5828314017e-04  2.2571056705e-04  7.1447765396e-04  
-3.9495880604e+00  2.4045593739e+00  1.1089597642e-01  4.2522818572e-03  1.7856291845e-03  1.3278589186e-03  1.8811210782e-03  5.5322766171e-03  9.9636649953e-04  3.5046152034e-03  8.8290693539e-04  -3.6428656892e-04  7.3907718241e-04  -1.7081965878e-03  5.1918969537e-04  -1.1218730247e-03  7.9787650719e-04  -2.2285407818e-03  6.8422254453e-04  1.1502409262e-03  7.1402209545e-04  6.5055610321e-04  7.2254714407e-04  2.0647972539e-03  7.9357585796e-04  8.0298048406e-04  7.5042568041e-04  
-3.8495969772e+00  2.5162174702e+00  1.1407726258e-01  5.2822703134e-03  1.6012659643e-03  2.7674239875e-03  1.2883398580e-03  4.7740248384e-03  1.1012342615e-03  2.4430574041e-03  1.1803039265e-03  -1.0132307522e-03  7.5446811673e-04  -9.9123000139e-04  8.0747069736e-04  -1.1198445394e-03  6.2784888794e-04  8.4292529833e-04  6.3730552887e-04  -4.3449754683e-04  6.4818831418e-04  -3.7970334252e-04  6.8559300901e-04  8.0809711505e-04  5.8421487513e-04  -3.2493918083e-05  6.5659758921e-04  
-3.7496192455e+00  2.6281962395e+00  1.1689455062e-01  4.4642599295e-03  1.4366063375e-03  2.5748514157e-03  1.1859849954e-03  4.0057609475e-03  1.1035989921e-03  1.9293058241e-03  1.0283475947e-03  -7.0673666006e-04  6.3865822387e-04  -3.9293028029e-04  7.0549072624e-04  -6.8294335588e-05  8.7332581834e-04  -1.4131621075e-04  8.6705273217e-04  -9.0215923455e-04  6.1672840674e-04  -7.6860227154e-04  6.0134404057e-04  8.5526208776e-04  5.9837008627e-04  5.6335204596e-04  6.1399497659e-04  
-3.6496827602e+00  2.7363243103e+00  1.1960296333e-01  5.7145191157e-03  1.7752919783e-03  2.3070309520e-03  1.2686165586e-03  4.7150524761e-03  1.1391532607e-03  2.8105718654e-03  9.7542732878e-04  1.1647895652e-03  6.3489490791e-04  4.7525935417e-04  5.4029947935e-04  1.4517167619e-03  9.2930954222e-04  1.1600337552e-03  1.0077433104e-03  8.3396819418e-04  6.6670713149e-04  1.4845533665e-03  6.9915420427e-04  3.6171657132e-05  6.7312237815e-04  -4.5929316949e-04  7.9592847689e-04  
-3.5496582985e+00  2.8436250687e+00  1.2218259275e-01  6.5175462467e-03  1.4208678974e-03  3.2446918800e-03  1.1931400897e-03  5.5549987592e-03  1.1988625812e-03  3.2436568741e-03  1.0024244917e-03  -8.7926174490e-06  7.0832469183e-04  -5.8089718770e-05  6.1063865995e-04  3.3252914170e-04  5.8547767459e-04  4.7122520853e-04  7.4091598101e-04  9.5005534757e-05  5.8383131570e-04  7.0753057164e-05  6.6058990374e-04  -2.5200210890e-04  6.4852557941e-04  -2.6022581050e-04  5.0092929011e-04  
-3.4496641159e+00  2.9601469040e+00  1.2417330593e-01  4.2254074443e-03  1.4791809174e-03  1.2706885030e-03  1.1210189743e-03  6.1234228351e-03  1.3159218034e-03  3.0516965068e-03  1.1647198433e-03  -7.2321904840e-04  5.7598440741e-04  -9.1098850161e-04  5.2413346111e-04  -5.2085314954e-04  7.6508129076e-04  -1.8303133964e-04  8.0755426325e-04  4.0188464548e-04  7.0808330711e-04  5.2970066092e-04  7.0860972435e-04  -3.5554611442e-04  6.3705870584e-04  -8.8363031712e-04  6.8001208755e-04  
-3.3496966362e+00  3.0651338100e+00  1.2688811123e-01  5.6720301366e-03  1.4661752268e-03  2.1127590135e-03  1.2462809330e-03  7.0563986213e-03  1.3433259000e-03  4.2106351573e-03  1.7031784967e-03  -4.3815188459e-05  7.8947999177e-04  -4.9364355496e-04  7.4268170032e-04  2.7191613711e-04  6.2830389878e-04  5.4638419385e-04  6.4691249461e-04  -7.6907636933e-05  6.0110856830e-04  1.7135753041e-04  6.4393591190e-04  2.0663916638e-05  5.1594369500e-04  -4.1313379663e-04  5.4751867720e-04  
-3.2497153282e+00  3.1731824875e+00  1.2930627167e-01  5.1645511923e-03  1.6251187957e-03  2.6194920635e-03  1.6293798826e-03  7.8092646424e-03  1.2973990208e-03  4.7583357355e-03  1.2750864107e-03  1.3511555301e-04  4.8379253794e-04  4.4618985756e-05  5.4008996440e-04  6.2267244951e-04  7.0905379247e-04  2.9575693867e-04  7.0015039246e-04  3.5286559833e-04  6.0502566089e-04  6.3058929530e-04  6.6692274656e-04  5.9902669365e-04  6.5148960470e-04  5.7454538628e-04  6.7771743807e-04  
-3.1497640610e+00  3.2693502903e+00  1.3115762174e-01  4.1461466831e-03  1.5900710028e-03  1.0342941351e-03  1.3517822664e-03  8.4546148511e-03  1.3640508955e-03  5.2621451121e-03  1.4308446577e-03  8.6108403523e-04  7.9655731305e-04  3.1259138483e-04  7.6069933559e-04  6.6481224423e-04  5.3056235613e-04  -4.2679620362e-04  5.1006036214e-04  -7.7060482177e-04  5.6365136469e-04  -5.6817697163e-04  5.8512055432e-04  -2.6851557569e-04  5.3239266501e-04  -2.2418994625e-04  5.6018184277e-04  
-3.0497384071e+00  3.3665719032e+00  1.3274548948e-01  4.5553722671e-03  1.6754584687e-03  5.1962582950e-04  1.3461544042e-03  7.7301163454e-03  1.4323397540e-03  4.6499430972e-03  1.2645302018e-03  1.5762350201e-03  5.2067566793e-04  -8.3118185301e-05  9.3524698442e-04  1.5442358660e-04  6.7003812805e-04  1.7159200486e-05  5.6736183446e-04  2.6241355672e-04  6.3181695126e-04  6.8690178070e-04  7.4313179483e-04  -4.2363107523e-05  6.5251137565e-04  -3.3489231030e-04  6.4789311783e-04  
-2.9498162270e+00  3.4600477219e+00  1.3467112184e-01  4.4075536770e-03  1.4255075323e-03  1.1021544538e-03  1.2454649059e-03  8.1588120048e-03  1.1086805059e-03  4.8260817124e-03  1.1050335495e-03  1.7433606138e-03  6.3092251532e-04  2.5641098212e-04  3.6719028904e-04  1.1974689147e-03  5.6659792682e-04  7.0897065761e-04  5.4303039655e-04  1.5881507365e-03  6.7645007103e-04  -3.0054087583e-04  5.8631956144e-04  6.5714060578e-04  5.2861731756e-04  8.3813074420e-05  5.4685561525e-04  
-2.8497915268e+00  3.5403423309e+00  1.3539026678e-01  4.2953495796e-03  1.4847267750e-03  7.7463300811e-04  1.1545411030e-03  7.4100180539e-03  1.3549987897e-03  3.9052131196e-03  1.5209251268e-03  1.6194145986e-03  5.5757221286e-04  4.6005514563e-04  5.0193756178e-04  3.5762685269e-04  5.1394387794e-04  -2.7568027894e-04  5.1255096442e-04  1.4029064748e-03  4.4211203121e-04  8.2545431648e-05  4.5153774738e-04  9.8197472671e-04  5.2342851182e-04  4.9777583419e-04  5.5647566685e-04  
-2.7498147488e+00  3.6182384491e+00  1.3600276411e-01  5.4647909686e-03  1.7627128547e-03  1.0746539753e-03  1.6656222441e-03  8.3048628044e-03  1.3102377319e-03  5.0911419616e-03  1.5376596087e-03  1.1890325446e-03  6.1036954560e-04  1.4011815905e-04  5.1305495366e-04  1.2861849284e-03  5.1034734921e-04  2.6201297353e-04  4.6633382576e-04  1.3897072949e-03  5.1987586706e-04  1.2630354827e-03  5.6542927130e-04  9.7764107786e-04  5.7718697740e-04  -5.8172093378e-05  5.2098829221e-04  
-2.6498470306e+00  3.6798827648e+00  1.3598947227e-01  5.0948794732e-03  1.4222164146e-03  1.2763356261e-03  1.3274724688e-03  8.9401215961e-03  1.4209810196e-03  5.7401573951e-03  1.4070317986e-03  9.2455868167e-04  6.4111729760e-04  -4.3814070820e-04  4.5581917955e-04  1.0069531029e-03  4.9963173806e-04  5.5195558674e-04  6.2343161412e-04  7.5695104778e-04  6.1740833181e-04  -4.0195028219e-04  5.0227335669e-04  1.1115516964e-03  6.0659013675e-04  6.7602264890e-04  4.5322860190e-04  
-2.5498628616e+00  3.7420704365e+00  1.3686218858e-01  5.1889604300e-03  1.5126378539e-03  5.4822267554e-04  1.3931227875e-03  7.5142799202e-03  1.0895098419e-03  4.7919011760e-03  1.1791343514e-03  1.2960139904e-03  7.2999243134e-04  2.8811850153e-04  6.3538787285e-04  1.7503706242e-03  4.5793878060e-04  1.2828804684e-05  5.5196147553e-04  4.7941274177e-04  5.9380349436e-04  -5.8502595362e-05  5.2792564068e-04  4.0839556249e-04  6.4332794714e-04  -5.1362895703e-04  4.6433924088e-04  
-2.4498915672e+00  3.7881684303e+00  1.3560627401e-01  5.8564213057e-03  1.9072581358e-03  8.9024322800e-04  2.0477212071e-03  8.3438252118e-03  1.1297280994e-03  5.8684957508e-03  1.1427513084e-03  1.1930204797e-03  4.1922024954e-04  1.7556816887e-04  5.6867264330e-04  1.1639762290e-03  5.9114264745e-04  -5.2293008449e-04  5.0759485230e-04  6.0473049026e-04  5.2508617178e-04  -9.8574107064e-04  5.6126673791e-04  1.8411778194e-03  5.3059991401e-04  1.0085639518e-03  5.5895666503e-04  
-2.3498959541e+00  3.8217740059e+00  1.3308495283e-01  6.6673199466e-03  1.8723799425e-03  1.1369118958e-03  1.9841633427e-03  7.7698857200e-03  1.0417104368e-03  4.9305637700e-03  1.3182734083e-03  1.7267431855e-03  7.0570637617e-04  6.4184638103e-04  5.3398093339e-04  1.2773179689e-03  6.6003241499e-04  -2.2155914128e-04  5.8492036611e-04  7.8808894495e-04  5.6501373944e-04  -5.7863874114e-04  5.6688837588e-04  5.0567768571e-04  4.8042972602e-04  -6.5046884369e-04  4.9893679647e-04  
-2.2499487400e+00  3.8429782391e+00  1.3188904524e-01  7.5209662746e-03  2.1343534989e-03  1.5191331480e-03  2.3449425793e-03  9.1258365262e-03  1.1398412162e-03  6.5581853007e-03  1.3604475942e-03  8.3392637257e-04  5.5467597669e-04  2.2404230527e-04  4.8920997286e-04  6.9062858024e-04  7.8917745392e-04  1.9023970812e-04  7.7749442217e-04  2.2923082128e-03  6.4599440598e-04  2.0057401616e-04  6.5068397156e-04  1.3558101206e-03  4.9272483817e-04  3.5399219736e-04  5.2144909692e-04  
-2.1499598026e+00  3.8529863358e+00  1.2845753133e-01  6.7560928208e-03  2.2948553869e-03  7.8214515949e-04  2.5950223968e-03  7.5390505633e-03  1.2135077645e-03  4.8485613257e-03  1.3770392528e-03  9.4933389111e-04  4.5029354972e-04  -4.8023113865e-05  3.9043997390e-04  1.9444922206e-03  5.6832082513e-04  2.5794657661e-04  5.3013737937e-04  6.0711381601e-04  4.4240610321e-04  -6.5025036242e-04  4.9598022729e-04  1.5469651862e-03  4.6375883311e-04  6.5842566787e-05  4.6492156783e-04  
-2.0499753952e+00  3.8563702106e+00  1.2512627244e-01  9.1513163524e-03  2.0336957024e-03  3.0827524511e-03  2.1521195403e-03  7.7256652603e-03  1.1512442640e-03  5.1873075842e-03  1.4798295388e-03  2.3236141139e-03  7.0098393127e-04  9.2690438544e-04  9.7141927335e-04  1.2728822351e-03  4.4803649035e-04  4.5669830136e-04  5.8881304668e-04  1.5083441739e-03  5.9957850970e-04  1.0453339272e-03  5.8639485542e-04  1.1260384267e-03  6.4385031270e-04  -4.3886155744e-05  5.4623558010e-04  
-1.9500207901e+00  3.8434424400e+00  1.2096128613e-01  9.5363178347e-03  1.9045339585e-03  3.3296505726e-03  2.1365856188e-03  7.4810722643e-03  9.7757864799e-04  5.3121987398e-03  1.2442310069e-03  2.7250233985e-03  6.2873937236e-04  8.4913751094e-04  4.0253209015e-04  1.6948376397e-03  4.3441464926e-04  8.0945792047e-04  4.7920017120e-04  2.9477408070e-04  7.1968775215e-04  3.4353766106e-06  6.6001943016e-04  2.0061020158e-04  6.3333843202e-04  6.2593766620e-05  5.8107068999e-04  
-1.8500355482e+00  3.8262915611e+00  1.1710163206e-01  9.2224367438e-03  1.8307989261e-03  3.1037483512e-03  1.9516899732e-03  6.8415289802e-03  9.0537533989e-04  5.1004494379e-03  1.0634672050e-03  1.4880393116e-03  5.0008882533e-04  7.4899363883e-04  6.6520677318e-04  1.4493791422e-03  6.7932975032e-04  3.0155088105e-04  5.1583783034e-04  1.3765914446e-03  5.5928782303e-04  3.1934989787e-04  5.9129417540e-04  1.6164154038e-03  5.5418208092e-04  1.0424742293e-03  5.1112485075e-04  
-1.7500225306e+00  3.7986209393e+00  1.1243597418e-01  1.0407890526e-02  1.7022043421e-03  4.1176678128e-03  1.7277865747e-03  7.2178331451e-03  1.0051939249e-03  5.3694534961e-03  1.2449287140e-03  1.4835266344e-03  5.4410669041e-04  5.2384434242e-04  4.8836621355e-04  1.0672791823e-03  5.1762094342e-04  -1.4528735926e-04  5.0641821514e-04  5.2967432640e-04  5.3681835548e-04  -4.1425986897e-04  4.6555325896e-04  6.5998643861e-04  5.2721557023e-04  -4.3060538437e-04  4.8619860371e-04  
-1.6500377655e+00  3.7658855915e+00  1.0775537789e-01  9.6110196556e-03  1.6842184877e-03  4.5098349528e-03  1.8553392272e-03  6.6319538223e-03  9.2116914742e-04  5.2555763419e-03  9.9664731320e-04  1.0285223365e-03  5.9448583070e-04  -1.8450264397e-04  5.3832269853e-04  5.8811484053e-04  6.9839772016e-04  1.4473057739e-04  6.8323465195e-04  9.6709591667e-04  5.3754110094e-04  -9.4053371897e-04  5.1308195236e-04  1.5686537895e-03  4.8974193559e-04  4.5662419900e-04  5.2040655048e-04  
-1.5500625372e+00  3.7233870029e+00  1.0192173719e-01  1.0618644728e-02  1.3149019980e-03  5.4442944784e-03  1.1665027864e-03  7.4485435664e-03  8.6786118824e-04  6.6126923324e-03  8.5528143774e-04  1.0906661099e-03  7.2354368575e-04  5.5277123970e-04  9.7896409278e-04  7.9489717550e-04  4.9437433776e-04  -5.1667484751e-04  4.7959617042e-04  7.6833974489e-04  5.0731421425e-04  -2.7894305197e-05  5.2726953607e-04  7.8107996212e-04  5.8428940141e-04  1.8755834599e-06  5.3665479481e-04  
-1.4501007795e+00  3.6740779877e+00  9.6833445132e-02  1.0231849063e-02  1.3617845079e-03  5.9569610273e-03  1.0665940548e-03  8.0597361797e-03  8.3094816962e-04  7.1071904267e-03  8.4824307184e-04  5.7602876991e-04  8.4239889372e-04  4.7046553285e-05  7.7664213962e-04  1.1393813005e-03  4.5306611712e-04  -1.6289924341e-04  4.8053673366e-04  1.0806219106e-03  5.4945619511e-04  1.8544832601e-04  6.9812355489e-04  6.0747692341e-04  4.6961273028e-04  -7.7387895162e-04  5.4152606303e-04  
-1.3501037359e+00  3.6257951260e+00  9.1716468334e-02  1.0645773680e-02  1.1229595693e-03  6.6668790366e-03  9.8312472813e-04  7.3626685355e-03  8.7217394843e-04  7.1444532986e-03  7.9582154490e-04  2.1400873523e-03  9.8012173570e-04  1.1183218324e-03  1.3523987495e-03  1.5679179710e-03  7.9285513854e-04  9.8848450461e-04  7.9872224739e-04  1.2050536235e-03  6.9618757639e-04  -7.2775018548e-05  7.1193054143e-04  1.1304773842e-04  5.9445650882e-04  -9.4216172251e-04  5.4663927702e-04  
-1.2501235008e+00  3.5756523609e+00  8.6660958827e-02  9.4446322063e-03  1.6114151212e-03  7.0817493263e-03  1.9481077440e-03  7.7916372007e-03  8.9477007179e-04  7.2395504899e-03  9.1816683176e-04  2.5998984169e-03  1.2551982113e-03  1.8251977318e-03  1.7075517325e-03  1.0203540543e-03  5.2774496642e-04  4.1182937145e-04  6.2123248030e-04  1.0183344106e-03  5.7864680909e-04  3.5100538914e-04  5.0590611245e-04  1.3394795753e-03  5.3321472726e-04  -1.7918342602e-04  5.4156080145e-04  
-1.1501226425e+00  3.5259499550e+00  8.1285364926e-02  1.1405414674e-02  2.6512746953e-03  9.6713700664e-03  3.7298288383e-03  8.9897156256e-03  1.1063755560e-03  8.8495670827e-03  1.3592893363e-03  2.5647825690e-03  1.9793349279e-03  2.6069481258e-03  2.3488378729e-03  1.5901489782e-03  8.1455547631e-04  1.2106632607e-03  8.5447865239e-04  1.4395701784e-03  5.7729392096e-04  6.4629019571e-05  6.2897263404e-04  1.3726049445e-03  5.6440944439e-04  1.4062248786e-04  6.3125245106e-04  
-1.0501351357e+00  3.4740517139e+00  7.6823182404e-02  1.1923781349e-02  3.6944628903e-03  1.1202277663e-02  5.3789269380e-03  8.4862916835e-03  1.5929770459e-03  9.5594275448e-03  2.6157626482e-03  3.3233233119e-03  2.2711700054e-03  3.4253118870e-03  2.6054375754e-03  3.0008798776e-03  1.5707600177e-03  9.4268028565e-04  1.7658153685e-03  1.1103697304e-03  8.0892239416e-04  8.8535004316e-04  8.1416449051e-04  1.6683982958e-03  5.6109435055e-04  3.5668236108e-04  5.4408705743e-04  
-9.5011115074e-01  3.4233436584e+00  7.2225943208e-02  1.2657973222e-02  5.3862210818e-03  1.3590468165e-02  7.8932676160e-03  9.5705047478e-03  1.8964027853e-03  1.0522157282e-02  3.2249446816e-03  3.9259510504e-03  2.9740958759e-03  3.6116460549e-03  3.6230275690e-03  2.5389765987e-03  1.6656541470e-03  1.6539715195e-03  1.6921385228e-03  6.7355169605e-04  7.8987133319e-04  1.4285283058e-04  7.2386365308e-04  1.6587924103e-03  8.0865990332e-04  4.3692190986e-04  5.8161310450e-04  
-8.5009360313e-01  3.3759229183e+00  6.7876189947e-02  1.2210474102e-02  5.4925858987e-03  1.4214432333e-02  7.7613725956e-03  1.0171647374e-02  2.0413267629e-03  1.1343358427e-02  3.4519787818e-03  5.6048697787e-03  3.8861430069e-03  5.4947161834e-03  4.6110516876e-03  2.3809940696e-03  1.8866374816e-03  1.8966180181e-03  1.8751427602e-03  2.3617403111e-03  1.0805889985e-03  1.6801878347e-03  1.2091768321e-03  2.5041591630e-03  8.3863716357e-04  7.4484735865e-04  6.9959907106e-04  
-7.5014579296e-01  3.3329763412e+00  6.4085900784e-02  1.1894799251e-02  5.8025888512e-03  1.5189880572e-02  7.9000122331e-03  9.9774919431e-03  2.2385937540e-03  1.2070955205e-02  3.8381727565e-03  4.8687465190e-03  3.1608798226e-03  5.9001318212e-03  3.3418063237e-03  2.4116213768e-03  1.7131631219e-03  3.5677598100e-03  1.5127884168e-03  2.3166426868e-03  9.7530398147e-04  2.9220341239e-03  8.9697413479e-04  2.2313262203e-03  6.2057704518e-04  3.0629743765e-03  6.0410070244e-04  
-6.5009087324e-01  3.2877316475e+00  6.0842894018e-02  1.1426508108e-02  5.2825050537e-03  1.4670451918e-02  6.9505955189e-03  9.7033044000e-03  1.7565274502e-03  1.1319753315e-02  2.8185733323e-03  3.5589180010e-03  2.1788378601e-03  4.4060791866e-03  2.1560610065e-03  1.3869852245e-03  1.4282530906e-03  2.4098074087e-03  1.2842540822e-03  1.8588792229e-03  8.9040402193e-04  2.9428683421e-03  7.7069072193e-04  2.1015618077e-03  6.9852700638e-04  2.3895747537e-03  6.5509936092e-04  
-5.5007344484e-01  3.2521853447e+00  5.7531349361e-02  1.1322706382e-02  4.7545281555e-03  1.4104544014e-02  6.1131273746e-03  9.0621670480e-03  1.4052191746e-03  1.0216293638e-02  2.0607426430e-03  3.7897026858e-03  2.2949659041e-03  4.1421335179e-03  2.5291878793e-03  1.9669746659e-03  8.6115789428e-04  2.4791881870e-03  8.4860828118e-04  4.5560275322e-04  7.5485031481e-04  1.7833675220e-03  8.2230381999e-04  1.3794964548e-03  5.2176719674e-04  2.1464793898e-03  6.1113137235e-04  
-4.5005846024e-01  3.2199952602e+00  5.4466459900e-02  1.0059616852e-02  4.5932425118e-03  1.3718746279e-02  5.7246235037e-03  9.0331947811e-03  1.5600682310e-03  1.0330161536e-02  2.4709943559e-03  2.6472213117e-03  1.7548416287e-03  3.7880023937e-03  1.6825549678e-03  2.2873764867e-03  9.2806342668e-04  3.2052775365e-03  8.1616047279e-04  4.7453182345e-04  6.4802172301e-04  1.0813047369e-03  6.5787774445e-04  7.1332126925e-04  5.3900460446e-04  1.4754430063e-03  4.9902032051e-04  
-3.5003283620e-01  3.1920258999e+00  5.2626401186e-02  9.6607200174e-03  4.2207624606e-03  1.3963765275e-02  4.8144780922e-03  8.8388195537e-03  1.3311238814e-03  9.7343672295e-03  1.9025974011e-03  2.9820149565e-03  1.2939735139e-03  3.6446752374e-03  1.2175467812e-03  1.7994443128e-03  6.0157714884e-04  2.1688383636e-03  6.0049908693e-04  5.7691735173e-04  5.4709781646e-04  1.1903429416e-03  5.7894770296e-04  9.4000097217e-04  6.4481065529e-04  2.6463761127e-03  6.7713375457e-04  
-2.5002503395e-01  3.1791677475e+00  5.1283001900e-02  1.0101511238e-02  3.7981340078e-03  1.3763459314e-02  4.2282987538e-03  7.8549846028e-03  1.1356346970e-03  9.1558307533e-03  1.5267685285e-03  2.0453108526e-03  1.2854121950e-03  3.3279987793e-03  1.0602569525e-03  1.4980920752e-03  6.8982501418e-04  2.4151662008e-03  6.3146903219e-04  2.2401399435e-03  6.0475578165e-04  2.9706793828e-03  7.2442196575e-04  2.2458174261e-03  6.7605187589e-04  3.0411302673e-03  7.8096484118e-04  
-1.5000522137e-01  3.1631422043e+00  5.0082225353e-02  8.7762610768e-03  3.3511565820e-03  1.3113025557e-02  3.2819964441e-03  9.5100701901e-03  1.2085813950e-03  1.0301565704e-02  1.5129183133e-03  1.5545762797e-03  9.3730876641e-04  2.8682590952e-03  7.7451456070e-04  4.8927722911e-04  5.1977405411e-04  1.8691942060e-03  5.5531289800e-04  9.0135091248e-04  6.6424467925e-04  2.5367014923e-03  7.2472078931e-04  6.6634440944e-04  6.5505928707e-04  1.8187404815e-03  6.6597195524e-04  
-5.0001386553e-02  3.1621031761e+00  5.0111036748e-02  8.1670886542e-03  3.0013519959e-03  1.2255127798e-02  2.7720504316e-03  7.6530710747e-03  8.9906525491e-04  8.4207103189e-03  1.0306913909e-03  2.6869874635e-03  1.4639144828e-03  3.5686420101e-03  1.4167799224e-03  1.3951696871e-03  7.3943331207e-04  3.1896886102e-03  7.3650652798e-04  2.6869131038e-03  5.7838399152e-04  2.4221763229e-03  6.6346160602e-04  4.3186820270e-04  6.6479376737e-04  1.4747190562e-03  6.7818524025e-04  
5.0023566931e-02  3.1653466225e+00  5.0196748227e-02  8.2550680369e-03  2.7250399935e-03  1.2065115157e-02  2.3652589473e-03  8.2210516224e-03  8.7015151086e-04  9.2854674677e-03  8.9210466080e-04  1.8655143379e-03  7.9855655540e-04  2.3518725743e-03  7.3140834173e-04  1.8054798034e-03  6.7407447506e-04  2.5784403813e-03  6.0470282419e-04  8.2146016553e-04  6.3837318031e-04  2.1383981446e-03  5.9781254081e-04  1.8438158298e-03  7.3080228456e-04  2.6725591327e-03  8.3463715587e-04  
1.5000671148e-01  3.1796281338e+00  5.1392599940e-02  8.3465810380e-03  2.7361520221e-03  1.1794973469e-02  2.4517137702e-03  8.3294787957e-03  8.0410158039e-04  8.8554543291e-03  8.3636107083e-04  1.6175525593e-03  6.8947943528e-04  2.4532620576e-03  5.5085342984e-04  7.7620860812e-04  5.1778220276e-04  1.7682554519e-03  4.5713852032e-04  6.8135400824e-04  6.1571178172e-04  1.7931362500e-03  6.0211725580e-04  1.0535724126e-03  5.8285361822e-04  2.1487292477e-03  5.3166619656e-04  
2.5002914667e-01  3.1961193085e+00  5.2673287690e-02  8.0426688715e-03  2.4695620738e-03  1.1661464434e-02  1.8874550108e-03  8.0612893264e-03  7.6355131616e-04  8.6647433476e-03  8.6702427176e-04  2.8460052242e-03  1.0761004212e-03  3.2651026434e-03  1.0251491150e-03  1.5404853431e-03  6.0461431389e-04  2.4818428246e-03  6.2554349062e-04  1.5496644762e-03  7.1693866857e-04  2.6774893655e-03  9.7149428334e-04  9.7344314789e-04  6.1606163086e-04  1.9556687983e-03  5.8346304147e-04  
3.5003647208e-01  3.2190358639e+00  5.4708499461e-02  6.3343795054e-03  2.2149799503e-03  9.9802045817e-03  1.7105960144e-03  7.4717046370e-03  7.0068141992e-04  8.0333476439e-03  8.0518835066e-04  2.0734745182e-03  4.9222284174e-04  2.5279540497e-03  4.2834874281e-04  1.6548187957e-04  6.8538529505e-04  2.0711210863e-03  8.5610276669e-04  1.5815157106e-03  5.4741575736e-04  2.5096246070e-03  8.0213372981e-04  1.2421218301e-03  5.2221806679e-04  2.6255940700e-03  6.0577815649e-04  
4.5007690787e-01  3.2501015663e+00  5.6423038244e-02  7.8375195296e-03  1.8448578589e-03  1.0578149331e-02  1.1991192074e-03  7.2104500284e-03  6.9101163451e-04  7.9258320454e-03  8.3485797170e-04  1.3319119842e-03  5.0712250619e-04  2.6795392718e-03  8.9726310736e-04  1.3664497101e-03  5.7951171801e-04  1.5359540536e-03  5.2664183332e-04  9.4109133530e-04  5.8892880078e-04  1.9030587116e-03  6.2805214722e-04  1.0440757626e-03  4.9784400000e-04  2.3677729412e-03  4.5339229740e-04  
5.5008834600e-01  3.2811715603e+00  5.8823212981e-02  7.0331286002e-03  1.9486822393e-03  9.1138893919e-03  1.5442430998e-03  7.3959348172e-03  7.3607020418e-04  7.8054512423e-03  1.0139528334e-03  5.7996619625e-04  9.4207454764e-04  1.2146130772e-03  1.3737800556e-03  8.3301142476e-04  5.3851598432e-04  1.4532002079e-03  5.0575927405e-04  1.4171487740e-03  5.3536234980e-04  2.3627900542e-03  5.5240497307e-04  1.0803469519e-03  5.3582451012e-04  2.3126069347e-03  5.7367574029e-04  
6.5006870031e-01  3.3203003407e+00  6.0973193496e-02  7.1093274794e-03  1.6692916598e-03  8.9388106455e-03  1.1696379701e-03  7.0962936912e-03  7.1929366052e-04  7.1767216681e-03  8.9668045483e-04  1.2849665482e-03  4.8829215077e-04  1.0994592086e-03  4.9690796875e-04  1.5915133266e-03  5.2445903281e-04  2.8427899981e-03  5.9983160495e-04  1.1994090889e-03  5.7417919644e-04  2.4252649758e-03  5.0467665237e-04  1.5190581456e-03  5.8000494604e-04  1.9794214334e-03  5.2018059800e-04  
7.5005596876e-01  3.3451275826e+00  6.3204623759e-02  6.9705691778e-03  1.8268076283e-03  7.8956211670e-03  1.6998116098e-03  7.1120986107e-03  7.8505431868e-04  7.3875428548e-03  1.0303505063e-03  1.9586797001e-03  5.0790849867e-04  2.3503336077e-03  6.1455418626e-04  1.1575050659e-03  4.9427104196e-04  9.8514256581e-04  5.2252361589e-04  1.4545734668e-03  5.3153738995e-04  2.2025396620e-03  5.8450875357e-04  6.0280836832e-04  7.7868227062e-04  1.8116825864e-03  5.3289633637e-04  
8.5007548332e-01  3.3796489239e+00  6.5471440554e-02  7.4502057301e-03  1.6586413015e-03  7.4565982760e-03  1.7316275744e-03  7.4898301605e-03  1.0431089980e-03  7.1766029673e-03  1.0223135711e-03  1.1467578707e-03  6.0425808915e-04  3.4369501684e-04  5.7990268350e-04  3.4503338359e-04  4.6469785868e-04  -4.8199294542e-04  4.7865580824e-04  1.6648907806e-03  5.4000780605e-04  1.3253513132e-03  5.8068101542e-04  1.1345652664e-03  4.9734333565e-04  7.0052283011e-04  5.8255059080e-04  
9.5002025366e-01  3.4076852798e+00  6.8092592061e-02  7.0987610736e-03  1.9210651284e-03  7.2326495749e-03  2.0804243200e-03  6.9717712966e-03  9.5812918752e-04  6.3486059995e-03  1.0329029555e-03  4.4042175729e-04  6.3523346930e-04  -2.5104046906e-04  5.3165511502e-04  8.1136647543e-04  5.0241572763e-04  -4.0249826300e-04  6.0488078770e-04  1.2572322282e-03  5.4034651808e-04  1.4872788725e-04  6.6791750650e-04  2.4525877468e-03  5.8841205941e-04  9.8385936189e-04  5.6643098847e-04  
1.0500321388e+00  3.4347953796e+00  7.0412188768e-02  7.9840705445e-03  1.5299082431e-03  5.9743287061e-03  1.9679710001e-03  6.9175503331e-03  9.7980792022e-04  6.3986923707e-03  1.0288256658e-03  2.2939594334e-03  5.3415974722e-04  8.3513917492e-04  4.3239558031e-04  2.2590571934e-03  5.6603137241e-04  3.0890166153e-04  6.3643508081e-04  5.7976120015e-04  5.9335568088e-04  3.2930446855e-04  5.2447716077e-04  1.4174846532e-04  5.5842052331e-04  -8.7080876775e-04  6.4823650747e-04  
1.1500746012e+00  3.4471161366e+00  7.2097659111e-02  6.5793099348e-03  1.2914386906e-03  4.2517804612e-03  1.7582284590e-03  7.5494609536e-03  8.5907473594e-04  6.9834717350e-03  9.2956144080e-04  8.6509325418e-04  7.0773042227e-04  -9.6866878210e-05  5.5256888749e-04  7.5576860489e-04  4.9421758249e-04  3.3506631838e-06  5.9801615270e-04  6.7498944747e-04  5.9612143335e-04  -4.2034055410e-04  6.0860247209e-04  -4.2114935179e-05  4.5237146913e-04  -1.3207870486e-03  5.1287567348e-04  
1.2500057220e+00  3.4589121342e+00  7.4291527271e-02  6.7121283987e-03  1.1764641628e-03  4.0640488899e-03  1.2025198704e-03  8.3235183313e-03  1.0299164489e-03  7.5884259268e-03  1.2413542672e-03  7.6064661475e-04  4.6383843516e-04  2.4199677441e-04  3.9051021568e-04  1.7110269733e-03  5.0143522093e-04  6.9224338549e-04  5.2821646453e-04  1.4710959917e-03  5.0161724222e-04  -1.1582305689e-04  4.8661244928e-04  2.9162599376e-04  4.7688789380e-04  -1.2141604770e-03  4.5989378194e-04  
1.3499766588e+00  3.4564180374e+00  7.5351506472e-02  7.8454520316e-03  1.3914745994e-03  4.5299200146e-03  2.0044616383e-03  7.2873743222e-03  8.2460583018e-04  6.3947883615e-03  1.0361603541e-03  1.6489708665e-03  4.9662636158e-04  8.7241046143e-04  4.5035831587e-04  1.0272399231e-03  4.3799339841e-04  4.2132389546e-04  4.4555381187e-04  1.2600760555e-03  5.5259530092e-04  6.2748692854e-04  5.3680545603e-04  1.6001563493e-03  5.1827224227e-04  3.3162833153e-04  5.4141369403e-04  
1.4499748945e+00  3.4551544189e+00  7.6910667121e-02  7.8039546830e-03  1.2023989421e-03  3.9604186004e-03  1.6175472492e-03  6.7130470915e-03  9.4779073483e-04  5.8904579004e-03  1.0387056537e-03  1.2183413658e-03  5.3736076425e-04  8.7802474891e-04  5.0555548602e-04  5.9238527854e-04  5.6836532174e-04  -7.7523291170e-04  4.8904025163e-04  1.3812322678e-03  7.2035910194e-04  -2.8577744227e-04  7.9222617779e-04  2.4397394387e-04  5.3652914099e-04  2.1149517399e-04  5.4239463960e-04  
1.5499378443e+00  3.4380249977e+00  7.7593319118e-02  6.5158038657e-03  1.0057813783e-03  2.4596259428e-03  1.4304799230e-03  7.0964268371e-03  9.5950614032e-04  6.0153162696e-03  1.4079433835e-03  1.5017352226e-03  6.3284521958e-04  8.7443804511e-04  6.3750509701e-04  3.5439947013e-04  4.9913364434e-04  -7.5478726411e-04  4.7744300000e-04  3.5957478068e-04  5.9730927117e-04  1.4261952574e-04  6.3684044837e-04  6.4194778144e-04  5.0096622266e-04  -7.3371811150e-04  5.7852528714e-04  
1.6499404907e+00  3.4174621105e+00  7.8555077314e-02  7.2309070656e-03  1.3237823940e-03  2.0089231203e-03  1.0247754510e-03  7.4601360473e-03  8.9361853525e-04  6.4954904754e-03  1.0579118797e-03  1.7986368787e-03  7.5249469615e-04  6.2992144346e-04  6.4169701186e-04  9.6286422507e-04  5.6554589361e-04  -3.9705985486e-04  5.4981177945e-04  1.7049176516e-03  6.0620547951e-04  -1.0240799894e-04  6.5083411243e-04  9.7588105460e-04  5.2885403058e-04  -6.1886889470e-04  5.1991612705e-04  
1.7498778105e+00  3.3803501129e+00  7.9026848078e-02  7.3686271136e-03  1.0243666613e-03  2.5043735454e-03  1.1397257887e-03  7.1755290906e-03  9.1673645009e-04  6.0715484908e-03  1.3018881793e-03  -3.0396253952e-04  4.1599050831e-04  -1.2493823852e-03  5.9731650968e-04  9.5692922525e-04  7.9475019521e-04  -8.5038916453e-04  7.1961381435e-04  8.4199438439e-04  5.0010254781e-04  -2.4279511798e-04  5.5254867527e-04  1.1135574629e-03  5.1653179694e-04  6.5534096716e-04  6.1962001296e-04  
1.8498743773e+00  3.3432660103e+00  7.9516798258e-02  7.1583955777e-03  1.1633702690e-03  1.3412097255e-03  8.3183232729e-04  7.3827527777e-03  1.0429215609e-03  5.9246204375e-03  1.2709201390e-03  9.3155487842e-04  9.7038008589e-04  -5.1271966229e-05  8.7122690004e-04  8.8321498764e-04  7.0881420569e-04  1.4917093618e-05  6.1786784185e-04  9.7209176913e-04  4.9798172042e-04  8.8898351287e-06  4.9784922487e-04  1.4848254516e-03  5.4517635409e-04  1.1247530493e-04  6.0926614412e-04  
1.9498804808e+00  3.2923758030e+00  7.9000525177e-02  7.7479934244e-03  1.1774696893e-03  1.8121602907e-03  8.9841501461e-04  7.2200133000e-03  9.9352654127e-04  6.0603738886e-03  1.4154965690e-03  1.0878628860e-03  8.5805686192e-04  1.8856423802e-05  7.2932969954e-04  3.5327561740e-04  4.7276527878e-04  -9.0536723482e-05  6.1005200699e-04  3.8782620864e-04  5.3230698130e-04  -5.7195110010e-06  5.4837720006e-04  -7.5365061085e-05  5.5674676084e-04  -8.5718539895e-04  4.7413980725e-04  
2.0498321056e+00  3.2361173630e+00  7.8306883574e-02  8.0553211642e-03  1.4972338951e-03  1.5805430368e-03  9.9027034216e-04  6.8511109020e-03  8.4135295500e-04  5.7597010330e-03  1.0775069467e-03  1.2702857470e-03  4.1062174377e-04  9.4456272378e-04  3.3164661048e-04  8.8894534773e-04  6.3194344373e-04  -2.1889861173e-04  5.4852412302e-04  6.5019642976e-04  5.5585178457e-04  -4.5255451135e-04  5.7909936379e-04  1.4797519567e-03  6.7169391005e-04  2.5763638962e-04  7.2009210586e-04  
2.1498532295e+00  3.1752321720e+00  7.8048676252e-02  6.2100230146e-03  1.4374980330e-03  5.7512477078e-04  9.9206218602e-04  5.8220092169e-03  8.5693599923e-04  4.4386529563e-03  1.3188815330e-03  2.8489293841e-04  7.6727620501e-04  -3.5674134801e-04  6.9242651773e-04  5.6607565903e-04  4.6816681708e-04  -5.2210785461e-05  4.5172163727e-04  9.2364212068e-04  4.4055803204e-04  -5.2246324747e-04  4.2582376102e-04  9.4354539582e-04  7.0082865064e-04  -7.2041923496e-04  5.9179452091e-04  
2.2498245239e+00  3.1149609089e+00  7.7600128949e-02  7.7889260636e-03  1.3105436233e-03  1.0392987924e-03  9.5615183551e-04  6.5560401702e-03  1.0821961306e-03  5.4326267932e-03  1.2441334293e-03  4.4412730524e-04  6.6970429674e-04  -7.2592613712e-05  5.6912716070e-04  7.0819730706e-04  5.9971381305e-04  -2.5903339419e-04  4.8704065624e-04  1.8911481733e-03  5.4424929538e-04  -2.4104971869e-04  4.8556925070e-04  1.2388214676e-03  5.4874670240e-04  -1.6018869404e-04  5.5671317303e-04  
2.3497879505e+00  3.0409059525e+00  7.6462596655e-02  6.3794207265e-03  1.9452062328e-03  -5.8241266275e-04  1.4598429350e-03  5.1958987546e-03  7.1897622050e-04  4.2381366401e-03  8.6707014332e-04  8.9848368745e-04  7.0335291690e-04  -4.0966297181e-04  4.7892336283e-04  3.6452016873e-04  6.0649302089e-04  6.6389869994e-04  5.7141796219e-04  8.6469891153e-04  5.3731766404e-04  7.7219039252e-04  5.8864908465e-04  1.1713706831e-03  5.8519513900e-04  3.2844326868e-04  5.9234654680e-04  
2.4497959614e+00  2.9640038013e+00  7.5386367738e-02  7.4125193582e-03  1.2878977548e-03  7.5121511906e-04  9.0690839625e-04  6.0706531334e-03  8.8000932030e-04  4.6540759219e-03  1.0860089062e-03  4.9303110412e-04  5.0005899544e-04  7.9333932348e-04  4.5673639458e-04  9.5155581360e-05  6.6623878769e-04  -4.1443001249e-04  6.4800707379e-04  1.8652762567e-03  5.7016041009e-04  1.0178503788e-03  5.7177179587e-04  3.7039075449e-04  5.1665880560e-04  5.0360221346e-04  5.9088359888e-04  
2.5497639179e+00  2.8897264004e+00  7.4345014989e-02  7.0771010384e-03  1.5350904904e-03  9.3391695956e-04  1.0831922591e-03  5.6593426769e-03  8.4450118339e-04  4.3837652561e-03  9.9860657138e-04  2.0192371365e-03  5.7648231849e-04  4.0623459241e-04  5.2165291284e-04  1.4916159835e-03  5.0425080747e-04  1.6179805013e-04  4.8482077058e-04  2.0146059497e-03  7.1298676872e-04  7.4086792628e-04  7.9346882424e-04  1.2551384339e-03  6.6523039538e-04  1.5132522347e-04  6.4154612731e-04  
2.6497626305e+00  2.8039844036e+00  7.2690360248e-02  6.1573644587e-03  1.5238037725e-03  -1.3021722171e-04  1.1265915095e-03  5.0263354479e-03  8.1253546658e-04  3.8866059123e-03  1.0485808696e-03  2.0875879397e-03  4.3657155850e-04  9.0831555117e-04  6.4260764256e-04  6.6031537486e-04  6.7166255833e-04  -4.7625635711e-04  6.8412516995e-04  1.0209878098e-03  6.0824338729e-04  3.9972521855e-04  4.8626280959e-04  1.1539254753e-03  6.6991810338e-04  -1.4257241958e-05  6.0150912668e-04  
2.7496905327e+00  2.7214162350e+00  7.0910423994e-02  6.6012211230e-03  1.3634456378e-03  1.1800281574e-03  9.5395767620e-04  4.6979232539e-03  7.4528238343e-04  3.5103041280e-03  1.0184657749e-03  1.5841260902e-03  5.2618242271e-04  1.2833615020e-04  4.3153320587e-04  1.5655908299e-03  5.6322417933e-04  5.2455126533e-04  7.0879087075e-04  1.1683899211e-03  5.1413288178e-04  3.1580036739e-04  5.1000218516e-04  9.4123992995e-04  6.0515184318e-04  -2.2172666720e-04  5.8458767468e-04  
2.8497025967e+00  2.6335442066e+00  6.9229893386e-02  5.6393546508e-03  1.0704369241e-03  1.5709721994e-03  1.1586587469e-03  4.1495344402e-03  8.4259897195e-04  2.7223971497e-03  1.0931940433e-03  9.8093446375e-04  5.0738002422e-04  5.6007982805e-04  4.6945158769e-04  8.5924266320e-04  5.9281311802e-04  -4.2347161917e-04  4.8619287231e-04  1.1970996643e-04  6.9276327660e-04  -3.3505980017e-04  6.4250318455e-04  1.3891791542e-03  5.7487548128e-04  7.1758528748e-04  6.4716971792e-04  
2.9496796131e+00  2.5490689278e+00  6.7738719285e-02  3.4970570242e-03  1.2419967565e-03  -5.5358045775e-04  9.5669525039e-04  4.3256776170e-03  8.7222119838e-04  2.6691719220e-03  8.7545582154e-04  5.2091723120e-04  4.5681959898e-04  -3.6399402449e-04  4.2171042159e-04  -5.3122285510e-04  6.4383017188e-04  -3.8829393957e-04  6.3094985913e-04  1.4243042976e-03  7.1780298823e-04  1.4844747245e-04  7.5350963162e-04  1.9118695251e-04  6.6251176725e-04  -6.8548726921e-04  7.1222407791e-04  
3.0496437550e+00  2.4601964951e+00  6.5084740520e-02  3.6020039329e-03  1.2883538268e-03  1.8746543899e-03  1.0306924914e-03  4.0147617193e-03  9.2941997872e-04  2.5128622121e-03  1.1278768129e-03  -5.8530490019e-04  7.1510347275e-04  -2.8277667179e-04  8.4620275718e-04  -8.6107645457e-04  8.4063099594e-04  -4.9889215066e-04  8.3942198865e-04  -3.5071457521e-04  7.3802194037e-04  -9.2583769821e-04  6.9542918372e-04  1.4818374693e-04  5.9678410664e-04  1.2237172175e-03  5.8798809525e-04  
3.1496481895e+00  2.3650636673e+00  6.3265979290e-02  3.1138365680e-03  1.2802495200e-03  1.3330462454e-03  1.0107647462e-03  2.2388796051e-03  9.7260928394e-04  6.4420239312e-04  1.3622066439e-03  1.6683381388e-03  4.5967059061e-04  1.8654758127e-03  5.1731414909e-04  2.6658755904e-04  6.6813520905e-04  -4.9419525793e-04  6.1248414399e-04  -3.8867592446e-05  7.6239757014e-04  1.0134148167e-04  7.7661009570e-04  1.5092449220e-03  7.4454963860e-04  5.1577522643e-04  8.0022786448e-04  
3.2496325970e+00  2.2750945091e+00  6.0908470303e-02  2.5503067098e-03  1.3629788281e-03  6.6747936350e-04  9.6478127910e-04  1.5953997131e-03  7.5761402436e-04  2.7927008185e-04  9.6101743688e-04  -1.0782361407e-03  9.7774625462e-04  -1.6535448934e-03  8.3569741930e-04  9.5809801103e-04  8.5797471419e-04  1.7744660275e-03  8.2855002362e-04  -9.1930976190e-04  6.5784511046e-04  -2.5541725907e-04  5.9284399445e-04  2.3427827189e-04  6.0065244615e-04  1.5528904120e-04  6.5344021059e-04  
3.3496198654e+00  2.1844303608e+00  5.8829773217e-02  2.1001392422e-03  1.2987855879e-03  1.2149514657e-03  8.8035383198e-04  1.1032749251e-03  1.0128562650e-03  -2.3871442230e-04  1.3204473703e-03  -2.3553426662e-04  6.7648809440e-04  -7.3526428397e-04  5.1431080077e-04  5.7595867422e-04  5.9829566456e-04  2.8910068155e-04  7.1695393604e-04  4.9883350362e-04  6.6037720700e-04  1.4795426421e-04  7.0175211915e-04  9.3618980461e-05  6.6459390754e-04  -4.4895610632e-04  5.9361342098e-04  
3.4496164322e+00  2.0916237831e+00  5.6053891778e-02  1.5583119221e-05  1.6306053191e-03  1.4504167086e-03  9.8052219591e-04  2.3602110676e-03  1.0243309341e-03  7.1771964799e-04  1.4809210534e-03  1.8071723667e-04  8.2857033312e-04  -7.8863446267e-05  9.5112535452e-04  5.8537767725e-04  6.0804499978e-04  2.9941588330e-04  5.8449385548e-04  5.7727199675e-04  6.7058355349e-04  8.8983128140e-04  7.2318660553e-04  3.9530600518e-04  7.4750557674e-04  -5.6621509489e-04  7.4211413674e-04  
3.5496070385e+00  2.0001840591e+00  5.3683228791e-02  -4.6585010516e-04  1.3556750055e-03  7.9101646510e-04  8.9826489867e-04  1.7751633957e-03  1.2160563028e-03  -1.3769866591e-04  1.6299075053e-03  1.2534512968e-04  1.2159331592e-03  -1.0059050142e-03  1.1315004587e-03  -5.5027548141e-04  9.0204145102e-04  -1.0754717823e-03  1.0020831975e-03  2.0606399927e-04  8.0765193493e-04  2.8917295555e-04  7.9447864305e-04  2.4184550367e-05  8.0201367802e-04  9.1092287425e-04  8.5711837588e-04  
3.6495561600e+00  1.9118775129e+00  5.1267132163e-02  -3.5484149813e-04  1.4517513692e-03  8.7660759401e-04  9.7139995847e-04  7.8232784706e-04  1.0543198568e-03  -3.0002744565e-04  1.3632892652e-03  -2.4155541876e-04  6.3770583951e-04  -5.0418000497e-04  4.6794852160e-04  -5.4098435230e-04  7.7854583651e-04  -6.2654256953e-04  8.2860229501e-04  -2.1311098529e-03  8.8759139707e-04  -1.7129643203e-03  9.3019269170e-04  -8.7566663421e-04  8.2272786038e-04  -6.0786668666e-04  7.2949881878e-04  
3.7496316433e+00  1.8276391029e+00  4.8798002303e-02  -2.7523440362e-04  1.3213915325e-03  1.5098303675e-03  8.5029756452e-04  6.8434714989e-04  1.0120984394e-03  -6.4020965789e-04  1.0185881586e-03  -5.5860928040e-04  7.1436385850e-04  -9.8009019905e-04  7.4233211149e-04  -1.4305784443e-04  8.5339719045e-04  -4.9659237518e-04  8.7012548407e-04  4.7718408724e-05  7.9440184900e-04  3.4780408963e-04  8.8917015766e-04  3.9876043311e-04  6.6570956603e-04  -4.6462342541e-04  7.1780982181e-04  
3.8496060371e+00  1.7384639978e+00  4.6283643693e-02  -1.5954771026e-03  1.5467949002e-03  -1.0106192868e-04  1.2559365413e-03  1.0970088556e-03  9.1482364247e-04  1.4802948062e-04  9.2011195008e-04  -1.0088273947e-04  9.6388959505e-04  -7.1930321354e-04  1.2860447144e-03  1.0220999824e-03  8.2425066172e-04  5.4346118939e-04  8.4350958473e-04  -7.7055424941e-04  8.5925604940e-04  -1.0194168586e-03  8.9815482037e-04  1.9690963560e-04  8.1512985005e-04  6.0654611728e-04  8.2641745164e-04  
3.9495606422e+00  1.6541253328e+00  4.3482184410e-02  -2.0195382341e-03  1.4555015953e-03  -7.3785781540e-04  1.5359665400e-03  -7.0072545840e-04  9.5542342538e-04  -1.3565078422e-03  9.5343438806e-04  9.1971802437e-05  7.1922282166e-04  3.7909339925e-04  6.0911137131e-04  8.2907434886e-04  1.1017310384e-03  6.3332641224e-05  1.2190612459e-03  8.6508286055e-04  9.0865058233e-04  1.3129450482e-03  8.7959483991e-04  -9.7815539362e-04  9.1407922529e-04  -1.7097813210e-03  7.8909613966e-04  
4.0495576859e+00  1.5694251060e+00  4.0990393609e-02  -1.4321318256e-03  1.2808124454e-03  -1.2899413511e-05  1.5649376011e-03  1.7743076991e-03  9.1958109746e-04  1.0900388553e-03  8.4924948175e-04  1.3710060659e-03  1.2076140065e-03  1.1299419097e-03  1.3782541233e-03  -1.3246936355e-03  7.4693761066e-04  -1.3894807246e-03  7.2741233460e-04  5.8809900960e-05  8.2775273756e-04  -9.6519726058e-04  7.9611417219e-04  7.1754806279e-04  8.3889051783e-04  6.3737323395e-04  7.8967160079e-04  
4.1495518684e+00  1.4884375334e+00  3.8449577987e-02  -2.3667583980e-04  1.5581793436e-03  1.4676736412e-04  1.5347650391e-03  -1.5670246663e-04  1.0986246092e-03  -8.0859038162e-04  9.9260938595e-04  -2.2033525357e-05  9.6940995103e-04  -2.1454979321e-04  1.0315322501e-03  -4.3719553179e-04  1.1079635220e-03  -1.4589512923e-03  1.1546402626e-03  -5.1590490270e-04  8.3135861579e-04  2.5369174405e-04  8.8948272361e-04  8.5945134197e-04  9.9243420728e-04  1.8304922877e-04  9.1610506542e-04  
4.2495307922e+00  1.4079422951e+00  3.5813380033e-02  -1.6263730085e-03  1.1640721999e-03  4.2595971109e-04  1.4959455431e-03  -6.3062263002e-04  1.0427124369e-03  -1.1665365024e-03  1.2439460183e-03  -2.2106144128e-03  1.1103275707e-03  -2.9845153271e-03  9.6680965156e-04  -3.8918044763e-04  1.0660551195e-03  -2.6578229788e-04  1.2490713765e-03  1.0765582134e-03  8.6660125059e-04  3.5439468322e-04  8.2174142484e-04  -9.2446629305e-04  9.2926850411e-04  -1.0732684756e-03  1.0277713817e-03  
4.3495430946e+00  1.3261508942e+00  3.3201906830e-02  5.1065084053e-04  1.2447456715e-03  4.8092276684e-04  1.0520430018e-03  1.5341692564e-04  1.0550778715e-03  -1.7582128805e-04  1.0195659322e-03  -5.0647975253e-04  7.4428286778e-04  -3.4594890315e-04  5.8757894630e-04  -1.2979694893e-03  9.0630882694e-04  -3.7523418099e-04  9.8412780931e-04  1.2019439559e-03  9.2668525669e-04  1.6725384153e-04  7.4486622572e-04  1.1713676231e-03  1.0463712814e-03  -3.7153959791e-04  9.4223976479e-04  
4.4495239258e+00  1.2505339384e+00  3.0689099804e-02  5.3609856606e-04  1.6084177040e-03  -1.1122416309e-04  1.9069759272e-03  1.4405963658e-03  1.4329179589e-03  1.3426701819e-03  1.5841700396e-03  -1.5837795443e-03  8.6836182010e-04  -1.1138758555e-03  8.9586415795e-04  -5.4490565630e-04  8.6385204298e-04  -9.7647684327e-04  8.8605626971e-04  4.1605460917e-05  9.0351257071e-04  -2.7655048563e-04  8.0875558234e-04  1.1517820940e-03  1.0644228329e-03  2.8241387955e-04  9.2431211513e-04  
4.5494642258e+00  1.1735094786e+00  2.8091249987e-02  4.0023667294e-04  1.4144198044e-03  -4.2035329059e-04  2.0707187629e-03  5.8126248145e-04  1.1448791627e-03  -1.7893696227e-04  1.5114162535e-03  -1.6671897409e-03  7.6891390159e-04  -2.1594891744e-04  1.0857148190e-03  8.4954562742e-04  2.1805753061e-03  2.1265603032e-03  2.0584292577e-03  -1.0814517428e-03  1.2103294858e-03  -1.5817837664e-03  1.1425355317e-03  1.0154142570e-03  9.6863953682e-04  -8.4549206640e-04  1.0309494470e-03  
4.6494545937e+00  1.0984897614e+00  2.5330113247e-02  3.7413251810e-03  1.3852957316e-03  1.4675026367e-03  1.1025061094e-03  -6.8384208758e-04  1.0857901042e-03  -6.0046765459e-04  1.0356143113e-03  -2.2279997713e-03  1.4651703680e-03  -1.6799245754e-03  1.7807649562e-03  -1.5914764612e-04  1.5675526220e-03  5.9801756585e-04  1.4919787075e-03  1.6196291996e-03  1.0000088036e-03  8.8878620828e-04  1.0672894230e-03  -2.2994110867e-04  1.0309524506e-03  -2.9979483121e-04  1.1085040541e-03  
4.7494363785e+00  1.0229005814e+00  2.2877426818e-02  3.1046068358e-03  1.3761313046e-03  1.9345458048e-03  1.0961954108e-03  -2.5617393457e-04  1.2676922908e-03  -1.2841901168e-03  1.6654770588e-03  -1.2239501847e-03  9.4728427257e-04  -1.3446548214e-03  9.3931437406e-04  4.0027964560e-04  1.2690904783e-03  2.1533643006e-04  1.5728094664e-03  -8.2480503199e-05  1.2972135987e-03  9.4715055197e-05  1.3569578369e-03  6.2893184463e-04  9.9757064362e-04  1.3869751817e-03  9.9959886154e-04  
4.8494048119e+00  9.5064032078e-01  2.0299110562e-02  5.4506585002e-03  2.0970269844e-03  4.3774068864e-03  2.5548343624e-03  5.5526377226e-04  1.3169936171e-03  -6.1117539937e-05  1.3303469217e-03  -3.7257580178e-04  8.7553234621e-04  1.6324511772e-04  1.0885549437e-03  -1.7724805238e-03  1.1965549174e-03  -7.0464705233e-04  1.3946081302e-03  -5.9988556313e-04  1.2274476025e-03  -6.9347537944e-04  1.2632827082e-03  3.2515995158e-04  1.2074654754e-03  -1.9877896717e-04  1.2858057445e-03  
4.9493608475e+00  8.7670904398e-01  1.7924666405e-02  3.2817232137e-03  1.8186096252e-03  2.0188498926e-04  1.3858041990e-03  9.0197647912e-04  1.2598935281e-03  1.4842101175e-04  1.3019244326e-03  1.4622017162e-03  1.1862999000e-03  1.4348635949e-03  1.4425381650e-03  -5.3784035830e-04  1.2370160533e-03  -5.8389402813e-05  1.2414522398e-03  -6.8610562671e-04  1.3959959628e-03  3.4023127146e-04  1.0618101083e-03  -7.0321664175e-04  1.2813173187e-03  8.9257103700e-04  1.2626904165e-03  
5.0493493080e+00  8.0638778210e-01  1.5889186412e-02  7.2888031897e-03  1.9971810094e-03  3.2392114458e-03  1.7250612057e-03  1.7267352562e-03  1.2128344438e-03  1.6171124132e-03  1.0303648809e-03  -2.7533273600e-04  1.0720215552e-03  -7.1789787777e-04  9.8414655580e-04  8.0328278050e-05  1.0841267567e-03  -2.2914678568e-04  1.1477076475e-03  8.4816801750e-04  9.9241620423e-04  1.0338630634e-03  1.0463745725e-03  1.1591814079e-03  1.2328836630e-03  1.3465185285e-03  1.3246698541e-03  
5.1492853165e+00  7.3563873768e-01  1.3976993971e-02  1.3454240136e-03  2.5301498015e-03  -2.1029615191e-04  2.5688728231e-03  6.9494960130e-04  1.0039313979e-03  5.7770052274e-04  1.0153689553e-03  8.7274103758e-04  1.6228035115e-03  8.2832279678e-04  2.0267642995e-03  1.3397508372e-03  1.2415959544e-03  2.5489945867e-03  1.2087802906e-03  -1.5700160851e-03  1.4632439440e-03  -2.2933464465e-05  1.1843771841e-03  -9.1103328884e-04  1.2510464188e-03  -1.2328681288e-03  1.2654373421e-03  
5.2492456436e+00  6.6899615526e-01  1.2228925712e-02  4.7249437277e-03  2.4582702161e-03  2.1185674283e-03  2.4332092261e-03  -4.3280008129e-04  1.2078208272e-03  1.9339756735e-05  1.3883043468e-03  -1.2902833583e-03  1.2540955756e-03  -1.6864172756e-03  1.1598267065e-03  4.7126210469e-04  1.6269457312e-03  5.7942166551e-04  1.5822558889e-03  -2.9786099723e-03  1.2534484738e-03  -1.7414160574e-03  1.3890208039e-03  1.6345635558e-03  1.2816022027e-03  1.4312669055e-03  1.2770756679e-03  
5.3491859436e+00  6.0663706064e-01  1.0820637457e-02  6.6099724333e-03  2.2113873435e-03  4.6479304568e-03  1.4734222843e-03  6.7004865203e-04  1.2846089682e-03  -4.9695906444e-04  1.3262467333e-03  -1.8361257811e-03  2.1510621335e-03  -6.1974123540e-04  1.9531803127e-03  1.8709011433e-03  1.8376843549e-03  3.9551479086e-03  1.6366096235e-03  -6.5104634773e-04  1.7274478968e-03  6.7132391001e-04  1.7939547577e-03  -6.0323477448e-04  1.3777198648e-03  -1.2017897305e-03  1.5664169094e-03  
5.4491252899e+00  5.4575788975e-01  9.7762150690e-03  3.1800598182e-03  2.1703512476e-03  7.6619291183e-04  1.4026577612e-03  -1.7115690446e-03  1.1687586531e-03  -1.4825874752e-03  1.2247661184e-03  2.0304942012e-03  1.2920201784e-03  3.0437117366e-03  1.1644948357e-03  1.2894072653e-03  1.2501030088e-03  1.7933787847e-03  1.3081244142e-03  2.7354055878e-03  1.5877056217e-03  1.4798893648e-03  1.6993865353e-03  3.3002653814e-04  1.4289108640e-03  2.5438214332e-03  1.3740217523e-03  
5.5490336418e+00  4.8852983117e-01  8.8363382965e-03  3.1827652176e-03  2.2883801024e-03  2.8518665278e-03  2.3197732432e-03  4.6819894179e-04  1.5431933170e-03  2.0843131757e-04  2.0096205876e-03  -1.2622215296e-03  1.9263595338e-03  -5.4933054210e-04  2.3162389358e-03  -1.1245640142e-03  1.6461824955e-03  -5.9003343883e-04  1.7115113748e-03  6.4145325688e-04  1.6330698999e-03  -1.5746717922e-03  1.7669767716e-03  8.3956312186e-04  1.8769795238e-03  3.2027766432e-03  1.8575932658e-03  
5.6490964890e+00  4.3421882391e-01  8.2593578845e-03  1.9955735990e-03  3.1690369070e-03  -9.5777605770e-04  3.0687203759e-03  1.5666160438e-03  1.6142356946e-03  1.8752653054e-03  1.8834504999e-03  2.0370929756e-03  1.5004161571e-03  2.3806598275e-03  1.2866175737e-03  2.7775701113e-04  1.5730473309e-03  7.4751296171e-05  1.3655399632e-03  -1.7134306800e-03  2.0566617883e-03  -1.1086999970e-03  2.4144999325e-03  1.9327358281e-03  1.6215385153e-03  -6.5420897940e-05  1.3174516711e-03  
5.7488865852e+00  3.8445964456e-01  7.6042306609e-03  5.6806055238e-04  2.3785796331e-03  1.8157219560e-04  1.8874503926e-03  -4.0432705391e-06  1.8259682903e-03  -7.8263568599e-04  1.6089131590e-03  1.1802449806e-03  1.8070763681e-03  9.5961250235e-04  1.5186059305e-03  -4.9504501013e-03  1.7472889647e-03  -1.9895105304e-03  1.8401914848e-03  1.2779585965e-03  1.9924573922e-03  -1.2570745137e-03  2.1370195465e-03  -3.7606500270e-03  1.6522373392e-03  -5.8645776710e-04  1.6154767339e-03  
5.8488602638e+00  3.3923643827e-01  7.2404611856e-03  3.0375280565e-03  2.4693465404e-03  2.2185013240e-03  2.0293268762e-03  4.0565805481e-04  1.9291943225e-03  -6.6844302800e-04  2.2515604849e-03  -2.9959440903e-04  2.0192451725e-03  -2.1850351667e-03  2.3571063959e-03  -8.2325329960e-04  1.9489569884e-03  7.2272548264e-05  1.9954931809e-03  2.2503884345e-03  1.9033162482e-03  7.4285802744e-04  1.9848238936e-03  -7.2000776645e-04  2.5075130944e-03  1.2079608355e-03  2.8111947896e-03  
5.9488077164e+00  2.9767948389e-01  6.8552270532e-03  4.8075923150e-03  2.9430521567e-03  4.8364812071e-03  2.8353230577e-03  6.5900610032e-04  2.0555942110e-03  4.7293583985e-04  2.1233165722e-03  -1.9120798663e-04  3.4999487828e-03  -3.5800832200e-03  2.5153051368e-03  4.7649160840e-05  2.8242757141e-03  -1.0099351691e-03  2.5619709029e-03  5.8624616101e-05  2.4212570864e-03  -3.0444610094e-03  2.5185071246e-03  5.4211369128e-04  2.1754373345e-03  -4.9141396166e-04  2.0493504524e-03  
6.0487937927e+00  2.5929549336e-01  6.4759254456e-03  2.3669061793e-03  3.1456019888e-03  1.5740565254e-03  3.0601496551e-03  1.0532249425e-03  1.8709611809e-03  1.2304501773e-04  1.8696411366e-03  2.0908585593e-03  1.9328644641e-03  1.9320907090e-03  1.8154352204e-03  -4.6664622552e-04  1.8503023971e-03  -9.3202753621e-04  2.0248512790e-03  -1.2037238208e-03  2.8442032724e-03  -1.2279856975e-03  2.9193604146e-03  1.7500396180e-03  2.3350622126e-03  1.2570082635e-03  2.2069517005e-03  
6.1487078667e+00  2.2484466434e-01  6.0612927191e-03  5.1542584849e-04  2.4312555596e-03  4.4194679927e-04  2.3997509392e-03  -1.1484106926e-04  2.0150429061e-03  8.5479851771e-04  1.8508617981e-03  1.4379925839e-03  2.9460514220e-03  -1.3191502586e-03  1.9522992633e-03  -1.1156174822e-03  2.7494776983e-03  -2.9721208349e-03  2.2553256346e-03  9.7922084996e-04  2.6367029696e-03  8.9741148080e-04  2.7635825001e-03  3.8465437219e-04  3.0307951065e-03  -3.5864132651e-03  2.8899967479e-03  
6.2486910820e+00  1.9419194758e-01  5.6156744249e-03  9.0472180722e-04  2.6841314054e-03  3.1987249219e-03  2.2564266648e-03  2.9427334524e-03  2.4500943645e-03  3.6108731791e-03  2.7168708741e-03  2.8529398236e-03  2.5016608299e-03  2.2438551716e-03  2.7622467527e-03  -2.3101447460e-04  2.5168481643e-03  2.5771661312e-03  2.1986206169e-03  5.8321694096e-04  2.4671840897e-03  1.8421065280e-04  2.2602968903e-03  -1.1606479767e-03  2.6759277522e-03  -3.8449543348e-03  2.6995499848e-03  
6.3486108780e+00  1.6681911051e-01  5.1870155148e-03  1.8091904254e-03  3.0823306465e-03  7.6101680896e-04  3.4989508479e-03  2.6708655986e-03  3.2683754685e-03  2.5285193685e-03  4.0284347787e-03  -1.1980655603e-04  3.7126803696e-03  2.2272300658e-03  3.2820521214e-03  -1.2925937293e-03  3.5960538676e-03  2.6109185296e-03  4.1302636789e-03  -2.5780396172e-04  2.9676779588e-03  -2.6307030734e-03  3.8303860451e-03  1.1655690561e-03  2.4082393536e-03  2.1221912834e-03  2.6063605892e-03  
6.4486656189e+00  1.4265878499e-01  4.6994150616e-03  -4.9923730354e-04  4.1691667397e-03  -4.7564103153e-04  3.7802321681e-03  -8.6157876404e-04  3.1623273985e-03  -1.9997882466e-03  3.8140415907e-03  -6.8561734670e-07  3.9635012301e-03  2.3882616010e-04  2.9186146569e-03  8.2596397474e-03  3.8786742410e-03  3.2375699957e-03  3.4515086642e-03  8.0881942553e-04  3.4788222663e-03  -1.3568058477e-03  4.2984354723e-03  2.5040694092e-03  3.5186259724e-03  -2.2814865343e-03  3.6059385209e-03  
6.5484433174e+00  1.2146933377e-01  4.2760521173e-03  -1.5898553693e-03  3.6444719651e-03  -4.3268799559e-04  4.0176672871e-03  -2.6717248256e-03  4.1344373673e-03  -1.4773521450e-03  4.6082656356e-03  4.0590971000e-03  7.6473437029e-03  4.7969621243e-03  5.5934603057e-03  -1.4504083199e-03  3.7215692805e-03  6.1550334022e-04  3.9783396788e-03  -2.4302596433e-03  5.0536755303e-03  1.4503013636e-03  5.6463491191e-03  -3.3447824974e-03  2.9295848654e-03  1.3317240150e-03  3.6899111971e-03  
6.6483497620e+00  1.0354958475e-01  3.9209253155e-03  -1.0370361112e-03  4.5133342226e-03  -1.5984836758e-04  5.5624201968e-03  4.8493601346e-04  3.3004938143e-03  -9.3349472490e-04  3.1843403245e-03  5.4233776612e-03  6.0704727070e-03  9.1449528581e-03  7.8333338327e-03  7.3923507268e-03  3.8439074590e-03  9.3809493475e-03  4.8187184311e-03  3.3145051724e-04  4.5459185274e-03  -1.1343509903e-03  5.3731173624e-03  -6.5029907534e-03  4.8418822882e-03  -7.6808210044e-03  7.0372269741e-03  
6.7485771179e+00  8.8172465563e-02  3.5478975624e-03  -5.7071261654e-03  4.9953430921e-03  4.5787789550e-03  4.9422284762e-03  4.0229500321e-03  4.3307447437e-03  5.5643748005e-03  5.4881659364e-03  4.4583081558e-03  5.4714429307e-03  4.5182904958e-03  5.6028547502e-03  -8.8605252332e-03  4.4266735633e-03  -1.3708591019e-03  4.4585166171e-03  -8.5488470678e-04  5.1360498718e-03  3.6393003158e-03  6.7373658498e-03  -6.2081571336e-03  5.7431045586e-03  -2.2100597654e-04  5.2799078507e-03  
6.8483557701e+00  7.3753856122e-02  3.1863055192e-03  -1.7997921669e-04  7.6419725501e-03  6.1713344826e-03  5.4052771286e-03  1.0461005080e-03  5.6374751412e-03  2.3452118360e-03  7.3337858589e-03  4.8587626602e-03  4.9537965390e-03  6.3478303883e-03  5.7236347418e-03  4.2525441989e-04  8.5972779020e-03  4.6867843386e-04  8.7846133475e-03  -2.1174024014e-03  7.3454492548e-03  -9.5607117365e-03  8.6370269714e-03  -6.9395373053e-03  5.6980042224e-03  -3.9386031722e-03  5.7947721590e-03  
6.9482932091e+00  6.1466168612e-02  2.9060235247e-03  -1.8881351345e-02  1.0476342027e-02  8.0519007189e-04  6.8317164553e-03  1.3479494518e-02  6.3311171305e-03  1.3763636617e-02  7.7511498038e-03  6.3586307295e-03  6.5635166548e-03  3.1408939881e-03  7.4803790795e-03  -1.0690527422e-02  7.8254009837e-03  -1.3481342775e-02  7.8561494336e-03  -6.2214093739e-03  7.1409326543e-03  5.8213519540e-03  8.0690303648e-03  7.0727052006e-03  5.4177453910e-03  -1.9527365748e-03  7.1861632401e-03  
7.0485243797e+00  5.2878286690e-02  2.7684685774e-03  -6.7956500648e-03  1.4353818578e-02  2.4578889035e-03  5.8874464050e-03  4.8981200885e-03  6.8399813349e-03  1.7208397268e-03  8.4280559630e-03  1.9358014745e-02  8.7003506273e-03  1.3089645226e-02  6.4889684162e-03  1.7443642042e-03  8.7976803616e-03  -5.0475682890e-03  8.3564799751e-03  -9.0211484134e-04  8.2473731340e-03  1.5579767354e-02  1.1241945276e-02  -1.2746029514e-02  6.6310814277e-03  -6.2059113047e-04  9.8891136841e-03  
