#pT  vn{4}  vn{4}_err
1.0873512179e-01  0.0000000000e+00  0.0000000000e+00  8.0556217603e-02  2.5667384130e-01  0.0000000000e+00  0.0000000000e+00  
2.0427885652e-01  0.0000000000e+00  0.0000000000e+00  7.1238513601e-02  1.2650733961e-01  0.0000000000e+00  0.0000000000e+00  
3.0461367965e-01  0.0000000000e+00  0.0000000000e+00  1.5002331326e-01  1.3847001460e-01  0.0000000000e+00  0.0000000000e+00  
3.9963862300e-01  0.0000000000e+00  0.0000000000e+00  1.6268206962e-01  1.2164825609e-01  0.0000000000e+00  0.0000000000e+00  
5.0053107738e-01  0.0000000000e+00  0.0000000000e+00  1.3170030789e-01  1.1462252911e-01  0.0000000000e+00  0.0000000000e+00  
6.0495394468e-01  0.0000000000e+00  0.0000000000e+00  4.7344995898e-02  8.9835800788e-02  0.0000000000e+00  0.0000000000e+00  
7.0101213455e-01  0.0000000000e+00  0.0000000000e+00  1.5004552878e-01  1.0252423882e-01  0.0000000000e+00  0.0000000000e+00  
7.9684638977e-01  0.0000000000e+00  0.0000000000e+00  6.3637872062e-02  7.9549701085e-02  1.0807359498e+00  3.1583444984e+01  
9.0008246899e-01  0.0000000000e+00  0.0000000000e+00  1.0276730565e-01  9.7808623821e-02  0.0000000000e+00  0.0000000000e+00  
9.9906969070e-01  0.0000000000e+00  0.0000000000e+00  7.2495276506e-02  1.0023979888e-01  0.0000000000e+00  0.0000000000e+00  
1.0970017910e+00  0.0000000000e+00  0.0000000000e+00  1.0913619734e-01  9.0759333087e-02  0.0000000000e+00  0.0000000000e+00  
1.2025341988e+00  0.0000000000e+00  0.0000000000e+00  1.0608843049e-01  1.2293519623e-01  0.0000000000e+00  0.0000000000e+00  
1.3006386757e+00  0.0000000000e+00  0.0000000000e+00  5.2967147522e-02  1.0129411066e-01  0.0000000000e+00  0.0000000000e+00  
1.3994692564e+00  0.0000000000e+00  0.0000000000e+00  2.1967443807e-01  1.1352926047e-01  0.0000000000e+00  0.0000000000e+00  
1.4978046417e+00  0.0000000000e+00  0.0000000000e+00  3.6713797012e-02  1.0087627480e-01  0.0000000000e+00  0.0000000000e+00  
1.5970283747e+00  0.0000000000e+00  0.0000000000e+00  6.4510693761e-02  1.1733005805e-01  1.4209643173e+00  3.5988619489e+01  
1.6977450848e+00  0.0000000000e+00  0.0000000000e+00  1.2677330622e-01  1.3833730914e-01  0.0000000000e+00  0.0000000000e+00  
1.8024301529e+00  0.0000000000e+00  0.0000000000e+00  3.6965100325e-02  5.1056708102e-01  0.0000000000e+00  0.0000000000e+00  
1.8949645758e+00  0.0000000000e+00  0.0000000000e+00  1.5692674359e-01  5.2020509904e-01  0.0000000000e+00  0.0000000000e+00  
2.0006096363e+00  0.0000000000e+00  0.0000000000e+00  9.7493023325e-02  2.6976617049e-01  0.0000000000e+00  0.0000000000e+00  
2.1023037434e+00  0.0000000000e+00  0.0000000000e+00  1.3628891173e-01  2.6916270021e-01  0.0000000000e+00  0.0000000000e+00  
2.1937377453e+00  0.0000000000e+00  0.0000000000e+00  3.0690605160e-01  3.3151496666e-01  0.0000000000e+00  0.0000000000e+00  
2.2917876244e+00  0.0000000000e+00  0.0000000000e+00  1.1198741082e-01  3.3895040107e-01  0.0000000000e+00  0.0000000000e+00  
2.4120571613e+00  0.0000000000e+00  0.0000000000e+00  6.3392932617e-02  1.1584733510e+00  0.0000000000e+00  0.0000000000e+00  
2.4799993038e+00  0.0000000000e+00  0.0000000000e+00  2.7913789372e-01  4.6239586798e-01  0.0000000000e+00  0.0000000000e+00  
2.5986611843e+00  0.0000000000e+00  0.0000000000e+00  2.3499259895e-01  6.5350335554e-01  0.0000000000e+00  0.0000000000e+00  
2.6867997646e+00  0.0000000000e+00  0.0000000000e+00  6.3233558947e-01  5.4938271087e-01  0.0000000000e+00  0.0000000000e+00  
2.7764787674e+00  0.0000000000e+00  0.0000000000e+00  1.8063594742e-01  2.5515584395e+00  0.0000000000e+00  0.0000000000e+00  
2.9075958729e+00  0.0000000000e+00  0.0000000000e+00  1.1984547179e+00  1.8517851493e+00  0.0000000000e+00  0.0000000000e+00  
3.0142319202e+00  0.0000000000e+00  0.0000000000e+00  3.7353755442e-01  8.7492560971e+00  0.0000000000e+00  0.0000000000e+00  
3.0566446781e+00  0.0000000000e+00  0.0000000000e+00  8.3903715223e-01  2.7463374042e-01  0.0000000000e+00  0.0000000000e+00  
3.1802933216e+00  0.0000000000e+00  0.0000000000e+00  1.1381372844e+00  3.1462611936e-01  0.0000000000e+00  0.0000000000e+00  
3.3341605663e+00  0.0000000000e+00  0.0000000000e+00  8.7827647360e-01  2.7847821833e-01  0.0000000000e+00  0.0000000000e+00  
3.3499999046e+00  0.0000000000e+00  0.0000000000e+00  0.0000000000e+00  0.0000000000e+00  0.0000000000e+00  0.0000000000e+00  
3.4500007629e+00  0.0000000000e+00  0.0000000000e+00  0.0000000000e+00  0.0000000000e+00  0.0000000000e+00  0.0000000000e+00  
3.5499992371e+00  0.0000000000e+00  0.0000000000e+00  0.0000000000e+00  0.0000000000e+00  0.0000000000e+00  0.0000000000e+00  
3.6500000954e+00  0.0000000000e+00  0.0000000000e+00  0.0000000000e+00  0.0000000000e+00  0.0000000000e+00  0.0000000000e+00  
3.7500000000e+00  0.0000000000e+00  0.0000000000e+00  0.0000000000e+00  0.0000000000e+00  0.0000000000e+00  0.0000000000e+00  
3.8499999046e+00  0.0000000000e+00  0.0000000000e+00  0.0000000000e+00  0.0000000000e+00  0.0000000000e+00  0.0000000000e+00  
3.9500007629e+00  0.0000000000e+00  0.0000000000e+00  0.0000000000e+00  0.0000000000e+00  0.0000000000e+00  0.0000000000e+00  
