#pT  vn{4}  vn{4}_err
1.0772060603e-01  0.0000000000e+00  0.0000000000e+00  1.0438977392e-03  7.5793212061e-03  0.0000000000e+00  0.0000000000e+00  
2.0310124755e-01  0.0000000000e+00  0.0000000000e+00  1.1013676222e-02  4.3855308583e-03  6.1880430223e-03  7.4008680723e-01  
3.0111089349e-01  0.0000000000e+00  0.0000000000e+00  2.1707370341e-02  3.9936041322e-03  0.0000000000e+00  0.0000000000e+00  
3.9989000559e-01  0.0000000000e+00  0.0000000000e+00  2.3522454727e-02  5.0525127902e-03  0.0000000000e+00  0.0000000000e+00  
4.9923765659e-01  0.0000000000e+00  0.0000000000e+00  2.9585452309e-02  4.9962488580e-03  0.0000000000e+00  0.0000000000e+00  
5.9853971004e-01  0.0000000000e+00  0.0000000000e+00  3.8656590870e-02  5.6836571001e-03  0.0000000000e+00  0.0000000000e+00  
6.9802474976e-01  0.0000000000e+00  0.0000000000e+00  4.1950278767e-02  7.4554437515e-03  0.0000000000e+00  0.0000000000e+00  
7.9779571295e-01  0.0000000000e+00  0.0000000000e+00  5.0681854385e-02  7.6638344565e-03  0.0000000000e+00  0.0000000000e+00  
8.9765179157e-01  0.0000000000e+00  0.0000000000e+00  4.8394820287e-02  1.1461712520e-02  0.0000000000e+00  0.0000000000e+00  
9.9706113338e-01  0.0000000000e+00  0.0000000000e+00  5.6590493305e-02  1.1141156649e-02  0.0000000000e+00  0.0000000000e+00  
1.0971668959e+00  0.0000000000e+00  0.0000000000e+00  4.4976020709e-02  1.7628680286e-02  0.0000000000e+00  0.0000000000e+00  
1.1968791485e+00  0.0000000000e+00  0.0000000000e+00  2.9338242971e-02  2.3588200940e-02  0.0000000000e+00  0.0000000000e+00  
1.2966657877e+00  0.0000000000e+00  0.0000000000e+00  4.6452896568e-02  1.9428032252e-02  0.0000000000e+00  0.0000000000e+00  
1.3965229988e+00  0.0000000000e+00  0.0000000000e+00  4.8148965140e-02  2.0008149539e-02  0.0000000000e+00  0.0000000000e+00  
1.4967482090e+00  0.0000000000e+00  0.0000000000e+00  5.1141549577e-02  2.0236248781e-02  0.0000000000e+00  0.0000000000e+00  
1.5969693661e+00  0.0000000000e+00  0.0000000000e+00  6.3421312502e-02  2.1787465371e-02  0.0000000000e+00  0.0000000000e+00  
1.6964948177e+00  0.0000000000e+00  0.0000000000e+00  4.2479006452e-02  3.8488940769e-02  0.0000000000e+00  0.0000000000e+00  
1.7972010374e+00  0.0000000000e+00  0.0000000000e+00  9.6649992423e-03  2.0375394252e-01  7.1560564339e-02  2.2887218181e+00  
1.8955971003e+00  0.0000000000e+00  0.0000000000e+00  9.6687479318e-02  4.1167249515e-02  8.9689730196e-02  2.2409503605e+00  
1.9971187115e+00  0.0000000000e+00  0.0000000000e+00  1.1706428783e-01  4.9520669993e-02  0.0000000000e+00  0.0000000000e+00  
2.0970730782e+00  0.0000000000e+00  0.0000000000e+00  6.8615398198e-02  7.9464432828e-02  0.0000000000e+00  0.0000000000e+00  
2.1955440044e+00  0.0000000000e+00  0.0000000000e+00  2.6313685304e-02  8.0343062606e-02  0.0000000000e+00  0.0000000000e+00  
2.2964277267e+00  0.0000000000e+00  0.0000000000e+00  1.4486423618e-01  7.5174540216e-02  0.0000000000e+00  0.0000000000e+00  
2.3952314854e+00  0.0000000000e+00  0.0000000000e+00  1.0132570518e-01  1.1771925520e-01  0.0000000000e+00  0.0000000000e+00  
2.5015716553e+00  0.0000000000e+00  0.0000000000e+00  5.6684806374e-02  1.1987774452e+00  0.0000000000e+00  0.0000000000e+00  
2.5976576805e+00  0.0000000000e+00  0.0000000000e+00  1.6075986674e-01  1.9126551631e-01  0.0000000000e+00  0.0000000000e+00  
2.6903388500e+00  0.0000000000e+00  0.0000000000e+00  1.9447419332e-01  1.9026561996e-01  0.0000000000e+00  0.0000000000e+00  
2.7972598076e+00  0.0000000000e+00  0.0000000000e+00  3.0662700384e-01  3.0140659275e-01  0.0000000000e+00  0.0000000000e+00  
2.9052224159e+00  0.0000000000e+00  0.0000000000e+00  1.3004879288e-01  5.7949920097e-01  0.0000000000e+00  0.0000000000e+00  
3.0049283504e+00  0.0000000000e+00  0.0000000000e+00  9.0240370264e-02  5.4136178078e-01  0.0000000000e+00  0.0000000000e+00  
3.0800280571e+00  0.0000000000e+00  0.0000000000e+00  5.8389234200e-01  1.9118848044e+00  0.0000000000e+00  0.0000000000e+00  
3.2018160820e+00  0.0000000000e+00  0.0000000000e+00  1.8024124794e-01  2.4899923928e+00  0.0000000000e+00  0.0000000000e+00  
3.2927474976e+00  0.0000000000e+00  0.0000000000e+00  1.1456945891e-01  1.6522592808e+00  0.0000000000e+00  0.0000000000e+00  
3.3499999046e+00  0.0000000000e+00  0.0000000000e+00  0.0000000000e+00  0.0000000000e+00  0.0000000000e+00  0.0000000000e+00  
3.5165812969e+00  0.0000000000e+00  0.0000000000e+00  9.0689588866e-01  4.2051939011e+00  0.0000000000e+00  0.0000000000e+00  
3.5499992371e+00  0.0000000000e+00  0.0000000000e+00  0.0000000000e+00  0.0000000000e+00  0.0000000000e+00  0.0000000000e+00  
3.7196731567e+00  0.0000000000e+00  0.0000000000e+00  2.6429048013e+00  1.2530217265e+00  0.0000000000e+00  0.0000000000e+00  
3.8208961487e+00  0.0000000000e+00  0.0000000000e+00  2.0820448648e+00  6.7671971503e-01  0.0000000000e+00  0.0000000000e+00  
3.8499999046e+00  0.0000000000e+00  0.0000000000e+00  0.0000000000e+00  0.0000000000e+00  0.0000000000e+00  0.0000000000e+00  
3.9500007629e+00  0.0000000000e+00  0.0000000000e+00  0.0000000000e+00  0.0000000000e+00  0.0000000000e+00  0.0000000000e+00  
