#pT  dN/(2pi dy pT dpT)  dN/(2pi dy pT dpT)_err  vn{SP}  vn{SP}_err
9.7312927246e-02  6.8423831570e-03  1.9368565349e-03  1.4992724298e-01  2.9026710458e-01  -8.7038389198e-02  2.8628947864e-01  1.5854873216e-01  1.8927730808e-01  2.5275454033e-01  4.9458452261e-01  3.5744565661e-02  3.5602528282e-01  4.7537131140e-01  8.3246789961e-01  
2.0675909519e-01  8.7972610438e-03  2.0025623954e-03  4.5676734086e-02  1.4849501589e-01  -1.1140110418e-01  1.7746359981e-01  8.0602122367e-02  2.0342498178e-01  2.7590895082e-01  2.6488531375e-01  -3.1480281084e-01  4.1089587120e-01  -1.8452314160e-01  2.7172032499e-01  
3.0010110140e-01  6.2053134386e-03  1.0956158348e-03  -2.7079727047e-02  1.4186863501e-01  1.2504527088e-01  1.3443628458e-01  -1.9354853931e-01  9.7146277742e-02  3.7166420144e-02  3.0887914778e-01  1.9347837574e-01  3.1469681803e-01  7.2117384919e-01  3.7767628101e-01  
4.0284204483e-01  6.7190534574e-03  9.3970303695e-04  -5.3426079565e-03  1.0018360699e-01  1.1174568686e-01  1.0672383504e-01  -1.1112719166e-01  1.0496438560e-01  -8.5340419242e-02  2.9453882440e-01  4.4113845017e-01  2.3042903110e-01  3.0000040555e-01  2.6808505641e-01  
5.0474894047e-01  6.1668758492e-03  9.7246550896e-04  -1.4118790599e-02  1.2361337253e-01  -4.9432268904e-02  7.4594560118e-02  1.0421859837e-01  1.2420699011e-01  2.7535525050e-01  2.0937360022e-01  9.3943402942e-03  1.7390095456e-01  -4.6577820653e-01  2.8543884316e-01  
6.0202330351e-01  6.5462233702e-03  9.1162005799e-04  -2.8479939502e-02  1.0033814053e-01  -3.1818405471e-02  8.3282699846e-02  1.2360330531e-01  1.2110340270e-01  -1.1199946350e-01  1.5784229831e-01  -2.3679244019e-01  2.1066042342e-01  1.5149979921e-01  1.6706700946e-01  
7.0224672556e-01  7.4928887603e-03  9.0552826640e-04  2.5137439796e-02  8.0979854545e-02  5.8278605541e-02  7.6888909519e-02  -1.9525874333e-02  8.2936540652e-02  -2.0295174351e-01  1.3416025200e-01  6.9672286581e-02  1.5851975236e-01  -1.3317853750e-01  2.6301776475e-01  
7.9879337549e-01  5.6181433430e-03  7.1758519787e-04  9.5182774536e-02  7.1726403756e-02  -5.9167862711e-02  8.7442657898e-02  1.5736835151e-01  1.0259197936e-01  7.2390435766e-02  1.3918699561e-01  4.6458628710e-02  2.3941420831e-01  -1.9406773779e-01  2.3348087060e-01  
8.9945358038e-01  4.8148631488e-03  5.2236199264e-04  -2.3588251420e-02  1.1510973177e-01  9.0370875949e-02  8.0877084990e-02  -9.5287151174e-02  9.8084232073e-02  1.1491935390e-01  1.4283455996e-01  -2.9260247648e-01  2.0831086912e-01  -5.7052422369e-02  2.5622721512e-01  
9.9800741673e-01  5.4242394574e-03  6.6768500128e-04  5.1968318543e-02  6.6680493680e-02  -4.9875839467e-02  6.2776068879e-02  -1.5808290548e-01  7.7192024814e-02  7.0911058372e-02  1.1849052770e-01  -2.5240861325e-01  1.6540184284e-01  -1.5691940299e-02  1.5529921373e-01  
1.1010360718e+00  4.9756714540e-03  5.2810416622e-04  -6.3880992343e-02  7.2612801408e-02  -1.6599019601e-03  7.4298222055e-02  -4.1415189756e-02  8.0030460243e-02  -9.6163611108e-02  1.4027598727e-01  1.6364960018e-01  1.3104567870e-01  -1.4838059934e-01  1.6407342701e-01  
1.1952316761e+00  3.9086920077e-03  4.4950106192e-04  2.0495522275e-01  9.4445878763e-02  -9.8518552360e-03  8.0048904872e-02  -7.4199575658e-02  8.3666302801e-02  -1.3399669829e-01  2.0449473342e-01  -3.6280702628e-02  2.1164551217e-01  -1.0984960779e-01  1.9671658126e-01  
1.3029478788e+00  4.7779709930e-03  4.6707695466e-04  7.6958412689e-02  7.7969199047e-02  -7.9419930348e-02  8.7685011786e-02  -1.2257512003e-01  1.0058929343e-01  6.5323506032e-02  1.4331125027e-01  3.9253193649e-02  1.5007642150e-01  -1.9973071363e-01  1.8178724614e-01  
1.4015537500e+00  3.8701753427e-03  4.3807973972e-04  4.2674504227e-02  8.3020316418e-02  2.4536471672e-02  1.1362849711e-01  1.0237372150e-01  7.6619370337e-02  -2.6566098863e-02  1.7233863657e-01  3.3114128760e-01  1.8638766893e-01  1.1886282425e-03  1.6488352681e-01  
1.4986863136e+00  2.9691610981e-03  3.1403698524e-04  -5.7812316468e-02  9.5136521790e-02  9.3742126062e-02  9.3910422510e-02  1.3953828676e-01  1.0878705112e-01  1.1423299728e-01  2.1455948547e-01  -2.3695724736e-01  2.1453158772e-01  -1.0034905175e-01  1.6975325384e-01  
1.5973476171e+00  2.4468676516e-03  3.4513994703e-04  1.6144208849e-01  9.6744862763e-02  1.8417279889e-03  6.5134138769e-02  -3.0552424565e-02  8.7809366919e-02  3.8467208987e-03  2.2999835377e-01  5.3560331051e-02  2.8161210127e-01  -4.1635035348e-01  2.2823559554e-01  
1.6938772202e+00  2.1540249883e-03  2.9824731571e-04  -4.2496962322e-03  9.7915412722e-02  1.1726378359e-04  1.3621579944e-01  -7.9238395039e-02  1.0927328179e-01  1.2842308096e-01  2.2380842524e-01  -1.6969061863e-01  2.0344562477e-01  3.1988375804e-01  2.6201119467e-01  
1.8013542891e+00  1.3343098389e-03  2.2538643962e-04  -2.4174744664e-02  1.2512928724e-01  3.2962569692e-02  1.2017566828e-01  1.1725704131e-01  1.4785332162e-01  1.7547920593e-01  2.4756852851e-01  7.1341594425e-02  2.6686538722e-01  -2.4603284130e-01  3.1244163418e-01  
1.8936207294e+00  1.5008560569e-03  1.8143644650e-04  8.8454732263e-02  1.2405509758e-01  2.2473042624e-02  1.1830709827e-01  8.2584657105e-02  1.3440910215e-01  -9.1920649546e-03  2.0758343120e-01  -2.4020553939e-01  2.1850104504e-01  1.9817135954e-01  2.4589058078e-01  
1.9962699413e+00  8.9759716501e-04  1.6780300720e-04  -9.3153499780e-02  1.4118044071e-01  -1.3405610794e-01  1.1350269872e-01  8.1319865749e-02  1.8075093938e-01  4.0417028630e-01  2.3928002920e-01  -5.3962406268e-01  4.4217977246e-01  -4.0779730376e-01  4.0310214365e-01  
2.0963747501e+00  9.8643204375e-04  2.2132383005e-04  -2.6080043059e-01  1.3924416352e-01  1.9124299922e-01  1.4179106400e-01  -7.0722797314e-02  1.5446270643e-01  1.5094963061e-01  1.6639109700e-01  -6.4372180062e-02  2.3576280536e-01  -9.9036713585e-02  2.5918089672e-01  
2.1876528263e+00  7.2009098783e-04  1.5869528123e-04  -9.6503797737e-02  1.2048990003e-01  -1.3082673167e-01  1.5301006704e-01  8.9549841055e-02  1.3537958568e-01  -2.2452364290e-01  3.9898921376e-01  1.7014130880e-02  4.0584882631e-01  4.3110520947e-01  4.2445639680e-01  
2.2969286442e+00  4.8314690620e-04  1.1062842298e-04  -1.9821218038e-01  1.4988251561e-01  1.4360674116e-02  2.0650121024e-01  1.1641184964e-02  1.5422469430e-01  1.8817941661e-01  3.3828380258e-01  -3.4991296354e-01  5.9441175153e-01  4.2145258834e-01  4.1952622025e-01  
2.4014453888e+00  3.2686476644e-04  9.8567719491e-05  4.0101320862e-02  2.9838422396e-01  -1.9140326555e-02  1.7938036202e-01  3.4088830013e-03  1.7147457307e-01  2.6479000609e-01  3.7134543813e-01  1.6887931985e-01  3.4764175157e-01  -2.0452808268e-01  3.5903232200e-01  
2.5078365803e+00  3.3890132866e-04  8.0939385995e-05  -4.9739596669e-02  2.2603147217e-01  -3.2188947690e-02  1.7115270432e-01  -2.1789388146e-01  2.7492108761e-01  1.0311025068e-01  4.2100889617e-01  -3.1998910805e-03  3.9070842306e-01  6.4074689449e-01  3.7056768588e-01  
2.6088430882e+00  3.3200516408e-04  9.7450336183e-05  -2.5400972168e-01  2.4090733456e-01  2.2525432070e-01  1.4435999116e-01  -2.8504619767e-01  1.2020700218e-01  2.7029754398e-01  3.8615232871e-01  5.0915739398e-01  6.0272512863e-01  -1.9144712836e-01  3.8699133333e-01  
2.6966524124e+00  1.4453742638e-04  5.5276548279e-05  -1.1773338139e-01  2.4030982913e-01  -3.2822859386e-01  2.4405051359e-01  1.2326937928e-01  2.3815173859e-01  7.3898485895e-01  3.3155280662e-01  -2.6222432519e-01  3.2146126355e-01  -9.2170987225e-01  6.6141588997e-01  
2.7868428230e+00  1.6899723090e-04  5.9382323800e-05  4.6160740011e-02  3.0822331037e-01  2.5860827090e-02  3.3270653217e-01  1.4039953173e-01  4.1487251085e-01  -8.0829552201e-01  9.3360972555e-01  6.0467885819e-01  8.4692601744e-01  -1.4599033032e+00  7.2221104947e-01  
2.8928291798e+00  8.9823758623e-05  4.3039741152e-05  -1.2922558303e-01  3.3165564968e-01  -2.6021312031e-01  6.2048917036e-01  -5.9156162660e-01  4.7682423113e-01  1.8816358048e-01  1.0324104275e+00  5.6417186565e-01  9.6144837717e-01  1.3646443990e-01  1.4550979806e+00  
3.0181510448e+00  4.3047015560e-05  2.9811176406e-05  -9.0182735231e-01  3.6572373354e-01  2.4217030300e-01  5.7913449277e-01  -4.4984086507e-01  1.6735679371e+00  -3.7238546887e-01  2.0346330968e-01  1.4957172844e+00  1.6645404094e+00  -2.9467861635e-01  8.6331170392e-01  
3.1067979336e+00  2.0909375556e-05  2.0694920079e-05  nan  nan  nan  nan  nan  nan  nan  nan  nan  nan  nan  nan  
3.1688466072e+00  7.8583144938e-05  3.7769773092e-05  8.5980469265e-01  5.6360166007e-01  -2.4545250425e-01  9.7689165956e-02  5.4291120074e-01  3.6104553810e-01  7.1249655728e-01  2.7317483798e-01  9.6574246543e-01  5.1396985831e-01  -1.3337473896e+00  1.3818474183e+00  
3.2812271118e+00  3.9595672766e-05  2.7421031874e-05  -5.6900344234e-01  1.8068797133e-01  -5.0733799098e-01  3.2064777504e-01  2.0265920405e-01  7.2875167922e-01  4.1005652455e-01  5.0652352809e-01  2.6214806755e-01  1.2858531721e+00  -9.0807986774e-01  1.3396224270e+00  
3.3500001431e+00  0.0000000000e+00  0.0000000000e+00  nan  nan  nan  nan  nan  nan  nan  nan  nan  nan  nan  nan  
3.4500000477e+00  0.0000000000e+00  0.0000000000e+00  nan  nan  nan  nan  nan  nan  nan  nan  nan  nan  nan  nan  
3.6096105576e+00  3.5993470063e-05  2.4926412448e-05  -1.4596243742e-01  8.7471204477e-01  9.8078554710e-02  5.4331576400e-01  5.2803237199e-01  1.0336882720e+00  -7.8788804168e-01  6.8436424346e-01  2.9835073267e-01  1.5531545027e-01  -1.2097229446e+00  2.0284545507e+00  
3.6499998569e+00  0.0000000000e+00  0.0000000000e+00  nan  nan  nan  nan  nan  nan  nan  nan  nan  nan  nan  nan  
3.7500000000e+00  0.0000000000e+00  0.0000000000e+00  nan  nan  nan  nan  nan  nan  nan  nan  nan  nan  nan  nan  
3.8500001431e+00  0.0000000000e+00  0.0000000000e+00  nan  nan  nan  nan  nan  nan  nan  nan  nan  nan  nan  nan  
3.9500000477e+00  0.0000000000e+00  0.0000000000e+00  nan  nan  nan  nan  nan  nan  nan  nan  nan  nan  nan  nan  
