#pT  dN/(2pi dy pT dpT)  dN/(2pi dy pT dpT)_err  vn{SP}  vn{SP}_err
1.0809081793e-01  2.3798491822e-01  1.0926224111e-02  6.7675641421e-02  4.1135963217e-02  -9.0905664155e-03  3.9123884930e-02  -5.7205134380e-02  3.9485497048e-02  1.2788007110e-01  7.1446546751e-02  -4.5277049459e-02  5.4149275239e-02  1.9338854418e-02  4.1964936436e-02  
2.0345900953e-01  2.3530696681e-01  7.8229202075e-03  1.2737650767e-02  3.1798203557e-02  2.3399145623e-02  1.6281013594e-02  -5.2917984779e-03  2.0391854828e-02  -2.6283052162e-03  4.8995666871e-02  5.0221373415e-02  3.0068478865e-02  -2.2410778711e-02  3.2394000556e-02  
3.0319681764e-01  2.2274223660e-01  6.0068508021e-03  8.9821226060e-03  2.8412372217e-02  -1.3631998387e-02  2.1187008279e-02  -1.6163986801e-02  2.0355779432e-02  5.5169660421e-03  4.0460236684e-02  -3.3668816532e-02  2.2789115769e-02  -7.6461738433e-03  2.6656708789e-02  
4.0240409970e-01  2.1812580036e-01  6.4699427262e-03  -5.1771113583e-03  2.4554814067e-02  -1.5052506099e-02  2.0033712756e-02  3.5733037548e-03  1.9632944169e-02  -1.9244753067e-02  2.7829130296e-02  -1.4145272737e-02  2.1859644584e-02  2.4514306784e-02  1.8281096992e-02  
5.0092720985e-01  2.1221019128e-01  5.2140303698e-03  -9.1544974738e-03  2.4629734842e-02  -8.3607138371e-03  1.5361752229e-02  9.2786018668e-03  1.6855441970e-02  -1.3806553178e-02  3.0601599291e-02  2.9735054140e-03  2.4860040936e-02  -5.3418852945e-03  2.5074468374e-02  
6.0103678703e-01  1.9911247571e-01  4.8447580654e-03  -3.6174057778e-02  2.4768418315e-02  1.2213410901e-02  1.3600988194e-02  1.4435704942e-02  1.5468075543e-02  -4.5266803552e-05  2.6011156695e-02  3.8780540258e-03  1.5687297560e-02  -2.0327743162e-02  2.3685602827e-02  
7.0047736168e-01  1.8994478415e-01  4.2661694519e-03  7.8005027805e-03  1.6902602828e-02  3.0812878850e-02  1.2986958648e-02  -4.0102650233e-03  1.5586416260e-02  3.1510957016e-02  3.5777320275e-02  6.8451672934e-03  1.7412510264e-02  1.2750082629e-02  1.4682957397e-02  
7.9956048727e-01  1.7764441031e-01  3.8174792747e-03  -2.0683225426e-02  1.6967161590e-02  1.7964854170e-02  1.3719545291e-02  3.9809053532e-04  1.3091945768e-02  -1.7160919025e-02  2.8780751093e-02  -1.8533646575e-02  1.6944731941e-02  -1.2455034448e-02  2.5558992371e-02  
9.0096193552e-01  1.5361149612e-01  3.1901530223e-03  -1.4633980314e-03  1.8971519386e-02  1.2629026293e-02  1.2975811810e-02  4.5123096156e-02  1.6286337164e-02  2.4263689213e-02  3.6731441144e-02  3.0210244778e-03  2.1626434850e-02  -1.6286852565e-02  1.7292216048e-02  
9.9958956242e-01  1.3380113868e-01  3.0507649821e-03  7.6096690102e-03  1.8252287185e-02  5.4293671625e-02  1.4496804936e-02  8.0421288002e-03  1.4523058430e-02  1.0578402256e-02  3.3482184369e-02  -3.3265343957e-02  2.4374450994e-02  -4.1972190346e-02  1.6134386406e-02  
1.0993882418e+00  1.1309181989e-01  2.5566799399e-03  -7.0587058898e-03  2.3957285952e-02  5.5238083136e-02  1.6382297294e-02  4.5160973917e-02  1.6247541654e-02  1.0947156715e-03  4.7314497827e-02  -2.7149346130e-03  2.3978020199e-02  -1.9295961497e-02  2.6632742136e-02  
1.1997216940e+00  9.6671152957e-02  2.6814501137e-03  -2.2194850757e-02  2.6065241920e-02  4.0481504258e-02  1.5878108905e-02  3.6625160944e-02  1.9267476123e-02  2.8014420930e-02  2.9424432312e-02  -2.8556030709e-02  2.1716692212e-02  1.3313441480e-02  1.8465435785e-02  
1.2994316816e+00  7.6304137463e-02  1.9753950038e-03  -2.8454081426e-02  2.8398812489e-02  5.0509045353e-02  1.4354223205e-02  4.7245327104e-02  1.7944868286e-02  -4.7610794394e-02  3.5492521895e-02  3.0661874757e-02  2.1529956391e-02  -1.9245235450e-02  1.7568622062e-02  
1.3987370729e+00  6.1404750535e-02  1.5351734086e-03  2.3642163929e-02  2.0887347221e-02  7.5847518352e-02  2.0561996999e-02  4.6360098403e-02  2.2509109986e-02  -1.3027076291e-02  4.9268153655e-02  4.2173090414e-02  2.6728141378e-02  -1.1029290159e-02  2.4415203202e-02  
1.4987866879e+00  4.8389917619e-02  1.3851807082e-03  -4.1106344209e-02  2.6656834447e-02  3.5558364120e-02  1.9616324972e-02  1.3561359227e-02  1.6603002433e-02  3.1774568106e-03  3.7273167959e-02  2.3645747615e-02  2.2864079112e-02  4.0468452069e-02  2.8869514026e-02  
1.5980550051e+00  3.5668487467e-02  1.5167330536e-03  5.8267871046e-02  2.9760062129e-02  3.7576276793e-02  2.3122601937e-02  3.2529458074e-02  1.8654952340e-02  -6.1508925384e-03  5.4175016619e-02  2.7288451355e-02  3.5406589513e-02  2.8224497949e-02  3.2747564348e-02  
1.6975120306e+00  2.5848575833e-02  9.3711402576e-04  6.0242278351e-03  3.1792302035e-02  1.3428349385e-01  2.4912694461e-02  5.2980826509e-02  2.0525722094e-02  -6.0403957795e-02  5.5202056004e-02  1.7543243505e-02  2.5763358153e-02  -2.1832118438e-02  3.5671153907e-02  
1.7988640070e+00  2.1508755985e-02  5.8046923189e-04  6.7162130611e-02  3.8046315747e-02  1.2885301377e-01  2.6334232110e-02  2.4181832139e-02  2.4464513332e-02  -1.1266945886e-02  4.1130443876e-02  3.9383698784e-03  3.1445261633e-02  7.7822202038e-02  3.7165116355e-02  
1.8977023363e+00  1.5720702761e-02  7.6260658002e-04  1.8149463649e-02  4.6850783414e-02  1.7442655924e-02  3.0852857615e-02  1.0478921275e-01  3.3560703457e-02  1.1769739684e-01  7.0155610727e-02  -7.8791075230e-03  4.9255578872e-02  3.9391194874e-02  3.5802491481e-02  
1.9956762791e+00  1.0368243415e-02  3.8893565701e-04  1.8694766889e-02  4.6338489412e-02  1.1848727626e-01  3.5300445797e-02  4.7981644555e-02  3.5393553856e-02  1.1531794689e-01  8.8227501217e-02  1.7788747803e-03  3.8100893620e-02  1.0885246108e-02  6.0563645496e-02  
2.1004757881e+00  7.9696574525e-03  4.7361938277e-04  6.6086143905e-02  7.2288289309e-02  1.4476308256e-01  4.1210814380e-02  2.1678490710e-02  4.2661907312e-02  -1.4214718164e-01  8.6863406913e-02  3.5752849016e-02  5.6418649396e-02  1.3359689379e-01  5.6368742128e-02  
2.1975159645e+00  5.5843077503e-03  3.7200565867e-04  1.9630865745e-01  6.8727113807e-02  -1.0095307085e-02  5.6408990806e-02  -3.6826485450e-02  4.3098432321e-02  -7.6163511752e-02  9.7482585645e-02  5.2213995453e-02  7.5823420243e-02  1.4891083696e-02  7.5864047319e-02  
2.2970693111e+00  4.6197326568e-03  3.6095472703e-04  5.0523944798e-02  7.3279168742e-02  5.1755123414e-02  4.7768625314e-02  -5.0081373081e-02  5.1589237677e-02  -3.9907001540e-02  9.6714882564e-02  -4.8592546394e-02  7.1284137162e-02  -3.5677844174e-02  7.3172248103e-02  
2.3990697861e+00  3.1160976071e-03  2.3722128193e-04  4.6602164777e-03  8.9552260340e-02  -6.3574716408e-02  5.6716634544e-02  9.1148745368e-02  6.2962927534e-02  2.2089539943e-01  1.8695264252e-01  -9.6471979850e-02  1.0172239110e-01  5.7630941679e-02  9.8119902310e-02  
2.5027894974e+00  1.6109728493e-03  1.7149883413e-04  2.8150673721e-02  1.3857601010e-01  8.7755037677e-02  9.2292057341e-02  -2.3310473947e-02  9.1363073156e-02  2.3258092244e-01  1.6630299600e-01  2.8522694894e-01  9.1830312855e-02  -5.5870849508e-02  1.0753287551e-01  
2.6020691395e+00  1.2174700460e-03  1.4941195820e-04  -6.9351903970e-02  1.5741225821e-01  -1.3604546721e-01  8.0765448861e-02  -4.0973093143e-02  8.1411156535e-02  1.5698561609e-01  1.2657588792e-01  -5.9814148841e-02  1.0160304976e-01  -6.5467964805e-02  1.0181613946e-01  
2.6955857277e+00  1.0346549860e-03  1.4050837037e-04  3.8295797165e-01  1.2366294048e-01  2.1222512566e-01  7.6169271936e-02  9.5177897690e-02  8.8988897470e-02  5.4832676338e-02  2.9989344771e-01  -1.0601524688e-01  1.9272326053e-01  1.7393398029e-01  1.1603080190e-01  
2.7940452099e+00  6.7920637168e-04  9.6228541989e-05  1.8879739991e-01  1.7946853017e-01  1.2413151454e-01  1.0267819469e-01  7.5748599583e-02  1.4396196768e-01  3.5798548926e-01  2.7099938185e-01  -4.4301777600e-02  1.7832780958e-01  1.9494384299e-02  1.8480320352e-01  
2.9015204906e+00  5.4434336760e-04  1.0014430249e-04  -3.8169926324e-02  2.0126661470e-01  4.7723351888e-02  1.5572502821e-01  2.1176321956e-01  1.2562404979e-01  -1.7574526059e-01  3.2598014616e-01  -1.1704047200e-01  1.6438103148e-01  1.9917678945e-01  2.0091262115e-01  
3.0005238056e+00  4.9859842512e-04  8.1307538600e-05  2.9076837669e-02  1.5908906117e-01  -1.7713234528e-01  1.2235325796e-01  9.5727896956e-03  1.5303322991e-01  -5.1211023733e-01  4.0773987099e-01  6.1142990991e-03  1.4013277036e-01  -2.3408355706e-01  1.8270033559e-01  
3.0955593586e+00  1.6403499364e-04  5.2465291265e-05  -1.3153494744e-01  3.0159969961e-01  2.5547709779e-01  1.9061868210e-01  7.4652322026e-02  1.8070784630e-01  -3.4069602483e-02  2.5201730039e-01  -7.3121408816e-02  2.3900031669e-01  2.3471381171e-02  4.1454155265e-01  
3.1960406303e+00  1.8733356594e-04  4.7318201257e-05  2.7118212358e-01  3.2810520126e-01  2.5887156821e-01  1.8044639012e-01  -1.1391372260e-01  2.2674130879e-01  -2.0318927502e-01  4.4034833639e-01  1.9991502672e-01  3.6734183827e-01  4.3751814385e-02  3.8710379191e-01  
3.2989866734e+00  1.3554147933e-04  4.6933847221e-05  -8.9196165213e-01  2.9013810511e-01  -5.9850745055e-02  3.4139897426e-01  -1.0240750597e-01  1.5398544798e-01  2.2263786519e-01  4.1672395653e-01  -8.7855467180e-02  2.5670894617e-01  -7.0931407392e-01  4.6137695362e-01  
3.4011030197e+00  8.6905179126e-05  4.4263775862e-05  1.2705588745e-01  4.3845244312e-01  5.6212720074e-01  6.5119065970e-01  -2.7424373763e-01  2.0527855387e-01  1.0482582876e-01  8.8062909542e-01  3.8990055992e-01  3.1735986264e-01  3.4996873153e-01  6.3505764687e-01  
3.5147941113e+00  2.8031369224e-05  1.9480463716e-05  3.9603655955e-01  9.5152454385e-01  6.1645180615e-01  1.1959771384e+00  3.7641336583e-02  1.1269312119e+00  -3.8619265744e-01  1.8304570235e-01  1.7007497146e+00  1.2939110645e+00  -1.4871365463e-01  9.3948336713e-01  
3.6443667412e+00  1.2477569611e-05  1.2352162448e-05  nan  nan  nan  nan  nan  nan  nan  nan  nan  nan  nan  nan  
3.6499996185e+00  0.0000000000e+00  0.0000000000e+00  nan  nan  nan  nan  nan  nan  nan  nan  nan  nan  nan  nan  
3.7500000000e+00  0.0000000000e+00  0.0000000000e+00  nan  nan  nan  nan  nan  nan  nan  nan  nan  nan  nan  nan  
3.9024012089e+00  2.7189231276e-05  1.8837246031e-05  5.1204953049e-01  3.1134708271e-01  -7.3985305978e-01  2.3371958034e-01  -8.4694530624e-01  1.1375654226e+00  9.6605531132e-01  9.5149151556e-01  1.8060776777e-01  3.5955622652e-01  -5.7287102526e-02  1.5764229393e+00  
3.9500000477e+00  0.0000000000e+00  0.0000000000e+00  nan  nan  nan  nan  nan  nan  nan  nan  nan  nan  nan  nan  
