#pT  dN/(2pi dy pT dpT)  dN/(2pi dy pT dpT)_err  vn{SP}  vn{SP}_err
1.0493630171e-01  9.9346836395e+00  8.2683378499e-02  4.4452235606e-03  7.4774260974e-04  2.4233398319e-03  4.5518824836e-04  -7.6850462737e-05  4.5314608861e-04  -2.2861208716e-04  4.4177821899e-04  -9.8444732912e-05  4.6215235925e-04  3.4974830148e-05  4.8612002461e-04  
1.9951359928e-01  6.3609899701e+00  5.0405586442e-02  9.1020689230e-03  1.3456499137e-03  1.0879175580e-02  7.6432254605e-04  4.5463636514e-04  3.5935730097e-04  6.0636409183e-04  3.9870730796e-04  -8.9273172114e-08  4.5209059502e-04  -4.0361872624e-07  4.0063078387e-04  
2.9799103737e-01  3.6178959328e+00  2.5621037072e-02  1.2377797909e-02  1.8775931857e-03  2.2636916530e-02  1.3442697242e-03  2.4969162576e-03  5.5100134320e-04  1.0478727565e-03  4.8223039782e-04  2.4289370546e-04  5.0206805776e-04  6.7441857530e-05  4.1492300573e-04  
3.9744722843e-01  2.0518741739e+00  1.3895697780e-02  1.5138853767e-02  2.2296999796e-03  3.7112999747e-02  2.0945396135e-03  4.3245965914e-03  5.0778598844e-04  2.7253735327e-03  5.1823102559e-04  1.5013211835e-04  4.2432550995e-04  1.9164346812e-04  5.4187086617e-04  
4.9716591835e-01  1.1868215790e+00  7.4889649817e-03  1.7103217307e-02  2.8589919632e-03  5.2066829211e-02  2.9583757499e-03  8.8035808130e-03  9.3995343003e-04  2.9140825142e-03  6.1112455203e-04  1.1257123980e-03  6.4934743898e-04  4.4073988943e-04  6.1893545122e-04  
5.9705549479e-01  6.9941496041e-01  4.4881919399e-03  1.6687407452e-02  2.9384213208e-03  6.9623066049e-02  3.9242465752e-03  1.3207366355e-02  1.2556664989e-03  5.2208835725e-03  8.8680456667e-04  4.1404820452e-04  7.4027697579e-04  5.5671511728e-04  8.6853412559e-04  
6.9704502821e-01  4.2016152927e-01  3.0195313920e-03  1.6292132602e-02  3.2806580212e-03  8.6309347529e-02  4.9299790814e-03  1.9381722541e-02  1.5417017981e-03  8.6529298527e-03  1.3978202435e-03  1.8314979497e-03  8.0303170635e-04  2.1666054356e-03  1.3345660147e-03  
7.9698348045e-01  2.5772960006e-01  2.1164076946e-03  1.5586105235e-02  3.3336666326e-03  1.0641824335e-01  6.3437520472e-03  2.5076191627e-02  2.2558309986e-03  1.2474808951e-02  1.7308817520e-03  1.5347499524e-03  1.0674970907e-03  2.1649215816e-03  1.2715823686e-03  
8.9705926180e-01  1.6079797374e-01  1.6520283435e-03  1.3617035047e-02  3.6870099390e-03  1.2001927339e-01  7.1687445930e-03  3.3658148375e-02  2.6070768728e-03  1.6531387098e-02  2.1176149033e-03  3.4759200845e-03  1.3932330883e-03  2.9482543018e-03  1.1682675418e-03  
9.9704754353e-01  1.0164239283e-01  1.2889375527e-03  9.3688967517e-03  4.5454582597e-03  1.3756383373e-01  8.4362031840e-03  3.9106033418e-02  3.8119148570e-03  2.2143733816e-02  2.7682035949e-03  4.0209122714e-03  2.0066296775e-03  3.3223525558e-03  1.4284010634e-03  
1.0972343683e+00  6.5880992287e-02  9.9283838429e-04  -4.6959635826e-04  4.8140825455e-03  1.5065949030e-01  9.3572458842e-03  4.4357874836e-02  3.7704718924e-03  3.0766995810e-02  3.2669525416e-03  8.4633433520e-03  2.6477760095e-03  4.4705495996e-03  2.0789447755e-03  
1.1973860264e+00  4.3237137213e-02  7.6273751165e-04  -1.0001340052e-02  7.1753606484e-03  1.5923687735e-01  9.7600536385e-03  4.6729027080e-02  4.8326331142e-03  3.6527182135e-02  4.4577053189e-03  6.0404319392e-03  2.4861295853e-03  4.7899528489e-03  3.3020876102e-03  
1.2975405455e+00  2.9293013272e-02  6.1901451405e-04  -1.7619088283e-02  8.5575900552e-03  1.6241616112e-01  1.0321332380e-02  5.2414378362e-02  5.5273423992e-03  4.3439529160e-02  5.0905550403e-03  6.2088526730e-03  3.4169814198e-03  5.3934296316e-03  3.5058560091e-03  
1.3977154493e+00  2.0370016413e-02  5.0229908399e-04  -3.3256235715e-02  1.1376413810e-02  1.6180841240e-01  1.1056235385e-02  5.5542985526e-02  6.5727689192e-03  4.1042375159e-02  5.4847823277e-03  1.4376350255e-02  3.6102828061e-03  1.0361011494e-02  3.9863828915e-03  
1.4979711771e+00  1.4592645744e-02  4.3843037185e-04  -4.6824635471e-02  1.4286790116e-02  1.6588689715e-01  1.0449645182e-02  5.7893621818e-02  7.2750223797e-03  5.3704958737e-02  7.2073869159e-03  1.5467070341e-02  4.6281655450e-03  2.1411122707e-02  5.4171183013e-03  
1.5979353189e+00  1.0812569385e-02  3.6617323759e-04  -6.2243870955e-02  1.7260745327e-02  1.6224744632e-01  1.2361039108e-02  5.1315662941e-02  7.8603372065e-03  6.1831518069e-02  8.9544760818e-03  1.2028367459e-02  3.8705094347e-03  1.9865617485e-02  5.5906556676e-03  
1.6983009577e+00  8.1636050675e-03  3.2484039280e-04  -7.5263019359e-02  2.1394265940e-02  1.5733173025e-01  1.2929544908e-02  5.0566702490e-02  8.2931821406e-03  6.3346156790e-02  1.1163585243e-02  1.1473933482e-02  6.4956661403e-03  1.6924110111e-02  6.4528396131e-03  
1.7981224060e+00  6.4006841571e-03  2.8298557913e-04  -8.9694616532e-02  2.5879933839e-02  1.4598106142e-01  1.3448165558e-02  4.8330116022e-02  9.3397262100e-03  6.7493714343e-02  8.9551836711e-03  1.4870942538e-03  8.2139922311e-03  2.3349299197e-02  5.6059509931e-03  
1.8988981247e+00  5.0689967644e-03  2.5333624902e-04  -9.7580033366e-02  2.6567579342e-02  1.5249527009e-01  1.3950484355e-02  4.5803639484e-02  1.0651541873e-02  7.1342696172e-02  1.1953169861e-02  1.4425486613e-02  6.2057039746e-03  2.6817778959e-02  8.0003469867e-03  
1.9987846613e+00  4.1497294935e-03  2.3230400282e-04  -1.1508024470e-01  3.1123142504e-02  1.4449419754e-01  1.4310833298e-02  4.4056326134e-02  1.0435421800e-02  7.2763353292e-02  1.0799242665e-02  4.0932859528e-03  9.3051587828e-03  2.5342367285e-02  9.8589095171e-03  
2.0989670753e+00  3.4284056943e-03  2.0959942981e-04  -1.2679321341e-01  3.5498975947e-02  1.4534144903e-01  1.5838364582e-02  4.4038022149e-02  1.2331843112e-02  7.4581489577e-02  1.2280813769e-02  6.1423424024e-03  8.0165972606e-03  3.5974003086e-02  8.4981866119e-03  
2.1989243031e+00  2.8221604050e-03  1.8971598619e-04  -1.2899615025e-01  3.7566018094e-02  1.3673590025e-01  1.5727988639e-02  3.7227399760e-02  1.1995926164e-02  8.5850431458e-02  1.3395409180e-02  1.5016660010e-02  8.4865364823e-03  3.8751098319e-02  1.2167138194e-02  
2.2990243435e+00  2.3874140639e-03  1.7424070929e-04  -1.4039027726e-01  4.1127639548e-02  1.3374348817e-01  1.6039510158e-02  3.5058363491e-02  1.2859657134e-02  8.1949503284e-02  1.4697371805e-02  7.6850621842e-03  9.6192812616e-03  4.2435038563e-02  1.2163099123e-02  
2.3993527889e+00  2.0344682769e-03  1.5771867460e-04  -1.6436087553e-01  4.3594389882e-02  1.2460302907e-01  1.6676209981e-02  3.3364237400e-02  1.4377136432e-02  8.1635025163e-02  1.5247389531e-02  5.9789724787e-03  1.0893274418e-02  3.2277514846e-02  1.2884532964e-02  
2.4991152287e+00  1.7858151544e-03  1.4734526364e-04  -1.7410566862e-01  4.8806073689e-02  1.3627198847e-01  1.9493911535e-02  2.9745494295e-02  1.5066362186e-02  8.0214972197e-02  1.2675963975e-02  -4.5749120358e-03  1.3453105426e-02  3.4649604732e-02  1.2175170993e-02  
2.5989611149e+00  1.5273798700e-03  1.3132232683e-04  -1.8251909303e-01  4.8681284768e-02  1.2039478746e-01  1.7752778272e-02  4.2549189463e-02  1.5448874447e-02  8.1019664516e-02  1.8897323600e-02  4.3946788389e-03  1.1066837474e-02  3.9834300881e-02  1.1523456913e-02  
2.6996219158e+00  1.3598349722e-03  1.2594361537e-04  -1.7581853573e-01  5.3885467874e-02  1.1773599129e-01  1.9809235290e-02  4.0710240203e-02  1.8901515838e-02  7.0013253551e-02  1.7753389161e-02  5.4583413391e-03  1.0835401663e-02  2.7219289519e-02  1.3236042681e-02  
2.7990958691e+00  1.2026489498e-03  1.1239650356e-04  -1.9688577881e-01  5.6429532223e-02  1.2454266217e-01  2.2840437697e-02  3.8394246647e-02  1.7236140301e-02  9.7421324651e-02  1.9558525429e-02  -1.2215108324e-02  1.6572300141e-02  5.4482657755e-02  1.4731768678e-02  
2.8996224403e+00  1.0850101050e-03  1.0777048552e-04  -1.9579900029e-01  6.1617960021e-02  1.1464858969e-01  1.9335062435e-02  2.1480625590e-02  1.6689552834e-02  9.2388564862e-02  1.9854009304e-02  -4.2480387091e-03  1.4059638705e-02  4.3755781470e-02  1.4728953761e-02  
2.9993243217e+00  9.5841089293e-04  9.8531983590e-05  -2.1584745397e-01  6.6369098033e-02  1.1164955365e-01  2.2159766182e-02  2.9675221047e-02  1.8036908664e-02  8.7662370010e-02  1.8995761545e-02  -9.4430208616e-03  1.3801082964e-02  2.5160188089e-02  1.4133395807e-02  
3.0994482040e+00  8.6775429085e-04  9.1104063091e-05  -2.0993327548e-01  6.2271456566e-02  1.1174612398e-01  1.8932042898e-02  3.2541393896e-02  2.0021670026e-02  1.0103166246e-01  2.3874566787e-02  -1.6245587438e-02  2.5768108581e-02  3.3167260942e-02  1.9291205128e-02  
3.2000210285e+00  7.9414612812e-04  8.5534096785e-05  -2.1935010585e-01  6.6165727785e-02  1.0068130898e-01  1.9149310376e-02  1.6670119706e-02  2.0596736081e-02  7.2959198085e-02  1.8201707182e-02  -2.0926367925e-02  1.9986498421e-02  4.2897053409e-02  2.1134745021e-02  
3.2991633415e+00  7.2779665049e-04  7.6716100658e-05  -2.2716695484e-01  6.4024904868e-02  1.1050947211e-01  2.3407493733e-02  1.8879866478e-02  2.0981351017e-02  9.4655693204e-02  2.4250839647e-02  -5.1540714806e-03  2.0188966942e-02  4.7254222942e-02  1.8714499113e-02  
3.3996164799e+00  6.4487707675e-04  7.2902135939e-05  -2.4100896729e-01  6.8692478930e-02  1.1427823386e-01  2.7547068182e-02  2.1070324944e-02  2.1118553749e-02  9.1698674189e-02  2.5809996751e-02  -2.7250739773e-02  1.9007714713e-02  3.4666706831e-02  1.8553892680e-02  
3.4998748302e+00  5.8010738514e-04  6.5870118179e-05  -2.2577978889e-01  7.0794940878e-02  1.0554777364e-01  2.1577814739e-02  1.1375319604e-02  2.0020505202e-02  8.3651781924e-02  2.3850954949e-02  -2.2569083414e-02  1.7494551465e-02  3.1968111207e-02  1.9064595510e-02  
3.6003453732e+00  5.7209660630e-04  6.7279473613e-05  -2.2691684178e-01  6.9999412361e-02  9.5245168188e-02  2.1153134528e-02  1.7846144770e-02  2.0544455320e-02  8.0805032772e-02  2.0208406108e-02  -1.0645881600e-02  1.2791695382e-02  3.5112827560e-02  2.3299049074e-02  
3.7000269890e+00  5.0275241846e-04  6.0366850653e-05  -2.2985802172e-01  7.5510470744e-02  1.0957010011e-01  2.4485505393e-02  1.4477038490e-02  2.3045560960e-02  6.9884195561e-02  2.2105074420e-02  7.8673878637e-03  9.9838024622e-03  3.6128799357e-02  1.8518230865e-02  
3.7995095253e+00  4.5878588822e-04  5.4836917642e-05  -2.2146321998e-01  7.2143966957e-02  1.0150282750e-01  2.3872835571e-02  2.8570769198e-02  1.9618785715e-02  9.4341323979e-02  2.2906061032e-02  -2.8092179458e-02  1.7399121368e-02  3.8057423967e-02  2.1753975037e-02  
3.8994555473e+00  4.2721017162e-04  5.3184188511e-05  -2.5064243941e-01  7.9680690827e-02  1.1802505643e-01  2.5171155012e-02  3.1240951582e-02  2.2385279449e-02  8.5476078628e-02  2.7622914676e-02  -1.4314274198e-02  1.4376881545e-02  4.2613560922e-02  2.1632793777e-02  
3.9998168945e+00  3.9976593041e-04  4.7770076659e-05  -2.4826771550e-01  7.6869893747e-02  1.0100181721e-01  2.2674858457e-02  2.5364961785e-03  2.3112330035e-02  8.5813378194e-02  2.3016209942e-02  -1.0135060351e-03  1.7952461954e-02  4.1230635039e-02  2.0912730757e-02  
