#pT  dN/(2pi dy pT dpT)  dN/(2pi dy pT dpT)_err  vn{SP}  vn{SP}_err
1.0778418183e-01  1.5553364908e-02  3.7998326804e-04  6.2504698678e-03  1.2908941345e-02  -8.1354718062e-03  1.1925840815e-02  -9.2925447045e-03  1.0177916205e-02  -1.0009919747e-02  8.8964188092e-03  5.1404682902e-04  9.1543940900e-03  2.1564191046e-02  9.3019677165e-03  
2.0358321071e-01  1.6520182995e-02  3.6305423521e-04  9.2558357969e-03  7.9682681369e-03  8.4329600810e-03  7.0732805863e-03  6.5274810668e-03  8.8139614617e-03  -1.3694865265e-03  9.1658228152e-03  -5.1806299306e-03  6.9380142939e-03  8.0945782067e-03  7.4763559147e-03  
3.0255368352e-01  1.5392698564e-02  3.2689400304e-04  -2.6251927069e-03  7.2276170977e-03  7.6918120505e-03  6.4539004988e-03  -4.0659971711e-03  6.7237458572e-03  -1.0791993285e-02  6.0658266704e-03  1.7219150843e-03  7.2944122093e-03  1.2736063114e-03  5.9207207348e-03  
4.0147119761e-01  1.4765441262e-02  2.9772465593e-04  6.0985149539e-03  6.0342025575e-03  1.9722940711e-02  6.1502356138e-03  -8.8996915133e-04  6.3237107115e-03  -2.8788255029e-03  5.5635875231e-03  1.1226849784e-03  5.7135458460e-03  2.7051664208e-03  5.0670734715e-03  
5.0062781572e-01  1.3582045548e-02  2.6078032528e-04  2.4858479026e-02  5.9052943679e-03  2.3630158513e-02  4.9976959166e-03  1.4685592205e-03  5.3177372584e-03  3.7856239397e-03  5.2851684812e-03  -6.3342925727e-03  7.0277367145e-03  1.2342861178e-02  7.2423415698e-03  
6.0053944588e-01  1.2528462791e-02  2.3920912226e-04  2.0519769358e-02  6.8922270829e-03  4.6108939957e-02  4.9171979056e-03  -6.9887902881e-04  4.2868909657e-03  2.1092336779e-03  4.5307794273e-03  -7.5049217725e-03  5.4702390489e-03  -1.1660576668e-02  5.1597093801e-03  
7.0038259029e-01  1.1057461957e-02  1.8676061934e-04  1.7979808919e-02  6.6568739569e-03  5.6228952969e-02  5.9267644479e-03  1.0358180706e-04  5.6864306090e-03  3.5590547859e-03  5.9770206558e-03  -3.1020294383e-03  4.9523379960e-03  -2.2470763037e-03  5.5053875707e-03  
7.9990899563e-01  9.7001435369e-03  1.6399388990e-04  2.6211321043e-02  5.3583003548e-03  5.5366625438e-02  6.8905878413e-03  6.0669006525e-03  5.7072974962e-03  -3.2832468983e-03  5.3773904019e-03  2.9758152402e-03  4.0646945532e-03  -4.5450435347e-03  5.2238295475e-03  
8.9961177111e-01  8.5891606875e-03  1.3875433093e-04  2.8205524073e-02  6.6564923360e-03  7.1802252660e-02  6.1964006971e-03  2.0975965317e-02  5.4760699607e-03  9.5577011967e-03  4.9056763591e-03  9.4051056711e-03  4.5970226861e-03  6.4631303356e-03  5.1493903579e-03  
9.9976998568e-01  7.3372313008e-03  1.2279390627e-04  3.2383810932e-02  7.0921199759e-03  9.4308107801e-02  8.0409202925e-03  3.5018373026e-02  5.3536214939e-03  1.7010851476e-02  4.8813118767e-03  -1.5703284029e-04  4.6195233992e-03  7.7417662596e-03  5.5362976391e-03  
1.0990762711e+00  6.3399829048e-03  1.0036674692e-04  3.3048196279e-02  7.5247163530e-03  9.5333585770e-02  6.4246466533e-03  2.1066072798e-02  5.9338441579e-03  1.2591283102e-02  6.2870183294e-03  -5.6141241258e-03  4.5923100847e-03  8.2579034477e-03  5.7626407942e-03  
1.1992820501e+00  5.5249661336e-03  8.8192528344e-05  2.8816474026e-02  6.3673106842e-03  1.1862996106e-01  7.4551025161e-03  2.8027864687e-02  6.8797443249e-03  2.3134714677e-02  5.8929661239e-03  -4.7613695273e-03  6.2525990187e-03  3.1441802686e-03  5.3849415032e-03  
1.2990897894e+00  4.5855257928e-03  7.1324365423e-05  4.5520020613e-02  7.4528990584e-03  1.2843535610e-01  9.3117303737e-03  3.9805746906e-02  6.0775398071e-03  2.0499563711e-02  6.0135203839e-03  2.1692710853e-02  5.8354771272e-03  -9.4391144820e-04  5.4533450613e-03  
1.3988620043e+00  3.8954332090e-03  6.6254250301e-05  2.8513042735e-02  8.0937917943e-03  1.3198348657e-01  8.8734955359e-03  3.8307798572e-02  7.2762674808e-03  2.3600797673e-02  6.6422897282e-03  9.1717540756e-03  5.9669597051e-03  1.4003178981e-02  7.7706056027e-03  
1.4993973970e+00  3.3027259607e-03  5.0179039525e-05  5.0941969792e-02  7.3586879403e-03  1.5422426094e-01  1.0108726504e-02  5.4451088666e-02  7.2151424574e-03  2.7648636491e-02  7.1796783196e-03  1.6162031781e-02  6.2773977627e-03  5.0038842061e-03  7.1457994443e-03  
1.5992205143e+00  2.7607335600e-03  4.5267594281e-05  3.8328125066e-02  8.4209633631e-03  1.4437123040e-01  9.5005371461e-03  5.4366131078e-02  7.1538619131e-03  4.2693171387e-02  7.4547631020e-03  6.3810397035e-03  6.3626950711e-03  7.8136429343e-03  6.9435621165e-03  
1.6988357306e+00  2.3744210506e-03  3.9777631008e-05  4.3896192182e-02  8.5233291683e-03  1.7259103968e-01  1.0914285926e-02  7.3807110674e-02  8.7691999301e-03  4.7784599830e-02  8.0058961723e-03  6.0473419663e-03  6.7501054664e-03  -5.8066472489e-03  8.5339849995e-03  
1.7987717390e+00  1.9916607079e-03  3.6408429677e-05  2.7985477757e-02  9.9953325507e-03  1.7499900563e-01  1.2492930368e-02  7.3449616904e-02  8.9710578495e-03  6.4612881317e-02  8.3249957532e-03  7.4393999326e-03  8.7067731669e-03  -5.1489983145e-04  8.8308183165e-03  
1.8996913433e+00  1.6800558293e-03  3.3169276111e-05  4.7363969268e-02  9.6335848633e-03  1.8840134309e-01  1.2937797263e-02  9.6354421620e-02  1.1026220900e-02  4.9634474388e-02  8.5227511317e-03  1.6458793694e-02  9.0292120415e-03  1.8227018546e-02  8.3896665358e-03  
1.9989560843e+00  1.3832588397e-03  2.5300448128e-05  5.2321225700e-02  9.7658888009e-03  2.0534711649e-01  1.2782793847e-02  8.8579717786e-02  1.0872125472e-02  7.4389014528e-02  1.0440142366e-02  2.8251540617e-02  1.3831128145e-02  4.0710328368e-02  8.7459457964e-03  
2.0993793011e+00  1.1650590303e-03  2.5305255313e-05  4.1983559493e-02  1.1698741634e-02  2.0100431710e-01  1.3918646933e-02  9.6978689544e-02  1.1377918133e-02  6.8171061318e-02  9.5839455859e-03  2.5090285221e-02  9.9517533825e-03  2.3145833113e-02  9.5732552616e-03  
2.1994807720e+00  9.9772862602e-04  2.2087149883e-05  4.9307325336e-02  1.1450241967e-02  1.9912748053e-01  1.2723970380e-02  1.0574418917e-01  1.5418339266e-02  5.2997199402e-02  1.2783560804e-02  2.3711678705e-02  1.1246949508e-02  4.1397503168e-03  1.2388463354e-02  
2.2997796535e+00  8.4830269029e-04  2.1365267674e-05  3.8133425682e-02  1.1352215001e-02  2.0915871263e-01  1.4089581293e-02  1.1870661014e-01  1.2370709668e-02  9.0706372805e-02  1.6081104160e-02  1.1787993120e-02  1.1291234605e-02  -1.1771928501e-02  1.2399304717e-02  
2.3983743191e+00  7.2242125784e-04  2.0483013924e-05  4.1596072306e-02  1.1778544504e-02  1.9918067560e-01  1.6364672561e-02  7.4841878885e-02  1.3516593861e-02  6.2778537768e-02  1.5370137920e-02  2.9631030592e-02  1.2444632430e-02  3.0684384531e-02  1.5599653047e-02  
2.4983389378e+00  6.2618598725e-04  1.6858678428e-05  4.7003030442e-02  1.1979444884e-02  2.1629057467e-01  1.5623949096e-02  1.2098242871e-01  1.8014185837e-02  6.1125608497e-02  1.3924182110e-02  1.3847042861e-02  1.2527171698e-02  1.1647847140e-02  1.2006654526e-02  
2.5984511375e+00  5.2342159679e-04  1.4778841765e-05  3.8159801697e-02  1.5169715363e-02  2.0868295593e-01  1.5381382740e-02  1.2392356633e-01  1.6111746613e-02  7.4444199648e-02  1.6565388542e-02  4.2647304513e-02  1.8804501347e-02  1.9439906934e-02  1.6469198476e-02  
2.6991505623e+00  4.8150616132e-04  1.4943482527e-05  3.3309568500e-02  1.5192282003e-02  2.0583589500e-01  2.0474084820e-02  1.2860376023e-01  1.5697854642e-02  8.6950934262e-02  1.5252247424e-02  3.2666018154e-02  1.6548647094e-02  2.9239032746e-02  1.3246882155e-02  
2.7998940945e+00  4.0707071649e-04  1.2601035264e-05  2.3043173207e-02  1.6163802574e-02  2.0278228638e-01  1.8113900914e-02  1.0125804705e-01  1.6881293806e-02  8.8095421582e-02  1.7094426101e-02  1.8142603708e-02  1.4955447261e-02  3.4920698443e-02  1.4807162732e-02  
2.8990428448e+00  3.5277437242e-04  1.2428986473e-05  2.6896363190e-02  1.6102679032e-02  2.1523303378e-01  1.6533200155e-02  1.3458423448e-01  1.9289729913e-02  7.8692973143e-02  1.5947888585e-02  6.3299455903e-02  2.1111058398e-02  1.9818508291e-02  1.9890656210e-02  
2.9985299110e+00  3.0906748315e-04  1.0936176853e-05  4.9283854389e-02  1.5234260698e-02  2.1767135854e-01  2.3123991212e-02  1.5238799534e-01  1.9327150557e-02  6.6328039068e-02  1.6746945179e-02  6.2667630157e-02  2.0190924713e-02  4.2468355863e-02  1.7994064888e-02  
3.0989811420e+00  2.7834781696e-04  1.0399708964e-05  3.0487103149e-02  1.7202589069e-02  2.0090269984e-01  2.0191632563e-02  1.4614777854e-01  1.9566780968e-02  1.1065301343e-01  1.7927465703e-02  7.9477155372e-02  3.5006447966e-02  3.8194383689e-02  1.5630831801e-02  
3.1994700432e+00  2.5249307956e-04  1.0991335070e-05  1.8005228396e-02  1.8915157706e-02  2.1283652584e-01  2.2721871550e-02  1.4263201296e-01  1.9258838306e-02  9.7349243441e-02  2.0084376515e-02  8.1922736746e-02  1.8090906548e-02  4.6473640550e-02  1.8216280306e-02  
3.2995741367e+00  2.2635899429e-04  9.9421438717e-06  5.5352558262e-02  2.0196918717e-02  2.2158416091e-01  2.5958006156e-02  1.6084818692e-01  2.2153848812e-02  1.1109707890e-01  2.6846818177e-02  5.4846280083e-02  2.4253960554e-02  3.7288453859e-02  1.7001747660e-02  
3.3989627361e+00  2.0854483730e-04  9.0573365709e-06  2.0171603823e-02  2.0036660967e-02  1.8837215062e-01  2.4793914693e-02  1.5549987352e-01  2.4183965574e-02  7.6936308223e-02  2.3863377748e-02  8.6401164808e-02  2.3528163807e-02  6.2261464032e-02  2.2653032161e-02  
3.4991176128e+00  1.8909210178e-04  8.6941457884e-06  3.2571609236e-02  2.2719654759e-02  2.3678877426e-01  2.5248002696e-02  1.5181402908e-01  2.5160887613e-02  1.1682640676e-01  2.8474084330e-02  7.3391113178e-02  3.0443636163e-02  6.1852069796e-02  2.3966131975e-02  
3.5993130207e+00  1.7764639570e-04  8.5743057872e-06  4.9933497236e-02  2.1447571173e-02  1.9178718947e-01  2.8873505691e-02  1.7445838221e-01  2.4322090911e-02  1.6654458948e-01  3.1001351527e-02  5.6657271089e-02  2.5985356078e-02  6.2750050537e-02  2.4614420847e-02  
3.6999325752e+00  1.6630903534e-04  8.4004841819e-06  4.5759443657e-02  2.0912476754e-02  1.8949550783e-01  2.3077912127e-02  1.4235368801e-01  2.8889968532e-02  1.2535272967e-01  2.8164107619e-02  8.9171006387e-02  3.4900468067e-02  8.1034387522e-02  3.1807512213e-02  
3.8005404472e+00  1.6031210133e-04  9.2431089984e-06  3.4758465600e-02  2.2917336057e-02  2.0291359115e-01  3.1582400620e-02  1.5864573496e-01  2.4725507289e-02  1.1843645979e-01  2.2703759891e-02  6.8220680276e-02  3.3878591142e-02  7.1285090282e-02  2.2645294636e-02  
3.9003152847e+00  1.4387810933e-04  8.0699443247e-06  5.4643957958e-02  2.4793797137e-02  1.9177931196e-01  3.0672006921e-02  1.0070491462e-01  2.7819172663e-02  1.3853047971e-01  2.5786309761e-02  8.2084089334e-02  2.7654430979e-02  9.4361867614e-02  2.9264697100e-02  
4.0000705719e+00  1.3388569168e-04  7.7872237812e-06  7.0596782352e-02  2.3558581935e-02  1.7736659301e-01  2.6007795777e-02  1.6266110753e-01  2.9109622210e-02  1.0920693889e-01  2.4842916422e-02  9.3513276227e-02  2.6450034481e-02  3.8581690904e-02  2.4087485450e-02  
