#pT  vn{4}  vn{4}_err
1.1010529846e-01  0.0000000000e+00  0.0000000000e+00  7.3369246751e-02  3.1000049541e+00  0.0000000000e+00  0.0000000000e+00  
2.0125597715e-01  0.0000000000e+00  0.0000000000e+00  4.9626788665e-01  2.1889548818e+01  0.0000000000e+00  0.0000000000e+00  
2.9907807708e-01  0.0000000000e+00  0.0000000000e+00  4.7136696820e-01  2.0237701159e+01  0.0000000000e+00  0.0000000000e+00  
3.9842054248e-01  0.0000000000e+00  0.0000000000e+00  4.1163120207e-01  1.7109941576e+01  0.0000000000e+00  0.0000000000e+00  
4.9816465378e-01  0.0000000000e+00  0.0000000000e+00  5.3088603179e-01  2.1735245833e+01  0.0000000000e+00  0.0000000000e+00  
5.9807360172e-01  0.0000000000e+00  0.0000000000e+00  7.3438974123e-02  3.5766441844e+00  0.0000000000e+00  0.0000000000e+00  
6.9806462526e-01  0.0000000000e+00  0.0000000000e+00  1.8529957993e-01  9.2297688699e+00  0.0000000000e+00  0.0000000000e+00  
7.9807150364e-01  0.0000000000e+00  0.0000000000e+00  7.3698330743e-01  3.5548347917e+01  0.0000000000e+00  0.0000000000e+00  
8.9812278748e-01  0.0000000000e+00  0.0000000000e+00  1.1332221729e+00  5.3402076337e+01  0.0000000000e+00  0.0000000000e+00  
9.9811458588e-01  0.0000000000e+00  0.0000000000e+00  1.4581948257e+00  6.8565694394e+01  0.0000000000e+00  0.0000000000e+00  
1.0981596708e+00  0.0000000000e+00  0.0000000000e+00  1.8572935188e+00  8.6562671873e+01  0.0000000000e+00  0.0000000000e+00  
1.1982535124e+00  0.0000000000e+00  0.0000000000e+00  2.2787141866e+00  1.0600831800e+02  0.0000000000e+00  0.0000000000e+00  
1.2982852459e+00  0.0000000000e+00  0.0000000000e+00  3.3778749293e+00  1.5565404502e+02  0.0000000000e+00  0.0000000000e+00  
1.3982942104e+00  0.0000000000e+00  0.0000000000e+00  3.2106489973e+00  1.4831145088e+02  0.0000000000e+00  0.0000000000e+00  
1.4983694553e+00  0.0000000000e+00  0.0000000000e+00  4.3402434090e+00  1.9944732747e+02  0.0000000000e+00  0.0000000000e+00  
1.5984462500e+00  0.0000000000e+00  0.0000000000e+00  5.3043578845e+00  2.4219521523e+02  0.0000000000e+00  0.0000000000e+00  
1.6985043287e+00  0.0000000000e+00  0.0000000000e+00  4.8193988755e+00  2.2120874575e+02  0.0000000000e+00  0.0000000000e+00  
1.7984639406e+00  0.0000000000e+00  0.0000000000e+00  5.1764074004e+00  2.3716090117e+02  0.0000000000e+00  0.0000000000e+00  
1.8985592127e+00  0.0000000000e+00  0.0000000000e+00  5.0729551559e+00  2.3326456685e+02  0.0000000000e+00  0.0000000000e+00  
1.9985572100e+00  0.0000000000e+00  0.0000000000e+00  5.7500217280e+00  2.6393781537e+02  0.0000000000e+00  0.0000000000e+00  
2.0986449718e+00  0.0000000000e+00  0.0000000000e+00  6.0552942169e+00  2.7799502593e+02  0.0000000000e+00  0.0000000000e+00  
2.1987698078e+00  0.0000000000e+00  0.0000000000e+00  6.5372234999e+00  2.9999801674e+02  0.0000000000e+00  0.0000000000e+00  
2.2987425327e+00  0.0000000000e+00  0.0000000000e+00  6.4567201985e+00  2.9617062597e+02  0.0000000000e+00  0.0000000000e+00  
2.3987250328e+00  0.0000000000e+00  0.0000000000e+00  5.1418005360e+00  2.3778827813e+02  0.0000000000e+00  0.0000000000e+00  
2.4987521172e+00  0.0000000000e+00  0.0000000000e+00  4.8897064683e+00  2.2689832439e+02  0.0000000000e+00  0.0000000000e+00  
2.5987954140e+00  0.0000000000e+00  0.0000000000e+00  5.1593217316e+00  2.3899914456e+02  0.0000000000e+00  0.0000000000e+00  
2.6987550259e+00  0.0000000000e+00  0.0000000000e+00  4.8863153987e+00  2.2809128751e+02  0.0000000000e+00  0.0000000000e+00  
2.7989077568e+00  0.0000000000e+00  0.0000000000e+00  5.7131328935e+00  2.6426716755e+02  0.0000000000e+00  0.0000000000e+00  
2.8989529610e+00  0.0000000000e+00  0.0000000000e+00  6.4820549370e+00  2.9972826550e+02  0.0000000000e+00  0.0000000000e+00  
2.9989700317e+00  0.0000000000e+00  0.0000000000e+00  6.6080528998e+00  3.0516905041e+02  0.0000000000e+00  0.0000000000e+00  
3.0988781452e+00  0.0000000000e+00  0.0000000000e+00  4.7363474030e+00  2.2234530040e+02  0.0000000000e+00  0.0000000000e+00  
3.1988122463e+00  0.0000000000e+00  0.0000000000e+00  5.7765414117e+00  2.6739810264e+02  0.0000000000e+00  0.0000000000e+00  
3.2989139557e+00  0.0000000000e+00  0.0000000000e+00  5.9702145418e+00  2.7792283138e+02  0.0000000000e+00  0.0000000000e+00  
3.3988497257e+00  0.0000000000e+00  0.0000000000e+00  3.9891272286e+00  1.8884633918e+02  0.0000000000e+00  0.0000000000e+00  
3.4990468025e+00  0.0000000000e+00  0.0000000000e+00  4.9746140760e+00  2.3231442682e+02  0.0000000000e+00  0.0000000000e+00  
3.5987224579e+00  0.0000000000e+00  0.0000000000e+00  3.0618985916e+00  1.4922730241e+02  0.0000000000e+00  0.0000000000e+00  
3.6988031864e+00  0.0000000000e+00  0.0000000000e+00  5.5581733809e+00  2.5834261510e+02  0.0000000000e+00  0.0000000000e+00  
3.7987854481e+00  0.0000000000e+00  0.0000000000e+00  7.3699127328e+00  3.4136128272e+02  0.0000000000e+00  0.0000000000e+00  
3.8983969688e+00  0.0000000000e+00  0.0000000000e+00  5.3307279022e+00  2.5042569352e+02  0.0000000000e+00  0.0000000000e+00  
3.9986763000e+00  0.0000000000e+00  0.0000000000e+00  7.4529406972e+00  3.4573658271e+02  0.0000000000e+00  0.0000000000e+00  
