#pT  dN/(2pi dy pT dpT)  dN/(2pi dy pT dpT)_err  vn{SP}  vn{SP}_err
1.0761430115e-01  1.2489343659e+00  2.2640234020e-02  5.0486745405e-03  1.4609020607e-03  4.0096104471e-03  1.2406039329e-03  7.5403670817e-04  1.2126816065e-03  7.7725418442e-05  1.1940548746e-03  -2.0844054974e-04  1.2375822410e-03  -3.7106379429e-04  1.1328447979e-03  
2.0279330015e-01  1.1744431058e+00  2.0872902776e-02  1.1103356549e-02  1.6749920004e-03  1.1395779483e-02  1.0838279323e-03  6.8469724392e-04  1.0064223193e-03  3.8729215181e-04  8.2681009749e-04  1.2622622186e-03  1.3815882379e-03  3.0280389421e-04  8.3623652709e-04  
3.0092969537e-01  9.8106783593e-01  1.6880692601e-02  1.6145394927e-02  2.1605565844e-03  2.5846630964e-02  1.3645510608e-03  2.2423804028e-03  9.4153166182e-04  1.7011563866e-03  7.7681700953e-04  -2.0263428464e-04  1.2456631365e-03  1.0744653173e-04  8.2835331480e-04  
3.9988398552e-01  7.7251391427e-01  1.2808072526e-02  2.1646534736e-02  2.5658705936e-03  4.0007861520e-02  2.0668151685e-03  6.0695174629e-03  1.0323586154e-03  3.2264143457e-03  8.4102034416e-04  -9.8171832166e-04  7.5640319438e-04  -1.2202310917e-03  7.7107585370e-04  
4.9919533730e-01  5.8283039455e-01  9.2725716366e-03  2.6687450859e-02  3.0213307070e-03  5.8823219383e-02  2.8222887766e-03  1.1073617402e-02  1.2800751293e-03  4.3082900452e-03  1.1147022393e-03  -3.4673037518e-04  7.9887402628e-04  -8.1807307059e-05  9.4084360165e-04  
5.9881204367e-01  4.2869544600e-01  6.4748723446e-03  3.1240350212e-02  3.3114867743e-03  7.8609143326e-02  3.6505021344e-03  1.8105736588e-02  1.4577014130e-03  7.1103643520e-03  1.1305238553e-03  1.3251780658e-03  9.5134336627e-04  -2.5346301023e-04  1.0723976558e-03  
6.9845741987e-01  3.1088904574e-01  4.4622934325e-03  3.3875841206e-02  3.4916156594e-03  9.9644563255e-02  4.6383564665e-03  2.6990472315e-02  2.2730012854e-03  1.1791376840e-02  1.6072709321e-03  1.9379261646e-03  9.7707046353e-04  8.8089662037e-04  1.2110636989e-03  
7.9829680920e-01  2.2333295603e-01  3.1461739178e-03  3.9139052763e-02  3.5204320626e-03  1.1577742070e-01  5.8351373150e-03  3.4514574357e-02  2.9587699639e-03  1.6395955559e-02  1.9687711964e-03  2.3262491707e-03  1.2011070760e-03  2.2614277703e-03  1.1205001886e-03  
8.9817917347e-01  1.6012782181e-01  2.2134421118e-03  3.9091620449e-02  3.5486239743e-03  1.3321195019e-01  6.2138517027e-03  4.3653091797e-02  3.9520099383e-03  2.2041641791e-02  2.4908897806e-03  6.4663215689e-03  1.3835028968e-03  2.1135350191e-03  1.4565864432e-03  
9.9807256460e-01  1.1520260164e-01  1.5827883974e-03  4.1393795200e-02  3.6964999906e-03  1.4577375211e-01  7.0164699043e-03  5.4673786605e-02  4.4393284023e-03  2.6844295308e-02  3.1463682798e-03  6.5248597564e-03  1.8503412169e-03  3.0278042856e-03  1.5350492130e-03  
1.0980008841e+00  8.3164853992e-02  1.2102286802e-03  4.2033058974e-02  4.0117865561e-03  1.6228505391e-01  8.1393622132e-03  6.2728447023e-02  5.6764505000e-03  3.6690983040e-02  3.8986912528e-03  1.0029590334e-02  2.3111626643e-03  7.0959368180e-03  1.8084864704e-03  
1.1981694698e+00  6.0455565053e-02  9.2128701645e-04  4.0045047294e-02  4.2234301235e-03  1.7235536883e-01  8.6661907985e-03  7.4775076760e-02  7.0028072416e-03  4.1245506349e-02  4.6921612409e-03  1.8839639055e-02  3.3815238984e-03  9.3034003214e-03  1.9923880832e-03  
1.2980765104e+00  4.4300185484e-02  7.0657473657e-04  4.5596920344e-02  4.3258298681e-03  1.8250837405e-01  9.8735447541e-03  7.9067028665e-02  6.8343520987e-03  4.8537824559e-02  6.1898571821e-03  1.7678634152e-02  4.0283168025e-03  6.6641414715e-03  2.2626585564e-03  
1.3981124163e+00  3.2458285219e-02  5.7689246018e-04  4.1056815914e-02  4.7471877190e-03  1.9178835268e-01  1.0475017110e-02  9.4642890698e-02  7.7706705000e-03  5.5374667490e-02  5.9452090817e-03  2.4760378297e-02  5.1989732832e-03  1.1942943372e-02  2.9100017926e-03  
1.4981712103e+00  2.4294496725e-02  4.7232840464e-04  3.3490433911e-02  5.3775633807e-03  2.0319921595e-01  1.1066210601e-02  9.8061342587e-02  9.2381851186e-03  5.8477080051e-02  6.9663642436e-03  3.3924817695e-02  6.9529275276e-03  1.2743348153e-02  2.6213851358e-03  
1.5979944468e+00  1.8306411731e-02  3.8426629745e-04  3.8709019469e-02  6.0808315184e-03  2.0452984347e-01  1.2578203821e-02  1.0907324947e-01  9.1545266290e-03  6.5929629744e-02  8.2292639632e-03  3.4620159912e-02  5.0611961379e-03  1.7667779470e-02  4.5011542496e-03  
1.6981878281e+00  1.3982831040e-02  3.1725605182e-04  4.2809772998e-02  6.9510128971e-03  2.1274837395e-01  1.3260070365e-02  1.1176509887e-01  9.8420023977e-03  7.5865192528e-02  8.6359574767e-03  3.6543089334e-02  8.5326136059e-03  2.3570114384e-02  5.9745784467e-03  
1.7983300686e+00  1.0667689543e-02  2.6963431269e-04  4.7593136540e-02  7.6871537224e-03  2.1166264783e-01  1.3564236471e-02  1.1738466443e-01  1.0564884464e-02  7.7789587349e-02  9.8170583074e-03  4.2938586366e-02  7.7191761502e-03  2.0383326639e-02  5.2165565739e-03  
1.8979359865e+00  8.3644037865e-03  2.3138408976e-04  4.4521323939e-02  8.2985735504e-03  2.1389969591e-01  1.4027467998e-02  1.2573844349e-01  1.1679620778e-02  8.4815523205e-02  9.9924768049e-03  4.6432975612e-02  1.1561078496e-02  2.9443577416e-02  6.7670313916e-03  
1.9983757734e+00  6.5075057046e-03  1.9211301633e-04  3.7090721882e-02  9.6505573419e-03  2.1064924382e-01  1.4987052560e-02  1.3107508479e-01  1.2530899148e-02  9.1946506243e-02  1.0520693469e-02  4.6480709319e-02  1.1099062847e-02  3.5322398825e-02  5.9476972767e-03  
2.0985529423e+00  5.0761085389e-03  1.5855319691e-04  3.9420450469e-02  9.6574258386e-03  2.1467774498e-01  1.6504113354e-02  1.3867087733e-01  1.2085467918e-02  9.3502480592e-02  1.2308119673e-02  5.9708791437e-02  1.3595143462e-02  3.0523194174e-02  9.7141434718e-03  
2.1988055706e+00  4.0425595651e-03  1.3787609493e-04  3.1888383851e-02  9.3287685672e-03  2.0967325935e-01  1.6418470014e-02  1.4091140433e-01  1.4096913362e-02  9.1604499380e-02  1.1498377952e-02  5.0282813007e-02  1.3270096150e-02  4.4715843575e-02  8.6843162810e-03  
2.2987575531e+00  3.2777453540e-03  1.1911913584e-04  4.0588544305e-02  1.0890688965e-02  2.0890877842e-01  1.8549465796e-02  1.4346137423e-01  1.5107743326e-02  1.1176276224e-01  1.3433390391e-02  7.2329268342e-02  1.3941484584e-02  4.3870830162e-02  1.1256123363e-02  
2.3983204365e+00  2.6251875522e-03  9.8105458630e-05  4.2981279354e-02  1.0925385197e-02  2.1168654563e-01  1.8143902840e-02  1.5358241166e-01  1.5684131879e-02  1.1032786677e-01  1.2945311648e-02  7.4078281321e-02  1.4729688042e-02  5.0222382852e-02  1.1366050555e-02  
2.4991462231e+00  2.1423298683e-03  8.4180727640e-05  4.0310861581e-02  1.1471997952e-02  2.1086414167e-01  1.8894751622e-02  1.6083536892e-01  1.6011272972e-02  9.8724056146e-02  1.4808213469e-02  8.1026777127e-02  1.7636978713e-02  3.8359288995e-02  1.3480484726e-02  
2.5984973907e+00  1.7283704912e-03  7.0358345993e-05  4.0664833076e-02  1.2194296893e-02  2.2015044157e-01  1.9491812860e-02  1.6562707756e-01  1.8145415114e-02  1.1149185676e-01  1.7782295672e-02  8.4819496989e-02  1.4905209758e-02  4.7132652431e-02  1.0373664866e-02  
2.6983366013e+00  1.3973552739e-03  5.8048424845e-05  4.5870210802e-02  1.2969528757e-02  1.9886926088e-01  2.0982352018e-02  1.5679600496e-01  1.6934157244e-02  1.1206949010e-01  1.9185976447e-02  8.2421840614e-02  1.5764751715e-02  4.0970515166e-02  1.0328048065e-02  
2.7984650135e+00  1.1489742287e-03  5.0809099107e-05  2.8924184520e-02  1.4156347585e-02  2.0511150668e-01  2.2539501480e-02  1.4403713472e-01  1.9016541941e-02  1.0990998806e-01  1.6115068352e-02  9.1400280147e-02  1.5996936358e-02  5.8961686362e-02  1.5202731950e-02  
2.8985061646e+00  9.5721458376e-04  4.2046409229e-05  4.3136929381e-02  1.3064682160e-02  1.9391761000e-01  2.2401505583e-02  1.6795281598e-01  1.9644066399e-02  1.2155850689e-01  1.8743607486e-02  9.1748388875e-02  2.7076677169e-02  4.7707849109e-02  1.2386917510e-02  
2.9990711212e+00  7.7589100073e-04  3.7532172767e-05  3.7659685297e-02  1.6571220942e-02  2.0963340964e-01  2.5272987242e-02  1.5976669109e-01  1.9069907051e-02  1.2432321155e-01  2.1159018388e-02  9.2552117735e-02  2.0231799720e-02  3.7927643297e-02  1.2751071839e-02  
3.0993306637e+00  6.4592544801e-04  3.1305172455e-05  3.7726288748e-02  1.6697288042e-02  2.0892535931e-01  2.5378764648e-02  1.5840278690e-01  2.4168637890e-02  1.0346199808e-01  2.1196186587e-02  1.0454388563e-01  2.8730784844e-02  7.3950384284e-02  2.3470353404e-02  
3.1981098652e+00  5.3805979446e-04  2.7235927704e-05  4.5017618853e-02  1.6432545934e-02  2.0257175307e-01  2.5368427982e-02  1.5306899620e-01  2.0910457791e-02  1.2254862756e-01  2.0181073200e-02  9.2718150768e-02  2.8156778488e-02  6.6534656524e-02  2.0681700350e-02  
3.2993006706e+00  4.3000687727e-04  2.2423830210e-05  1.9676741895e-02  1.6409667814e-02  2.1526634846e-01  2.5487086285e-02  1.7243927456e-01  2.5910929433e-02  1.2660661848e-01  2.1916443925e-02  8.3562806383e-02  1.9559406453e-02  5.6423968175e-02  2.6196765097e-02  
3.3989064693e+00  3.7359047286e-04  1.9983830099e-05  4.6183588395e-02  1.9020771776e-02  1.8927249697e-01  2.7472041664e-02  1.8734864258e-01  2.1941268025e-02  1.5169915962e-01  2.2184954669e-02  1.0167070743e-01  2.5635158826e-02  7.6003416936e-02  2.6402430050e-02  
3.4984962940e+00  3.1656608919e-04  1.7444659513e-05  3.7338076662e-02  1.7791655635e-02  1.9437082945e-01  2.9297970296e-02  1.6876848640e-01  2.5353242805e-02  1.4829502372e-01  2.5707954540e-02  1.1069082574e-01  2.4770278607e-02  5.8742097728e-02  1.9915719130e-02  
3.5987627506e+00  2.6685304038e-04  1.6224178994e-05  3.0436967528e-02  1.8590200744e-02  2.0142895599e-01  2.6504355349e-02  1.6018482497e-01  3.3614125427e-02  1.3022048813e-01  2.3812513082e-02  1.2904135054e-01  2.6521693347e-02  7.5430270523e-02  3.4740699347e-02  
3.6988153458e+00  2.3394264987e-04  1.3217680499e-05  2.5113394366e-02  1.9700408917e-02  2.1758704575e-01  3.1399256553e-02  1.4284364034e-01  2.5334109506e-02  1.5169074859e-01  2.5452492653e-02  1.2796395532e-01  3.6821057249e-02  2.1653215306e-02  3.6859398202e-02  
3.7992808819e+00  1.9289084505e-04  1.1836854593e-05  4.0982801546e-02  1.8551450708e-02  2.1493968831e-01  2.9488035789e-02  1.5297080260e-01  2.4900506700e-02  1.1308245094e-01  2.1270810146e-02  1.1333516044e-01  2.6720612374e-02  8.2119275451e-02  3.3427552372e-02  
3.8986921310e+00  1.6316298551e-04  9.5998129705e-06  4.6537034926e-02  2.2362368707e-02  2.0617865860e-01  3.4394370781e-02  1.8554337400e-01  2.7848619286e-02  1.7985252220e-01  3.9821208121e-02  1.3876523230e-01  2.5313198719e-02  8.9971461789e-02  5.6168850606e-02  
3.9975132942e+00  1.3909445687e-04  8.8705299619e-06  5.5126675075e-02  2.3508088264e-02  2.0633286357e-01  3.4213087688e-02  1.3938627884e-01  3.0447812750e-02  1.2080360999e-01  3.0295955649e-02  1.1318477818e-01  2.4352046722e-02  2.1110823673e-02  2.5556784278e-02  
