#pT  dN/(2pi dy pT dpT)  dN/(2pi dy pT dpT)_err  vn{SP}  vn{SP}_err
1.0522662103e-01  2.2739181088e+01  3.5727523536e-01  8.4842175369e-03  5.9570266210e-04  6.1217804574e-03  3.8706668316e-04  2.1009584666e-04  3.0275425283e-04  -1.1488962113e-04  2.6813684509e-04  4.4774403858e-04  2.6410930417e-04  -2.3176389529e-04  3.7338705597e-04  
1.9980409741e-01  1.5140208400e+01  2.3402213325e-01  1.6863193565e-02  1.0326339809e-03  2.0340225756e-02  8.6322710113e-04  1.1472009922e-03  2.5049661614e-04  4.4467989110e-04  2.6401769492e-04  5.8803948609e-04  2.8043372495e-04  -2.4765560536e-04  3.8530313926e-04  
2.9831302166e-01  8.9439716819e+00  1.3357326893e-01  2.4125618985e-02  1.4783096438e-03  4.0235544836e-02  1.7395649606e-03  5.5100124502e-03  5.1117344361e-04  1.4307052449e-03  3.1756818059e-04  -7.7966385255e-05  3.1243205336e-04  2.0570849532e-04  2.8091300238e-04  
3.9776554704e-01  5.2829316277e+00  7.5410365224e-02  2.9098825377e-02  1.7849402941e-03  6.0446424165e-02  2.6198702211e-03  1.1932992087e-02  9.2482936760e-04  3.8526661434e-03  4.8565818064e-04  8.6402791763e-04  3.1318273376e-04  6.2676179445e-04  3.6387595680e-04  
4.9755918980e-01  3.1894780548e+00  4.4027935539e-02  3.4353756648e-02  2.1420691252e-03  8.1016779441e-02  3.5957945437e-03  1.9422452401e-02  1.3849010266e-03  7.0181113523e-03  7.2528714027e-04  2.0180337630e-03  5.2202826986e-04  7.0186029924e-04  4.7264410596e-04  
5.9745752811e-01  1.9726571315e+00  2.6507748578e-02  3.6771654782e-02  2.2826394774e-03  1.0102854281e-01  4.5304658775e-03  2.7040957414e-02  2.1150140434e-03  1.1770742333e-02  1.2139543975e-03  2.5480294171e-03  6.3199266664e-04  1.4281508409e-03  6.1164295426e-04  
6.9746512175e-01  1.2487506114e+00  1.6828289087e-02  3.7883645525e-02  2.4884931111e-03  1.2051294664e-01  5.5068217313e-03  3.6596846257e-02  2.7775948039e-03  1.6574434875e-02  1.7007016286e-03  5.7545546136e-03  9.1323736351e-04  2.4083488776e-03  7.6166357676e-04  
7.9746896029e-01  8.0736643425e-01  1.1137561931e-02  3.7579595452e-02  2.6340959391e-03  1.3655777606e-01  6.4642604205e-03  4.5999328430e-02  3.6746624269e-03  2.3395870031e-02  2.3161704528e-03  6.5975066470e-03  1.2139408395e-03  3.6136492388e-03  8.8909483346e-04  
8.9753633738e-01  5.3146748796e-01  7.6800622599e-03  3.6650621826e-02  3.0653900226e-03  1.5078809930e-01  7.3955515162e-03  5.7152710969e-02  4.4223921342e-03  3.0796971458e-02  3.0235728926e-03  1.0461102051e-02  1.6665171776e-03  4.9399448334e-03  9.5862731352e-04  
9.9752700329e-01  3.5584192762e-01  5.5293833229e-03  3.3176617373e-02  3.3885200754e-03  1.6486356993e-01  8.3543169824e-03  6.7882544402e-02  5.4353783695e-03  3.5884460808e-02  3.8770758287e-03  1.4489403236e-02  2.5079440899e-03  7.0292029357e-03  1.2263065385e-03  
1.0976328850e+00  2.4239933220e-01  3.9704252378e-03  3.1166748151e-02  3.7566396157e-03  1.7530028706e-01  9.0796998075e-03  7.6986727164e-02  6.1849250666e-03  4.2580857418e-02  4.4565168161e-03  1.8940533966e-02  2.5711467118e-03  8.7549601584e-03  1.5269002925e-03  
1.1977320910e+00  1.6872559358e-01  3.0238602087e-03  3.0802036120e-02  4.3173561975e-03  1.8410186382e-01  9.9036132997e-03  8.7731272835e-02  6.9378867558e-03  5.1541352455e-02  5.2419055912e-03  2.1354181216e-02  3.3164770208e-03  9.0931937707e-03  1.7600180948e-03  
1.2978025675e+00  1.1856611661e-01  2.3257363033e-03  2.5408332992e-02  5.1302849052e-03  1.9187078010e-01  1.0823073991e-02  9.5992726264e-02  8.1056679430e-03  5.8754383902e-02  6.1047144763e-03  2.8776990886e-02  5.4011001993e-03  1.1770784240e-02  2.2160421180e-03  
1.3979510069e+00  8.5065476377e-02  1.8306989946e-03  2.2570538614e-02  5.5099363010e-03  1.9896786584e-01  1.1547622568e-02  1.0306653956e-01  8.6037672905e-03  6.3490297939e-02  6.7461978218e-03  3.0127150892e-02  5.6994967242e-03  1.4339489133e-02  2.1422251033e-03  
1.4979339838e+00  6.2015994326e-02  1.4518477645e-03  2.1613205488e-02  6.7269709841e-03  2.0471035672e-01  1.2598221489e-02  1.1061176224e-01  9.5880533208e-03  7.1314579417e-02  7.7188923728e-03  3.8590150353e-02  6.2569142099e-03  2.0610716697e-02  3.4011102859e-03  
1.5980916023e+00  4.5496246055e-02  1.1500153904e-03  1.5350561163e-02  7.2274837749e-03  2.0686885501e-01  1.3504418256e-02  1.1574780268e-01  1.0721224441e-02  7.8055166439e-02  8.4502875363e-03  4.0422788848e-02  6.8666405958e-03  2.1905714016e-02  3.6746241058e-03  
1.6982160807e+00  3.3772615382e-02  9.2027826315e-04  1.0849037127e-02  7.9944738164e-03  2.0532747950e-01  1.3500135265e-02  1.2216389396e-01  1.0895342160e-02  7.9437455632e-02  9.5296807834e-03  4.2308981303e-02  8.2532665085e-03  2.7030742391e-02  4.6703830319e-03  
1.7980110645e+00  2.5567550079e-02  7.3820320219e-04  1.2907109529e-02  9.0505344560e-03  2.1021197426e-01  1.4410840581e-02  1.2975327224e-01  1.2225493258e-02  8.5245036318e-02  1.0046725035e-02  5.1803162964e-02  9.1783563328e-03  2.6469998623e-02  5.3767863531e-03  
1.8982590437e+00  1.9414583913e-02  6.0089227959e-04  1.0394798765e-02  9.1139163234e-03  2.1032125580e-01  1.5329691642e-02  1.3076004490e-01  1.1970034963e-02  9.0242826004e-02  1.0733342790e-02  5.5577915313e-02  1.0468209752e-02  3.0201054354e-02  4.5151677473e-03  
1.9981627464e+00  1.4905221792e-02  4.7864065111e-04  1.4281307283e-02  1.0091380556e-02  2.1326899557e-01  1.5859031047e-02  1.4129176886e-01  1.3806006934e-02  9.0878047534e-02  1.1399221652e-02  5.8752802220e-02  1.1663325763e-02  3.3445140663e-02  6.2180746932e-03  
2.0982577801e+00  1.1580217030e-02  3.9407792289e-04  4.9668209770e-03  1.0672278025e-02  2.1302181543e-01  1.6802377218e-02  1.3942701081e-01  1.5021343387e-02  9.8296557265e-02  1.2265925025e-02  6.1972407618e-02  1.0874661446e-02  3.6914714469e-02  9.0388882097e-03  
2.1984937191e+00  9.0431964174e-03  3.2914573795e-04  8.4663740772e-03  1.0504530513e-02  2.0999196188e-01  1.7852819894e-02  1.4303166372e-01  1.3765288916e-02  1.0125815036e-01  1.2462550925e-02  6.7637577572e-02  1.2444307056e-02  3.8835710711e-02  8.5325751338e-03  
2.2985005379e+00  7.2612957388e-03  2.7798306737e-04  5.8404937368e-03  1.1688111028e-02  2.1738062662e-01  1.9296507884e-02  1.4626564906e-01  1.4519665312e-02  1.0867133881e-01  1.4080499855e-02  7.1456595082e-02  1.5044216928e-02  4.8212283615e-02  1.0230007115e-02  
2.3986296654e+00  5.7395000545e-03  2.2754904877e-04  1.3032560609e-03  1.2682975718e-02  2.1387154742e-01  1.9374504797e-02  1.5147904486e-01  1.6810072479e-02  1.0341398931e-01  1.5237256426e-02  7.7334936832e-02  1.5822451334e-02  4.5271996770e-02  8.6980022281e-03  
2.4984200001e+00  4.6007634142e-03  1.9078752278e-04  7.7688812234e-03  1.2940270064e-02  2.0992094492e-01  1.9817608618e-02  1.5415005986e-01  1.5951273046e-02  1.0498650615e-01  1.4437017981e-02  8.4538274869e-02  1.6205261909e-02  5.5736992103e-02  9.5914723821e-03  
2.5985484123e+00  3.7050762445e-03  1.5940446952e-04  4.3706602936e-03  1.3269488104e-02  2.1425111652e-01  1.8499618313e-02  1.5604727963e-01  1.8327254905e-02  1.0269200437e-01  1.3897509212e-02  8.3690036341e-02  2.0304478015e-02  6.8514698714e-02  1.6859823569e-02  
2.6984543800e+00  3.0154229129e-03  1.3346263639e-04  7.7321800709e-03  1.3242127770e-02  2.1188155524e-01  1.8989161328e-02  1.6508799239e-01  1.8768103022e-02  1.1785452025e-01  1.6461263161e-02  8.8831958901e-02  1.5491196839e-02  5.4973359760e-02  9.7960485601e-03  
2.7980008125e+00  2.4376557472e-03  1.1324279788e-04  -2.6953474195e-03  1.5637642934e-02  2.1684580360e-01  2.2581664692e-02  1.4600896852e-01  1.8708231414e-02  1.2509690722e-01  1.6013663595e-02  8.6065390832e-02  1.9186950878e-02  5.7204674306e-02  1.0496572865e-02  
2.8983128071e+00  1.9493581778e-03  9.3610133538e-05  -4.5759984558e-04  1.5323036013e-02  2.1566305759e-01  2.2829275047e-02  1.6094359775e-01  1.9805246756e-02  1.1505673554e-01  1.8285847939e-02  9.7698878339e-02  2.2106116037e-02  5.8053187550e-02  1.1226793697e-02  
2.9987418652e+00  1.5670495561e-03  7.5754069385e-05  -2.6632319555e-04  1.5476031005e-02  2.0579303135e-01  2.2987422346e-02  1.7393889200e-01  2.1611444109e-02  1.1638398429e-01  1.7121513732e-02  1.0682731611e-01  2.7114177222e-02  5.1216100820e-02  1.5625527851e-02  
3.0983152390e+00  1.2852001951e-03  6.5837113029e-05  1.7402474854e-02  1.6970660307e-02  2.0975387475e-01  2.3457892122e-02  1.6187916678e-01  2.0559438209e-02  1.2623783892e-01  2.1701531494e-02  1.0901216696e-01  2.1735770613e-02  5.0670997525e-02  1.6065590425e-02  
3.1987364292e+00  1.0551430209e-03  5.4484867705e-05  4.7138135023e-03  1.6026592681e-02  2.0883370734e-01  2.5845914818e-02  1.5596395113e-01  2.2150823736e-02  1.1598902554e-01  1.9378709099e-02  9.4054212657e-02  1.6694655669e-02  5.7422845891e-02  1.3726825403e-02  
3.2982199192e+00  8.6899386747e-04  4.5448889776e-05  -3.7653022215e-03  1.5700640291e-02  1.9889780736e-01  2.4394669832e-02  1.6247749250e-01  2.4041897174e-02  9.7145355257e-02  1.7260201556e-02  1.0047025677e-01  1.9393165259e-02  7.2259226364e-02  1.8717391829e-02  
3.3981788158e+00  7.0768473245e-04  3.8831016360e-05  -1.5892818989e-02  1.6483435934e-02  2.1217231252e-01  2.3862598112e-02  1.4513248579e-01  1.9959291363e-02  1.2773937515e-01  2.1424561322e-02  1.0289419683e-01  2.2519863088e-02  6.3199640132e-02  2.1446267560e-02  
3.4990670681e+00  5.7771401807e-04  3.2106309696e-05  2.0057887810e-02  1.9803276041e-02  2.1267473978e-01  2.4085661607e-02  1.7425004521e-01  2.4026369825e-02  1.2992812496e-01  2.4271567149e-02  8.8763977830e-02  2.1346741221e-02  9.1212848833e-02  1.9703471317e-02  
3.5983667374e+00  4.8289608573e-04  2.7089325577e-05  6.2578704933e-04  1.9366639612e-02  2.0812614185e-01  2.4002706694e-02  1.6431714970e-01  2.4838808592e-02  1.3548073253e-01  2.6083556300e-02  1.2766865666e-01  2.5431613367e-02  9.2586345566e-02  2.1695489558e-02  
3.6981670856e+00  3.9112776681e-04  2.3146819414e-05  -6.4951009411e-03  2.0402177468e-02  2.1633622871e-01  3.0463530804e-02  1.7617364788e-01  2.4271994716e-02  1.1853870934e-01  2.3791706000e-02  1.6685012629e-01  3.5418301121e-02  6.6803494987e-02  2.3894723496e-02  
3.7985620499e+00  3.2839277299e-04  1.8914946329e-05  1.7344192312e-02  2.3564531175e-02  2.1529003106e-01  2.8082838554e-02  1.6361815940e-01  2.3733850756e-02  9.8813558031e-02  2.8754608674e-02  1.3853376795e-01  3.4861862669e-02  9.4194211153e-02  3.7947508167e-02  
3.8983402252e+00  2.7036367986e-04  1.6758851270e-05  -9.4837768290e-03  2.3172410109e-02  2.0213244675e-01  3.0853001257e-02  1.5512611632e-01  2.8211675304e-02  1.7306259824e-01  3.0965258107e-02  1.3031581429e-01  2.8823023756e-02  8.9599231672e-02  2.8045248101e-02  
3.9990220070e+00  2.2471282250e-04  1.4340426182e-05  1.2054656435e-02  3.0001864797e-02  1.9776143797e-01  3.3692839782e-02  1.5079147912e-01  2.8412448236e-02  1.4251849652e-01  3.9546716872e-02  1.6418018698e-01  3.8330170500e-02  1.1163881102e-01  4.5325442954e-02  
