#eta  rn(eta)  rn_err(eta)  rnn(eta)  rnn_err(eta)
-7.0000553131e+00  -1.7499656505e-01  4.8803229164e-01  0.0000000000e+00  0.0000000000e+00  -1.3632214574e-02  1.4515148273e-01  0.0000000000e+00  0.0000000000e+00  4.3666756602e+00  1.9501897621e+01  0.0000000000e+00  0.0000000000e+00  -1.8561889219e+01  6.0527413164e+01  0.0000000000e+00  0.0000000000e+00  3.5571270369e-01  8.9355661630e-01  0.0000000000e+00  0.0000000000e+00  4.0455148331e-03  5.9503490300e-01  0.0000000000e+00  0.0000000000e+00  
-6.8981633186e+00  -1.2571019910e+00  1.3322692935e+01  0.0000000000e+00  0.0000000000e+00  -1.1466674582e+00  1.2163998230e+00  0.0000000000e+00  0.0000000000e+00  -2.4471053612e+00  2.0240174598e+01  0.0000000000e+00  0.0000000000e+00  7.8495702384e-01  2.4321824585e+00  0.0000000000e+00  0.0000000000e+00  -6.2040255852e-01  1.1012165953e+00  0.0000000000e+00  0.0000000000e+00  7.9731443740e-01  2.9191869223e+00  0.0000000000e+00  0.0000000000e+00  
-6.7977948189e+00  -2.9526413778e+00  1.5637686308e+02  0.0000000000e+00  0.0000000000e+00  -6.4141155663e-02  4.0140457967e-01  0.0000000000e+00  0.0000000000e+00  -1.2571841976e+00  2.5493031898e+00  0.0000000000e+00  0.0000000000e+00  -5.2721643696e-01  3.5937650208e+00  0.0000000000e+00  0.0000000000e+00  -4.2080552808e+00  1.9871741584e+01  0.0000000000e+00  0.0000000000e+00  -5.7976428789e+00  6.2979732084e+00  0.0000000000e+00  0.0000000000e+00  
-6.6982355118e+00  5.4237138794e-01  1.8841796289e+01  -3.3704871356e-01  3.3704871356e-01  -1.2789280170e-01  2.4462593787e+00  1.5656425718e+00  1.5656425718e+00  2.5969376324e-01  7.7876778458e-01  -5.9654557970e-01  5.9654557970e-01  6.2090852233e-02  7.7880065832e-01  7.1304737153e-01  7.1304737153e-01  4.8843158958e-01  5.9484048129e-01  -4.9229353336e+00  4.9229353336e+00  2.3453826090e+00  4.0166214771e+01  7.7853374823e-01  7.7853374823e-01  
-6.5972685814e+00  -4.6038071387e-01  2.5155079168e+00  0.0000000000e+00  0.0000000000e+00  2.1088013228e-01  2.7210933630e+00  0.0000000000e+00  0.0000000000e+00  -9.9352534521e-02  2.3880621344e+00  0.0000000000e+00  0.0000000000e+00  1.5619258763e+00  2.8886974863e+01  0.0000000000e+00  0.0000000000e+00  4.1948222685e-01  1.3532741242e+00  0.0000000000e+00  0.0000000000e+00  -2.5672047857e-01  1.1218114423e+00  0.0000000000e+00  0.0000000000e+00  
-6.4970264435e+00  9.2230771910e-01  1.8663313982e+00  6.2686946669e-01  1.5789682633e+00  -3.0161643344e-01  2.0561280117e+00  -2.5104195132e-01  2.6158239476e+01  2.2219757971e+00  4.1789219827e+00  -9.8984348854e-01  1.2211638756e+00  -1.4072238176e+00  4.6531545993e+00  4.8268400118e+00  6.6702923740e+00  4.5868607621e+00  2.6128904559e+01  4.0269078734e-01  4.7388240495e-01  2.6879769213e-01  2.7609819338e+00  -2.1964068381e+00  4.6627203040e+00  
-6.3966035843e+00  -2.7513413772e+00  1.6789088836e+01  4.4126932971e+01  4.4126932971e+01  -2.2926990703e-01  1.3109365629e+00  -9.5501388628e-01  9.5501388628e-01  2.3935526759e+00  9.1049682583e+00  -8.0387152264e-01  8.0387152264e-01  1.8723702967e-01  6.6579111113e+01  1.5699203556e-01  1.5699203556e-01  -4.3573871083e+00  1.5608129551e+01  -1.5117011441e+00  1.5117011441e+00  -1.6725457727e+00  1.1142768574e+01  1.1150119893e+00  1.1150119893e+00  
-6.2968220711e+00  -1.3874126631e+01  1.5514812651e+03  1.4929402203e+00  1.4929402203e+00  -9.8423190699e-02  1.0980704394e+00  1.8246341765e+00  1.8246341765e+00  -9.7897030341e-01  7.4810781117e+00  -3.1578664944e+00  3.1578664944e+00  -2.3146131844e-01  4.2973088574e-01  2.0876206360e+00  2.0876206360e+00  -1.2726071657e-01  1.9766284135e+00  1.8335512037e+00  1.8335512037e+00  5.3701985364e-02  2.9765072215e+00  1.0112308853e+00  1.0112308853e+00  
-6.1957087517e+00  -3.6450807241e-01  1.0571574205e+00  -2.8918421650e-01  1.2765949674e+00  2.9611462459e-01  1.8570863743e+00  2.9807111067e-01  2.6059649536e+00  6.6364062490e-01  1.1772431959e+00  -5.9492738540e-01  4.0137365947e+00  1.7595056388e-01  4.9400399506e-01  -1.8669078002e-01  4.1366793048e+00  7.2828785878e-01  2.6020079639e+00  -1.1453921044e+00  2.8439485543e+01  -2.2118921858e-01  5.7837542152e+01  1.4652473692e+00  1.1516751350e+00  
-6.0954399109e+00  -5.6875974484e-01  6.5877450600e-01  1.6291930768e+00  2.3600017624e+00  -3.4509267443e-02  6.8847761634e-01  -4.9673447499e-01  2.6052582405e-01  -2.7777102550e+00  6.5016177371e+00  -1.0463675427e+00  5.3199130489e+00  -1.2015813491e+00  1.1887721435e+01  1.8544326302e+01  4.6701641151e+01  -3.1430872739e-01  1.1880761028e+00  1.0173901595e+00  4.3184763330e+00  -8.3420575727e-01  3.7787325191e+00  -8.9775119129e-01  1.0552090853e+01  
-5.9925255775e+00  -4.3413847976e+00  3.0692932244e+01  3.1150238740e+00  5.0838688601e+00  -2.1636229007e-01  2.9295151868e+00  3.3794153941e-02  5.3776960148e-01  -6.2071971492e-02  7.9834741565e-01  1.1894502119e+00  6.4841174450e-01  2.9409015432e+00  3.1656649878e+01  -3.7699472199e+00  1.8596839220e+01  1.4399525567e+00  7.4779881843e+00  -8.8436686678e-01  3.9547922261e+01  1.0561800438e+00  1.7344847101e+00  -3.3578730885e+00  1.1176639618e+01  
-5.8922743797e+00  -5.3725698960e-02  8.8030113481e-01  -5.8964260391e-01  6.2997497583e-01  -3.1707374362e-01  3.5235716722e-01  6.3004885223e-01  2.5028451362e+00  1.6881225115e-01  7.4091999298e-01  3.7548169888e-01  5.1829818913e-01  -4.6548549707e-01  1.6736230028e+00  -1.3047410350e+00  2.4250440766e+00  2.7325042377e-01  5.3628281584e-01  4.8657340630e-01  2.6179800407e-01  3.3715021412e+00  3.0054690288e+01  8.2970898436e+00  4.5869933610e+01  
-5.7914915085e+00  2.7912534539e+00  7.2820490157e+01  9.4072658863e-01  2.3800906937e-01  -2.7183947914e-01  2.9380279106e-01  -1.6963766754e+00  9.5996754077e+00  -1.3491610922e+00  1.3010773830e+00  1.4716754935e+00  1.4093061859e+01  -4.0820423113e-01  1.2130582329e+00  -5.0264196083e+01  1.7605044963e+02  1.3769435033e+00  1.4485677641e+01  -1.2333466645e+00  3.7409255703e+00  -2.8432225827e+00  1.0770222602e+01  -1.4305862692e+00  2.3185411850e+00  
-5.6853728294e+00  -1.5452354469e+00  2.0589446330e+01  -2.7570977297e-01  1.6646989824e+02  -2.9194179660e-01  1.0685247118e+00  -8.4712879828e-01  2.8389940718e-01  2.1030464933e+01  1.0941056314e+03  -7.9554909561e-01  1.3353052748e+00  -1.0123042639e+00  1.3670403624e+00  -7.0871947060e+00  5.8591110976e+01  2.4245101174e+00  3.6573304604e+01  4.9962256848e-01  9.7336739920e-01  9.4752353242e-01  9.9824923032e+00  1.1417592144e-01  8.4997289490e-01  
-5.5854721069e+00  -4.0531849727e+00  8.9090483696e+00  -1.9845367608e-01  1.2446055376e+00  -5.6498356592e+00  1.3392952819e+02  -1.6708057170e+01  1.1001406933e+02  -4.2058580098e+00  6.7345461000e+00  -7.8404568385e+00  6.2912096073e+01  -3.0493245845e-01  1.0129131027e+00  -7.5265644425e-01  2.8603673618e+00  2.8574131541e-01  1.3375618114e+00  2.4116067769e-01  5.3478785012e+01  -5.3045631305e-01  1.5836328068e+00  -5.0052651638e+00  7.7078187085e+01  
-5.4805374146e+00  -4.9446832363e+00  5.5443383581e+01  -9.4662505159e-01  1.9794342392e-01  -6.9789712301e-01  6.3037104323e-01  7.5176978759e-01  1.3613377495e+00  -7.6660639507e-01  7.3424644288e+00  -1.6674454517e-01  1.7774027041e+00  8.2310384514e-01  1.9058572862e+00  9.6582343297e-01  1.8504175008e+01  -2.6326517656e-01  1.0378213542e+01  1.0626770339e+00  1.4608273730e+02  3.4207871963e+00  1.3756068520e+02  -4.3489906252e+00  7.5064323648e+01  
-5.3760938644e+00  -1.4374312750e+00  1.4295507801e+00  -7.9440890149e+00  4.1419078540e+01  1.4835232532e+01  1.1583586009e+02  1.0660143620e+00  1.3641790460e+00  -1.7202828150e+00  3.0320298212e+01  -8.7511252231e-01  1.4376980986e-01  -3.8967838400e-01  9.3034157379e-01  6.1843436386e+00  2.0278829359e+03  -7.1863638857e+01  2.9482142605e+03  -4.0922577952e+01  3.2529270421e+02  1.1408497312e+00  1.1328022696e+01  -1.4921990307e+00  1.2177698434e+00  
-5.2700166702e+00  -5.9692957339e-01  5.4329938189e+00  7.4904404574e-01  9.0914650878e-01  2.3324072223e+00  3.1831537498e+00  1.4986863057e+00  1.7626735204e+00  -2.3366137798e-01  3.4447950145e-01  4.0867212320e-02  9.0319983234e-01  3.0000644782e+00  3.0684377407e+00  -2.0234176374e+00  1.0008826450e+01  4.2820596339e-01  4.4259592886e+00  1.3131486053e+00  1.1282228071e+00  -2.2773642561e+00  7.0221370988e+00  -9.3338687644e-01  1.1899920828e+00  
-5.1662268639e+00  -1.3590417227e+01  6.5872008581e+02  2.1777100333e-01  1.3333147247e+00  2.0139963048e-01  5.6042771541e-01  1.3510153645e+00  1.4531605378e+00  8.6350109144e-01  5.9292609636e+00  -3.5874695094e-02  2.7383133993e+00  -3.8986604196e-01  7.8622972022e-01  -6.1096293580e-01  2.4953578865e+00  1.2167918138e+00  2.1888626636e+00  3.9059763736e-01  9.1489913791e-01  -9.5985919952e-01  7.4858005240e-01  -1.1039901109e-01  3.8914474438e+01  
-5.0597610474e+00  -6.7628021000e+00  2.0650490644e+01  -3.3634818639e-01  2.5199247164e-01  1.4387178144e+00  4.9559510627e+01  -1.4164451295e-01  1.5972565653e+00  1.5474593807e+00  6.2453370543e+00  -3.4664868267e-01  7.7561910599e+00  2.1188186620e+00  2.2384395253e+01  6.8890487419e-01  7.8252074557e+00  2.1555259564e+00  2.4773029612e+00  -7.6917601826e-01  5.1724194680e-01  -4.1328999138e+00  1.1145987199e+01  1.7898392619e+00  1.1905532754e+00  
-4.9562711716e+00  -9.2270246963e+00  3.0922911444e+01  4.4946821674e+00  2.1152523094e+01  1.5345297925e+00  1.1212279912e+01  -1.3143474679e-01  1.8278244866e+00  1.6883234587e+00  4.4769247217e+00  -1.7153315453e+00  3.7891653788e+01  -2.8389648664e+00  1.6932674161e+01  8.6163220495e-01  1.0806885104e+00  1.1089667631e+00  2.3882434556e+00  2.3481643078e-01  1.4225952088e+00  -1.6551013939e-02  4.2040323932e-01  4.3643922133e-01  7.1984993985e-01  
-4.8567047119e+00  -3.1482955801e+01  1.3731425614e+02  1.5267342854e+00  1.5742005354e+01  -2.4912886573e+01  8.6058045654e+03  -2.8181033217e+00  1.4217587802e+01  -1.0872215057e+02  1.1434343796e+04  -1.4556917370e+00  3.2152592120e+00  3.9434432608e-01  8.4747113749e+00  2.2283646440e+00  2.4540005727e+01  -6.4532423296e-01  1.3640094352e+03  2.8832126056e-01  7.6172584156e-01  -7.7496490782e-01  1.4366372047e+00  -2.9213221126e+01  1.8358243199e+02  
-4.7539925575e+00  -7.8013168172e+00  6.4763021737e+01  -1.6810068187e-01  5.7532241908e-01  -3.1520638980e+00  6.5613518875e+00  -4.6155527893e+00  3.1535222702e+01  -3.1282921057e+00  3.2147055655e+00  -8.4735090490e-01  1.2671551324e+00  -1.0278697216e+00  1.3446836275e+00  -2.7692350443e+00  2.2776735367e+01  -1.1976824576e+01  7.8794812069e+02  -5.8319263849e-02  9.0383857797e-01  3.2211922585e+00  1.7020207258e+02  -7.9343702937e-05  8.1585045469e-01  
-4.6514053345e+00  -6.7797931543e+00  8.1304326502e+00  -3.6203439193e+00  2.3738293772e+01  4.3107774719e+00  3.5497277215e+01  3.7235445967e+00  2.2009028140e+01  -1.8987795819e+01  3.3666382923e+02  -3.3521329362e-01  1.5699796558e+00  1.2893366250e-01  7.6326863202e-01  4.9522263263e+00  1.0309207326e+01  -3.1096661946e-01  8.7636727265e-01  4.2985636009e-01  2.0727608693e+01  1.5210161822e-02  1.3972766540e+00  6.4176160222e-01  4.0621942010e-01  
-4.5505599976e+00  4.3601979603e+01  1.8802803781e+02  -6.3052059661e+00  1.5222881571e+01  8.1243150372e+00  7.2605258821e+01  9.6968945581e-01  2.7131612688e+01  1.5016711844e+00  5.6325780888e+00  1.2499234672e+00  9.2441033508e+00  -1.7123759557e+01  8.1450801669e+02  4.9514347492e-01  2.6260006530e+00  -1.2488577737e+00  2.0343357689e+00  -3.2389260111e+00  4.8437569083e+00  1.3928350312e+01  9.6246544541e+02  -1.4178777714e+01  1.0369474335e+02  
-4.4498820305e+00  7.2855267893e+02  4.1017294426e+04  -3.6650357372e+00  4.8497361498e+01  2.0270088205e+00  2.0532545321e+00  1.1086502202e+00  4.5460847468e-01  4.3844254268e+01  1.1818467338e+04  -9.4540692444e+00  6.2242910815e+02  -3.4369751116e-01  2.7329130114e+01  -1.6870621691e+00  2.0908055529e+01  -1.4467679656e+00  3.2977937933e+00  6.5531156869e-01  6.5626025446e-01  7.7279291856e+00  8.4651024205e+02  4.2756558913e-01  3.8745385383e+00  
-4.3506813049e+00  2.8690254943e+01  7.6906317879e+01  -2.9458307817e+00  4.4819761173e+00  3.3718237921e+00  5.0480571697e+00  1.1966191550e+00  5.4036460064e+00  -4.2793237681e+00  1.2266519668e+01  -2.0296151981e+00  2.2801251582e+00  -2.1597287703e+00  2.3841817891e+00  8.0201067860e-02  1.9419614269e+00  -8.8547032704e-02  5.3859499250e+00  -1.5113016889e+00  4.7329511031e+01  2.6081420903e-04  3.5890971193e-01  4.5723048911e-01  5.6895804381e-01  
-4.2503538132e+00  -2.2982257935e+01  1.0201850480e+02  -1.8040502391e+00  1.7168442271e+00  4.0961978599e+00  6.7282539449e+00  6.2062963398e-01  2.0106688822e+00  -1.4883373860e+00  1.4732531484e+00  -1.5555250489e+00  1.5460872549e+00  -4.2429286983e+00  2.2033392089e+01  1.7221320210e+00  2.1146126997e+00  6.4991845143e-01  1.5697548781e+00  2.2133366058e+00  7.2836952039e+01  -1.6089340977e+00  9.7369642829e+00  -3.6180935749e+00  1.0944806888e+01  
-4.1497259140e+00  -7.4451355345e+01  1.1637446989e+03  -2.5663182440e+00  3.6282876336e+00  3.9036562852e+00  6.7776914077e+00  -1.6688548051e+02  1.3431071590e+04  3.8953052377e+00  7.7139022427e+00  -5.4951935958e-01  1.3923395823e+00  2.3206381720e-01  4.3420301241e-01  6.6181306934e-01  1.1000265235e+00  -4.4154146555e+00  4.0039267500e+01  -1.4932552202e+00  5.0509971718e+00  1.4813899925e+00  7.4835178407e+01  -4.7316577340e-01  2.1517671312e+00  
-4.0501384735e+00  -7.7986979321e+00  5.3836256323e+00  -6.2511430175e+00  1.9000952700e+01  2.8819557672e+00  3.2358440115e+00  -1.9042037758e+00  4.8836285994e+00  6.4881960839e+02  7.4972463210e+04  -4.1215182075e+00  1.0027730809e+01  7.9805850170e-02  6.8408373601e-01  -1.4692794927e-02  8.8107582509e-01  -7.1138319765e-01  9.1403525644e-01  6.2688461678e-01  1.5922414790e+01  -1.0824226735e+00  1.3588067674e+02  1.5572423913e+00  2.2142680487e+00  
-3.9496629238e+00  -5.1705122852e+01  2.7263250876e+02  -2.9136810544e+01  5.8956323259e+02  3.7058268525e+00  6.2146492710e+00  5.1642865456e+00  8.6529347225e+00  3.3499413898e+00  3.0165724441e+00  2.7526805120e+00  1.1212741623e+01  7.3935451929e+01  8.7397633294e+03  -5.4381871463e-01  8.1725220482e-01  1.1263282169e+00  1.9704043473e+00  -1.1861617962e+01  2.2414661600e+02  2.0387259969e-01  6.0949502469e-01  -6.6039612415e+00  4.6593375063e+01  
-3.8498146534e+00  -1.0445391771e+01  2.1399700530e+03  -6.2636261396e+00  2.3386497142e+01  3.2195050362e+00  1.9834206430e+00  -1.0335314216e+01  1.6419047139e+01  -4.7206354526e+00  6.4854068966e+00  -5.7066866318e-01  7.2596896881e-01  6.0756562698e+00  1.6049673944e+01  1.2166042049e+00  1.7717635400e+00  -1.1431443962e+00  1.0292109020e+00  7.8261721622e-01  3.5722268820e+00  2.8460375306e+00  4.7022385370e+00  2.9535896441e+00  7.3596432583e+00  
-3.7500000000e+00  -3.5823510336e+01  1.5680317518e+02  -5.8764332289e+00  1.3006785970e+01  1.5093299123e+00  6.0616570906e-01  2.3864239930e+00  1.4853514992e+01  3.5626854014e+00  2.6203779730e+00  -1.7662596019e+00  1.4213169213e+00  -3.9507120769e+00  4.3962988136e+00  -5.0911391476e+00  1.4247804866e+01  -8.5540198314e-01  3.6559773406e-01  1.0406460901e+00  7.8068491205e-01  5.6750271395e-01  1.7564713213e+00  3.4193909048e-01  9.4372460891e-01  
-3.6501746178e+00  -1.0344518878e+02  3.6456699961e+03  -2.6040543893e+00  1.9037851303e+00  1.9424230634e+00  9.4360037562e-01  -5.3962063824e+00  7.5161975378e+00  3.3320106540e+00  2.4554389818e+00  1.7565233382e+00  2.2971336508e+00  3.6245138778e+00  3.9181231619e+00  1.7852505167e+00  2.2283268320e+00  2.2965966162e+00  2.1340018281e+03  9.0042589971e-01  6.9334529370e-01  -3.5594067110e+00  8.3905249382e+00  3.1919531128e+00  1.3136522246e+01  
-3.5495858192e+00  -2.4822321898e+01  6.8547701194e+02  2.2898875230e+01  1.0508771313e+03  5.2537414245e+00  6.0463006911e+00  5.2237690720e+00  1.0264036459e+01  -7.5301348340e+00  1.3026195336e+01  3.0456052786e-01  2.6694966798e+00  1.5957448898e+00  1.2978293523e+00  -5.3596794119e-01  4.3426252373e-01  -2.6863108320e+00  2.2565049803e+00  -7.8914627395e-01  5.9851191598e+00  -5.0288180857e+00  3.5048390557e+02  -1.6796441583e-01  1.7087889224e+00  
-3.4494683743e+00  -2.4316140755e+01  6.0414038169e+01  -4.9164732221e+00  6.5018622307e+00  4.4193693065e+00  3.1631327259e+00  6.5007015882e+01  7.5678997932e+02  -5.1944465289e+00  5.9897127310e+00  1.6866367079e+02  1.6960092896e+04  5.6176485177e+00  9.8603739640e+00  1.0134259160e+02  3.2028282331e+03  -5.5398057864e+00  1.8313992034e+01  1.1681810391e-01  2.4710393316e+00  -1.8723207880e+00  1.0726777705e+00  8.4828625508e-01  2.7096157453e-01  
-3.3496038914e+00  -1.4347539469e+01  1.5910243536e+01  -4.5193923964e+00  7.3544896414e+00  2.5919348640e+00  1.2819748603e+00  3.1487574566e+00  6.2959434332e+00  3.9957926571e+00  3.5559058816e+00  -2.5105387952e+00  2.4291954895e+00  1.9021875256e+00  1.6431848543e+00  1.6802135225e+00  1.0002076481e+00  1.7004160921e+01  3.5776365651e+02  -3.4354968411e-01  6.1456487756e-01  -1.0531798868e+01  3.5756630730e+01  1.2346732246e+00  4.9352295330e+00  
-3.2498354912e+00  8.1645232140e+01  1.4708873254e+04  -7.2954766652e+00  2.9320991425e+01  2.9504433130e+00  1.5626577083e+00  5.2905304144e+00  3.7123173452e+01  4.2833778119e+00  3.2711467076e+00  -2.1398584459e+00  2.1675860091e+00  -1.8360496811e+00  1.1212982723e+00  -4.7719842406e+00  2.9511211285e+01  1.6275931539e+00  1.6756854659e+00  -2.6309425063e+02  2.9989919893e+04  3.9938523470e+00  1.7266423918e+01  7.9848999882e-01  9.3691797166e+00  
-3.1497168541e+00  3.6129660799e+01  7.2727926634e+02  -1.1325242668e+01  9.1480846400e+01  2.2600748098e+00  1.0701662913e+00  4.5034321883e+00  9.9873947051e+00  -3.5445966985e+02  3.0351504702e+04  -5.7496658643e+00  3.3130102166e+01  2.3258383153e+01  1.9216302975e+02  -3.0105942108e+00  8.1869216144e+00  1.6190822974e+01  1.4347763232e+02  -3.2950153847e+00  9.6285668772e+00  1.9932364124e+01  2.9741698900e+02  -4.6568106974e-01  6.8139995929e+00  
-3.0491406918e+00  -8.7936081046e+01  3.1714127055e+03  -2.8184027137e+00  3.1876902678e+00  2.2627805913e+00  1.0370533652e+00  2.6369727314e+00  2.7120844041e+00  1.8466481658e+01  1.4900771645e+02  -2.5853903157e+00  2.2086074458e+00  -5.1552586792e+00  8.4831175461e+02  -4.6179965847e+00  2.8238307678e+01  1.8524474768e+01  1.4121492628e+02  -1.9577833060e+00  3.2242035724e+00  -1.9174160674e+00  1.1602568240e+00  3.1456088405e+01  4.8254173411e+03  
-2.9497852325e+00  -6.0198384879e+00  3.9584825680e+00  -5.8572518822e+00  2.2915630280e+02  2.0936702917e+00  7.9736944252e-01  2.2891004640e+00  1.4403747104e+00  4.7836726264e+00  5.3797740921e+00  1.1673091047e+01  7.7619192503e+01  9.5735648508e-01  7.9915368256e-01  3.3084007925e+00  4.3536945471e+00  1.1740772048e+00  8.2083508711e-01  1.6007608726e+00  1.7173822989e+00  5.8439032978e+00  1.0538558529e+01  -1.0544814026e+00  2.0282994830e+00  
-2.8496937752e+00  -4.8263744263e+00  2.6646112188e+00  -2.2676020985e+00  3.7028737891e+01  1.4448875294e+00  4.4888043651e-01  2.5711021462e+00  2.8428509820e+00  7.1973065216e+00  2.4168161035e+01  1.7174314480e+00  1.0520302488e+01  -4.9234153940e+00  7.3030103548e+00  2.1827861302e+00  3.5476909544e+00  -2.4042151018e+02  2.2835711609e+04  -3.8743826945e+01  9.4261946873e+03  -4.0712679359e+00  6.5789599470e+00  9.3543012611e-01  9.4194877162e-01  
-2.7495994568e+00  -5.0465283395e+00  3.3362629811e+00  2.0972418694e+01  3.6305149436e+02  1.3879674680e+00  3.1449377183e-01  2.8088699002e+00  2.6407760554e+00  -1.4888984413e+01  3.0646479311e+02  -1.5830236837e+01  8.7230666170e+02  3.0798024977e+00  2.3638260086e+00  1.0491528687e+01  4.0024520113e+01  6.8137506193e+00  3.8825451714e+01  7.7480786939e-01  7.5944604155e-01  -1.9507854564e+00  2.4987581527e+00  -4.4906114762e-01  1.2888656116e+00  
-2.6498172283e+00  -5.5504136435e+00  4.5917023117e+00  -2.0221317112e+00  2.2325323373e+00  1.9678112509e+00  9.9175972231e-01  2.5583776841e+00  8.4567230847e+00  1.5583568122e+01  1.4781963834e+02  -1.8880906532e+00  4.0996882696e+00  2.0111929339e+00  1.7363931165e+00  -4.6527604066e+00  2.4646193529e+01  4.1396947453e+00  5.7273237061e+00  -3.1767220352e-01  1.6095168342e+00  5.5056979344e+00  1.4824982280e+01  -2.6732598079e+00  2.6512864139e+00  
-2.5496385098e+00  -3.1977829430e+00  1.1841624544e+00  -4.1207549242e+00  1.0324157929e+01  1.1484613364e+00  2.8246828626e-01  2.4199754556e+00  2.3123878946e+00  2.0451499804e+00  1.3699205381e+00  8.6598912959e+00  3.4336138393e+02  4.2615285610e+01  3.0339880899e+03  -4.0027529817e+00  1.3707183037e+01  -1.0162454017e+02  1.0007612189e+04  3.3783340350e-02  1.2989041477e+00  -1.7735577701e+00  1.5377972606e+00  2.0998959797e-01  6.3426253085e-01  
-2.4501397610e+00  -4.9145925258e+00  3.0246761851e+00  -4.5670774284e+00  2.7028725118e+01  1.1250104053e+00  3.0278900617e-01  2.1595692918e+00  2.2896739447e+00  2.1714288099e+00  1.2071406246e+00  4.3238907483e+00  1.2569831371e+01  1.1473254188e+00  5.8034438926e-01  1.0854890566e+01  5.4127727725e+01  4.5108425225e+01  6.0565155584e+03  4.4373976057e+01  1.5574896649e+03  1.7161964152e+00  8.0265243530e-01  -1.1823879196e-01  2.9830672124e+00  
-2.3497743607e+00  -6.3880909587e+00  6.1863405259e+00  -4.0037347933e+01  9.1403599555e+02  1.4896079410e+00  5.8145302537e-01  1.8622964623e+00  1.3783465568e+00  8.8495885466e+00  1.9678829789e+01  -1.6299709177e+00  2.1014655464e+01  1.2025925037e+00  7.6798324858e-01  -1.4851618038e+01  2.9724179413e+02  -5.0466932858e-01  1.5428921724e+00  5.6652414278e-01  1.4225845705e+00  -1.6214366012e+00  9.5347800842e-01  6.0559479827e-01  7.2984587447e-01  
-2.2502188683e+00  -3.8591438180e+00  2.4647516620e+00  -6.3386560087e+00  1.3061830814e+01  8.3856003581e-01  2.8884187564e-01  1.1454732076e+00  3.4976038755e-01  3.4760654583e+00  1.1070022376e+01  -1.9734682990e+00  5.5459496757e+01  1.0818281147e+00  1.0845659706e+00  -8.8918832591e-01  5.8450074813e-01  1.2267137208e+00  1.2699406540e+00  1.5292314948e+00  1.9520123571e+00  4.2655571466e-01  1.2762771033e+00  5.5214209428e-01  4.2330616701e-01  
-2.1495461464e+00  -3.5239232371e+00  2.0570939719e+00  -3.1050157875e+00  4.2885373862e+01  9.1694981008e-01  3.0494433452e-01  1.1761781476e+00  2.6159575889e-01  1.4954996912e-01  1.3315498812e+00  -1.1483208968e-01  9.1775502425e-01  2.8637805798e-01  3.3172933596e-01  -1.9582194684e-01  3.2475017889e+00  1.1218154609e-01  2.6760019558e-01  8.9174893576e-02  1.3210494125e+02  -6.7066329028e-01  1.1032218623e+00  6.7108143664e-01  1.8096137692e+00  
-2.0500617027e+00  -4.2861631649e+00  2.7068692442e+00  7.4397781748e+00  1.2302819540e+02  1.0005685198e+00  3.0794865913e-01  1.1752845913e+00  2.9571861298e-01  8.7701275814e-01  4.9318046388e-01  -4.7871303017e-01  7.9013897348e-01  1.0251308406e+00  8.4705249213e-01  -9.5915515625e-01  9.1905468355e-01  4.9297525968e-01  1.0977488056e+00  -1.3653967180e+00  2.5738324721e+00  1.7903887464e+01  5.7560229682e+03  5.6008985382e-01  1.5003204447e+00  
-1.9499870539e+00  -2.7368131897e+00  1.3069304194e+00  4.2114751096e+00  5.7922982743e+02  8.8105937795e-01  2.7932161799e-01  1.2264335542e+00  3.6917678282e-01  3.9027749694e-01  2.7753999519e-01  1.3701501246e+00  2.3272296734e+00  1.5476710766e+00  2.3714496441e+01  6.0014537600e-01  6.7292980695e-01  -1.3076470087e+00  8.9498530827e+00  -1.7118950829e-01  9.9732706502e-01  -8.6819680463e-01  1.7666159259e+00  -1.4741633471e+00  3.3938757290e+00  
-1.8499714136e+00  -2.8063328113e+00  1.4579671764e+00  1.1440116772e+01  4.0666397425e+01  8.4147819517e-01  2.1831837802e-01  1.0046699430e+00  2.4273231934e-01  7.3385027314e+00  2.9142421541e+02  6.0784873413e+00  5.4647960191e+01  -3.9985613910e-02  3.8118336959e-01  -2.4889561321e+00  5.6129437956e+00  1.3879173218e-01  4.6247645067e-01  -1.1934005488e+00  1.9415809516e+00  1.4519009500e+01  2.3311855169e+03  1.7353787444e+00  1.2752146961e+00  
-1.7501097918e+00  -2.4242744591e+00  1.0348678570e+00  1.9579974150e+00  2.9023862004e+00  5.7875834772e-01  2.1272602867e-01  1.0721252080e+00  4.3169119349e-01  5.4602183167e+00  1.7459671110e+01  -1.1319165964e+00  1.6751209319e+00  -5.8539367506e+00  1.7198234209e+01  -7.7938526660e-01  1.6962415922e+01  1.0476417345e+00  1.5709053612e+01  -9.7328161206e-02  1.6198994903e+00  -8.6923552407e-01  3.2437202337e+00  8.8923585603e+00  5.7565190828e+01  
-1.6500415802e+00  -1.7450333926e+00  5.5976973201e-01  2.4205718949e+00  7.3727947525e+00  8.2286197678e-01  2.3680015783e-01  9.0410813227e-01  2.4064347290e-01  1.0947024042e+01  1.4183556360e+02  3.7026922152e+00  6.1422025211e+00  4.7477696124e-01  9.0723662370e-01  5.4790398784e+00  1.8840451719e+02  -6.3053897744e+00  4.2810351473e+01  -2.6737721221e+01  5.6771372742e+02  -4.6266367323e-01  5.9626730625e-01  -1.1401058696e-01  4.0946284230e+00  
-1.5499081612e+00  -3.9551521016e+00  3.2926309857e+00  4.2286664840e+00  9.9572960957e+00  5.6619691057e-01  1.5018578012e-01  7.7323948893e-01  2.1690213159e-01  2.2225206467e+00  7.9288815942e+00  1.7861393578e-01  2.8557809149e+01  9.5934044699e-01  1.1324005614e+00  -5.6807972380e-01  9.1752478615e-01  7.7375149503e-01  1.9157479066e+00  1.8762523846e+00  2.5355022217e+01  2.8069845123e+00  1.5596420479e+01  5.8318259248e-01  2.2370487116e+00  
-1.4498776197e+00  -2.5498431935e+00  1.3467155350e+00  1.3354722740e+00  1.3940214949e+00  1.3166119028e+00  4.0913795231e-01  1.1596700514e+00  3.4454246316e-01  -4.1462346580e+00  1.1635259684e+02  -1.2262605486e+00  1.0078553106e+00  1.3566700843e+01  2.4601742491e+02  2.5884627508e-01  6.2012312335e+00  6.3312124964e-01  1.0054247072e+00  -7.4322469798e-01  1.0865408629e+00  5.0642625198e+00  4.6466034219e+02  -4.3559941084e-01  1.3408490813e+00  
-1.3501424789e+00  -2.4994868521e+00  2.0141830999e+00  1.7265322731e+00  5.5620286442e+01  1.1750702068e+00  3.2851212511e-01  6.7601043893e-01  2.5032942548e-01  3.3800199556e+00  1.6349269795e+01  1.4904722280e+00  9.1544908168e-01  2.4248178470e+00  8.4470317633e+00  4.5764888806e-02  7.0493505576e+00  -2.5395598054e-01  7.8866120627e-01  -3.6698820876e+00  3.9001125630e+01  5.0065262045e-01  2.1360059493e+00  1.5278437207e-01  4.5990273354e-01  
-1.2497972250e+00  -2.0907324210e+00  1.1329302345e+00  1.8575954440e+00  7.1157641579e+00  1.1129347312e+00  3.6090749330e-01  1.0798983211e+00  2.7838161475e-01  1.0160508756e+00  4.2423403387e-01  -9.0761475430e-01  3.0095767572e+00  3.3141587335e-01  6.2681513614e-01  3.1979570251e+00  1.7606055143e+01  -4.1364365017e+00  6.0051133544e+02  2.2856757732e-01  1.8429459299e+00  -1.4512305961e+00  7.3472575101e+00  3.1069839316e-01  1.2998827893e+00  
-1.1498001814e+00  -1.0485730159e+00  6.2641277072e-01  7.4100041590e-01  1.5722011063e+00  9.0675535040e-01  2.3090232207e-01  1.3590016536e+00  4.5560549705e-01  1.0447510793e+01  1.2129762434e+02  2.3806976621e-01  3.7776524276e+00  3.1128891112e+00  3.9720204211e+01  -4.5544588028e-01  3.6297366287e+00  -5.1128397935e+00  7.6852031464e+01  5.9915722284e-01  4.4336720278e-01  -3.8676070211e+00  1.4562128285e+02  2.6456792024e+00  4.6636888366e+00  
-1.0497546196e+00  -1.1651892896e+00  6.7999519578e-01  1.1682671408e+00  9.6628929361e-01  7.7405154319e-01  2.1328256830e-01  9.8546877218e-01  3.2611479330e-01  1.9855644960e+00  4.0402803377e+00  -6.8148690701e-02  6.3808781749e-01  1.0203215425e+00  7.7597518089e-01  -1.2426391504e+00  3.0707453598e+00  -9.3905455173e+00  2.7842648621e+02  5.0450199066e+00  7.2438820319e+01  -3.1995186497e+00  7.1759660713e+00  -4.1680492578e-01  7.3885824940e+00  
-9.4993197918e-01  -1.3799122413e+00  1.0721191267e+00  1.0336956997e+00  7.0875233070e-01  9.9379749160e-01  2.2280104690e-01  1.0105554177e+00  2.2056455585e-01  -1.7428492662e+00  2.8905399594e+01  -2.9283200100e+00  7.1808993589e+01  -6.5279583856e-01  3.9401807816e+00  3.2632030394e+00  1.5526558176e+01  2.7499365512e+00  3.0040911414e+01  -1.3367835819e+00  8.7858505033e-01  7.6639160987e-01  1.3065404166e+00  1.2721777745e+00  8.5115489037e-01  
-8.4990096092e-01  -1.1649299771e+00  1.1869148631e+00  2.1670074155e+01  5.2228281345e+02  9.7778067692e-01  2.7107774515e-01  9.1716510588e-01  1.9369894323e-01  1.8185702200e+00  5.3516530359e+00  6.4198647469e-01  1.2375958352e+00  -6.0047466055e+00  9.4631051699e+01  -1.0227537569e-01  7.8342629790e-01  -1.8746088938e+01  3.1379602939e+02  6.4864555654e-01  3.6002692536e-01  1.4629821561e+00  2.3872274612e+00  4.8525145530e-01  1.5013528336e+00  
-7.5019240379e-01  -8.5927831001e-01  9.5879523995e-01  1.3805047443e+00  3.3917510094e+00  7.4119817694e-01  1.5553105737e-01  9.8563700369e-01  2.2351270703e-01  2.2501509619e+00  1.6536686845e+00  -1.2977173319e+00  1.4510100488e+00  6.9839496340e+00  7.7696905104e+01  2.6284826369e-01  7.9082704622e-01  5.9389593687e-01  1.4200524674e+00  -1.7348455492e+00  3.8815787080e+00  6.2768254694e+00  8.3073185416e+02  3.1468030537e+00  8.7357122333e+00  
-6.5025478601e-01  -1.2990764644e+00  1.6123636484e+00  -9.3369400091e-02  1.1876681834e+00  1.1319700052e+00  2.1748327381e-01  8.5873692475e-01  1.9011865102e-01  1.5302326350e+00  1.2971645170e+00  -8.4563374301e-01  3.3997129723e-01  1.9621134130e+00  3.5121479893e+00  -1.4329879159e+00  2.2310912414e+00  -2.1100537325e+00  4.4705444360e+00  4.7930470473e-01  7.6254815310e+00  4.6422008681e-01  9.4855669363e-01  4.4198589428e-01  7.2589058546e-01  
-5.5036491156e-01  -1.6525171233e+00  1.8145072974e+00  5.2379616258e-01  3.2642635571e+01  8.7257872981e-01  1.2397284095e-01  1.0325228512e+00  1.3836748451e-01  1.1938220740e+00  9.4599812196e-01  -8.0393749918e-01  8.9800460225e+00  -7.5315675975e-02  6.3164160489e-01  3.1646756669e+00  9.1683398914e+00  -1.9708530301e+00  1.7942690813e+00  -9.4925210156e+00  1.1178299527e+02  6.3910573236e-01  8.7371038359e-01  9.2925864365e-01  3.9765890592e-01  
-4.5044276118e-01  -3.0630813665e+00  3.5658530363e+01  -9.3376495833e-01  2.4490126254e+00  1.1370594023e+00  1.7797417941e-01  9.1528264003e-01  1.1286178687e-01  1.9155194040e+00  1.7693603876e+00  -3.7817570945e-01  9.7101171326e-01  5.2944586292e-01  8.7518844425e-01  -2.9008986521e+01  1.8864495295e+03  -2.2971186156e+00  4.0726300946e+00  -2.4319855696e-01  3.9337074596e-01  -2.6504232622e+00  9.1883005176e+01  1.8695650392e-01  5.4966477063e-01  
-3.5048982501e-01  -6.5214122443e-01  1.5018406433e+00  3.7191052098e+00  1.0311614042e+01  8.3954513922e-01  1.1907349877e-01  1.0338096072e+00  1.1500820313e-01  6.6252160958e+00  2.8138336958e+02  -9.8618086332e+00  7.5544940908e+01  1.5925803388e-01  6.2113279175e-01  -1.1001619823e+00  9.2574502001e+01  -3.9491826801e+00  2.7662731571e+01  -9.0429425247e-01  4.1298247581e+00  4.8625775658e+00  2.2274651593e+02  8.6966582496e-01  6.4107485121e-01  
-2.5058448315e-01  -7.2817395991e-01  1.0283560761e+00  -2.2404039596e-02  9.9794051606e-01  9.1491271378e-01  1.1937192561e-01  1.2341098790e+00  1.7953566586e-01  5.9525703527e-01  8.8248310479e-01  -2.5430552591e+00  1.2754842763e+01  1.3324491344e+00  1.2526616007e+00  1.2618877425e+00  4.7120168526e+00  2.1646492022e+00  3.8017965981e+01  -1.2442649763e-01  8.7554050298e+00  9.1343546949e-01  1.7325824865e+00  9.1851902962e-01  1.0040098866e+00  
-1.5063619614e-01  -1.3738246363e-01  2.3075268792e+00  -8.3491037239e+00  3.0349162948e+01  1.2150551657e+00  1.8554110653e-01  1.0583640330e+00  1.7804587135e-01  6.6150564986e-01  5.0666895787e-01  -1.7525217650e-01  7.2204984777e+00  1.1644573456e+00  4.9807563358e-01  4.1440733909e-01  5.4600893074e-01  -5.4987849723e-01  4.7063480055e-01  -4.7490539608e+00  2.7749913704e+02  -1.5978971177e+00  5.8612652604e+00  4.9335547530e-01  5.2978373169e-01  
-5.0439722836e-02  1.9557450134e-01  7.0698370964e-01  8.4503897740e-01  5.3771754091e+00  1.0787593037e+00  1.7435428680e-01  9.8847957708e-01  2.0589774937e-01  8.3975006062e-01  8.6589132901e-01  -1.3456120724e+00  2.5050950512e+00  7.3341062453e-01  8.1372709575e-01  -1.5652398299e+00  3.8831634902e+00  1.3504951086e+00  4.2460594587e+00  -7.9124642425e-01  1.6446201223e+00  -1.4110529445e-01  1.1546239721e+00  -2.1919259580e+00  1.7930407222e+01  
4.9410689622e-02  1.0000000000e+00  0.0000000000e+00  1.0000000000e+00  0.0000000000e+00  1.0000000000e+00  0.0000000000e+00  1.0000000000e+00  0.0000000000e+00  1.0000000000e+00  0.0000000000e+00  1.0000000000e+00  0.0000000000e+00  1.0000000000e+00  0.0000000000e+00  1.0000000000e+00  0.0000000000e+00  1.0000000000e+00  0.0000000000e+00  1.0000000000e+00  0.0000000000e+00  1.0000000000e+00  0.0000000000e+00  1.0000000000e+00  0.0000000000e+00  
1.4935290813e-01  8.4772429796e+00  1.8160216513e+02  1.2830694238e+00  7.0291028091e+00  9.2723311775e-01  1.4706387441e-01  1.0120839595e+00  2.0246865535e-01  1.2027942914e+00  1.1944162503e+00  -9.1476597815e-01  1.6309926368e+01  1.3803703707e+00  1.5272526961e+00  -6.5816778561e-01  9.5087498162e-01  7.8206266694e-01  1.6214136201e+00  -1.1038514270e+00  1.8858540469e+01  -4.3989854348e+00  2.8854238924e+02  -3.9363418915e-01  6.1504995805e+00  
2.4963021278e-01  7.9842533733e+00  1.6052037120e+03  -1.2427912307e-01  7.2779637427e-01  8.2319483325e-01  1.2013334736e-01  9.4511903366e-01  1.5456247332e-01  1.5194913306e+00  1.0250802911e+00  -1.0707049784e+01  8.5578024384e+02  8.6042099137e-01  3.7997835968e-01  2.4509428852e+00  3.1091216791e+00  -1.8316077588e+00  1.5129028439e+00  -3.2543338775e-01  1.1039044080e+01  -6.7042800944e-01  1.6919424817e+00  2.0481707632e+00  2.0726567871e+00  
3.4914788604e-01  -1.4185849957e+00  3.4427600489e+00  -3.2365911798e+01  3.8269680174e+02  1.0931944744e+00  1.4589261102e-01  8.1046859908e-01  1.1330371710e-01  1.7381359422e+00  4.4621017113e+00  -3.8967620764e-01  1.3752652522e+00  7.5718857050e-01  7.0617333100e-01  7.3065522960e-01  1.2058100671e+01  4.4970379846e-01  1.3308152119e+00  6.9793033031e+00  5.3452386388e+03  1.1243970918e+00  1.8107932740e+00  1.1076785164e+00  1.9435640373e+00  
4.4937607646e-01  -2.2571678378e+00  6.5786803612e+01  2.4871447616e-01  1.4611842409e+00  1.1913653010e+00  1.6876872954e-01  9.6741601778e-01  1.0572254378e-01  2.6742007684e-01  4.3322272176e-01  -1.0792761980e-01  5.2622374670e-01  1.3882892081e+01  7.1533431167e+02  -5.0865164596e-01  1.5004502668e+00  -2.8595256160e-01  6.8577605302e-01  -1.1942717401e+00  6.4917887479e+00  1.8916622310e-01  2.0476927422e+00  1.1566244100e+00  9.3076726549e-01  
5.4933249950e-01  -3.7874411455e-01  1.5260169814e+00  -1.3193142857e+00  1.9749453793e+01  8.7968219742e-01  1.3842831194e-01  1.0927284795e+00  1.3505894786e-01  5.2642493440e-01  4.8076373020e-01  -2.8079485511e+00  1.0884087242e+01  1.9507555496e+00  4.0150103376e+00  -4.9196220078e-01  2.2333322195e+01  -4.4568375653e-01  6.1834084282e-01  -4.2579456331e+00  9.5527538025e+00  -6.1371636302e-01  5.9745303087e+00  5.0027265575e+00  3.0197390619e+01  
6.4933872223e-01  -6.1218318042e-01  6.6880839006e-01  1.2211236582e+00  3.8191413923e+00  1.1462647690e+00  1.6314291561e-01  9.6867815173e-01  1.2923977191e-01  8.4294589453e-01  6.9056809439e-01  -1.4197151587e+00  4.3693428821e+00  -9.5900388569e+00  4.1714597535e+02  3.3266170828e-01  7.3408454432e-01  -5.1170342019e-01  4.7096349640e-01  -1.1187391723e-01  1.1555190687e+00  1.6055620786e+00  3.3306841486e+00  1.0780420088e+00  4.4345736849e-01  
7.4942731857e-01  -7.8085775516e-01  9.6446838976e-01  -4.2336592812e+00  4.5780438136e+02  8.8375512428e-01  1.7351936551e-01  1.1650608409e+00  2.4892306207e-01  6.5818966289e-01  5.5473932232e-01  -1.1844107030e+00  4.5860628294e-01  5.2453575574e-01  8.7492344448e-01  -7.1360418764e-01  1.2616440429e+00  -4.9038944015e-01  8.3290463297e-01  2.8182736930e+00  9.9313169489e+01  2.3354455598e+00  1.2354547144e+01  1.2345018348e+00  1.0148756652e+02  
8.4939873219e-01  -1.1848165868e+00  2.1440158836e+00  7.8274413292e-01  4.8191363928e+00  1.3497821586e+00  2.8819510977e-01  1.0151180258e+00  2.3659138865e-01  4.4679403763e-01  3.2028768201e-01  -7.7692488375e-01  6.0378257848e-01  1.4894987903e-01  4.5395685895e-01  4.6826763993e+00  8.8374900076e+01  2.3651984370e+00  5.2216263838e+01  -5.8738554278e-01  5.4135890333e-01  4.4795705855e-02  7.3825744371e-01  3.3476983858e-01  6.8996436198e-01  
9.4916880131e-01  -8.6683902415e-01  8.4882566733e-01  6.0793649109e-02  1.0945614515e+00  1.0235374671e+00  2.8905540420e-01  1.0908317002e+00  2.3985354865e-01  6.0178049316e-01  3.7658485543e+00  1.6394047478e+00  6.4068587813e+00  -2.3415659905e-01  8.6290824611e-01  -1.2423489776e+01  1.9493729129e+02  -4.6710135339e-02  4.5330855217e-01  1.5471498606e+00  9.8946391991e-01  6.9613311600e-01  8.2502377850e-01  8.6148144244e+00  5.7655525984e+02  
1.0492541790e+00  -7.2868613854e-01  5.2835748473e-01  9.7170010086e-01  6.2708417988e-01  1.0067665332e+00  2.3012418473e-01  9.9003833439e-01  2.1795380763e-01  -7.0949344896e-01  1.7913623717e+00  -4.7409556790e-01  1.8430187825e+00  -1.0875929022e+00  7.2840760431e+01  3.0444128131e-01  8.8117922459e-01  5.1240602699e-01  3.2431984994e+00  -7.5152398701e-01  5.2367798364e-01  1.3450624642e+00  2.4946447492e+00  7.8971624741e-01  5.4665008578e-01  
1.1491482258e+00  -8.6126089819e-01  5.1547583150e-01  8.6084507683e-01  6.2440786322e-01  1.2929109373e+00  3.5987315107e-01  1.0158167105e+00  3.1882549671e-01  5.2095285389e-01  9.4480569693e-01  -1.7754019737e+01  4.3703971902e+02  9.8685267482e-01  9.0107774743e-01  -8.3079805835e-01  1.5185643109e+00  -7.9890710450e-02  9.5656455867e-01  1.7628379453e-01  1.7591849774e+00  -3.2604721025e-01  6.7304627500e-01  -3.1216376555e+00  3.5862008399e+01  
1.2490994930e+00  -9.5711497583e-01  5.7037483370e-01  1.3018252878e+00  2.8076356421e+00  1.1036282018e+00  3.0775719524e-01  7.3664325542e-01  2.3895935133e-01  9.1784277538e-02  4.6058811275e-01  4.2046990108e+00  4.5423036779e+01  3.1063804666e-01  8.3679417478e-01  -2.3811179017e+00  1.6816330102e+01  -2.0559136915e-01  1.0499511266e+00  1.6780655064e+00  1.2723289958e+00  -4.8314650887e-01  1.5043181571e+00  3.8747536579e-01  5.9240705418e-01  
1.3485859632e+00  -4.7978499660e-01  2.7460014292e-01  5.1937204007e-01  8.7886213903e-01  8.9954903566e-01  3.1114181375e-01  9.2661985529e-01  2.3180772381e-01  9.8602213488e-01  4.2940837045e-01  -1.2100787867e+00  7.5340506757e+00  3.1522430316e+00  8.0197001211e+00  3.1107386837e-01  8.1474915836e-01  -1.5841032427e-01  5.9418460437e-01  4.4401913712e+01  3.8424852765e+03  -7.9995505534e-01  5.0719555574e+00  3.5202539438e+00  2.6185009043e+01  
1.4490329027e+00  -4.0222679963e-01  2.6863741038e-01  4.4194454953e-01  8.4275044151e-01  8.5178995653e-01  2.7430476827e-01  1.4812494015e+00  5.2857881304e-01  2.8194430429e-01  4.8464441609e-01  6.7412058479e-01  5.3079463069e-01  4.2957200941e-01  6.0583268759e-01  -2.4526719232e+01  1.8527398171e+03  -6.9361421276e+00  2.6078443012e+02  -3.0556097745e-01  1.3577847429e+00  2.0676743984e+00  2.8423974923e+01  9.2450797507e+00  1.9546905675e+02  
1.5489701033e+00  -3.9343854393e-01  2.3781827467e-01  7.5459216024e-01  5.7852820771e-01  7.6028887849e-01  2.4200514847e-01  8.6315179095e-01  2.7894198457e-01  -2.5242336898e-01  1.0052118420e+00  -8.2278140512e-01  9.6433369090e-01  1.1130162757e-01  4.4129828732e-01  2.4722554078e+00  2.4067665197e+01  1.6145038339e+00  2.3209526795e+00  -1.3937672595e+00  4.0606342133e+00  -1.5177617323e-01  1.4750655396e+01  -2.2386260809e+00  1.4779135788e+01  
1.6486072540e+00  -2.5444339465e-01  1.9339695436e-01  2.2898950203e-01  4.9311980182e-01  1.7675645337e+00  5.1808906157e-01  1.2943031448e+00  3.6601799398e-01  4.6973799112e-01  7.0670953737e-01  1.3915262532e+00  3.6584974497e+01  1.0577926723e+00  1.3404080145e+00  -1.8866873911e+00  1.0063939613e+01  1.4137834321e+00  7.1912909574e+00  4.7341255955e-01  3.8600602834e+00  3.9630566800e-01  9.5643846801e-01  1.8146909678e+00  2.0348851798e+01  
1.7491276264e+00  -5.7369682719e-01  1.9680983036e-01  4.2448383061e-01  4.1634748933e-01  1.2163198160e+00  3.5875330440e-01  1.1068056758e+00  2.7519765238e-01  9.9551084395e-02  5.9675966677e-01  2.7574743768e-01  3.5247154919e-01  2.1888977167e+00  4.9651985656e+00  2.2049904301e-01  4.8368490610e-01  -1.7936648695e-01  4.3108498986e-01  -4.1944248356e-02  7.6526120286e-01  -2.1921873024e+00  2.4682612804e+00  -3.8612580185e+01  4.0008423113e+03  
1.8489435911e+00  -4.1330382428e-01  1.8731974612e-01  5.1880571135e-01  6.1743906022e-01  1.7306042402e+00  7.4691408656e-01  9.3401773727e-01  3.1887945447e-01  1.8379573588e-01  5.9368340442e-01  -8.9407991628e-01  7.7863446218e-01  -1.8016114365e-01  3.5861382600e-01  -1.4696913096e+00  1.5517835848e+01  1.4484706464e+00  3.4517754825e+01  -7.2751042902e+00  3.5710595974e+02  -1.4007238899e+00  2.3967556314e+01  1.1411656689e-01  1.0814266223e+00  
1.9481592178e+00  -3.5732053148e-01  1.8726537656e-01  8.7579683918e-02  2.4262183781e-01  1.1892810872e+00  3.4022092445e-01  9.9594753377e-01  2.4358768228e-01  8.6147285492e-02  1.1385922278e+00  1.7872755391e-01  2.2418329687e+00  -3.7029504618e+01  7.0776977705e+02  -4.1371415747e-01  6.2046279995e-01  -1.2328152938e+02  1.2890503211e+04  -8.5299690637e-01  1.0608772866e+00  -3.0532555068e-02  1.2270501320e+00  5.7906401906e-01  3.8594996202e-01  
2.0477674007e+00  -3.6631984592e-01  1.9282205243e-01  1.1034960471e-01  2.5346960315e-01  1.1361806559e+00  3.6802242708e-01  8.1612383731e-01  2.4607231741e-01  2.5754028440e+00  1.8264030483e+00  7.5108817996e-01  1.4542393301e+00  5.6731483952e-01  1.7955670689e+00  1.6887397523e+00  2.1426549407e+00  -1.1792643954e+00  2.4036426062e+01  -6.2608422418e+00  2.6133526027e+01  -1.1976881797e+00  2.4820527159e+00  -7.0109817080e-01  1.1520482620e+00  
2.1480917931e+00  -2.3427761664e-01  1.5191493318e-01  1.1709191930e-01  4.2997543977e-01  1.0003771533e+00  3.0278951270e-01  8.5140187020e-01  2.1301957783e-01  1.1440372000e+00  6.6825235637e-01  -2.4609288597e+00  3.5396494134e+01  9.8254960499e-01  8.5436528859e-01  -1.0544347634e+00  1.2975108114e+00  2.1522400900e+00  6.5105268892e+00  -7.4956909352e-01  1.0392559806e+00  -1.5090996906e-03  7.7424381920e-01  1.8708969043e+00  4.1305334646e+00  
2.2482206821e+00  -2.8473844610e-01  1.6304302815e-01  -2.8022579519e-01  3.5335378565e-01  1.0917461587e+00  3.4808435675e-01  8.5062371613e-01  1.8222062670e-01  5.8082945928e+00  9.1327817553e+01  -9.3254689693e+00  2.8815197445e+02  3.5499263418e+00  5.1187973122e+00  -2.9983654427e+00  9.8198875032e+01  8.8740813689e+00  9.2807281104e+01  -8.3794843768e-01  2.5368966061e+01  -1.5394138324e+00  3.1353236443e+00  1.4432534147e+00  1.0023184123e+01  
2.3483552933e+00  -2.6012976056e-01  1.5560006605e-01  -1.5345729141e-01  4.4908606215e-01  1.1938787687e+00  3.8978661147e-01  8.7375591419e-01  2.4347139578e-01  3.1279367650e-01  9.4084427781e-01  -4.1787844681e-01  1.1727029365e+00  9.3276633860e-01  8.4253825837e-01  -1.1294615981e+00  7.5554038297e-01  8.2420292293e-01  8.8403087426e-01  6.6326287194e-01  7.6426314104e-01  2.8240981373e+00  3.1318131351e+01  1.8221117580e+00  1.4395824535e+00  
2.4478340149e+00  -1.5800212360e-01  1.5241978730e-01  -3.1455763816e-02  4.2909671453e-01  6.7231490124e-01  2.5317076155e-01  5.3954237591e-01  3.6760743186e-01  1.1837013349e-01  2.5825861615e-01  -7.0775195416e-01  1.0725734541e+00  8.3500345302e-01  5.3872283804e-01  -8.2006832016e-02  7.3838046009e-01  -2.2003165300e+00  1.0033473708e+01  2.3261038739e+00  5.0797535944e+01  -6.1895617334e-01  3.7272619250e-01  1.6756929367e+00  2.1418336926e+00  
2.5484483242e+00  -2.0418554316e-01  1.1396016549e-01  -2.3191239265e-01  2.4977289991e-01  8.8953899200e-01  2.4065683971e-01  4.6618602324e-01  3.1082489902e-01  4.6199137187e-01  2.6138191300e-01  2.3766721410e-01  2.5598306398e-01  8.7377222223e-01  4.2819671077e-01  9.7532357758e-02  3.6663574597e-01  -2.7905200332e-03  3.4924689825e-01  3.7142339519e-02  7.4274943457e-01  5.8404612494e-01  2.8881879253e-01  -7.0968643424e+00  2.4618680118e+02  
2.6481816769e+00  -3.1313209604e-01  1.1035631005e-01  -2.3402349877e-01  4.5556723335e-01  8.7125540628e-01  2.0986303071e-01  4.1570506023e-01  2.7101825138e-01  4.9132982823e-01  3.5197361020e-01  1.6773330463e-01  5.2162564607e-01  2.2849002707e-02  2.9848152503e-01  -2.4092827927e-01  4.5777754571e-01  -3.0509663383e-02  3.3922785652e-01  2.4422049955e+01  4.8851385747e+02  -5.6871690532e-01  5.6389247387e-01  5.2939617269e+00  2.3882891365e+01  
2.7478227615e+00  -1.8136722392e-01  1.4382272023e-01  -4.9795520530e-01  3.1798356168e-01  5.0938403891e-01  2.3705760310e-01  4.0350579363e-01  4.6582373868e-01  6.5504715701e-02  2.9706845996e-01  -5.4302889458e-01  8.3191682147e-01  5.0103270370e-01  4.4378944291e-01  -2.1269364124e-01  5.7747126590e-01  2.4638750190e-01  3.5151942480e-01  -2.8027349230e+00  3.4975920998e+01  1.8938437793e-01  3.2306827248e-01  -3.7740090054e-01  3.4397742911e-01  
2.8474471569e+00  -1.9899045795e-01  1.2473740847e-01  4.0130580366e-02  3.8242862373e-01  7.2085021069e-01  1.6123024518e-01  3.5858716177e-01  2.8788299356e-01  -5.1639634696e-02  2.3377124936e-01  -3.1959866113e-02  6.2495445024e-01  3.2654217956e-01  2.3884146612e-01  9.7229341144e-02  3.8656816148e-01  1.4546049463e-01  3.5705527994e-01  1.3051433182e+00  1.5699827371e+00  -5.2031259550e-01  6.2157809846e-01  -2.3260935645e+00  5.8902204996e+00  
2.9473950863e+00  -2.0784839287e-01  1.1695992367e-01  -3.7435657182e-01  4.2326442624e-01  6.9277483960e-01  2.1535093630e-01  3.9265072997e-01  3.8132686631e-01  1.4833355229e-01  3.7783894364e-01  6.2662597099e-01  1.2527755496e+00  -2.0723439829e-01  2.8122944013e-01  4.7062296605e-01  9.6018079155e-01  -7.7045403949e-03  4.5486232429e-01  -2.3453711330e-03  9.2937865737e-01  -2.5000462430e-01  2.9042996305e-01  1.0780887806e+00  9.3970318711e-01  
3.0470087528e+00  -1.6679843977e-01  1.0246412554e-01  -2.8224928683e-01  3.1667177503e-01  4.7829819456e-01  1.7335101343e-01  4.3886738200e-01  3.3308028194e-01  2.1187119928e-01  2.5961454355e-01  8.5709631805e-02  7.2682075641e-01  1.0501258464e+00  6.8740695566e-01  3.0612426269e-01  3.1331976974e-01  8.5611469112e-01  6.2828227770e-01  6.3488773946e-01  1.0697238462e+00  1.7579368401e-01  2.7323588806e-01  -9.6985726833e-01  1.2946319412e+00  
3.1462504864e+00  -1.5574373374e-02  1.0781463172e-01  -3.5766045165e-01  2.5721364646e-01  4.4285424991e-01  1.9810574678e-01  3.8235221359e-01  3.4010843965e-01  6.5193156818e-02  2.0364553278e-01  -3.8926915305e-01  3.0106271211e-01  -5.9887193178e-02  3.0517989159e-01  -2.3548611043e-01  4.3410787772e-01  6.1310138770e-02  2.1450076949e-01  -5.2019693786e-01  6.2497234714e-01  -5.2341175071e-01  3.0634969734e-01  7.3286754503e-02  6.2464581505e-01  
3.2469336987e+00  3.8524580236e-02  1.1982886488e-01  -9.2121574868e-02  2.0802686340e-01  4.4344141469e-01  2.0428310778e-01  2.2923280358e-01  5.0130319072e-01  -1.0096108975e-02  2.0624021922e-01  -1.9053611188e-01  4.0059270672e-01  5.4103835607e-02  1.9860970898e-01  -3.4382197292e-01  5.2867413419e-01  6.8938464185e-02  2.2434756879e-01  -2.9441418699e-01  6.4901491057e-01  6.4181260461e-02  1.9812906041e-01  -1.8567075818e+00  2.3524540556e+00  
3.3468315601e+00  1.9211829727e-03  9.6563774053e-02  -1.3561181077e-01  2.8243778312e-01  3.3985392080e-01  1.7183569984e-01  1.7803274060e-01  4.3663427223e-01  2.3483342128e-01  1.7844463858e-01  -4.7109468795e-01  3.7497075441e-01  -5.4678833794e-01  3.4825805086e-01  -2.0291485934e-01  4.8951772309e-01  6.2059785556e-01  6.1165761909e-01  9.7620844274e-02  3.7681618878e+00  2.4309463968e-01  4.8841608226e-01  1.1132210165e+00  1.6440031246e+00  
3.4471337795e+00  -7.0529175313e-02  7.5687538280e-02  -2.2523607512e-01  2.6224751373e-01  3.8673990008e-01  1.8496532497e-01  3.2411958657e-01  4.2851202932e-01  2.5196376996e-01  1.9288977098e-01  -4.0199549911e-01  4.0192887745e-01  5.2988142963e-01  4.8536003549e-01  5.9732398421e-01  3.6204061308e-01  8.8712271897e-02  3.4048661510e-01  -2.9648560298e+00  3.6641972953e+00  -1.0132338463e-01  2.2095712189e-01  1.2160739880e+00  3.2339171557e+01  
3.5461838245e+00  -4.3048149052e-02  8.4258343052e-02  -2.0614185737e-01  2.1677267415e-01  2.2740999413e-01  1.5783888627e-01  1.6124942175e-02  5.2216190623e-01  -1.9436406705e-01  1.6262738415e-01  -2.4292983951e-01  5.6138143579e-01  1.8423488896e-01  3.7923131046e-01  4.5861450924e-04  2.3796784667e+00  -1.9587043229e-01  5.1879863168e-01  2.8747261422e+01  1.8239632133e+03  -5.3589240737e-01  3.0985896389e-01  1.1800784458e+00  3.7927427212e-01  
3.6472842693e+00  -3.1976712062e-02  1.1972701360e-01  2.4877069940e-02  2.7788505422e-01  1.9229909348e-01  1.7394956994e-01  1.8711352391e-01  6.2448377240e-01  -1.3580557130e-01  1.7737192283e-01  4.2656141912e+00  4.6214574168e+01  6.3075961395e-01  5.0870079236e-01  -1.8779922424e+00  1.5751516692e+00  -3.7500111347e-01  3.3020054031e-01  -2.2126304333e+00  7.2563502438e+01  -1.2286835240e-01  9.1906224835e-01  -3.7438383855e+00  2.0103180165e+02  
3.7464084625e+00  -1.3225689287e-02  9.4331946738e-02  -3.8607809550e-01  2.9005883232e-01  5.1595916738e-01  2.3201305510e-01  -1.7271800660e-01  1.3622983847e+00  3.0166459374e-01  2.0960967762e-01  5.7715201836e-01  6.1897098097e-01  2.7840853852e-01  2.3446011461e-01  5.6712118327e-01  5.8253021986e-01  -6.4378853962e-02  3.0426805428e-01  1.1159023844e+00  7.0080078361e-01  -2.9373284838e-01  5.9087101569e-01  3.2754009484e-01  4.4893148260e-01  
3.8460690975e+00  -2.7878932663e-02  7.2556049638e-02  -1.7638959400e-01  3.7062434610e-01  6.6361720853e-01  2.6281863425e-01  3.9433631653e-01  8.7067670705e-01  2.8272949228e-01  2.8539421926e-01  -5.6896688370e-01  3.5378497955e-01  -2.5610444391e-01  2.6773500749e-01  -2.0889574488e-01  6.0967484430e-01  -1.1711984500e+00  4.9901759421e-01  9.6839009900e-01  1.0169295049e+00  1.3333731408e+00  5.5937576635e+01  4.2652241972e+00  1.4057315226e+02  
3.9466955662e+00  -3.2488074229e-02  9.6979881370e-02  -1.5432319241e-01  3.2427610009e-01  3.1169050362e-01  1.7439945710e-01  -9.3298951585e-02  7.7695772342e-01  -2.1480727156e-01  2.2633199330e-01  -1.7747766734e+00  1.9126372717e+00  1.7176287610e-01  2.9702999125e-01  8.3342365124e-01  8.6014604148e-01  -8.8171531949e-01  7.7613983794e-01  9.5419580512e-01  2.6999165062e+01  3.5859846940e-01  4.5733722226e-01  3.2986390255e-01  8.1212980952e-01  
4.0464258194e+00  -1.9534278224e-02  7.9385268549e-02  -2.9721414174e-02  2.7983090916e-01  2.7423688633e-01  2.8295952204e-01  1.8917025414e-01  9.2105537837e-01  3.0062463998e-01  2.4094760994e-01  3.8628291298e-01  8.3190076386e-01  -1.1286784179e-01  3.8973651281e-01  -1.7520979567e+00  7.2050046636e+00  9.1203223039e-01  1.4245610623e+00  -6.3130802342e-02  8.1704718640e+00  5.5703877044e+00  6.7934685966e+01  -1.5614309374e-01  1.3543605561e+00  
4.1453418732e+00  -1.2877048230e-01  7.8449027292e-02  -1.6715856262e-01  3.6080095491e-01  3.5231978417e-01  5.3328591905e-01  -5.1403115537e-01  1.4334227288e+00  -6.0418715150e-03  2.3192440178e-01  -2.3988761394e-01  1.1568710067e+00  1.2060299274e+01  1.9114583544e+02  -1.3535407183e+01  1.1906790120e+03  -1.4382767645e+00  2.8824709261e+00  2.3984851188e+00  2.5661603446e+01  -4.4244557602e-01  1.3837476678e+00  6.5073366385e-01  6.7357708998e-01  
4.2455291748e+00  -1.3614127207e-02  8.1210578508e-02  -3.9760674498e-01  7.4137671525e-01  2.6221253416e-01  3.8251538662e-01  -4.5351643096e-02  8.4938686942e-01  2.7134577748e-01  1.0210636524e+00  -1.7559122070e+00  8.7514424522e+00  4.6525347833e+00  2.4388139628e+01  1.5506751229e+00  2.9257486629e+00  -2.6731196083e-01  1.4463730277e+00  -6.7969657557e-01  2.3287564645e+00  1.1084380456e+00  2.8733835602e+01  -2.3600825982e+00  1.4642579196e+01  
4.3446040154e+00  -4.2429615447e-02  8.1168236865e-02  -5.5793367820e-01  4.1516819437e-01  2.4919104403e-01  3.3254247909e-01  1.7698744562e+00  1.1884785589e+01  -6.8285119067e-01  1.2991348368e+00  -6.5323945849e-01  1.1706774041e+00  -2.2547032052e-01  4.4683240750e-01  5.8822428466e-01  6.5412945029e-01  1.6734870409e+00  8.6105090518e+00  2.6201123520e-01  6.3145020168e+00  -6.7059177971e-01  2.2882132340e+00  -2.9543332143e-01  7.8683439359e-01  
4.4430975914e+00  3.6377867220e-02  6.3655217751e-02  -3.4513112779e-01  4.4033298726e-01  3.0153582945e-01  3.7133245270e-01  8.0576499930e-01  2.3526779472e+00  -2.4568290558e-01  5.8182196198e-01  -4.9813397467e-01  5.3039094712e-01  -4.6823765227e-01  4.8803525241e-01  -3.1145436535e+00  9.1736077564e+02  -3.5423611110e+01  2.3620986729e+03  -1.0808865148e+00  1.4508095299e+01  -1.6845811722e+03  1.1324047653e+05  2.2210116352e+00  3.1913937715e+00  
4.5421853065e+00  1.9627511305e-04  5.2371865448e-02  -2.4531495571e-01  4.7270081915e-01  4.9767865704e-01  4.3892640206e-01  9.0339467515e-01  3.4014428195e-01  8.0223117344e-03  3.3279374420e-01  -3.3086291887e-01  6.5769135976e-01  -3.3625900153e+00  9.4737949444e+01  -5.2728540174e-01  8.8791898640e-01  -7.2373861849e-01  1.6298472094e+00  1.5369038689e+00  1.1205867086e+00  -1.1228025214e+00  2.4854834212e+00  2.1332059303e+00  3.0830182856e+00  
4.6390933990e+00  2.4279710566e-02  9.2338338580e-02  -1.5911101195e-01  8.0794603412e-01  1.4196682730e-01  3.9328136586e-01  7.3688815468e-01  3.5170950363e+00  6.6076793121e-01  1.8386720630e+00  7.5587562369e-01  1.6026241818e+00  -8.1651885448e-02  1.2091146283e+00  2.1818782224e+00  2.2162075327e+01  -8.3961801510e-01  3.1096082608e+00  -3.1620251752e-01  6.3733168264e-01  4.0883763585e-01  1.2019657282e+01  -1.1695666488e-01  5.4679287481e+00  
4.7367739677e+00  -1.4880339933e-01  1.1461056727e-01  -2.5971205773e-01  4.6050070270e-01  2.2374277419e-01  4.4835492961e-01  2.4653048588e-01  7.6317297054e-01  -6.1456420604e-02  6.5040662848e-01  -3.3894733824e+00  2.2359509739e+01  7.1341633305e+00  1.2667270520e+02  1.9668086634e-01  7.8354240584e-01  -3.2601942381e+00  2.2347734139e+01  4.5674002026e+00  1.7479154905e+01  -9.1835061411e+01  1.0874533271e+04  1.5683019795e+00  1.6394781637e+00  
4.8334660530e+00  -1.1759658026e-01  1.6582124326e-01  -6.1899052620e+00  3.1075274132e+01  -3.2666978077e-01  5.2263385107e-01  -2.3016110857e-01  1.1354844953e+00  -3.2283140055e-01  3.0911913961e-01  -1.1260323591e+00  3.7848870916e+00  -9.9168627095e-01  1.5281986813e+00  -3.5883430262e-01  1.1938969848e+00  -4.8108391747e-02  4.4241526971e-01  -1.2851795981e+01  1.7061125699e+02  2.1146726181e-01  1.5918061366e+00  2.4549267275e+02  1.2158946651e+04  
4.9340848923e+00  -3.2817974508e-02  1.0100202111e-01  7.3856328144e-01  3.8889458810e+00  -1.3816303182e-02  5.3691870996e-01  -3.4493789701e-01  1.3459588324e+00  2.1369829566e-02  4.6331458555e-01  -6.7891426171e-01  3.2757548796e+00  -4.9386657591e-01  2.6637754609e+02  5.3515288619e-01  3.7768111571e+00  -4.7981318860e-02  7.0057905355e-01  3.6716704776e+00  1.0631278094e+01  -1.3677848134e+00  5.4420808970e+00  -2.9834626514e-02  5.2862721129e-01  
5.0301175117e+00  -1.0622079900e-01  2.3380402824e-01  1.9819814233e-01  3.4879236856e+00  6.0800015484e-01  1.0896930048e+00  -6.6875939216e+00  1.0336984943e+01  6.1859053684e-01  1.1657767886e+00  -7.9981697224e-01  5.3316470247e+00  -3.3521850002e-01  6.7954575503e-01  6.9034885453e-01  4.5758097867e+01  9.4386904956e-01  2.1733833467e+00  4.0058013252e+00  2.3603880947e+01  -4.5187865249e+01  6.5884088505e+02  2.1530429371e+00  1.3521265379e+01  
5.1293163300e+00  -1.4360799967e-01  3.0066046423e-01  -3.0066272662e+00  4.6459873829e+00  1.1746337757e+00  5.4709834818e+00  -6.2897651638e+00  4.1335493461e+01  6.8382102975e-01  1.3027803377e+00  -2.2560271285e+00  3.1500428336e+01  4.6046521168e-01  1.3780360578e+00  1.7524901672e+00  1.1732018295e+01  4.6930186611e-01  4.8508470426e-01  -1.3070481659e+00  1.0496989878e+00  -2.5388286424e-01  4.9492066216e-01  5.6144729293e-01  4.2152672654e-01  
5.2276268005e+00  -1.1346313669e-01  7.3093907417e-01  4.2986217090e+00  2.0131986861e+01  4.9435166368e+00  1.5595619118e+01  7.4957712082e-01  9.3278329864e-01  1.3623471843e+00  6.7810217178e+00  4.5584846434e+00  1.1842192760e+03  -3.6183849640e+00  9.4212993253e+01  -1.8091681222e+00  9.1663292147e+00  8.4630737016e-01  1.5502157364e+00  2.6179838344e+00  3.0289418763e+00  -1.0482422303e+00  8.3286899177e-01  1.0967972717e+00  2.3775124499e+02  
5.3255362511e+00  -1.6361231304e+00  6.2442779075e+00  1.2234399417e+00  9.6089214526e+00  4.3434124696e-01  4.3518310096e-01  6.0671677346e-01  5.2374394159e+00  -4.4082434215e+00  9.4569245474e+00  1.8654253870e+01  2.2805494795e+02  3.3670285910e-01  3.2748871664e-01  -5.2217987836e-01  7.2554108267e-01  2.6181888243e+00  2.6372639053e+01  7.6880914456e-01  8.6383483028e-01  -4.4472766867e-01  1.6015882625e+00  -1.1133640976e+00  4.2169997240e+00  
5.4241118431e+00  -7.0176739735e-01  6.2414070648e-01  -1.2683220652e-01  5.4353841395e-01  6.7769135774e-02  3.5694515600e-01  6.7476157428e-01  2.5534186641e+01  -5.1551549666e-01  1.1805274735e+00  -1.1430237847e+00  1.8734370300e-01  -2.4016295085e+00  2.7492273351e+01  -8.8975834410e-02  4.1237188976e-01  -1.7932388007e-02  6.6349949053e-01  -1.9519212256e-02  5.4919433782e-01  1.0387151738e+00  2.9524539569e+00  -6.7536834970e-01  6.6058995546e-01  
5.5219049454e+00  -2.2407327873e-01  4.0652140161e+00  -1.0568294517e+00  2.0953221985e-01  -1.4417853802e+00  9.9630245053e-01  1.5072978560e+00  1.2429173276e+01  -8.4594789152e-01  3.5077984707e+01  -5.5154284528e+00  5.2969531621e+01  1.2466425404e+00  1.5883222513e+00  1.4219280083e+00  2.7064389835e+01  -2.9975908893e+00  7.0466443259e+01  -2.1590266826e+00  1.5620378791e+01  4.4355340470e-01  1.4490281853e+00  -2.5378705768e-01  9.3505208395e-01  
5.6199536324e+00  -2.4124755247e-01  7.5242164618e-01  -4.8623649472e+00  7.3099423750e+00  -1.6098438844e-01  4.6499968521e+00  1.3081366742e-01  1.9635721826e+01  -2.4257124157e-01  3.3524217418e-01  -1.3860334628e-01  1.1486186619e+00  -2.3100910743e+00  1.2588020125e+02  -1.3750802662e+00  1.3312370656e+00  3.4018079342e+00  4.4422586393e+01  -4.8457801084e+00  2.1338720949e+02  -2.0062264053e+00  6.1941049253e+00  4.3761036047e-02  1.3033645748e+01  
5.7185811996e+00  -5.9180270428e-01  1.8747821763e+00  7.1446361495e-01  1.5033943586e+00  -3.4357555037e+00  1.3240728180e+01  -1.1819447920e+00  4.4036619904e-01  2.4172532092e-02  3.7407105734e-01  -1.2828885681e+00  1.7703637488e+00  -1.0161757405e+00  2.5259195947e+00  -1.7953001214e-01  2.7623218571e+00  3.6118670809e-01  6.9886192745e-01  2.0468202880e+00  2.7394486898e+00  9.8560708482e-01  2.7050430620e+00  9.2380973236e+00  1.0924679073e+02  
5.8176493645e+00  4.8641405684e-01  6.5638424954e-01  1.0636958016e+00  2.6839877608e-01  -3.7234947220e+00  4.4089457410e+00  -6.3372809484e-01  1.8223528591e+00  -7.4958473109e-01  9.4632732453e-01  7.4705055276e-01  7.4167921815e-01  2.7453828758e+00  5.3831387876e+02  -2.1340433412e-02  1.2560404088e+00  7.4703765657e-01  5.6766534119e+00  -7.8977944228e-01  1.7664393891e+00  -3.6908509281e-01  5.4553506831e-01  -6.7344495440e-01  3.1842979225e+00  
5.9160070419e+00  -9.7628035502e+00  6.8831970417e+02  1.5981246177e-01  1.8033561182e+02  -3.1985780260e+00  4.3751802737e+00  1.6551872476e+00  1.8548436555e+00  6.2200069821e+00  4.6341138062e+01  2.8351762353e+00  1.6548746302e+01  -2.3257526679e+00  1.5726056363e+01  -7.3894809129e-01  1.9173995193e+00  3.4326880563e+00  2.8576382752e+01  2.0601664696e+00  9.2745163641e-01  2.7713057094e-01  5.6988012470e-01  5.2998726207e-02  6.0861348803e+00  
6.0123624802e+00  -3.0462343493e-01  9.9296363995e+00  2.9548693628e-01  3.6347414830e+00  -4.1634965757e+00  1.2602087959e+01  2.8920212013e+01  7.6354435694e+01  -2.4463219883e+01  1.0316672572e+03  8.4264566765e-01  3.5256924993e-01  3.9522664950e-01  1.0574460582e+00  1.9855396216e-01  4.1765578770e+01  7.3379501093e-01  9.7824930452e-01  -2.1045352177e+00  5.1624031140e+00  9.7062210972e-01  1.7605177984e+00  -3.1557944358e-01  8.6682571844e-01  
6.1118998528e+00  -1.7925910156e+00  3.6587542440e+00  5.8485680465e-01  2.2843202179e+00  3.9196342475e+00  3.0712340189e+03  -2.0174669383e+00  8.2913012379e-01  -3.5181474272e-01  9.1496303656e-01  -8.9960756655e-01  1.2741903853e+00  -9.2403663159e-01  1.2615113150e+00  5.0403038447e-02  6.8955230384e-01  -3.5630886425e+00  2.0140827302e+01  9.4564832472e-01  7.6429288318e+00  -1.2059117621e+00  8.6218856632e+00  -1.0200794637e+00  3.9010253708e+00  
6.2106084824e+00  -2.7178116049e+00  7.3633053693e+00  -3.2675296856e+00  4.3794805695e+00  3.1574529918e+00  4.9369172553e+00  3.0446718634e+00  3.4795599362e+00  1.5622954105e+00  4.9062556398e+00  -1.5560982811e+00  1.9099252122e+00  5.1399518636e+00  3.8924064029e+01  -4.4197108063e+00  5.9683039308e+00  1.3593327898e+00  4.2860244644e+00  -6.8963062515e-01  7.4245341210e-01  2.7243433763e+00  2.1508216264e+01  7.0121553911e-01  2.3526550210e+00  
6.3067579269e+00  5.1288107275e-01  9.2385040962e-01  6.5635582515e-01  6.5635582515e-01  -9.2230431799e+00  2.1236897260e+01  5.3703916261e-01  5.3703916261e-01  -9.6338799610e-01  1.9142829564e+00  -3.1030444509e-01  3.1030444509e-01  -4.4612833812e+00  8.7946109231e+00  4.6938605287e-01  4.6938605287e-01  -1.2124073399e+01  5.3268107021e+02  5.3442740418e-01  5.3442740418e-01  1.0411876933e+01  1.8983524100e+02  9.6901709036e-01  9.6901709036e-01  
6.4066853523e+00  -1.6181456634e+00  1.2089639244e+02  2.2206392881e-02  2.2206392881e-02  -4.0688895223e+00  1.6865585454e+01  -1.0260583896e+00  1.0260583896e+00  4.2605248542e-01  1.5671978308e+00  -1.2189758968e+00  1.2189758968e+00  -2.0370220933e+00  3.2831236600e+00  6.2417179746e+00  6.2417179746e+00  -2.2095421617e-01  4.1571094626e-01  -6.4821013995e-01  6.4821013995e-01  -6.4217543133e-01  8.9748388444e-01  8.7882464010e-01  8.7882464010e-01  
6.5061373711e+00  1.0449663257e+00  3.7023664013e+00  1.5353574808e+00  2.9226968413e+00  -3.8885065861e+00  3.6135723375e+01  7.4248797625e+01  1.0301098282e+02  4.6176097343e-01  7.7335804395e-01  -9.4288711887e-01  5.3937938718e+00  -6.7335016526e-01  3.3795715687e+00  1.8667476730e-01  3.0556226167e+00  -1.4067415677e+00  1.6099126446e+02  2.5104118913e+00  2.8520041634e+00  3.2547909396e+00  1.5836859922e+01  -4.3730248993e-01  8.5506797677e-01  
6.6036739349e+00  -2.0542814070e+00  9.5450335433e+00  0.0000000000e+00  0.0000000000e+00  5.0727046859e+00  2.8245633691e+01  0.0000000000e+00  0.0000000000e+00  -8.7083214145e+00  5.6198611074e+01  0.0000000000e+00  0.0000000000e+00  5.2121058757e-01  1.4485769395e+00  0.0000000000e+00  0.0000000000e+00  2.3423282772e+00  5.2165685263e+00  0.0000000000e+00  0.0000000000e+00  -4.1349563514e+00  4.9728531234e+01  0.0000000000e+00  0.0000000000e+00  
6.7029652596e+00  1.6370671871e+00  1.6134987701e+01  -2.9072949125e+00  2.9072949125e+00  -6.1736335785e+00  1.9151134758e+01  6.2587721353e-01  6.2587721353e-01  4.0332882174e+00  2.5830707218e+01  -1.6426238724e+00  1.6426238724e+00  1.4718141388e+01  4.8691070362e+01  1.3742425108e+00  1.3742425108e+00  2.0905953583e+00  4.1971106056e+00  -1.9904791426e-01  1.9904791426e-01  5.5565727013e-01  1.2035170020e+00  1.2586480836e+00  1.2586480836e+00  
6.8033738136e+00  -8.6527672541e-01  9.3492141308e+00  0.0000000000e+00  0.0000000000e+00  -1.6191220341e+01  9.8625338711e+01  0.0000000000e+00  0.0000000000e+00  -1.9231883230e+00  1.0998407721e+02  0.0000000000e+00  0.0000000000e+00  -1.8033635113e+00  8.9671508587e+00  0.0000000000e+00  0.0000000000e+00  -2.5736943912e-01  7.7759945944e-01  0.0000000000e+00  0.0000000000e+00  -1.7599878078e-01  3.9010412352e-01  0.0000000000e+00  0.0000000000e+00  
6.9024763107e+00  -7.2444909697e-01  1.5007916930e+00  0.0000000000e+00  0.0000000000e+00  -8.8376818418e-01  1.2634182888e+00  0.0000000000e+00  0.0000000000e+00  -4.4827544039e-01  7.6821754467e-01  0.0000000000e+00  0.0000000000e+00  1.2427173949e+00  6.8399235998e+00  0.0000000000e+00  0.0000000000e+00  -1.7113236786e+00  7.8635435274e+00  0.0000000000e+00  0.0000000000e+00  -2.7749929045e-02  1.2356567555e+02  0.0000000000e+00  0.0000000000e+00  
