#eta  dN/deta  dN/deta_err  vn{2}(eta)  vn{2}(eta)_err  Re{vn}(eta) Re{vn}(eta)_err
-6.9898180962e+00  2.5446482468e-03  1.8076431297e-04  0.0000000000e+00  0.0000000000e+00  0.0000000000e+00  0.0000000000e+00  0.0000000000e+00  0.0000000000e+00  0.0000000000e+00  0.0000000000e+00  0.0000000000e+00  0.0000000000e+00  0.0000000000e+00  0.0000000000e+00  0.0000000000e+00  0.0000000000e+00  0.0000000000e+00  0.0000000000e+00  0.0000000000e+00  0.0000000000e+00  0.0000000000e+00  0.0000000000e+00  0.0000000000e+00  0.0000000000e+00  0.0000000000e+00  0.0000000000e+00  
-6.8575549126e+00  1.6537131742e-03  1.2455528486e-04  0.0000000000e+00  0.0000000000e+00  0.0000000000e+00  0.0000000000e+00  0.0000000000e+00  0.0000000000e+00  0.0000000000e+00  0.0000000000e+00  0.0000000000e+00  0.0000000000e+00  0.0000000000e+00  0.0000000000e+00  0.0000000000e+00  0.0000000000e+00  0.0000000000e+00  0.0000000000e+00  0.0000000000e+00  0.0000000000e+00  0.0000000000e+00  0.0000000000e+00  0.0000000000e+00  0.0000000000e+00  0.0000000000e+00  0.0000000000e+00  
-6.7557888031e+00  2.0547395106e-03  1.6400949971e-04  0.0000000000e+00  0.0000000000e+00  0.0000000000e+00  0.0000000000e+00  0.0000000000e+00  0.0000000000e+00  0.0000000000e+00  0.0000000000e+00  0.0000000000e+00  0.0000000000e+00  0.0000000000e+00  0.0000000000e+00  0.0000000000e+00  0.0000000000e+00  0.0000000000e+00  0.0000000000e+00  0.0000000000e+00  0.0000000000e+00  0.0000000000e+00  0.0000000000e+00  0.0000000000e+00  0.0000000000e+00  0.0000000000e+00  0.0000000000e+00  
-6.6566801071e+00  2.6808234397e-03  2.2703202558e-04  0.0000000000e+00  0.0000000000e+00  0.0000000000e+00  0.0000000000e+00  0.0000000000e+00  0.0000000000e+00  0.0000000000e+00  0.0000000000e+00  0.0000000000e+00  0.0000000000e+00  0.0000000000e+00  0.0000000000e+00  0.0000000000e+00  0.0000000000e+00  0.0000000000e+00  0.0000000000e+00  0.0000000000e+00  0.0000000000e+00  0.0000000000e+00  0.0000000000e+00  0.0000000000e+00  0.0000000000e+00  0.0000000000e+00  0.0000000000e+00  
-6.5537462234e+00  3.3696247265e-03  2.7904013405e-04  0.0000000000e+00  0.0000000000e+00  0.0000000000e+00  0.0000000000e+00  0.0000000000e+00  0.0000000000e+00  0.0000000000e+00  0.0000000000e+00  0.0000000000e+00  0.0000000000e+00  0.0000000000e+00  0.0000000000e+00  0.0000000000e+00  0.0000000000e+00  0.0000000000e+00  0.0000000000e+00  0.0000000000e+00  0.0000000000e+00  0.0000000000e+00  0.0000000000e+00  0.0000000000e+00  0.0000000000e+00  0.0000000000e+00  0.0000000000e+00  
-6.4531984329e+00  3.8662599400e-03  3.1143261003e-04  0.0000000000e+00  0.0000000000e+00  0.0000000000e+00  0.0000000000e+00  0.0000000000e+00  0.0000000000e+00  0.0000000000e+00  0.0000000000e+00  0.0000000000e+00  0.0000000000e+00  0.0000000000e+00  0.0000000000e+00  0.0000000000e+00  0.0000000000e+00  0.0000000000e+00  0.0000000000e+00  0.0000000000e+00  0.0000000000e+00  0.0000000000e+00  0.0000000000e+00  0.0000000000e+00  0.0000000000e+00  0.0000000000e+00  0.0000000000e+00  
-6.3511695862e+00  4.8059318215e-03  3.7934086868e-04  0.0000000000e+00  0.0000000000e+00  0.0000000000e+00  0.0000000000e+00  0.0000000000e+00  0.0000000000e+00  0.0000000000e+00  0.0000000000e+00  0.0000000000e+00  0.0000000000e+00  0.0000000000e+00  0.0000000000e+00  0.0000000000e+00  0.0000000000e+00  0.0000000000e+00  0.0000000000e+00  0.0000000000e+00  0.0000000000e+00  0.0000000000e+00  0.0000000000e+00  0.0000000000e+00  0.0000000000e+00  0.0000000000e+00  0.0000000000e+00  
-6.2523746490e+00  5.6691705249e-03  4.6939571621e-04  0.0000000000e+00  0.0000000000e+00  0.0000000000e+00  0.0000000000e+00  0.0000000000e+00  0.0000000000e+00  0.0000000000e+00  0.0000000000e+00  0.0000000000e+00  0.0000000000e+00  0.0000000000e+00  0.0000000000e+00  0.0000000000e+00  0.0000000000e+00  0.0000000000e+00  0.0000000000e+00  0.0000000000e+00  0.0000000000e+00  0.0000000000e+00  0.0000000000e+00  0.0000000000e+00  0.0000000000e+00  0.0000000000e+00  0.0000000000e+00  
-6.1506872177e+00  7.2806389071e-03  5.4583069868e-04  3.6796656877e-01  3.0858445392e-01  2.4053772300e-01  2.0783870982e-01  -5.4900826067e-02  3.1948544072e-01  -6.5184455961e-02  4.1055796493e-01  2.0376374666e-02  7.8713252845e-01  2.4384265691e-02  9.0857847249e-01  9.4937129319e-02  4.3928576503e-01  1.2634198904e-01  6.3044967492e-01  -7.0995995179e-02  9.6624277517e-01  1.6696516350e-01  1.0035063091e+00  -5.3143852234e-01  2.2143560949e-01  -2.5471433401e-01  8.9895866802e-01  
-6.0496463776e+00  8.4525747225e-03  6.8079691846e-04  -4.3111669384e-02  5.6431100820e-01  -4.1198066697e-01  6.0844420027e-01  -6.8614900559e-02  1.0518026136e-01  -5.2315206556e-02  6.1964170463e-02  7.5535012603e-01  1.5398667331e+00  1.1126531653e-01  9.6317573633e-01  -2.7369053707e-01  4.2888819391e-01  -4.3078025907e-01  5.1836131803e-01  4.7476669775e-01  5.8278311449e-01  5.3068449736e-01  4.0007735348e-01  -6.6015650623e-01  9.5813473066e-01  8.0112329473e-02  1.1025078222e-01  
-5.9493436813e+00  1.0693741962e-02  8.1056437921e-04  4.9364109151e-02  2.3320628053e-01  7.8166142262e-02  2.8925065474e-01  -6.6531934123e-02  2.2791768176e-01  -7.0983344195e-02  1.4050808596e-01  4.1446276769e-01  3.1527826968e-01  3.4685352534e-01  2.1824076802e-01  2.2034784222e-01  3.3341852488e-01  2.5745728008e-01  3.0572972003e-01  6.7664244882e-02  3.5752496196e-01  8.9482060820e-03  3.1573504999e-01  -1.2352454547e-01  3.7581546418e-01  -3.3399640858e-01  2.6613244669e-01  
-5.8495240211e+00  1.3073069975e-02  9.5410086215e-04  1.0661050463e-01  1.6316584822e-01  2.2874484569e-01  1.5782065918e-01  8.8246339336e-02  9.8695886138e-02  8.5182558829e-02  1.2189010705e-01  1.2881988371e-01  1.8930669634e-01  5.3151510982e-02  1.5032482023e-01  -2.2666010544e-01  1.2610980828e-01  -1.8770604618e-01  1.7886237822e-01  -1.6892033175e-01  1.8332536066e-01  -2.5061882004e-01  1.9523152533e-01  3.4097316191e-01  1.4905846322e-01  2.6066155419e-01  1.2013894163e-01  
-5.7498140335e+00  1.5648473054e-02  1.1767433025e-03  1.1049079075e-01  1.2673576016e-01  4.2096193200e-02  1.3115887901e-01  -2.1707957059e-02  8.4472029420e-02  -4.0568017738e-02  9.3486515232e-02  -1.0995318988e-02  1.5850428204e-01  6.7800777219e-02  1.6174045377e-01  4.1938538195e-03  7.7434155466e-02  5.2175591122e-02  1.0419711530e-01  3.3051194763e-03  7.6681508842e-02  2.6913563565e-02  7.4927747250e-02  3.6456663813e-03  1.2061231433e-01  -1.6337961510e-01  8.7982299975e-02  
-5.6493792534e+00  1.9166560844e-02  1.4348628465e-03  1.1196722146e-01  7.8276080254e-02  9.9052645415e-02  8.6676222165e-02  1.2059023649e-01  7.4807037497e-02  1.4838511705e-01  7.4805987669e-02  1.5678395006e-02  5.4744643050e-02  -3.9153801743e-02  5.9840958357e-02  -2.3523413548e-02  5.0800334177e-02  -2.0077755283e-02  7.1171473883e-02  -2.1002460979e-02  6.3133716392e-02  7.9721526708e-03  7.1670670375e-02  5.2985987160e-02  6.3612132584e-02  3.2368370546e-02  7.5283322318e-02  
-5.5490870476e+00  2.3806147277e-02  1.7728700768e-03  1.5646426941e-02  4.8067336468e-02  1.1326783081e-02  5.1126162558e-02  4.7116009369e-02  3.9110183310e-02  4.5874911472e-02  3.7457495233e-02  4.0301356371e-02  8.1138796424e-02  -3.3762714574e-02  7.5291584931e-02  8.3286962546e-02  5.2896684171e-02  1.3564843118e-01  4.6132338421e-02  -1.6891604755e-02  4.6306526765e-02  -1.7574140960e-02  6.1142001172e-02  3.4731361009e-02  7.5926567657e-02  -3.6819096366e-02  4.8429814644e-02  
-5.4491329193e+00  2.8431713581e-02  2.0985056181e-03  -2.4394427203e-02  3.5867338746e-02  -2.0977425175e-02  4.0125344707e-02  9.3683956940e-03  2.4129937809e-02  3.9212200843e-03  2.4364605627e-02  -7.1811240911e-02  7.0851200974e-02  -6.3364499211e-02  4.9136971983e-02  -3.9017545823e-02  3.8418628066e-02  -3.4957055673e-02  3.8927923217e-02  -4.2720315768e-03  3.1106120840e-02  -2.3393931789e-02  3.1115574059e-02  8.3702708525e-03  3.5728859620e-02  1.0545608548e-02  3.6663496773e-02  
-5.3490238190e+00  3.5087388009e-02  2.6269410737e-03  1.0127498601e-02  2.5724475916e-02  -8.2091873948e-03  2.5411780529e-02  2.0238805325e-02  2.7312689611e-02  1.4572417214e-02  2.7872838144e-02  -1.2568965592e-03  3.9879554286e-02  -1.4402777376e-02  3.6405061566e-02  -8.7037693989e-03  2.1173636821e-02  6.7044291674e-03  3.2536647235e-02  -2.2773127314e-02  2.3385341434e-02  -4.3904823326e-02  2.4554123128e-02  2.6073828582e-02  2.8069758308e-02  -2.7837100998e-02  2.2089026847e-02  
-5.2488169670e+00  4.2563024908e-02  3.1905137002e-03  -2.4358938560e-02  2.0907768648e-02  -9.0172425169e-03  1.6420716446e-02  2.7231507953e-02  1.6311688365e-02  3.1428870056e-02  1.5747100570e-02  1.2220119871e-02  3.6890289625e-02  1.5391380340e-02  3.0790295166e-02  -4.9712854512e-02  2.6264350823e-02  -2.2358034430e-02  2.6343638746e-02  -2.6701371148e-03  1.5243716515e-02  -6.0617732111e-03  1.8732684154e-02  1.4257886223e-02  1.5879462429e-02  2.9444895610e-02  1.6810942594e-02  
-5.1485900879e+00  5.1343526691e-02  3.8745403290e-03  -2.3054105174e-02  1.1922927489e-02  -2.3041960802e-02  1.3129306121e-02  1.5478376690e-02  1.5701874722e-02  2.2107745130e-02  1.5844676038e-02  7.9797020974e-03  1.5957330314e-02  1.4180395990e-02  1.5835015309e-02  6.2493991619e-03  1.1962944625e-02  1.6273673503e-02  1.5210817450e-02  2.1067163460e-02  1.4027048028e-02  1.7628376624e-02  1.5126829063e-02  -2.7192385588e-02  1.6765461324e-02  -4.5315463704e-03  1.3667954105e-02  
-5.0485014915e+00  6.2304943800e-02  4.6558361501e-03  3.2496425328e-03  1.2538806377e-02  4.2214611647e-03  1.3842794614e-02  -2.5559499599e-02  1.1953314900e-02  -2.2854308914e-02  1.0880983767e-02  2.5854199380e-03  1.4424186533e-02  1.0901387241e-02  1.3757265742e-02  -4.6276507707e-03  1.3975781836e-02  -1.1921764808e-03  1.5500077038e-02  1.8621249695e-03  9.1341587783e-03  -1.2223438145e-03  1.1758192267e-02  3.7706830370e-03  1.1217416457e-02  2.7439076621e-02  9.7894278767e-03  
-4.9484043121e+00  7.5496792793e-02  5.5990554392e-03  -7.3455894275e-04  1.0083713503e-02  -2.4073550632e-03  1.1181296637e-02  -3.5933399981e-05  9.8473823552e-03  -3.1509767947e-04  9.1308397318e-03  -7.6170643908e-03  1.0035124460e-02  -1.7050731629e-02  1.1358362733e-02  2.6350049744e-03  1.0143398824e-02  1.2195931654e-02  1.0832722629e-02  3.5614589002e-03  1.4648505852e-02  6.7513662414e-03  1.9925430344e-02  3.3137946046e-03  1.0731739476e-02  -6.7416434910e-03  1.0888491453e-02  
-4.8485050201e+00  9.2768318951e-02  6.6690691747e-03  5.2787900716e-03  7.1911385719e-03  -7.0166470315e-04  8.3945695031e-03  8.7876965245e-03  8.2853971411e-03  7.5407066755e-03  7.3984379649e-03  -6.4693180495e-03  7.9338537314e-03  -8.6735228961e-03  9.7902780084e-03  2.4735723929e-03  7.1786838873e-03  7.2073720815e-03  7.6995370028e-03  4.4030075986e-03  8.8912744809e-03  1.1629236259e-02  1.1443063034e-02  -6.6316291667e-03  9.7854873507e-03  4.6687365626e-03  8.5617715435e-03  
-4.7484855652e+00  1.1094210297e-01  8.0044120550e-03  -1.2747568750e-03  8.6246982273e-03  -7.7120353002e-03  8.1732204258e-03  2.4521608241e-04  6.4449767697e-03  -5.3962597016e-04  6.5702588509e-03  -2.7964541358e-03  8.0976625895e-03  -4.6364395448e-03  9.1072152390e-03  3.5355165199e-03  6.8146077519e-03  3.9141742187e-03  7.3916754130e-03  -1.3456449372e-03  6.3617652054e-03  4.2546664074e-03  6.7964423438e-03  -3.6462241283e-03  8.5907767017e-03  8.9211856488e-04  6.9878173127e-03  
-4.6485729218e+00  1.3449487090e-01  9.8752835765e-03  -1.3768806336e-02  6.5318759255e-03  -2.0302523170e-02  6.9744206327e-03  -3.1796715473e-03  6.2625625226e-03  -3.8932939130e-03  5.7534290886e-03  1.1733741197e-02  8.6024277308e-03  7.4160645506e-03  6.4434203960e-03  -8.5221069492e-03  5.7071415026e-03  -1.3057501232e-02  5.8119377015e-03  1.1189360180e-03  4.6553713315e-03  -6.5394356867e-04  5.1860761290e-03  9.4893544517e-03  8.0962524390e-03  4.3305301038e-03  5.5220198285e-03  
-4.5487174988e+00  1.6091537476e-01  1.1731277220e-02  2.9467543960e-03  5.5369525697e-03  -4.3207286444e-04  5.7642557535e-03  9.9519599840e-04  4.2665307227e-03  3.2420559262e-04  3.8109367081e-03  2.1251441794e-03  5.5188914977e-03  6.1601500050e-03  5.3855533998e-03  1.5897555854e-03  6.5832698208e-03  1.7651825018e-03  6.7381426016e-03  7.7033626681e-04  4.0737976599e-03  3.9983860962e-03  4.3258172770e-03  5.6550858333e-03  6.4757553898e-03  3.7649896392e-03  5.6939709363e-03  
-4.4484496117e+00  1.9353984296e-01  1.3948415406e-02  -3.2595974353e-04  5.0026241535e-03  -2.7497409164e-03  5.2400925725e-03  -7.7526629550e-04  3.8864792472e-03  2.2385250431e-03  4.0338498671e-03  1.2591050987e-03  4.5060110566e-03  -7.5288500931e-04  5.1639586813e-03  4.3730382109e-03  4.4109375074e-03  3.3889970195e-03  4.6392815972e-03  -1.2125564576e-03  4.4710343940e-03  3.3593651581e-04  4.7761486290e-03  -3.7720772740e-03  4.3254440592e-03  -3.5200314154e-03  4.2963226488e-03  
-4.3485932350e+00  2.3084849119e-01  1.6418587416e-02  -1.1271902210e-03  4.6555123641e-03  -6.1641418748e-03  4.1403618271e-03  8.7194934291e-04  3.4461029979e-03  3.8316011867e-04  3.4256261525e-03  3.0601950421e-03  3.2997243399e-03  1.2541916949e-03  4.0854524720e-03  -1.9557255902e-03  4.2666864928e-03  2.9851789097e-04  4.8548055623e-03  5.0509171374e-03  3.9701775105e-03  1.3174287404e-03  3.5608645091e-03  2.3049624910e-03  6.4365681029e-03  4.6469111531e-03  4.3582513882e-03  
-4.2486791611e+00  2.7657362819e-01  1.9757088274e-02  -1.1720767313e-04  3.6205343837e-03  -3.2211767486e-03  3.5196489494e-03  4.7387076171e-04  3.1861589221e-03  9.2593873444e-04  2.9593484354e-03  -1.7955212469e-04  2.9998816019e-03  -2.3220304691e-03  2.9089687650e-03  1.3236361771e-04  2.8914010446e-03  -8.6436709884e-04  3.6878649283e-03  -1.6281004302e-03  3.1695227965e-03  -3.5158247990e-03  3.4892667032e-03  8.5032502964e-04  2.8764741649e-03  3.3820326393e-03  2.4608133307e-03  
-4.1486134529e+00  3.2822477818e-01  2.2997930646e-02  -1.4755255560e-03  3.2583952237e-03  -3.3718471951e-03  3.1806571013e-03  4.3158019148e-03  2.8046134756e-03  4.2736717174e-03  2.8117262970e-03  -2.8732285637e-04  3.0171859264e-03  -4.2839624584e-04  3.2283811557e-03  2.4450251390e-03  2.8933412109e-03  2.5821338315e-03  3.5017939135e-03  -1.9333437360e-03  3.3462168727e-03  3.6910355736e-04  3.4595979878e-03  1.0647464488e-03  3.3376949876e-03  5.3497008141e-03  3.2480867750e-03  
-4.0486040115e+00  3.8827511668e-01  2.6865299791e-02  -2.9991548854e-04  4.1523186709e-03  -2.4659311050e-03  3.9171894492e-03  2.2698558925e-03  2.1705576047e-03  1.0283793091e-03  2.1105755904e-03  4.0620974672e-03  3.0505177031e-03  7.7106292756e-04  2.7232959481e-03  6.9089053632e-04  2.5015492182e-03  6.6906172688e-04  2.2782718761e-03  1.1009520400e-03  2.7096907346e-03  -9.4484192930e-04  3.0614270385e-03  -4.0046716062e-03  2.3722791033e-03  1.2051242920e-04  2.4257269704e-03  
-3.9487993717e+00  4.5873528719e-01  3.1291894615e-02  -6.6910627436e-04  2.9532563843e-03  -3.4169166209e-03  2.9739874193e-03  8.2727753412e-04  2.0201058624e-03  -7.9875059469e-05  2.1021708104e-03  2.5652469540e-03  3.3128976511e-03  3.1517301925e-03  3.1043848583e-03  -1.0639729164e-04  2.4212948894e-03  -3.7605395300e-04  2.7200217406e-03  -9.4840959122e-04  2.1274579433e-03  -1.4326464548e-03  2.0679567111e-03  -1.9089119439e-03  2.1877505649e-03  1.0280808858e-03  2.1954428756e-03  
-3.8485689163e+00  5.3625375032e-01  3.6031682044e-02  5.5420379465e-04  3.2206954617e-03  -4.0859491448e-03  3.3189805213e-03  5.6949185301e-03  2.2610139777e-03  5.7151643652e-03  2.2207052364e-03  4.8121554451e-03  4.6118539118e-03  2.0371417927e-03  3.3178431706e-03  -1.1163410105e-03  1.8636362399e-03  -2.6089334558e-03  1.9180191925e-03  -3.1294239266e-03  1.7692150302e-03  -1.8989661487e-03  1.7505141500e-03  2.6945449889e-03  2.2186947300e-03  1.3524665614e-03  1.8897886725e-03  
-3.7487399578e+00  6.2472379208e-01  4.1599258780e-02  7.5967974263e-04  2.4874224966e-03  -1.8687291420e-03  2.6805269591e-03  3.9878026186e-03  1.9883007655e-03  3.2409301214e-03  1.7752882155e-03  5.8740727627e-03  3.3061377299e-03  4.1693300684e-03  3.1414221614e-03  2.9358503479e-03  1.6900337706e-03  5.4534133335e-04  2.0377707223e-03  -7.9895649978e-04  1.8172674324e-03  1.6956487725e-04  1.9366187318e-03  3.7862206833e-03  2.1661867449e-03  1.7106096004e-03  1.9701394363e-03  
-3.6487491131e+00  7.2383987904e-01  4.7220729291e-02  -2.1130835556e-03  2.4590483229e-03  -6.6987121804e-03  2.6732083740e-03  6.1290402617e-03  1.7269136506e-03  5.2744397428e-03  1.6058973199e-03  7.5898067607e-03  3.1031773147e-03  4.5397465141e-03  2.3887225533e-03  -9.0489461843e-04  1.9146458382e-03  2.4531177435e-04  1.6727342690e-03  -1.1098239751e-03  1.4139782881e-03  -8.0909401702e-04  1.5096620651e-03  -2.6692457579e-03  2.1746318921e-03  -2.3588603549e-03  1.6104488786e-03  
-3.5487663746e+00  8.3649146557e-01  5.3572695702e-02  1.7613603733e-03  2.5496732612e-03  -3.2187280874e-03  2.4763733621e-03  6.5566536831e-03  1.8105253686e-03  5.3477605665e-03  1.8958042489e-03  4.8646581406e-03  1.8524834284e-03  4.1252121190e-03  1.7771686743e-03  1.5851909691e-03  1.4382478491e-03  1.7846092675e-03  1.5208148547e-03  1.3817787037e-03  1.3510894707e-03  4.0650321080e-04  1.3165997992e-03  6.0955168686e-05  1.5014086200e-03  3.7687433675e-05  1.1919710008e-03  
-3.4487845898e+00  9.5431977510e-01  5.8997135609e-02  -1.5733385441e-03  3.1901855448e-03  -6.9596656319e-03  3.6364052703e-03  4.1935847956e-03  1.3207650442e-03  3.1496371888e-03  1.3164709081e-03  6.2584480224e-03  2.7432141692e-03  4.2339562508e-03  2.1528424561e-03  4.9625787100e-04  1.7006108054e-03  -1.4207951365e-04  1.6581370924e-03  -1.6595121258e-03  1.7526671710e-03  -1.7006907298e-03  2.1068966291e-03  6.3995301680e-04  1.1858527553e-03  2.4476124009e-03  1.6420032814e-03  
-3.3489294052e+00  1.0842555761e+00  6.5821662545e-02  3.1282099092e-03  2.7539692547e-03  -2.2991122643e-03  2.8353530205e-03  4.2640598351e-03  1.5141710635e-03  3.1611230294e-03  1.4964472970e-03  3.2425376703e-03  1.6935631293e-03  1.1349368846e-03  1.4505130057e-03  -1.2735300616e-03  1.4263577745e-03  -2.1191836987e-03  1.4611095443e-03  -7.7710327110e-04  1.0993123352e-03  -1.5408070548e-03  1.0823709571e-03  -3.8870735211e-04  1.2834925970e-03  -2.1120329900e-03  1.4271952877e-03  
-3.2490007877e+00  1.2233499289e+00  7.1819312871e-02  -7.1113021655e-04  2.2783747397e-03  -6.0448236438e-03  2.3474907124e-03  8.1274928711e-03  1.6522230393e-03  6.5177021502e-03  1.5668103982e-03  6.7031812109e-03  2.9811894738e-03  4.1645545885e-03  2.2147934318e-03  1.2944533961e-03  1.3234053677e-03  1.1491537770e-04  1.3498819195e-03  1.4248619601e-03  1.0559906344e-03  1.2780365610e-03  9.8419418035e-04  7.1663966138e-04  1.2230736500e-03  7.7640206659e-05  1.1449997236e-03  
-3.1490180492e+00  1.3739532232e+00  7.8281596303e-02  2.3366497841e-03  2.3368994225e-03  -4.5131376013e-03  2.4370854016e-03  7.2161968239e-03  1.3913368746e-03  5.4386545578e-03  1.4461122406e-03  7.2992343828e-03  2.5702272970e-03  5.2525714971e-03  1.9703533109e-03  1.7190591917e-04  1.1372810040e-03  -1.2553594046e-03  1.1912149372e-03  -7.6339119027e-04  1.0276628323e-03  -1.5605419816e-03  9.3507729980e-04  -1.0133856244e-03  1.1610755900e-03  -1.0104724951e-03  1.1392232054e-03  
-3.0490763187e+00  1.5289535522e+00  8.4709681571e-02  5.0288598053e-03  2.5449648352e-03  -1.6971794277e-03  2.7148313793e-03  6.1779718567e-03  1.5243515360e-03  4.4795000600e-03  1.4404351390e-03  4.8992760573e-03  1.6148300867e-03  2.8070504591e-03  1.7014850780e-03  6.8039186095e-04  9.5567593202e-04  -7.0888763876e-04  1.0622385225e-03  -2.2268572771e-04  8.9322533126e-04  -4.7619150457e-04  9.2650191742e-04  1.6622943641e-03  8.7795273038e-04  7.6899789885e-04  9.7555531661e-04  
-2.9490759373e+00  1.6922137737e+00  9.0009361506e-02  4.8695360124e-03  2.3528705969e-03  -1.8806310737e-03  2.4449694792e-03  8.1747323833e-03  1.2482447850e-03  6.3209996745e-03  1.1229112241e-03  6.3316890551e-03  2.5157079952e-03  3.1967495265e-03  2.1052614396e-03  3.2350017317e-03  1.2859417376e-03  1.0425811965e-03  1.2426592112e-03  3.2510577187e-05  9.6438340069e-04  -3.1299286275e-04  1.1183246123e-03  1.5570198267e-03  1.0728464290e-03  1.2320715096e-04  1.0430008878e-03  
-2.8491785526e+00  1.8586333990e+00  9.5668092370e-02  4.5951721887e-03  2.4357430639e-03  -2.6939980232e-03  2.3613309744e-03  9.0317940153e-03  1.2850348633e-03  7.0643884130e-03  1.2815683136e-03  7.8440014739e-03  1.6573571329e-03  5.0373003446e-03  1.5121252373e-03  2.7783323568e-03  9.3948114070e-04  1.5372375795e-03  1.0049680919e-03  1.6427425365e-03  8.0207293218e-04  4.8731772008e-05  8.4815638221e-04  1.3593087394e-05  8.1133509553e-04  -3.3525448453e-04  9.5543428491e-04  
-2.7492139339e+00  2.0275754929e+00  1.0032071173e-01  5.0127739133e-03  2.1942714773e-03  -2.2476019361e-03  2.2354741007e-03  1.1773518305e-02  1.3524030957e-03  9.4055275805e-03  1.2799170952e-03  6.5490089729e-03  1.6425070654e-03  4.1252438421e-03  1.2977197592e-03  3.9356216439e-03  1.1594525621e-03  2.5082981284e-03  1.0536513063e-03  2.2537140851e-03  8.7033111505e-04  1.2421877438e-03  8.3891290711e-04  2.0063448063e-03  1.3498169586e-03  3.7155408521e-04  9.1073056390e-04  
-2.6492760181e+00  2.1938691139e+00  1.0460479558e-01  6.4589199377e-03  2.1243711224e-03  -4.5920962730e-04  2.0495503997e-03  8.6930894759e-03  1.2060565334e-03  6.9594606804e-03  1.2339846530e-03  7.6557237655e-03  1.5931167087e-03  4.6278763236e-03  1.4412023481e-03  3.2690908853e-03  1.1891714215e-03  2.2808744405e-04  1.2413452654e-03  1.9501498668e-03  9.5241870302e-04  7.9008646542e-04  9.7691200185e-04  1.3839402737e-03  9.5797716494e-04  3.1455276541e-04  9.0332044374e-04  
-2.5493774414e+00  2.3578574657e+00  1.0823170841e-01  6.0104190465e-03  2.0461151597e-03  -1.2822485232e-03  2.0478357109e-03  9.4170920178e-03  1.1086246287e-03  7.2361742426e-03  1.1037238614e-03  6.9582814723e-03  1.8112326950e-03  4.0089950175e-03  1.6277064592e-03  4.5788856735e-03  1.2934065786e-03  1.7990834324e-03  1.1537039754e-03  8.7322045874e-04  7.5725173612e-04  -1.2216357920e-04  7.7363904407e-04  1.0848813941e-03  7.7884174589e-04  1.3828713031e-04  7.3758677636e-04  
-2.4494178295e+00  2.5254430771e+00  1.1153678596e-01  6.5963116055e-03  1.9666534003e-03  -3.4794878788e-04  2.0258593486e-03  1.0504528070e-02  1.1342955448e-03  8.7459026370e-03  1.1303811913e-03  6.7160232877e-03  1.5777684645e-03  4.2621941958e-03  1.3952076371e-03  5.5859846994e-03  9.8024874951e-04  3.6820152961e-03  1.0429854357e-03  1.3943048276e-03  7.8630714029e-04  -4.0572292893e-05  7.0247833906e-04  1.6444179974e-03  8.4690497259e-04  2.6422055365e-04  8.3488112275e-04  
-2.3494374752e+00  2.6862452030e+00  1.1399739981e-01  7.7717459016e-03  1.7115486599e-03  5.9438947952e-04  1.7961716046e-03  1.0243617687e-02  1.1833582893e-03  8.3341835439e-03  1.1878983380e-03  7.7337241638e-03  1.9214147111e-03  5.1972910482e-03  1.4652611456e-03  6.0711279651e-03  8.5135892700e-04  3.3087726822e-03  9.8816736862e-04  1.5295989125e-03  7.1549047771e-04  7.3700560723e-04  6.7347101313e-04  2.5428910949e-03  7.2453632323e-04  1.7092934973e-03  9.5022180943e-04  
-2.2495124340e+00  2.8391127586e+00  1.1534992605e-01  7.6639912510e-03  1.6789371537e-03  2.2304588386e-04  1.6442242778e-03  1.1049749516e-02  9.1720236612e-04  9.1110229865e-03  9.3363419495e-04  8.6459836131e-03  1.7263042140e-03  5.3323939396e-03  1.5083190078e-03  2.5386629067e-03  9.6026806120e-04  5.9282166563e-04  9.8095167441e-04  1.6829996242e-03  7.3249911244e-04  2.0434323942e-04  8.5797273537e-04  6.5241082601e-04  6.8956624020e-04  -2.0759096366e-04  6.6886125896e-04  
-2.1495401859e+00  2.9892864227e+00  1.1868059635e-01  7.5740473904e-03  1.6240263438e-03  5.4573520611e-04  1.6165366445e-03  1.2564123143e-02  1.1589022193e-03  1.0783123979e-02  1.1724849113e-03  7.2401537746e-03  1.4485599824e-03  5.2113584941e-03  1.3010311039e-03  5.0921984063e-03  9.8143639705e-04  2.7230333211e-03  1.0261025759e-03  2.6842710585e-03  7.1945946821e-04  8.6503124388e-04  7.7308192092e-04  1.0664062481e-03  8.8751640940e-04  -1.9671683467e-04  7.2190859445e-04  
-2.0495998859e+00  3.1276214123e+00  1.1882954836e-01  7.2651828639e-03  1.3943702114e-03  1.5918122523e-03  1.4441176964e-03  1.2736510970e-02  1.2239314674e-03  1.0849076780e-02  1.2912620784e-03  9.0798345488e-03  1.5735166039e-03  6.4876697212e-03  1.2162164747e-03  4.8056651745e-03  8.0299355631e-04  2.4854202406e-03  8.7306519340e-04  2.2825597390e-03  6.7680215119e-04  7.1590525260e-05  6.7881059593e-04  1.5077565773e-03  5.7396415560e-04  1.8911483981e-04  5.7683581208e-04  
-1.9496346712e+00  3.2550470829e+00  1.1885724217e-01  8.6259648111e-03  1.4754118561e-03  2.6691240864e-03  1.4276909047e-03  1.2493056888e-02  9.9317951665e-04  1.0801450824e-02  1.0329551108e-03  7.3495407077e-03  1.5304746050e-03  5.2685957635e-03  1.3505212426e-03  5.9368106956e-03  9.3435008450e-04  4.3124583503e-03  9.6068096686e-04  2.6041093888e-03  5.3628336872e-04  1.8437566631e-03  5.9728111050e-04  1.3124945702e-03  6.4786640728e-04  7.9521953594e-04  5.7611991161e-04  
-1.8496783972e+00  3.3869400024e+00  1.2008313090e-01  8.4405224863e-03  1.3415665748e-03  3.4963308205e-03  1.2632858383e-03  1.3153931815e-02  9.3096877383e-04  1.1805190118e-02  9.8002706663e-04  6.8664528755e-03  1.0507603360e-03  4.5302774524e-03  9.3688304567e-04  5.2224891260e-03  8.2998267012e-04  3.2358944532e-03  8.7091908538e-04  1.4683342597e-03  6.2460084722e-04  1.8345435876e-04  6.0288926563e-04  1.8220310670e-03  6.1766378679e-04  1.6841160061e-06  6.9420618618e-04  
-1.7496722937e+00  3.4910988808e+00  1.1979373544e-01  8.1699072942e-03  1.2369035217e-03  3.9220996574e-03  1.2863126468e-03  1.3545344174e-02  1.0976286717e-03  1.1984424833e-02  1.1633947763e-03  9.5460589044e-03  1.2456263200e-03  7.6959527144e-03  1.1937433570e-03  4.8797427071e-03  1.0061616630e-03  3.1969132018e-03  8.8704396471e-04  3.2435492729e-03  7.5533226280e-04  2.1356191230e-03  7.1472940959e-04  2.1582586039e-03  5.6832441149e-04  1.0545844724e-03  5.2165637230e-04  
-1.6497439146e+00  3.5966918468e+00  1.2051385641e-01  9.9348263908e-03  1.2957402832e-03  5.9787687939e-03  1.3951580624e-03  1.3610907141e-02  1.1178731389e-03  1.2568945615e-02  1.1322725016e-03  7.3442755966e-03  9.8586384368e-04  5.7847044710e-03  9.6702918272e-04  4.7899156343e-03  8.0108551529e-04  2.9518681765e-03  7.5430667534e-04  2.0639766031e-03  6.3226832105e-04  1.0499127518e-03  6.4687569479e-04  8.0293523322e-04  6.4333901679e-04  4.5640518380e-05  6.3182332139e-04  
-1.5497802496e+00  3.6872589588e+00  1.1908836663e-01  1.0391136911e-02  1.2769092859e-03  7.7634140849e-03  1.2650415372e-03  1.2273944430e-02  9.3848883193e-04  1.1507795854e-02  9.3732886108e-04  7.9095303267e-03  1.2251223317e-03  6.1700483365e-03  1.0812245767e-03  5.7110902155e-03  6.6098436708e-04  4.2872976139e-03  7.1349907131e-04  3.2272382500e-03  5.7007624594e-04  1.8175447662e-03  6.8788288965e-04  2.1860344452e-03  5.3236749842e-04  6.7657530861e-04  5.8533189461e-04  
-1.4497898817e+00  3.7734301090e+00  1.1852133274e-01  9.7560387664e-03  1.2133723012e-03  6.6707000090e-03  1.2734183280e-03  1.2689907169e-02  9.7944170596e-04  1.1975635588e-02  9.6789483287e-04  7.8728814330e-03  1.0653276881e-03  6.1951395217e-03  9.9151085293e-04  5.2258963790e-03  7.3704857643e-04  3.8617310906e-03  7.6198388436e-04  2.4321634136e-03  5.5506039561e-04  1.9038804073e-03  5.4856251759e-04  1.4340309543e-03  5.4934137382e-04  -4.1972667837e-04  6.2675768706e-04  
-1.3498500586e+00  3.8460886478e+00  1.1857863516e-01  1.1188072283e-02  1.2518491809e-03  8.4279824328e-03  1.3171057569e-03  1.3449591454e-02  1.0373210044e-03  1.3134969613e-02  1.0114990908e-03  7.5063833082e-03  9.3802408121e-04  6.5308320802e-03  8.7892226368e-04  4.6811068011e-03  6.3800108406e-04  3.9476391952e-03  6.4785218920e-04  3.5601343866e-03  5.9331702118e-04  2.2058577091e-03  5.7552550973e-04  1.6445215512e-03  5.8143200948e-04  1.3125576405e-03  5.6038414253e-04  
-1.2498475313e+00  3.9134922028e+00  1.1786113679e-01  1.1643246282e-02  1.2081546918e-03  9.8998866417e-03  1.2522969827e-03  1.2943972163e-02  8.9611436392e-04  1.2417184431e-02  8.9740536919e-04  7.1148592699e-03  8.7472689184e-04  5.4316615080e-03  8.5659622738e-04  5.5560441967e-03  8.0835143046e-04  4.1548847524e-03  7.4139436256e-04  2.5089025637e-03  5.0500858776e-04  1.5191480494e-03  6.3587180532e-04  1.9640308619e-03  6.1992858413e-04  7.9740432615e-04  5.7672401961e-04  
-1.1498541832e+00  3.9661605358e+00  1.1778265238e-01  1.1946460037e-02  1.0763670143e-03  1.0936842663e-02  1.1659478583e-03  1.3514690027e-02  1.0315030637e-03  1.3179818606e-02  1.0032064945e-03  8.2915223856e-03  1.0705528749e-03  7.3358003842e-03  8.3216598401e-04  4.0613705968e-03  6.8194735885e-04  2.8776511108e-03  6.3670465433e-04  2.3856816487e-03  8.4378874977e-04  2.1277720062e-03  9.1902466915e-04  2.3520320281e-03  5.2681458569e-04  4.6767514053e-04  5.7419884853e-04  
-1.0499179363e+00  4.0130038261e+00  1.1638971418e-01  1.2203785507e-02  1.2133126438e-03  1.1524165925e-02  1.2504010972e-03  1.3312945608e-02  9.7112326876e-04  1.3268128289e-02  9.6926731356e-04  7.2248638328e-03  9.5538843092e-04  6.3372145686e-03  9.3047942547e-04  5.4719322408e-03  7.6727592391e-04  4.4927274948e-03  7.7142044496e-04  1.5756849293e-03  6.4416579919e-04  9.5777638664e-04  7.2923342994e-04  1.4876612613e-03  5.5990551921e-04  -1.7600579522e-04  5.3559040888e-04  
-9.4992482662e-01  4.0372405052e+00  1.1520387232e-01  1.2574158031e-02  1.3080760322e-03  1.2171581611e-02  1.3198471318e-03  1.3014496518e-02  9.0496197937e-04  1.2775328187e-02  9.1964954249e-04  6.7727583786e-03  7.8579981481e-04  6.2320151366e-03  7.5076344661e-04  5.1479841815e-03  8.2493559795e-04  4.4866783731e-03  7.8932054605e-04  1.8869911425e-03  5.8048946388e-04  9.7246383782e-04  6.0741592347e-04  2.3141701636e-03  5.9290645013e-04  2.8697190835e-04  6.2862453697e-04  
-8.4996134043e-01  4.0685119629e+00  1.1509988457e-01  1.3161409395e-02  1.0893614193e-03  1.3973386986e-02  1.0687813749e-03  1.4116909802e-02  1.1686105651e-03  1.4120351784e-02  1.1589857526e-03  6.2492636777e-03  6.5922962128e-04  6.4631147031e-03  6.4084372590e-04  4.4922583923e-03  6.2133426526e-04  4.4222537288e-03  6.2307072532e-04  2.5724968291e-03  5.9345667742e-04  1.7078187584e-03  6.4555484691e-04  1.9812699710e-03  6.0298327094e-04  3.6236445230e-04  5.8920252098e-04  
-7.4998402596e-01  4.0937509537e+00  1.1456648260e-01  1.3106962321e-02  1.1781915714e-03  1.4188524522e-02  1.1581492632e-03  1.4420495508e-02  1.1035100437e-03  1.4719261797e-02  1.1279031803e-03  6.6725051403e-03  7.6187802399e-04  6.9107843842e-03  7.4742456231e-04  3.8181631151e-03  6.0760133026e-04  4.8092464032e-03  5.9720762429e-04  1.7269767879e-03  5.4623226287e-04  2.7694974397e-03  4.8207176226e-04  1.9206461357e-03  5.7330775353e-04  2.2258748719e-03  6.0156602218e-04  
-6.4998877048e-01  4.1035280228e+00  1.1404708773e-01  1.3005451299e-02  1.2557951020e-03  1.4457837911e-02  1.1949743891e-03  1.3873630548e-02  1.0312200373e-03  1.4195710300e-02  1.0061532910e-03  5.8981978055e-03  7.6043578324e-04  6.4457710041e-03  7.0851118253e-04  4.3552706251e-03  6.5343789530e-04  5.0043772580e-03  6.4893287596e-04  2.2968703648e-03  5.3832700404e-04  2.7140788571e-03  5.7803316884e-04  1.7542967561e-03  5.8901980376e-04  2.1241398354e-03  5.7522110633e-04  
-5.4997599125e-01  4.1132750511e+00  1.1408556998e-01  1.2927741362e-02  1.1618342726e-03  1.5552237732e-02  1.1460449287e-03  1.4548790222e-02  1.0422080712e-03  1.4957651803e-02  1.0448803033e-03  5.2072563488e-03  5.9251014373e-04  6.1753434269e-03  6.2666779626e-04  4.5755807078e-03  5.4067081376e-04  5.0534130633e-03  6.1605042900e-04  1.9526027155e-03  5.5472600163e-04  3.4139982541e-03  5.0365823705e-04  2.2537616733e-03  6.7705058695e-04  2.6141079562e-03  7.1198559410e-04  
-4.5003056526e-01  4.1148896217e+00  1.1345425993e-01  1.4427419212e-02  1.2400033801e-03  1.7033838574e-02  1.1062033857e-03  1.4187527485e-02  1.0788760193e-03  1.5131860087e-02  1.0635350053e-03  6.2182243401e-03  6.8356020481e-04  7.1389622521e-03  7.0528617578e-04  4.1807293799e-03  5.3365694737e-04  4.8000155296e-03  5.6786920544e-04  2.3872127524e-03  5.3381002438e-04  2.5147867622e-03  5.4298637853e-04  7.1842098900e-04  5.2028187901e-04  1.7566091195e-03  6.3789370876e-04  
-3.5001718998e-01  4.1201505661e+00  1.1262633651e-01  1.3754452430e-02  1.2042020925e-03  1.6097669918e-02  1.1514612143e-03  1.3407496773e-02  1.0124214023e-03  1.4275348065e-02  1.0271198918e-03  7.5021503074e-03  7.1878711344e-04  7.9514725180e-03  8.5196882116e-04  3.7145200465e-03  5.3020456985e-04  4.7845178423e-03  5.1641469061e-04  2.0561420650e-03  5.8862417688e-04  2.9061989742e-03  5.7762735922e-04  1.3052267220e-03  5.3429590846e-04  1.9543362211e-03  6.0904542652e-04  
-2.4997216463e-01  4.1233448982e+00  1.1374461651e-01  1.3729224065e-02  1.0628947084e-03  1.6622243207e-02  1.0577514832e-03  1.3994682385e-02  1.0463273838e-03  1.4683785820e-02  1.0430445107e-03  5.1408823673e-03  6.1256700923e-04  6.1317194765e-03  6.4153015284e-04  4.5500497799e-03  6.2479368793e-04  5.3106472595e-03  6.4701057602e-04  1.8479076168e-03  5.7686415861e-04  2.4941333127e-03  5.6447571767e-04  1.1944442475e-03  5.6511326070e-04  2.4810941448e-03  4.9234651954e-04  
-1.4999717474e-01  4.1204457283e+00  1.1376546323e-01  1.4486875320e-02  1.0746597383e-03  1.7496212125e-02  9.9701658833e-04  1.3848122628e-02  1.1459193145e-03  1.4392274870e-02  1.1709719709e-03  4.6505475417e-03  6.5019273014e-04  5.8204812696e-03  6.4524006267e-04  4.4482156262e-03  7.3644206074e-04  5.4701779038e-03  7.2098625817e-04  2.0633680408e-03  6.4887035636e-04  2.5518028345e-03  6.6818846700e-04  1.3862871390e-03  5.7130561683e-04  2.3179586069e-03  5.6706183289e-04  
-5.0000764430e-02  4.1273179054e+00  1.1391407251e-01  1.4543423075e-02  1.0933014633e-03  1.7708136216e-02  1.0542676615e-03  1.4247586122e-02  1.1431213210e-03  1.4911052091e-02  1.1541386259e-03  5.8059087908e-03  6.5634127697e-04  6.7235462973e-03  6.0698652946e-04  4.7249900643e-03  5.6925945270e-04  5.7709674258e-03  5.8427476749e-04  1.7269020423e-03  6.1063186197e-04  2.8923731111e-03  5.8264025303e-04  1.7773278151e-03  5.7808393663e-04  2.6426264923e-03  5.5649262327e-04  
5.0009302795e-02  4.1259584427e+00  1.1484024674e-01  1.3570371047e-02  1.1143319346e-03  1.6850067135e-02  1.0824086368e-03  1.3939982383e-02  9.9355805893e-04  1.4653390497e-02  9.9038804155e-04  5.9152716957e-03  6.5977142085e-04  7.4258108530e-03  6.5348320841e-04  4.9041648442e-03  5.8571711555e-04  5.9830281138e-03  5.7476260533e-04  2.5484873587e-03  7.1216857819e-04  2.9732384183e-03  6.5886971565e-04  4.5283474261e-04  5.9373787742e-04  2.1019932511e-03  5.5736919004e-04  
1.5001341701e-01  4.1335282326e+00  1.1590095609e-01  1.4012101740e-02  1.0722774074e-03  1.7119871154e-02  1.0090071283e-03  1.4639979079e-02  1.0594077486e-03  1.5260354159e-02  1.0133816868e-03  5.4321793420e-03  6.8562715285e-04  7.2726890212e-03  6.3456256112e-04  5.2585220896e-03  6.8788760789e-04  6.0444385372e-03  6.7847926874e-04  1.9832355273e-03  5.4882654436e-04  2.7625800716e-03  5.1575957159e-04  1.6110726132e-03  5.8228294093e-04  2.7473458392e-03  7.3593709927e-04  
2.4999201298e-01  4.1388673782e+00  1.1657255888e-01  1.3557884609e-02  1.1040206937e-03  1.6552807949e-02  1.0317683053e-03  1.4140731711e-02  1.0927073405e-03  1.4931932045e-02  1.1273260997e-03  5.9683815716e-03  7.6456650487e-04  6.6035752976e-03  7.4146445879e-04  4.0185066033e-03  5.4230290464e-04  5.0046328083e-03  5.4547277593e-04  2.0895905769e-03  5.6491600155e-04  3.0353524932e-03  5.0238688028e-04  1.3328017888e-03  5.4181527000e-04  2.3697928339e-03  5.3040800818e-04  
3.4998440742e-01  4.1489715576e+00  1.1752159894e-01  1.4309269600e-02  1.1169216096e-03  1.7230723165e-02  1.0474433111e-03  1.4452961925e-02  1.0990856948e-03  1.5204751976e-02  1.0738677163e-03  6.2339094235e-03  8.8206271420e-04  7.0632004132e-03  8.6915480975e-04  5.5847722944e-03  6.0200338778e-04  5.7451895438e-03  5.9599590264e-04  2.1453449083e-03  5.2910222528e-04  2.7194452868e-03  4.9027832231e-04  7.3588406085e-04  5.7114055209e-04  1.5327383392e-03  4.8048059017e-04  
4.4998961687e-01  4.1421909332e+00  1.1831215769e-01  1.4733541142e-02  1.1813710056e-03  1.7401435450e-02  1.1863010286e-03  1.4140139502e-02  1.1206084898e-03  1.4975138046e-02  1.0634400737e-03  5.7880692417e-03  6.2983722505e-04  6.6316944221e-03  6.0639510681e-04  4.9656049162e-03  6.4476142173e-04  5.6459431956e-03  5.9709888543e-04  2.0273010433e-03  6.0918285757e-04  3.1117531331e-03  5.3031198932e-04  1.5123453155e-04  5.8313673690e-04  1.0070409317e-03  5.1127465896e-04  
5.4995763302e-01  4.1521935463e+00  1.2023947388e-01  1.5058965813e-02  1.2649494463e-03  1.7448169589e-02  1.2831784563e-03  1.4453736059e-02  1.0696306536e-03  1.4942747736e-02  1.0205825764e-03  5.9371802118e-03  6.8120593830e-04  6.3468936970e-03  6.8031550131e-04  5.1729975315e-03  6.7958930617e-04  5.7424755534e-03  6.5101687033e-04  2.8789570788e-03  5.1386921379e-04  3.1276178965e-03  5.3499610607e-04  6.9997547078e-04  4.7373967022e-04  9.4576842152e-04  4.6459563104e-04  
6.4996546507e-01  4.1431322098e+00  1.2081553787e-01  1.4949585963e-02  1.2883535869e-03  1.7342948839e-02  1.2306397907e-03  1.3800176708e-02  9.8901422792e-04  1.4089426575e-02  1.0032952331e-03  6.0748353414e-03  6.2961238572e-04  6.6073184088e-03  6.6070016495e-04  5.0597859547e-03  5.9063166279e-04  5.3062118869e-03  5.6492549196e-04  3.0131592928e-03  5.8304780019e-04  3.8834856777e-03  5.5463626690e-04  1.6148039058e-03  5.2499527463e-04  2.0517551596e-03  5.7231341440e-04  
7.4995583296e-01  4.1291403770e+00  1.2153273821e-01  1.4888517866e-02  1.2555388102e-03  1.6370936874e-02  1.2351610011e-03  1.3724933174e-02  1.0563004925e-03  1.3989276858e-02  1.0245287658e-03  6.6159779904e-03  7.8160178816e-04  7.3606836284e-03  7.8722598958e-04  5.5098705227e-03  7.2970744981e-04  6.6358542396e-03  7.1841786789e-04  3.4377330658e-03  6.6044662739e-04  3.0332119181e-03  6.0842548477e-04  1.9199424353e-03  5.9530901733e-04  2.9371609166e-03  4.6391166528e-04  
8.4990602732e-01  4.1187057495e+00  1.2278001010e-01  1.4605578817e-02  1.1494849293e-03  1.5570423668e-02  1.1918971796e-03  1.3326142030e-02  1.0593430394e-03  1.3440204067e-02  1.0168438527e-03  5.0750243058e-03  7.5357233813e-04  4.7139125410e-03  7.5425196406e-04  5.2872241149e-03  7.0702979075e-04  4.5674622804e-03  7.2373022531e-04  2.5832179422e-03  6.5260921000e-04  1.3715262618e-03  6.3213215364e-04  2.0348826249e-03  6.8947547816e-04  -6.0395397156e-05  5.8859160612e-04  
9.4991981983e-01  4.0988841057e+00  1.2464167178e-01  1.3440835169e-02  1.0713938128e-03  1.3377625039e-02  1.1277787211e-03  1.4108474907e-02  1.0586250478e-03  1.4169190153e-02  1.0413544798e-03  6.1709158728e-03  8.8774251152e-04  6.3139800820e-03  9.1026681737e-04  4.6000277111e-03  6.2496377942e-04  3.5013855877e-03  6.8867473366e-04  3.6257475545e-03  5.7600344640e-04  2.5041730306e-03  6.0628193522e-04  1.0514139984e-03  5.7035560890e-04  4.7569306422e-04  6.2062191835e-04  
1.0499019623e+00  4.0622777939e+00  1.2378452718e-01  1.2625155430e-02  1.2666597688e-03  1.1371025257e-02  1.2164544712e-03  1.3361524111e-02  1.0587229361e-03  1.3442426361e-02  1.0476702840e-03  5.2506423742e-03  7.5081797391e-04  4.6548260096e-03  7.6182022774e-04  4.7235813458e-03  8.0869137050e-04  4.1497165081e-03  8.2968421420e-04  3.4117741324e-03  7.9323304288e-04  1.8616487726e-03  7.0961014586e-04  1.8909700692e-03  5.4366529045e-04  4.8125618618e-04  5.6533252146e-04  
1.1499000788e+00  4.0174999237e+00  1.2495882809e-01  1.3174950713e-02  1.0158464542e-03  1.1387061784e-02  1.1129816360e-03  1.3873101687e-02  1.0637900365e-03  1.3567607021e-02  1.0666083330e-03  5.4756109975e-03  8.6824367492e-04  4.7916740598e-03  8.3899719177e-04  6.2865071278e-03  6.2915794102e-04  5.4362992058e-03  6.5867583340e-04  1.3690220774e-03  5.7004954833e-04  4.1826524015e-04  6.1895210242e-04  2.1550223697e-03  6.2926745293e-04  6.7636371910e-04  6.4507776843e-04  
1.2498234510e+00  3.9650194645e+00  1.2548480928e-01  1.1804697942e-02  1.1131751270e-03  9.6173345391e-03  1.1740799318e-03  1.3728516223e-02  1.3178352442e-03  1.3206394529e-02  1.2747341599e-03  5.9972208738e-03  9.5015088760e-04  5.3673162125e-03  8.5100789916e-04  4.9059384502e-03  7.6739579610e-04  4.1455838014e-03  7.4238116364e-04  1.8212157721e-03  7.1832920661e-04  8.0270856968e-04  6.9937933721e-04  1.2625044875e-03  5.7274770012e-04  4.3246336323e-05  5.7066275271e-04  
1.3498555422e+00  3.9000809193e+00  1.2572738528e-01  1.1651486438e-02  1.2242839411e-03  9.1585706640e-03  1.2436336934e-03  1.2987972777e-02  1.1319200718e-03  1.2407694729e-02  1.1491689758e-03  5.7299177861e-03  1.1289204209e-03  5.0326522905e-03  8.8083086038e-04  6.6170511860e-03  9.1333378190e-04  5.4097530618e-03  8.5524642792e-04  2.9796782276e-03  6.2056397103e-04  1.7680551473e-03  6.4793416188e-04  1.0534836329e-03  5.9806390218e-04  -5.7827623299e-04  6.6443097746e-04  
1.4498190880e+00  3.8323636055e+00  1.2662523985e-01  1.0885241115e-02  1.4100399016e-03  7.1826191014e-03  1.4481734612e-03  1.2428029189e-02  1.0727143594e-03  1.1682261163e-02  1.0992758410e-03  5.7602535002e-03  8.9713976792e-04  4.6266179765e-03  7.9939855099e-04  6.4757032599e-03  7.3915893194e-04  5.0487693818e-03  7.2579880303e-04  1.9149307639e-03  6.6868078701e-04  8.3220281173e-04  6.1444136298e-04  1.2752233911e-03  6.1020305021e-04  2.2308613457e-04  5.4761821566e-04  
1.5497727394e+00  3.7461709976e+00  1.2656830251e-01  1.0200016638e-02  1.1724411839e-03  6.3690230204e-03  1.2092173346e-03  1.2849584958e-02  1.1022098762e-03  1.1949262498e-02  1.1206629881e-03  7.7037288854e-03  1.1378760299e-03  5.9192561358e-03  1.0401983379e-03  5.7201596070e-03  7.6422435375e-04  3.7954978575e-03  8.0597202814e-04  2.3706776858e-03  7.0633223945e-04  1.1944142991e-03  6.7152231345e-04  2.5756773143e-03  5.9195322834e-04  2.0981572543e-04  5.5441444984e-04  
1.6497651339e+00  3.6482381821e+00  1.2640224397e-01  1.0066986503e-02  1.3668900813e-03  5.1848607324e-03  1.4146199357e-03  1.2757415790e-02  1.0049163092e-03  1.1363455411e-02  1.0468000896e-03  7.1496270504e-03  1.1502902058e-03  5.4282795964e-03  1.0610642478e-03  6.3328410964e-03  9.1541693191e-04  4.7560119862e-03  8.9027178690e-04  1.1463648081e-03  7.8182408868e-04  -1.7104607638e-04  6.7474214700e-04  6.1220102827e-04  5.7224720651e-04  -4.6042741858e-04  5.2595949670e-04  
1.7497358322e+00  3.5375201702e+00  1.2580102682e-01  8.8911800738e-03  1.5211955806e-03  3.7147414428e-03  1.5158862427e-03  1.1406460647e-02  1.2284068384e-03  1.0297637638e-02  1.2723939955e-03  6.7695256462e-03  1.4846361156e-03  4.6846007416e-03  1.1865779810e-03  4.2634775816e-03  8.2210625704e-04  2.6697771787e-03  7.7341334696e-04  2.8084835527e-03  6.0041517146e-04  1.1831377342e-03  5.2115626933e-04  1.1865573225e-03  6.7308154622e-04  -5.9355993290e-04  6.6541819642e-04  
1.8496381044e+00  3.4223699570e+00  1.2526620924e-01  7.5647133496e-03  1.5458617832e-03  2.1704176208e-03  1.6313362216e-03  1.1623671763e-02  1.0201454096e-03  1.0321789728e-02  1.0467454652e-03  7.1766303340e-03  1.0843902129e-03  4.9238334782e-03  9.9450015278e-04  5.3295963025e-03  9.2286635424e-04  3.7460513343e-03  9.9413403050e-04  3.6582124350e-03  8.4822534823e-04  2.0643395698e-03  8.3100216471e-04  2.4662579381e-04  6.1952868504e-04  -5.2067882643e-04  6.2796602361e-04  
1.9496334791e+00  3.2986843586e+00  1.2315319479e-01  6.5848614229e-03  1.2882471890e-03  1.6082418489e-03  1.5178168936e-03  1.2609764142e-02  1.2774072556e-03  1.0984779242e-02  1.3350440721e-03  6.8437720696e-03  1.1866778047e-03  4.6166107291e-03  1.0891655130e-03  4.5610339427e-03  9.3746082532e-04  2.8468343965e-03  8.5478372180e-04  2.0246735518e-03  9.7120409905e-04  7.0602472668e-04  8.3923587744e-04  5.9253710438e-04  6.7483707078e-04  1.1050762112e-04  7.1761896422e-04  
2.0495448112e+00  3.1635375023e+00  1.2244135141e-01  5.8559391787e-03  1.5899217821e-03  5.5011819666e-04  1.7411897093e-03  1.1281611295e-02  1.3936113045e-03  9.4734421745e-03  1.4599226283e-03  6.2799530337e-03  1.5233409556e-03  3.9651441341e-03  1.2259412006e-03  5.7835284993e-03  1.0203278189e-03  4.1128298268e-03  1.0727534453e-03  2.9598907591e-03  8.6703609092e-04  1.7032075615e-03  8.0488596177e-04  5.2834114380e-04  7.4429645970e-04  -4.1680539623e-04  6.2431332977e-04  
2.1495540142e+00  3.0154266357e+00  1.2018803507e-01  5.1953037316e-03  1.8523531193e-03  -1.0576322032e-03  2.0077224180e-03  1.2097633900e-02  1.3105798013e-03  1.0220760340e-02  1.3907937828e-03  7.7582159685e-03  1.4781788772e-03  4.9503533216e-03  1.2533906391e-03  4.3059013761e-03  1.1331851220e-03  2.1691039298e-03  1.0249763289e-03  1.0589503794e-03  6.7957884551e-04  -4.9445226177e-04  7.0119251337e-04  8.9101827412e-04  7.0890585097e-04  -2.3795066299e-04  5.9255716378e-04  
2.2495255470e+00  2.8614184856e+00  1.1790430546e-01  3.4537319769e-03  1.7186534149e-03  -2.7037864435e-03  1.9331489483e-03  1.1755268965e-02  1.2250913649e-03  1.0043907622e-02  1.2558012601e-03  6.4435900282e-03  1.6554791414e-03  3.8796293945e-03  1.2809172806e-03  3.6475549894e-03  7.3305158660e-04  2.1823079302e-03  7.3898815171e-04  1.3808416377e-03  7.3238911195e-04  4.8420763866e-04  7.3086568026e-04  1.5769883385e-03  7.7111656553e-04  1.5894403879e-04  7.7957039649e-04  
2.3494520187e+00  2.7074527740e+00  1.1532113701e-01  4.5133308461e-03  1.7439180417e-03  -1.2359477539e-03  1.8718657524e-03  1.1193640018e-02  1.3207754696e-03  9.2107927427e-03  1.4112692475e-03  5.9106314369e-03  1.4867521027e-03  3.4397724713e-03  1.1722928107e-03  3.1244652346e-03  8.3133729430e-04  2.1679224179e-03  7.6201119738e-04  2.7776826848e-03  9.3066370325e-04  1.9141108915e-03  9.2002425938e-04  8.4214517497e-04  6.5807441876e-04  -6.3258798007e-04  6.6835946858e-04  
2.4494364262e+00  2.5422921181e+00  1.1149454117e-01  3.0441104993e-03  2.0191226152e-03  -3.9323990024e-03  2.0564632346e-03  1.0139163304e-02  1.3775259129e-03  7.6713185431e-03  1.4858222132e-03  6.3432379067e-03  2.1339992733e-03  3.8772727712e-03  1.5215202706e-03  4.5353596611e-03  9.2950091881e-04  2.9697570368e-03  8.8534612221e-04  1.3863130822e-03  7.2073179339e-04  7.4448589497e-04  7.8164210071e-04  1.7301910161e-03  7.7796213910e-04  6.4019788348e-04  7.7036428658e-04  
2.5493910313e+00  2.3717372417e+00  1.0742112249e-01  4.0067543252e-03  2.1402250172e-03  -1.9621033728e-03  2.3200880051e-03  9.7461488657e-03  1.2086785591e-03  7.5713283196e-03  1.4083667724e-03  5.3623940703e-03  1.7029531279e-03  2.7232917084e-03  1.4213170728e-03  3.8965169061e-03  9.3038223152e-04  2.4499116023e-03  9.1284003370e-04  2.0346775255e-03  9.1443175968e-04  5.5393268616e-04  8.1510481700e-04  -8.3058923590e-05  8.1992828375e-04  -1.0062059073e-03  7.6459283940e-04  
2.6492843628e+00  2.2054069042e+00  1.0308661312e-01  2.6655780408e-03  2.0089825424e-03  -3.1613357575e-03  2.1926665713e-03  8.7280418444e-03  1.3856910046e-03  6.3931200234e-03  1.5049431135e-03  5.7399833202e-03  1.5550877085e-03  3.2369709364e-03  1.3596944901e-03  4.1558929579e-03  1.0499714673e-03  2.9831458628e-03  1.0291953240e-03  1.1228170380e-03  9.1605305537e-04  3.2288697039e-04  9.4424724193e-04  2.2076450498e-03  7.2380727403e-04  2.5483266474e-03  7.7193521761e-04  
2.7492685318e+00  2.0311424732e+00  9.7843453288e-02  4.2055404349e-03  2.8056252349e-03  -1.8710485555e-03  2.9380693248e-03  8.0502577033e-03  1.1204464553e-03  5.8736071317e-03  1.2152073963e-03  5.0170813850e-03  1.9307000077e-03  2.3046745779e-03  1.5191813418e-03  3.1744104647e-03  9.7873487489e-04  1.3974757597e-03  8.8206605723e-04  -2.0671921258e-04  8.2902411194e-04  -8.2156812423e-04  7.9741281219e-04  2.3976576631e-03  8.8667412945e-04  1.3525532302e-03  8.7607522835e-04  
2.8491280079e+00  1.8599655628e+00  9.1535344720e-02  1.8308660926e-03  2.5580479725e-03  -3.5162516194e-03  2.5349089853e-03  7.6216464024e-03  1.5222386104e-03  5.0885034539e-03  1.6212070925e-03  4.4508745265e-03  2.1628335689e-03  1.5986144877e-03  1.6975946681e-03  1.9603613601e-03  1.0125129030e-03  3.1129588404e-04  9.6224532447e-04  1.7840395344e-03  8.0655765853e-04  9.7484800324e-04  7.4415667218e-04  2.6317897302e-04  9.0939881413e-04  -2.9873255196e-04  9.5880102246e-04  
2.9491083622e+00  1.6917616129e+00  8.5963696241e-02  2.9999792483e-03  2.4410609298e-03  -2.3899533239e-03  2.4339354094e-03  6.9974086247e-03  1.6176235332e-03  4.1987059312e-03  1.7174585281e-03  5.8983701956e-03  2.8174336105e-03  1.6999931911e-03  2.1456645055e-03  2.4453120166e-03  9.3692400427e-04  1.5898401989e-03  9.7584197068e-04  8.7310232630e-04  1.1581564211e-03  -3.1323987969e-04  1.0771144855e-03  9.3580260957e-05  8.9644528564e-04  1.1505168670e-04  9.4334074331e-04  
3.0490186214e+00  1.5319180489e+00  7.9952970147e-02  2.0451871259e-03  2.6000295498e-03  -2.9539957026e-03  2.4110002240e-03  6.9592339732e-03  1.8071658188e-03  4.6466537286e-03  1.8582667737e-03  4.3649510574e-03  1.6179854631e-03  1.9653026538e-03  1.4131072801e-03  2.7364798659e-03  1.0871068466e-03  2.2639767337e-03  1.1083017994e-03  2.9437540052e-03  1.2120151302e-03  2.1184046916e-03  1.1610787660e-03  -1.6443843720e-03  9.1522085500e-04  -3.7675248117e-04  8.6369566512e-04  
3.1489751339e+00  1.3726156950e+00  7.3536708951e-02  4.0605474147e-03  2.3983982003e-03  -3.9109335503e-04  2.2583507799e-03  5.7575473003e-03  1.6578197492e-03  3.4792945022e-03  1.6684014101e-03  2.5510090031e-03  1.8412341000e-03  6.1800712952e-04  1.4851540305e-03  2.7210761257e-03  1.0855948485e-03  1.4548418985e-03  1.0628531992e-03  6.8918606587e-04  1.1477415628e-03  -3.9050882639e-04  1.2177799660e-03  -2.2797338766e-04  1.0188265516e-03  -1.5274920117e-03  1.0577952682e-03  
3.2489438057e+00  1.2256087065e+00  6.6958315670e-02  1.9519307325e-03  2.7619904830e-03  -4.0281543997e-03  2.6781843786e-03  6.6180270491e-03  1.7813738552e-03  4.0583412116e-03  1.8240488915e-03  2.8082796931e-03  1.1323059892e-03  1.7511074874e-03  1.1041623675e-03  -6.2063563123e-05  1.1801654121e-03  -6.3369159252e-04  1.2439656203e-03  1.4374830233e-03  1.5108438325e-03  2.4385026621e-03  1.5860390952e-03  6.1761914968e-04  1.3449894864e-03  -2.4233629834e-03  1.3200586049e-03  
3.3488552570e+00  1.0819449425e+00  6.0359280556e-02  1.5695002212e-03  2.5449280468e-03  -2.3527804913e-03  2.5361600238e-03  7.0494328486e-03  1.9467636671e-03  3.9636149560e-03  1.9249308977e-03  3.9763487037e-03  1.5550662662e-03  2.2144061595e-03  1.4496678675e-03  -5.1779525253e-05  1.2141046672e-03  -1.9917452330e-04  1.3146858190e-03  2.3719482948e-04  1.1367228590e-03  1.1275531464e-04  1.0622109540e-03  -9.2735005164e-04  1.1933456844e-03  2.6856149024e-05  1.2674915665e-03  
3.4488151073e+00  9.5280206203e-01  5.4208446294e-02  1.5939630233e-03  2.9528931685e-03  -1.8089648359e-03  3.1290873778e-03  4.5938232541e-03  1.5581604948e-03  3.3813624037e-03  1.5566860943e-03  4.2023970769e-03  2.3909682790e-03  2.2261276044e-03  1.8947499355e-03  8.6096907781e-05  1.0928517434e-03  7.6240040828e-04  1.0692099617e-03  3.0082961598e-04  1.3696159588e-03  4.7833628647e-04  1.4347167091e-03  -4.8182794460e-04  1.5883679250e-03  6.6057187483e-04  1.4748759864e-03  
3.5487406254e+00  8.3309400082e-01  4.8066504300e-02  -8.1582960600e-04  2.8506845700e-03  -3.5328177689e-03  2.9908795885e-03  4.9318221910e-03  1.6389988675e-03  3.0793474498e-03  1.7390120207e-03  1.2290705514e-03  2.0151792256e-03  3.0783516595e-04  1.5231511615e-03  -6.2623959093e-04  1.2149344403e-03  -1.0584526259e-03  1.3543507200e-03  -1.4449433988e-03  1.3472319006e-03  -2.0544787718e-03  1.2560094154e-03  -4.7754718944e-04  1.7709475883e-03  -2.4543800787e-03  1.8230977977e-03  
3.6486902237e+00  7.2152769566e-01  4.2003486305e-02  1.8023928833e-03  3.2420090639e-03  -2.0711930591e-03  3.0697225466e-03  5.5115498044e-03  2.0965479208e-03  3.8358260901e-03  1.9709826757e-03  2.6506781264e-03  1.7709792710e-03  9.4562107537e-04  1.6319643672e-03  -1.8148642813e-03  1.8429718140e-03  -1.3024528173e-03  1.8554353444e-03  -2.3723695695e-03  1.7641321892e-03  -1.0576578500e-03  1.7621606051e-03  3.4990733394e-04  1.3859416231e-03  5.4977795735e-04  1.4449417886e-03  
3.7486493587e+00  6.2172949314e-01  3.6762990057e-02  -5.1855641140e-05  3.0040384563e-03  -2.5229465566e-03  3.3352719486e-03  4.9898079503e-03  1.9479577722e-03  3.5448745033e-03  1.9932759909e-03  1.1226901237e-03  1.6903459155e-03  4.5805980772e-04  1.8352297983e-03  -1.3809063904e-04  1.8180533069e-03  1.0942909287e-03  1.9320165501e-03  5.6662803887e-04  1.2384837449e-03  -7.2048708986e-04  1.3717326871e-03  1.2086960975e-04  1.5737975991e-03  -4.8545275262e-04  1.7241442267e-03  
3.8486559391e+00  5.3409904242e-01  3.1760677695e-02  -3.8999465993e-03  2.9264131301e-03  -5.5663296720e-03  2.8157448504e-03  1.8727056333e-03  1.9357912781e-03  1.3263124507e-03  1.9216327496e-03  2.3992829439e-04  1.6210422839e-03  -6.1642774913e-05  1.6645867491e-03  -2.4526368023e-03  1.8684675627e-03  -2.4414976453e-03  1.8158637214e-03  5.7065667983e-04  1.9157033481e-03  1.3891226528e-03  1.8382867573e-03  1.4167388476e-03  1.5213542011e-03  1.4477607375e-03  1.4562889396e-03  
3.9485557079e+00  4.5404461026e-01  2.7133330703e-02  -2.4941972608e-03  3.0867374592e-03  -4.3715591449e-03  3.7912541429e-03  4.6447925386e-03  2.3711625326e-03  3.4330368182e-03  2.5000333129e-03  2.3653972661e-03  1.9342413605e-03  2.2995491582e-03  1.8981641034e-03  2.4264939933e-03  2.1752295983e-03  2.5029014214e-03  2.3792594676e-03  -1.6160602460e-03  2.3643444451e-03  1.1256869366e-04  2.2222534537e-03  -9.1887905110e-04  2.3024985444e-03  -1.8010570836e-03  2.6854580198e-03  
4.0484676361e+00  3.8651803136e-01  2.3189475760e-02  -6.3555963760e-04  3.1942133846e-03  4.7895442243e-04  3.6215175680e-03  4.9525020039e-03  2.5076308771e-03  4.0316712297e-03  2.5042236720e-03  4.6837647585e-03  2.0518972705e-03  5.3238642542e-03  2.1812178762e-03  -3.6090811528e-03  2.1695935247e-03  -5.4879373172e-03  2.4576613710e-03  3.1581700942e-03  3.1500106235e-03  1.2757906652e-03  3.0253781819e-03  -1.4147869995e-03  2.2216448242e-03  -1.0630159138e-03  2.3233654945e-03  
4.1485013962e+00  3.2580175996e-01  1.9879903644e-02  -2.3752207670e-03  3.5974465013e-03  -5.6964765955e-03  3.6075987246e-03  3.5890256171e-03  2.8518784314e-03  1.7339659249e-03  3.0253230835e-03  1.2619905452e-03  2.6196357299e-03  1.0443671330e-03  2.2989014149e-03  -4.1863455810e-03  2.7449770136e-03  -6.7799605709e-03  2.6136490900e-03  1.9947872852e-03  2.8767580005e-03  9.1935443015e-04  2.8500439334e-03  -8.0401055311e-04  2.8509568481e-03  1.8604031368e-03  2.7686148925e-03  
4.2485017776e+00  2.7428767085e-01  1.6758104786e-02  -7.2371522852e-04  4.4033212988e-03  -9.9479143726e-04  4.4336474170e-03  -6.2365221162e-04  3.8255601472e-03  -2.1139214834e-03  3.9121116717e-03  3.7493933272e-03  2.5094166825e-03  3.5214966373e-03  2.8432630186e-03  -6.1371886510e-04  3.7357801634e-03  1.0147845886e-03  3.7541037458e-03  8.1826893240e-03  5.7348766125e-03  7.2785200831e-03  5.1334144637e-03  8.8358872263e-04  3.2907433211e-03  -1.8429410926e-03  3.7305958108e-03  
4.3485159874e+00  2.3138116300e-01  1.4193465002e-02  -5.8121431526e-03  5.1782096908e-03  -5.9734514146e-03  5.0202838878e-03  6.4283294184e-03  3.8265500311e-03  3.5205641319e-03  3.8286498368e-03  2.3502604343e-03  3.8392856395e-03  1.9081847055e-03  3.4640229158e-03  -3.9596547911e-04  3.5990978204e-03  5.7994378215e-04  3.4407969485e-03  7.7131236158e-03  3.2615000603e-03  5.2590445126e-03  3.6509252427e-03  -1.2283703045e-03  3.0407118534e-03  -4.5530407899e-03  3.0225009014e-03  
4.4485301971e+00  1.9178313017e-01  1.1891116388e-02  -4.6396316681e-03  4.3103106044e-03  -4.0662345337e-03  4.8616923829e-03  -5.3872904251e-03  4.7842136064e-03  -6.2329509715e-03  4.5107732443e-03  4.6498554642e-03  3.8114709477e-03  2.6025690913e-03  3.5778471921e-03  2.3511036974e-03  4.2784908390e-03  7.2163742082e-04  4.3116677346e-03  -5.3689313889e-03  3.6373352141e-03  -5.8973792801e-03  3.8616264862e-03  -2.3438239272e-03  3.7394422973e-03  -3.3623758703e-03  3.7538313133e-03  
4.5482587814e+00  1.5979664028e-01  9.9492892623e-03  5.4346318636e-03  5.1639668156e-03  6.0220238706e-03  4.8259196090e-03  6.2324141478e-03  4.7667762507e-03  5.9055433981e-03  4.8846615858e-03  -6.1111018888e-03  6.6496398012e-03  -5.3281410295e-03  5.3898869871e-03  -5.2888244903e-03  5.0414916939e-03  -5.0842704065e-03  5.0881035308e-03  8.1306960434e-03  3.9888044710e-03  1.0391464215e-02  3.9752410105e-03  6.6932033980e-03  5.6797882474e-03  5.3501301367e-04  4.3300870702e-03  
4.6481184959e+00  1.3267815113e-01  8.1334495917e-03  -3.9217608725e-03  5.9239045375e-03  -6.3557300204e-03  5.3878302763e-03  1.1350556128e-02  5.5276921247e-03  7.9136036336e-03  5.2781358480e-03  6.9570397306e-03  4.6272702070e-03  6.5928610414e-03  5.0531324838e-03  2.0940159203e-03  5.7578682222e-03  1.7927261615e-03  5.7519882080e-03  -2.2827114091e-03  6.2938250464e-03  1.6164769356e-03  5.7140433275e-03  5.7241216116e-03  5.6027674601e-03  -2.5694834853e-03  6.3653891733e-03  
4.7484321594e+00  1.1085773259e-01  6.8943193182e-03  -9.6984999441e-03  7.6814827131e-03  -6.0446990165e-03  6.6460479082e-03  7.5671355076e-04  7.5276121255e-03  1.3127754322e-04  7.4451570900e-03  9.1019441769e-03  9.0556354065e-03  7.3404834699e-03  7.8468646976e-03  -3.9788525552e-03  6.2914318005e-03  -3.5667946038e-03  6.1286027836e-03  -1.5764905632e-03  8.0682418902e-03  1.2855482899e-03  7.9369560032e-03  -1.3220401227e-03  6.4951908439e-03  -5.9938264010e-03  5.9149932745e-03  
4.8479852676e+00  9.0843178332e-02  5.6813107803e-03  6.4757656632e-03  7.1206437935e-03  1.2587909624e-02  7.8291145102e-03  8.6647829401e-04  7.2773175201e-03  1.3530657889e-03  7.2104236586e-03  -7.7398261242e-03  8.0440832709e-03  -2.2888171862e-03  7.7052492742e-03  -7.5086139236e-03  7.9236183842e-03  -9.0881730430e-03  8.7268792502e-03  8.7499419662e-04  9.0911887785e-03  -2.0471435413e-04  7.5273805725e-03  -1.4605951421e-02  7.4959483384e-03  1.3613959419e-03  8.0136354822e-03  
4.9483122826e+00  7.5487226248e-02  4.7246781178e-03  -4.3600105331e-03  9.8988661084e-03  -7.3836578405e-03  9.8790081686e-03  -7.7533544018e-03  1.0410736764e-02  -8.8257455733e-03  1.0486970933e-02  2.5004127357e-03  9.0692444976e-03  7.2121268138e-03  7.9684802453e-03  3.2155000482e-03  1.1198066855e-02  4.3747544294e-03  1.1690498748e-02  2.0866956580e-02  7.2652525095e-03  1.3973764526e-02  8.2766356218e-03  -4.4707429642e-03  8.7842543771e-03  -7.4468533765e-03  9.7453478117e-03  
5.0483798981e+00  6.2187600881e-02  3.9810058661e-03  -1.0825197237e-03  9.8979907788e-03  -2.1424028807e-03  9.9473504350e-03  1.5490677655e-02  1.2063145869e-02  1.7796417512e-02  1.1582947657e-02  1.3459080784e-02  8.5384458892e-03  8.7807097472e-03  9.2246083106e-03  -1.5906982217e-02  1.2893323593e-02  -2.0018083155e-02  1.1655761738e-02  2.0682603438e-03  1.2564223181e-02  8.2876447192e-03  1.1265314938e-02  4.6404015794e-02  1.1881171487e-02  2.2394144703e-02  1.2921115346e-02  
5.1485033035e+00  5.1786337048e-02  3.2570306212e-03  -8.1412596814e-03  1.6588133581e-02  -1.3046584632e-02  1.6663123026e-02  8.4604460746e-03  1.7367630149e-02  9.8304790328e-03  1.8240078354e-02  7.9968222370e-03  1.1930209089e-02  -5.0139412127e-03  1.2068832525e-02  -2.4387777373e-02  1.6404680180e-02  -1.8426231248e-02  1.6423429690e-02  -1.3467678197e-02  1.9573553835e-02  -2.5139446445e-02  1.5622075978e-02  -5.0354730313e-04  1.7511754964e-02  -1.6591823259e-02  1.7441791656e-02  
5.2478389740e+00  4.1864838451e-02  2.6668687351e-03  -2.6382138274e-03  2.0554037519e-02  -4.2578933640e-03  1.7265435473e-02  -1.3201409543e-03  2.0154412965e-02  2.9823077501e-03  2.0571975175e-02  3.7222237419e-02  2.7612927943e-02  2.0137160444e-02  2.3141401629e-02  2.6427769251e-02  1.9080545023e-02  2.7172229905e-02  1.9491821149e-02  -8.1308509433e-03  2.4036399390e-02  -1.6018974008e-02  2.1992112803e-02  2.5205595419e-02  1.6340102831e-02  9.8830462527e-03  1.8878707320e-02  
5.3479771614e+00  3.4357320517e-02  2.1840841509e-03  2.2452034261e-02  2.1975575928e-02  -2.5182559287e-03  2.4727945056e-02  8.5767240524e-02  3.3965611454e-02  7.6846110970e-02  3.0117037940e-02  -5.2829012275e-02  2.8191570379e-02  -5.8003855236e-02  2.2807580188e-02  6.9606531257e-03  2.6113048101e-02  1.5673581362e-02  2.4475355188e-02  1.7712853085e-02  1.8515195361e-02  1.0988523401e-03  2.0908881129e-02  -2.9582066163e-02  2.8979319601e-02  -1.3266191280e-02  2.7589743275e-02  
5.4480133057e+00  2.8369866312e-02  1.7706023064e-03  2.0124203982e-02  2.5525638309e-02  2.7580799060e-02  3.0403828026e-02  2.5053101433e-02  3.8314894608e-02  4.7231246047e-02  3.9307880701e-02  6.5303069004e-03  3.1244157348e-02  1.6883385060e-02  3.4883887982e-02  2.6676183455e-02  2.7770951235e-02  3.1234795563e-02  3.5071455725e-02  -1.9809645237e-02  3.8124246340e-02  -1.4580530130e-02  3.4072347630e-02  5.5289786773e-03  3.2427054351e-02  6.8470215466e-03  2.7195224898e-02  
5.5477991104e+00  2.3396901786e-02  1.5031521907e-03  -9.5933765098e-02  4.5904323825e-02  -6.3459055051e-02  4.5781051711e-02  1.0029478259e-03  4.8246770863e-02  1.3222999228e-02  4.9999902122e-02  1.1884031924e-02  3.9010081989e-02  2.4818076519e-02  4.3789612578e-02  1.1228989743e-02  4.3317711348e-02  1.8045244805e-02  4.5889095758e-02  -2.6274215387e-03  3.9248920107e-02  -2.5024123000e-02  4.5477148636e-02  -5.4972607680e-02  4.8023484693e-02  -1.2289027062e-02  4.2567293869e-02  
5.6478376389e+00  1.9228156656e-02  1.2207949767e-03  9.2985312166e-03  5.0097554220e-02  3.8853835911e-02  4.9278149735e-02  4.5469557401e-02  6.2467051393e-02  6.6522991434e-02  6.1232578718e-02  -1.3495289840e-01  4.5372198793e-02  -9.7845322117e-02  5.6133689854e-02  -1.5321093432e-02  6.3721398056e-02  -4.4343499914e-02  6.3933841736e-02  -6.0242996961e-02  6.0178928639e-02  -7.4651395977e-02  6.4917978586e-02  -1.2736680197e-02  7.1662212144e-02  3.5821319270e-03  6.4667095350e-02  
5.7472815514e+00  1.5362195671e-02  9.8031596281e-04  -1.8472036451e-01  9.9838938462e-02  -1.1914300941e-01  9.9191945714e-02  6.0188065609e-03  1.3446139578e-01  2.5028149541e-02  1.2658165210e-01  2.1460994989e-01  1.1559774531e-01  2.5914780527e-01  1.1286025696e-01  2.6279840335e-01  1.1581407501e-01  2.2198157981e-01  1.0844889342e-01  -6.7658302984e-02  1.2923667074e-01  -8.5914315097e-02  1.1221675686e-01  1.0662938662e-01  8.5626600351e-02  3.2376833130e-02  1.1796517736e-01  
5.8476862907e+00  1.3038679026e-02  8.4842403885e-04  3.3379688203e-01  1.6326753882e-01  1.6329016164e-01  1.7725191738e-01  7.2433831483e-02  2.1590800887e-01  4.9573933652e-02  2.0653660716e-01  -8.9555137567e-02  8.6591374907e-02  -1.2330415413e-01  1.1199482713e-01  2.5094559055e-02  1.3194981099e-01  6.0450522676e-02  1.1771492027e-01  -8.4604191780e-02  1.0256815060e-01  -1.4837894432e-01  7.1254397416e-02  1.3809658825e-01  1.7765366020e-01  1.8573387325e-01  1.5282078266e-01  
5.9465470314e+00  1.0670569725e-02  6.9446902489e-04  3.9337421041e-02  2.4059448745e-01  -7.2962532192e-03  2.4095544096e-01  -2.3218093708e-01  7.7320384432e-01  -1.8495821923e-01  6.7758422707e-01  1.7453087024e-01  1.1316038925e-01  2.5742640927e-01  1.7830143541e-01  2.3105541504e-01  3.9262215870e-01  2.7744008511e-01  3.7753474868e-01  -1.0736596048e-01  2.7077257071e-01  -3.3465543866e-01  2.7194878608e-01  5.6912818313e-01  4.1227301832e-01  7.0298652649e-01  2.4863579960e-01  
6.0466628075e+00  8.6633441970e-03  5.6447100360e-04  -5.5426609046e-02  9.2570052812e-02  3.0972603834e-02  2.1595728225e-01  4.6427239373e-01  3.7872259980e-01  4.1297690123e-01  3.0721603951e-01  2.0804968096e-01  3.7225275734e-01  1.8890676912e-01  1.8859569632e-01  -3.1536793202e-01  1.0215939018e-01  -6.0794379175e-01  1.1816124829e-01  3.6229590788e-01  4.3615395667e-01  2.2212862730e-01  3.1812860534e-01  2.6698443264e-01  2.5627472477e-01  -2.1284858190e-01  2.6966655330e-01  
6.1464400291e+00  6.8096523173e-03  4.6945043141e-04  4.9183754116e-01  3.4867767422e-01  6.6743179142e-01  2.6868269919e-01  8.1449527442e-02  7.8741328843e-01  -3.2216339931e-02  7.3089332455e-01  -1.1542373881e-01  3.1597860667e-01  -1.2908478931e-01  3.9106515097e-01  -1.4189631790e-01  1.0054104476e-01  -3.2082890838e-01  7.4562334215e-02  -3.0987170532e-01  1.5008951234e-01  -3.7567363352e-01  2.1381471279e-01  9.3297669664e-02  6.5008602562e-01  -2.6838715032e-01  2.0278011595e-01  
6.2464313507e+00  5.9532392770e-03  3.7944840733e-04  5.1327195942e-01  5.1401179637e-01  5.0370185912e-01  5.0435338625e-01  1.2155147409e+00  1.2175300689e+00  1.0968647861e+00  1.0988292373e+00  -7.5880531192e-01  7.6112032603e-01  -1.6294971704e+00  1.6320416385e+00  -8.6560945034e-01  8.6735013663e-01  -8.0484963536e-01  8.0584450002e-01  7.8282293856e-01  7.8463057495e-01  7.5032228351e-01  7.5211224021e-01  4.3669041246e-01  4.3735214293e-01  4.5175472826e-01  4.5243796525e-01  
6.3451967239e+00  4.6131880954e-03  3.2493768958e-04  -1.6705030218e-01  1.6728947329e-01  -6.1757665090e-02  6.1837286086e-02  1.0017653473e-01  1.0034191826e-01  1.3718256369e-01  1.3742739066e-01  -1.0840471007e-01  1.0873430821e-01  -5.5573339820e-01  5.5664378437e-01  1.6766919568e-02  1.6800545501e-02  -3.2503392756e-01  3.2543251796e-01  2.2508474544e-01  2.2560221973e-01  2.1608388737e-01  2.1659908981e-01  3.8123022527e-01  3.8180431237e-01  -1.6163306460e-01  1.6187862666e-01  
6.4453492165e+00  3.8127349690e-03  2.3936301295e-04  0.0000000000e+00  0.0000000000e+00  0.0000000000e+00  0.0000000000e+00  0.0000000000e+00  0.0000000000e+00  0.0000000000e+00  0.0000000000e+00  0.0000000000e+00  0.0000000000e+00  0.0000000000e+00  0.0000000000e+00  0.0000000000e+00  0.0000000000e+00  0.0000000000e+00  0.0000000000e+00  0.0000000000e+00  0.0000000000e+00  0.0000000000e+00  0.0000000000e+00  0.0000000000e+00  0.0000000000e+00  0.0000000000e+00  0.0000000000e+00  
6.5440521240e+00  2.9013436288e-03  2.1009214106e-04  0.0000000000e+00  0.0000000000e+00  0.0000000000e+00  0.0000000000e+00  0.0000000000e+00  0.0000000000e+00  0.0000000000e+00  0.0000000000e+00  0.0000000000e+00  0.0000000000e+00  0.0000000000e+00  0.0000000000e+00  0.0000000000e+00  0.0000000000e+00  0.0000000000e+00  0.0000000000e+00  0.0000000000e+00  0.0000000000e+00  0.0000000000e+00  0.0000000000e+00  0.0000000000e+00  0.0000000000e+00  0.0000000000e+00  0.0000000000e+00  
6.6429796219e+00  2.5672703050e-03  1.5289735165e-04  0.0000000000e+00  0.0000000000e+00  0.0000000000e+00  0.0000000000e+00  0.0000000000e+00  0.0000000000e+00  0.0000000000e+00  0.0000000000e+00  0.0000000000e+00  0.0000000000e+00  0.0000000000e+00  0.0000000000e+00  0.0000000000e+00  0.0000000000e+00  0.0000000000e+00  0.0000000000e+00  0.0000000000e+00  0.0000000000e+00  0.0000000000e+00  0.0000000000e+00  0.0000000000e+00  0.0000000000e+00  0.0000000000e+00  0.0000000000e+00  
6.7400236130e+00  2.0863350946e-03  1.4694282436e-04  0.0000000000e+00  0.0000000000e+00  0.0000000000e+00  0.0000000000e+00  0.0000000000e+00  0.0000000000e+00  0.0000000000e+00  0.0000000000e+00  0.0000000000e+00  0.0000000000e+00  0.0000000000e+00  0.0000000000e+00  0.0000000000e+00  0.0000000000e+00  0.0000000000e+00  0.0000000000e+00  0.0000000000e+00  0.0000000000e+00  0.0000000000e+00  0.0000000000e+00  0.0000000000e+00  0.0000000000e+00  0.0000000000e+00  0.0000000000e+00  
6.8425254822e+00  1.6349297948e-03  1.1825023830e-04  0.0000000000e+00  0.0000000000e+00  0.0000000000e+00  0.0000000000e+00  0.0000000000e+00  0.0000000000e+00  0.0000000000e+00  0.0000000000e+00  0.0000000000e+00  0.0000000000e+00  0.0000000000e+00  0.0000000000e+00  0.0000000000e+00  0.0000000000e+00  0.0000000000e+00  0.0000000000e+00  0.0000000000e+00  0.0000000000e+00  0.0000000000e+00  0.0000000000e+00  0.0000000000e+00  0.0000000000e+00  0.0000000000e+00  0.0000000000e+00  
6.9388842583e+00  1.4181154547e-03  9.7549498605e-05  0.0000000000e+00  0.0000000000e+00  0.0000000000e+00  0.0000000000e+00  0.0000000000e+00  0.0000000000e+00  0.0000000000e+00  0.0000000000e+00  0.0000000000e+00  0.0000000000e+00  0.0000000000e+00  0.0000000000e+00  0.0000000000e+00  0.0000000000e+00  0.0000000000e+00  0.0000000000e+00  0.0000000000e+00  0.0000000000e+00  0.0000000000e+00  0.0000000000e+00  0.0000000000e+00  0.0000000000e+00  0.0000000000e+00  0.0000000000e+00  
7.0367274284e+00  1.1477111839e-03  7.9920122516e-05  0.0000000000e+00  0.0000000000e+00  0.0000000000e+00  0.0000000000e+00  0.0000000000e+00  0.0000000000e+00  0.0000000000e+00  0.0000000000e+00  0.0000000000e+00  0.0000000000e+00  0.0000000000e+00  0.0000000000e+00  0.0000000000e+00  0.0000000000e+00  0.0000000000e+00  0.0000000000e+00  0.0000000000e+00  0.0000000000e+00  0.0000000000e+00  0.0000000000e+00  0.0000000000e+00  0.0000000000e+00  0.0000000000e+00  0.0000000000e+00  
