#eta  rn(eta)  rn_err(eta)  rnn(eta)  rnn_err(eta)
-7.0000000000e+00  0.0000000000e+00  0.0000000000e+00  0.0000000000e+00  0.0000000000e+00  0.0000000000e+00  0.0000000000e+00  0.0000000000e+00  0.0000000000e+00  0.0000000000e+00  0.0000000000e+00  0.0000000000e+00  0.0000000000e+00  0.0000000000e+00  0.0000000000e+00  0.0000000000e+00  0.0000000000e+00  0.0000000000e+00  0.0000000000e+00  0.0000000000e+00  0.0000000000e+00  0.0000000000e+00  0.0000000000e+00  0.0000000000e+00  0.0000000000e+00  
-6.9000029564e+00  0.0000000000e+00  0.0000000000e+00  0.0000000000e+00  0.0000000000e+00  0.0000000000e+00  0.0000000000e+00  0.0000000000e+00  0.0000000000e+00  0.0000000000e+00  0.0000000000e+00  0.0000000000e+00  0.0000000000e+00  0.0000000000e+00  0.0000000000e+00  0.0000000000e+00  0.0000000000e+00  0.0000000000e+00  0.0000000000e+00  0.0000000000e+00  0.0000000000e+00  0.0000000000e+00  0.0000000000e+00  0.0000000000e+00  0.0000000000e+00  
-6.7999935150e+00  0.0000000000e+00  0.0000000000e+00  0.0000000000e+00  0.0000000000e+00  0.0000000000e+00  0.0000000000e+00  0.0000000000e+00  0.0000000000e+00  0.0000000000e+00  0.0000000000e+00  0.0000000000e+00  0.0000000000e+00  0.0000000000e+00  0.0000000000e+00  0.0000000000e+00  0.0000000000e+00  0.0000000000e+00  0.0000000000e+00  0.0000000000e+00  0.0000000000e+00  0.0000000000e+00  0.0000000000e+00  0.0000000000e+00  0.0000000000e+00  
-6.7000064850e+00  0.0000000000e+00  0.0000000000e+00  0.0000000000e+00  0.0000000000e+00  0.0000000000e+00  0.0000000000e+00  0.0000000000e+00  0.0000000000e+00  0.0000000000e+00  0.0000000000e+00  0.0000000000e+00  0.0000000000e+00  0.0000000000e+00  0.0000000000e+00  0.0000000000e+00  0.0000000000e+00  0.0000000000e+00  0.0000000000e+00  0.0000000000e+00  0.0000000000e+00  0.0000000000e+00  0.0000000000e+00  0.0000000000e+00  0.0000000000e+00  
-6.5999975204e+00  0.0000000000e+00  0.0000000000e+00  0.0000000000e+00  0.0000000000e+00  0.0000000000e+00  0.0000000000e+00  0.0000000000e+00  0.0000000000e+00  0.0000000000e+00  0.0000000000e+00  0.0000000000e+00  0.0000000000e+00  0.0000000000e+00  0.0000000000e+00  0.0000000000e+00  0.0000000000e+00  0.0000000000e+00  0.0000000000e+00  0.0000000000e+00  0.0000000000e+00  0.0000000000e+00  0.0000000000e+00  0.0000000000e+00  0.0000000000e+00  
-6.5000000000e+00  0.0000000000e+00  0.0000000000e+00  0.0000000000e+00  0.0000000000e+00  0.0000000000e+00  0.0000000000e+00  0.0000000000e+00  0.0000000000e+00  0.0000000000e+00  0.0000000000e+00  0.0000000000e+00  0.0000000000e+00  0.0000000000e+00  0.0000000000e+00  0.0000000000e+00  0.0000000000e+00  0.0000000000e+00  0.0000000000e+00  0.0000000000e+00  0.0000000000e+00  0.0000000000e+00  0.0000000000e+00  0.0000000000e+00  0.0000000000e+00  
-6.4000010490e+00  0.0000000000e+00  0.0000000000e+00  0.0000000000e+00  0.0000000000e+00  0.0000000000e+00  0.0000000000e+00  0.0000000000e+00  0.0000000000e+00  0.0000000000e+00  0.0000000000e+00  0.0000000000e+00  0.0000000000e+00  0.0000000000e+00  0.0000000000e+00  0.0000000000e+00  0.0000000000e+00  0.0000000000e+00  0.0000000000e+00  0.0000000000e+00  0.0000000000e+00  0.0000000000e+00  0.0000000000e+00  0.0000000000e+00  0.0000000000e+00  
-6.2999939919e+00  0.0000000000e+00  0.0000000000e+00  0.0000000000e+00  0.0000000000e+00  0.0000000000e+00  0.0000000000e+00  0.0000000000e+00  0.0000000000e+00  0.0000000000e+00  0.0000000000e+00  0.0000000000e+00  0.0000000000e+00  0.0000000000e+00  0.0000000000e+00  0.0000000000e+00  0.0000000000e+00  0.0000000000e+00  0.0000000000e+00  0.0000000000e+00  0.0000000000e+00  0.0000000000e+00  0.0000000000e+00  0.0000000000e+00  0.0000000000e+00  
-6.2000060081e+00  0.0000000000e+00  0.0000000000e+00  0.0000000000e+00  0.0000000000e+00  0.0000000000e+00  0.0000000000e+00  0.0000000000e+00  0.0000000000e+00  0.0000000000e+00  0.0000000000e+00  0.0000000000e+00  0.0000000000e+00  0.0000000000e+00  0.0000000000e+00  0.0000000000e+00  0.0000000000e+00  0.0000000000e+00  0.0000000000e+00  0.0000000000e+00  0.0000000000e+00  0.0000000000e+00  0.0000000000e+00  0.0000000000e+00  0.0000000000e+00  
-6.0999994278e+00  0.0000000000e+00  0.0000000000e+00  0.0000000000e+00  0.0000000000e+00  0.0000000000e+00  0.0000000000e+00  0.0000000000e+00  0.0000000000e+00  0.0000000000e+00  0.0000000000e+00  0.0000000000e+00  0.0000000000e+00  0.0000000000e+00  0.0000000000e+00  0.0000000000e+00  0.0000000000e+00  0.0000000000e+00  0.0000000000e+00  0.0000000000e+00  0.0000000000e+00  0.0000000000e+00  0.0000000000e+00  0.0000000000e+00  0.0000000000e+00  
-6.0000000000e+00  0.0000000000e+00  0.0000000000e+00  0.0000000000e+00  0.0000000000e+00  0.0000000000e+00  0.0000000000e+00  0.0000000000e+00  0.0000000000e+00  0.0000000000e+00  0.0000000000e+00  0.0000000000e+00  0.0000000000e+00  0.0000000000e+00  0.0000000000e+00  0.0000000000e+00  0.0000000000e+00  0.0000000000e+00  0.0000000000e+00  0.0000000000e+00  0.0000000000e+00  0.0000000000e+00  0.0000000000e+00  0.0000000000e+00  0.0000000000e+00  
-5.8999996185e+00  0.0000000000e+00  0.0000000000e+00  0.0000000000e+00  0.0000000000e+00  0.0000000000e+00  0.0000000000e+00  0.0000000000e+00  0.0000000000e+00  0.0000000000e+00  0.0000000000e+00  0.0000000000e+00  0.0000000000e+00  0.0000000000e+00  0.0000000000e+00  0.0000000000e+00  0.0000000000e+00  0.0000000000e+00  0.0000000000e+00  0.0000000000e+00  0.0000000000e+00  0.0000000000e+00  0.0000000000e+00  0.0000000000e+00  0.0000000000e+00  
-5.7999944687e+00  0.0000000000e+00  0.0000000000e+00  0.0000000000e+00  0.0000000000e+00  0.0000000000e+00  0.0000000000e+00  0.0000000000e+00  0.0000000000e+00  0.0000000000e+00  0.0000000000e+00  0.0000000000e+00  0.0000000000e+00  0.0000000000e+00  0.0000000000e+00  0.0000000000e+00  0.0000000000e+00  0.0000000000e+00  0.0000000000e+00  0.0000000000e+00  0.0000000000e+00  0.0000000000e+00  0.0000000000e+00  0.0000000000e+00  0.0000000000e+00  
-5.7000055313e+00  0.0000000000e+00  0.0000000000e+00  0.0000000000e+00  0.0000000000e+00  0.0000000000e+00  0.0000000000e+00  0.0000000000e+00  0.0000000000e+00  0.0000000000e+00  0.0000000000e+00  0.0000000000e+00  0.0000000000e+00  0.0000000000e+00  0.0000000000e+00  0.0000000000e+00  0.0000000000e+00  0.0000000000e+00  0.0000000000e+00  0.0000000000e+00  0.0000000000e+00  0.0000000000e+00  0.0000000000e+00  0.0000000000e+00  0.0000000000e+00  
-5.6000018120e+00  0.0000000000e+00  0.0000000000e+00  0.0000000000e+00  0.0000000000e+00  0.0000000000e+00  0.0000000000e+00  0.0000000000e+00  0.0000000000e+00  0.0000000000e+00  0.0000000000e+00  0.0000000000e+00  0.0000000000e+00  0.0000000000e+00  0.0000000000e+00  0.0000000000e+00  0.0000000000e+00  0.0000000000e+00  0.0000000000e+00  0.0000000000e+00  0.0000000000e+00  0.0000000000e+00  0.0000000000e+00  0.0000000000e+00  0.0000000000e+00  
-5.5000000000e+00  0.0000000000e+00  0.0000000000e+00  0.0000000000e+00  0.0000000000e+00  0.0000000000e+00  0.0000000000e+00  0.0000000000e+00  0.0000000000e+00  0.0000000000e+00  0.0000000000e+00  0.0000000000e+00  0.0000000000e+00  0.0000000000e+00  0.0000000000e+00  0.0000000000e+00  0.0000000000e+00  0.0000000000e+00  0.0000000000e+00  0.0000000000e+00  0.0000000000e+00  0.0000000000e+00  0.0000000000e+00  0.0000000000e+00  0.0000000000e+00  
-5.3999977112e+00  0.0000000000e+00  0.0000000000e+00  0.0000000000e+00  0.0000000000e+00  0.0000000000e+00  0.0000000000e+00  0.0000000000e+00  0.0000000000e+00  0.0000000000e+00  0.0000000000e+00  0.0000000000e+00  0.0000000000e+00  0.0000000000e+00  0.0000000000e+00  0.0000000000e+00  0.0000000000e+00  0.0000000000e+00  0.0000000000e+00  0.0000000000e+00  0.0000000000e+00  0.0000000000e+00  0.0000000000e+00  0.0000000000e+00  0.0000000000e+00  
-5.2999949455e+00  0.0000000000e+00  0.0000000000e+00  0.0000000000e+00  0.0000000000e+00  0.0000000000e+00  0.0000000000e+00  0.0000000000e+00  0.0000000000e+00  0.0000000000e+00  0.0000000000e+00  0.0000000000e+00  0.0000000000e+00  0.0000000000e+00  0.0000000000e+00  0.0000000000e+00  0.0000000000e+00  0.0000000000e+00  0.0000000000e+00  0.0000000000e+00  0.0000000000e+00  0.0000000000e+00  0.0000000000e+00  0.0000000000e+00  0.0000000000e+00  
-5.2000050545e+00  0.0000000000e+00  0.0000000000e+00  0.0000000000e+00  0.0000000000e+00  0.0000000000e+00  0.0000000000e+00  0.0000000000e+00  0.0000000000e+00  0.0000000000e+00  0.0000000000e+00  0.0000000000e+00  0.0000000000e+00  0.0000000000e+00  0.0000000000e+00  0.0000000000e+00  0.0000000000e+00  0.0000000000e+00  0.0000000000e+00  0.0000000000e+00  0.0000000000e+00  0.0000000000e+00  0.0000000000e+00  0.0000000000e+00  0.0000000000e+00  
-5.1000041962e+00  0.0000000000e+00  0.0000000000e+00  0.0000000000e+00  0.0000000000e+00  0.0000000000e+00  0.0000000000e+00  0.0000000000e+00  0.0000000000e+00  0.0000000000e+00  0.0000000000e+00  0.0000000000e+00  0.0000000000e+00  0.0000000000e+00  0.0000000000e+00  0.0000000000e+00  0.0000000000e+00  0.0000000000e+00  0.0000000000e+00  0.0000000000e+00  0.0000000000e+00  0.0000000000e+00  0.0000000000e+00  0.0000000000e+00  0.0000000000e+00  
-5.0000000000e+00  0.0000000000e+00  0.0000000000e+00  0.0000000000e+00  0.0000000000e+00  0.0000000000e+00  0.0000000000e+00  0.0000000000e+00  0.0000000000e+00  0.0000000000e+00  0.0000000000e+00  0.0000000000e+00  0.0000000000e+00  0.0000000000e+00  0.0000000000e+00  0.0000000000e+00  0.0000000000e+00  0.0000000000e+00  0.0000000000e+00  0.0000000000e+00  0.0000000000e+00  0.0000000000e+00  0.0000000000e+00  0.0000000000e+00  0.0000000000e+00  
-4.8995208740e+00  7.0869049980e+13  7.0160359480e+15  0.0000000000e+00  0.0000000000e+00  -9.0542227330e+12  8.9636805056e+14  0.0000000000e+00  0.0000000000e+00  -1.4653874761e+13  1.4507336013e+15  0.0000000000e+00  0.0000000000e+00  -1.4482309166e+12  1.4337486074e+14  0.0000000000e+00  0.0000000000e+00  -2.6087040031e+12  2.5826169631e+14  0.0000000000e+00  0.0000000000e+00  1.1346710259e+12  1.1233243157e+14  0.0000000000e+00  0.0000000000e+00  
-4.7990193367e+00  7.2398489209e-01  4.7117564674e+00  0.0000000000e+00  0.0000000000e+00  -9.0384686183e-01  2.0203724078e+00  0.0000000000e+00  0.0000000000e+00  1.0743139249e+01  2.6628384207e+02  0.0000000000e+00  0.0000000000e+00  2.4170360189e+00  1.0318392237e+01  0.0000000000e+00  0.0000000000e+00  -8.8825599455e-01  5.0884112873e+00  0.0000000000e+00  0.0000000000e+00  6.8038307474e-01  7.4614677367e+00  0.0000000000e+00  0.0000000000e+00  
-4.6984968185e+00  -1.5058112013e+00  9.0372586549e+02  0.0000000000e+00  0.0000000000e+00  4.1039178635e+00  7.5517394502e+00  0.0000000000e+00  0.0000000000e+00  -1.1475711324e+01  2.0707232412e+01  0.0000000000e+00  0.0000000000e+00  3.5663183177e-01  6.1309210601e-01  0.0000000000e+00  0.0000000000e+00  -1.4554265401e+02  6.4859291329e+02  0.0000000000e+00  0.0000000000e+00  2.9944919306e+00  3.9756997351e+01  0.0000000000e+00  0.0000000000e+00  
-4.5950574875e+00  -2.7152787215e-01  2.1626521703e+00  0.0000000000e+00  0.0000000000e+00  -1.6033751923e+00  2.9074554512e+01  0.0000000000e+00  0.0000000000e+00  7.2028935148e+00  1.2328348087e+02  0.0000000000e+00  0.0000000000e+00  -1.5555661039e+00  1.9498451864e+00  0.0000000000e+00  0.0000000000e+00  1.0593146282e+00  4.2692287463e+00  0.0000000000e+00  0.0000000000e+00  3.0169573003e+00  3.0361175257e+01  0.0000000000e+00  0.0000000000e+00  
-4.4911737442e+00  1.0158837509e-01  1.3393585050e+00  1.4100795294e+00  2.4410808370e+01  8.9315792773e-01  1.2310438721e+00  6.9657803493e-01  3.0780083528e+00  -1.2637321982e-01  2.2872079340e+00  6.5155954294e-02  3.4744551022e+01  -7.9166246643e-01  1.1416615211e+01  9.3656969176e-01  2.1729611696e+00  1.2290388098e+00  2.1312262334e+00  1.3040222547e+00  2.1471713632e+00  -1.5052824824e-01  5.6188725041e+00  2.3662020489e+00  4.4417755712e+01  
-4.3845157623e+00  1.3979472280e+01  2.9019034779e+03  -1.7255288308e+00  1.5258874683e+01  3.4315423718e+00  1.6358290998e+01  1.0852657639e+00  3.2474167384e-01  -8.5362449054e+00  1.0867112335e+02  9.3383068485e-01  1.1623050011e+00  4.3008498604e-01  7.7448140446e-01  7.1580419774e-01  3.2514332998e+00  -1.0252372074e+00  1.8494859215e+00  -6.1795134896e+00  8.0221256952e+00  -1.0067399588e+00  7.1645617038e-01  -5.4065362681e-01  3.2756963189e+00  
-4.2754716873e+00  -4.2301723770e-01  1.3439407267e+00  1.0394530933e+01  1.3011789402e+02  8.8489465678e-01  1.4214330203e+00  2.9888663034e+00  5.5095712722e+00  -7.8435720041e-01  1.9711861919e+00  1.2823544660e+00  7.3340118380e+00  -8.7530307055e-01  1.4497211862e+00  -1.0066729477e+00  4.6331042151e+00  3.9431987418e-01  1.8728410528e+00  -2.7114606432e-01  7.7214406829e-01  -4.5772334597e+00  2.9974796944e+02  1.7475487857e+00  1.1448914389e+01  
-4.1705589294e+00  -1.3790002271e+00  1.8731765181e+00  -5.1851151419e+00  4.5581425800e+01  7.2503657834e-02  4.8573828280e-01  1.2224420629e-01  8.1849449069e-01  -5.5991056173e-01  3.0779785017e+00  -8.0541930278e-01  1.4939431199e+00  1.6145012108e+00  3.5047756766e+00  -5.0101611411e+00  9.0016755163e+01  1.2947312145e+00  2.3067639784e+00  5.7838354898e-01  6.7770198832e+00  2.5684417645e+00  1.0716351795e+02  -1.5121432326e+00  6.7954905693e+00  
-4.0667185783e+00  -1.1309603528e+00  1.4895154374e+00  2.5940358755e+00  8.4612532571e+00  1.0288059213e+00  2.4788724893e+02  -9.0710157083e-01  9.6295777242e-01  6.6417589642e+00  1.5540530941e+02  3.4407698359e-01  2.6374753378e-01  -1.0152145403e+00  1.1821142050e+00  -1.3160605181e+00  2.5046434271e+01  -3.5682447258e+01  1.4910817378e+03  1.4728663184e+00  1.9148334516e+01  -2.0773268399e+00  4.5553065345e+00  1.3111971170e+00  2.1510284234e+00  
-3.9623880386e+00  4.1016426780e+00  1.1525755612e+01  1.5776713011e+00  4.2497410623e+01  -1.3738398151e+00  3.3025713756e+00  -4.2382032451e-01  1.6600237186e+00  -7.0480536837e-01  3.3218784142e+00  5.7011248028e+00  3.2288798433e+01  7.9970966341e-01  4.8171747726e+00  -2.8769057281e+00  8.3176155934e+00  3.7053896828e+00  8.2122295420e+01  -8.5415657287e-01  3.0071545213e+00  -3.7589709467e-01  1.2411916040e+00  9.6837075763e+00  1.0651513811e+02  
-3.8587875366e+00  -1.0174762097e+01  2.9431658635e+01  -1.6502784071e-01  7.3644924951e-01  2.2961142078e+00  4.5392501409e+00  2.4532340104e-01  5.4044248775e-01  -1.7908036303e+00  1.0042031649e+01  3.4974474896e-01  5.6738991817e-01  -2.9109726986e-01  1.7718351739e+00  5.2282036560e-01  6.6452760825e-01  -2.5021588048e-01  2.5863181467e+00  -3.9490059624e+00  3.8937095206e+01  2.0549871396e-01  5.0916516841e-01  8.0124253581e-01  1.5306006882e+00  
-3.7557892799e+00  1.5459748578e+01  1.1857044345e+02  7.0570604707e-01  3.3158555073e+00  -4.1574577202e-01  2.1803257361e+00  -1.0137002552e+00  1.7752334996e+00  -1.2956035345e-01  6.0635370067e-01  4.7361395524e-01  7.6889134479e-01  3.4699905551e-01  1.8812190800e+00  1.0479589802e+00  3.1525836062e+01  2.6167726702e+00  2.8328283048e+00  -1.5472954063e+00  1.4151737604e+00  2.5666230677e+00  2.6678981746e+01  -1.4118168112e+00  1.8573899156e+00  
-3.6549918652e+00  7.1620890878e+00  3.2422933210e+01  3.6106780908e+02  1.9630815503e+04  -9.2460623535e+00  2.3137755104e+02  -2.0267273727e+00  6.7443618541e+00  -2.1594538506e+00  8.5198189965e+00  -9.2231711215e-01  5.8882085523e+00  -1.2629998159e+00  2.9338946431e+01  -4.9123795515e+00  2.6725476671e+01  -6.1133794154e+00  5.0251904989e+01  7.3838471004e-01  1.0471755909e+00  -2.4372543423e+00  3.8852478548e+00  -1.5039586090e+00  1.8762461025e+00  
-3.5518743992e+00  2.6976387365e+01  7.2602554141e+03  8.0795968353e+00  8.4905524431e+01  -8.8294707242e+00  7.9640336923e+01  -6.9920361993e-01  3.0955050564e+00  -6.7415576000e-01  1.2109240883e+00  7.4554287197e-02  5.7273958342e-01  -2.9769838316e+00  8.1527157517e+00  -9.1588820981e+00  2.6904154647e+02  -3.1752450516e+00  2.8893085910e+02  -1.8256521250e+00  1.9050250580e+01  6.3644334368e-01  1.4650427693e+00  5.5113801782e-01  5.5839624550e+01  
-3.4492697716e+00  8.3696743901e+01  2.3156095770e+03  3.4602674942e+00  6.2590244215e+00  -2.6114574796e+00  1.7043244721e+00  -9.1602646961e-02  5.5148597612e-01  4.0633985526e+00  1.0564052689e+01  -8.1925930257e-01  4.0049418677e+00  -3.8520997076e+00  7.8854546934e+01  -5.5541538344e+00  3.1866378541e+01  4.1898749744e+00  1.6798073526e+01  -1.6085604762e+00  7.7075107272e+00  -2.1458147098e+00  3.1040975429e+00  -6.0464446804e-01  1.9365540457e+00  
-3.3494904041e+00  -1.1907605347e+02  2.0940323630e+04  4.1458240235e+00  4.9937115790e+00  3.4155865706e+00  2.7031978184e+00  -1.2868608558e+00  2.0169000581e+00  4.0580719347e+00  3.0115185518e+01  -1.0394832735e+01  5.5708471780e+02  -3.3407609410e+00  6.8844081162e+00  -3.2416276340e+00  8.4620617073e+01  3.0244115101e+00  3.5392350981e+01  -1.0524268007e+00  6.9043256965e-01  5.0608309158e+00  4.2792816295e+01  1.7029445266e-01  1.0249476264e+00  
-3.2491712570e+00  -8.7925800541e+00  6.2531544024e+00  2.0422445944e+01  2.3059515984e+02  4.5657755362e+00  2.8604182661e+01  -1.8481136751e+00  1.7488691896e+01  -1.6077086011e+01  3.0824589325e+02  -8.5923086704e-02  1.0619765842e+00  1.6724524763e+00  2.0182146721e+00  -1.1207563312e+00  2.0429559639e+00  -1.0138734249e+01  6.6029428943e+01  1.0860331832e-01  1.0748169148e+00  -5.8577075628e+00  7.4499699814e+00  6.5454586584e-01  1.2987392447e+02  
-3.1484582424e+00  -9.3019996683e+00  6.2877433983e+00  4.3219994495e+00  4.0401232290e+00  4.7462659474e+00  4.1293182756e+00  2.2599490354e+00  9.1845966000e+00  -3.9809283598e+01  1.0999535887e+03  -7.7888230297e+00  2.2259094673e+02  -3.8183974980e+01  1.1557543279e+03  7.2190752912e+00  1.9395008087e+03  -2.0653873335e+00  1.6435231096e+00  1.8129576578e-01  4.4767334421e+00  -5.8421168886e+00  1.2005381765e+01  1.5739652458e+00  1.4153335309e+00  
-3.0489175320e+00  -1.2104460970e+01  1.0998254037e+01  5.9799913907e+00  4.7715227740e+01  1.1781562418e+01  1.8195994681e+01  1.9613593907e+01  5.6031401665e+01  -8.5335020636e+00  2.4410170659e+01  -1.2747146194e+00  3.7094591343e-01  -3.9562346240e+00  2.2804621407e+00  1.5026517648e+01  4.4865416528e+02  -1.0664718300e+01  2.2187106241e+01  -2.2453656340e+00  2.1830145446e+00  -5.0198985057e+00  1.1014171883e+01  1.7800143345e+00  2.8477641785e+00  
-2.9485847950e+00  -1.6809066353e+01  2.0752743664e+01  8.4331068487e+00  7.5190106135e+01  8.8866150362e+00  4.9099314702e+01  2.0463846670e+00  6.5549527056e+00  -7.0361240906e+00  8.3842080291e+00  7.0030057937e+00  4.3812044064e+01  4.0842178100e+00  2.3540382938e+00  -1.2897443192e+00  1.0147246345e+00  4.9136487207e+00  4.0955619421e+00  -3.3737770757e+00  7.2298318351e+00  4.7963425939e+00  7.3656070017e+00  1.5106864387e+00  2.0302933308e+00  
-2.8488054276e+00  -1.6617153779e+01  1.8951200515e+01  6.0367968987e+00  4.5613850405e+01  8.3329100775e+00  1.1268016315e+01  2.5995716464e+00  1.3986803198e+01  1.9678282920e+01  1.2880975805e+02  1.3658729570e+01  6.8586839217e+01  -6.6683169941e+00  9.7586294221e+00  2.8743713093e+00  4.5691208835e+01  -2.7947940864e+00  4.0953312342e+00  4.3305596860e+00  9.9740938793e+01  9.0046114295e+01  7.8968367776e+03  5.3888318722e+00  2.0044018122e+01  
-2.7483801842e+00  -3.4382547728e+01  6.2150402371e+02  4.3798566544e+00  5.4917305924e+00  5.6351091992e+01  2.8263424465e+02  1.4316815434e+01  3.1248661924e+01  2.0036864185e+01  2.1787820606e+02  2.8519295722e+00  4.3071039060e+00  1.1985544913e+01  3.0766136201e+01  1.2146448672e+00  2.0031197590e+00  -9.0633059849e+00  9.6566765896e+00  -1.0601232026e+00  4.3137829252e-01  6.6954327232e+00  9.4107783360e+00  -1.0095476092e-01  1.0547132695e+00  
-2.6485102177e+00  -4.4410689279e+01  2.9475700907e+03  4.0525863063e+00  4.6285170896e+00  1.8064641966e+01  2.3266765096e+01  -5.8215789924e+02  5.3582595582e+04  -1.4519577689e+01  2.1087748398e+01  1.3342563368e+00  1.6224278711e+00  1.6960051220e+01  1.3107884869e+02  -8.4331255652e-01  3.2046066184e-01  -5.5541655895e+00  3.4451505724e+01  -6.7970962919e+00  2.1112003596e+01  -3.8964723242e+01  9.7024044167e+02  -1.6340433862e+00  1.1534456736e+00  
-2.5490186214e+00  1.8694712380e+01  5.5322139803e+03  3.9630036579e+00  3.9042213324e+00  3.5808965584e+01  9.7632882719e+01  1.3192333200e+01  3.0330923825e+02  3.8048982615e+01  2.6216222963e+02  -1.7962389769e+00  1.2039214646e+00  1.6889772450e+01  5.5690811815e+01  1.2451286924e+01  2.0540007701e+02  6.6659827259e+00  4.0647796861e+00  -2.8650562713e-01  2.4970387226e+00  2.6633226166e+00  1.1705309641e+00  -7.8958317168e+01  7.5988415868e+03  
-2.4486711025e+00  -2.8224968403e+01  7.0393423333e+02  4.7166002871e+00  5.3314253357e+00  1.2841304924e+01  1.6379311349e+01  2.8108810891e+00  2.4641151574e+01  -8.9643986366e+01  1.0787673682e+03  1.0449972156e+00  8.8111130931e-01  1.3819951822e+01  1.6634092034e+01  -2.5571257859e+00  2.8225085697e+01  8.0037458299e+00  1.6172670756e+01  1.4447348764e+00  1.5352618818e+00  8.8529942860e+00  1.4965648260e+01  8.2990169924e-01  6.1038722003e-01  
-2.3489661217e+00  -1.9730789292e+01  6.7088279671e+03  4.0210817049e+00  2.8653760716e+00  1.3031002301e+01  1.3680132001e+01  4.1719044346e+01  2.5093224072e+03  1.6676987767e+01  1.5864335406e+01  -5.8774246520e+00  1.0757397165e+01  9.3115382882e+00  2.8868300024e+01  1.9467189025e+00  3.0257524416e+00  1.1490636627e+00  1.1759534560e+00  1.2141700023e+00  1.2830772976e+01  5.9132384263e+00  9.9951314087e+00  4.9005474403e-01  2.1238623321e+00  
-2.2490890026e+00  2.7198695557e+02  7.2707302347e+03  4.6838402703e+00  3.5729101843e+00  7.4342993580e+00  5.6587606087e+00  5.6473497209e+00  2.4922494055e+01  6.1494106741e+01  2.0734351709e+03  -3.0132420555e+01  4.1364514940e+02  -7.6579751734e+00  1.7147217997e+01  -1.1553822858e+00  2.3080184866e+02  6.3828428177e+00  1.1814498414e+01  -1.1507965956e+00  3.2783617439e+00  -5.6339076941e-01  3.0811908231e+00  -3.7734719002e+00  1.5192627216e+01  
-2.1491539478e+00  4.7087114144e+01  3.5553503386e+02  4.9511521093e+00  4.2201492016e+00  1.1636724157e+01  1.3410880899e+01  4.1048402172e+00  6.0937314892e+01  -1.7651751004e+01  3.7553433372e+01  -1.9101641809e+00  1.1202982097e+01  -4.8328036263e+01  9.2150898370e+02  -6.4882797479e+00  2.6536362820e+01  1.5856090363e+00  2.0011160907e+00  1.4745271218e+01  2.5658926409e+02  -1.9384048041e+00  6.5079091403e+00  5.9218170834e-01  1.9377318395e+00  
-2.0493836403e+00  4.6367340990e+01  5.0327384110e+02  5.5182920207e+00  5.6903883901e+00  1.2543042693e+01  1.4959997659e+01  4.7223249473e+00  4.7810736737e+00  -1.8756378954e+01  1.6841846972e+02  1.0105448643e+00  4.3716901125e-01  4.3409969379e+00  3.2853975299e+00  2.7138427919e+00  6.3973531292e+00  1.4237402465e+00  1.3874569249e+00  8.9472509278e-01  1.1439139278e+00  1.2446857057e+00  1.5895778547e+00  -2.3766826769e+00  8.8530641829e+00  
-1.9493434429e+00  3.7441301440e+01  2.2484576887e+02  5.2001488464e+00  5.1692387959e+00  4.3561075385e+00  2.0685664098e+00  3.0569513686e+00  6.3781277716e+00  2.2491976368e+01  4.9659377111e+01  3.6158174008e+01  2.1722708186e+04  4.4317455456e+00  3.7856981114e+00  2.2811073145e+02  2.0666222367e+04  2.1170948735e+00  2.2552934502e+00  1.4514294832e-01  5.2582836618e+01  -1.0366609394e+01  3.8613986879e+02  2.0852341047e+00  3.7877209222e+01  
-1.8495545387e+00  2.0695060736e+01  1.4840478392e+02  4.7009057797e+00  4.0747936987e+00  4.9281442195e+00  2.0703060458e+00  2.2974228306e+00  1.4457426009e+00  2.8182136100e+01  6.1109630459e+01  -2.5874381983e+00  1.9604106546e+00  4.2972002037e+00  6.3523190939e+00  5.3609242972e-01  6.2914568618e-01  -1.0194117733e+00  1.7344390312e+00  5.1168569824e-02  1.6004938437e+00  1.3929913140e+00  2.2849234046e+00  -8.2305842732e-02  5.1591241210e+00  
-1.7498704195e+00  1.8062998834e+01  8.6902903814e+01  3.8922206648e+00  2.9727313594e+00  1.2031504499e+01  3.3256379366e+01  9.3198527589e+00  2.8330826502e+01  -1.7051266936e+02  3.9651248874e+03  -7.1708046668e+00  1.6641551494e+01  -2.9586005420e+01  6.2372750135e+02  7.1637699687e-02  6.4437672996e-01  1.2688469714e+01  1.1045671154e+02  -3.1829663187e-01  3.6843333164e-01  3.5727335523e+00  3.7456836209e+02  -6.0616747768e-01  7.2718841867e-01  
-1.6498556137e+00  1.2003314954e+01  2.3619927858e+01  4.5597195866e+00  4.4412663926e+00  6.0287835543e+00  7.0020875093e+00  2.0423187857e+00  1.8794086797e+00  8.2887774492e+00  8.4819033638e+00  -1.3363944136e+00  7.7851153014e-01  -1.9766399563e+00  1.9231360453e+00  -1.6709190581e+00  1.7083083804e+00  1.3911546143e+00  1.3673430063e+00  -1.3538321061e+00  4.3847353719e+00  4.1420222728e+00  3.9363617553e+01  -4.4626410736e+00  6.2576412588e+01  
-1.5499048233e+00  8.0795056546e+00  9.6438776954e+00  3.5229979496e+00  2.9934843649e+00  8.7846461626e+00  1.3401371110e+01  1.9302230765e+00  2.0297139055e+00  -3.6720490151e+01  8.7869766016e+02  2.5187177917e+00  1.8838512587e+00  -8.4237769900e-01  1.9673379828e+00  -6.5998665303e+01  3.6441853546e+03  -3.6141050339e+00  4.4832560839e+00  1.0887999096e+00  8.0548439644e+01  -2.8457333912e-01  2.4804781721e+00  -3.5083342580e+00  4.0557305891e+01  
-1.4499968290e+00  1.1360494318e+01  2.3189000471e+01  3.2118480528e+00  2.7299009337e+00  5.2563066255e+00  4.9558474906e+00  2.6922972022e+00  5.0295745638e+00  -2.0693822051e+01  1.1554850095e+02  -5.2655758528e+00  3.3695366052e+01  -2.8854906882e+00  5.4296339435e+01  3.4153559824e+00  3.5122919947e+00  -1.9421874950e+00  1.0132290077e+01  7.0614328087e+00  3.2073412373e+02  2.8991698315e+00  3.3395490500e+00  -1.0438290832e+00  1.1288857159e+00  
-1.3500610590e+00  8.2695512475e+00  1.1990091848e+01  3.8714264649e+00  5.7411802333e+00  6.2866048409e+00  7.7410676356e+00  2.4240020548e+00  4.6345227797e+00  2.3203827635e+01  3.5686147820e+02  7.3375185809e-01  1.4437862359e+00  1.1769529118e+01  5.4426969039e+01  -5.4151480384e-02  9.8398654576e-01  -9.7992848841e+00  2.0285100479e+02  -7.1488111269e-01  1.2022466045e+02  1.5201420464e+00  2.3511017946e+00  -1.7514093792e-01  1.8878551542e+00  
-1.2499693632e+00  8.6000601729e+00  1.4286179610e+01  2.2990593037e+00  1.8988110063e+00  7.8837677264e+00  1.9290183214e+01  3.2911744525e+00  8.2695234905e+00  -5.4450868567e+01  1.2623871128e+04  9.7655261032e-01  4.6418950420e+00  1.7411395212e+01  2.6377591797e+02  7.2665464882e-01  7.6365112203e-01  -1.8346496167e+00  6.3946902568e+00  1.8771229645e+01  2.8442742450e+02  -1.5904068071e-01  6.9373846813e-01  -2.0679009730e+00  5.8031128083e+01  
-1.1500515938e+00  6.6237560606e+00  9.4196348739e+00  3.2030693909e+00  6.1416501143e+00  1.4759334690e+01  2.0133788621e+02  1.1291582932e+00  8.4660107328e-01  -7.3003009659e+00  1.3440916543e+01  -1.8107218326e+00  6.9728842655e+00  -7.7308046023e-01  1.3327804624e+00  8.3340823812e-01  8.0359064994e-01  -3.3864496041e+00  4.1775212729e+01  1.2424746266e-01  1.5706307700e+00  3.6508048919e+01  3.4784019469e+03  7.5118564650e-01  8.3118576746e-01  
-1.0501782894e+00  4.8944821272e+00  6.2887628379e+00  1.5590451887e+00  1.2263197217e+02  5.2591682485e+00  7.2665194212e+00  9.4874561447e-01  5.9794810446e-01  3.1349652026e+01  6.6367341239e+03  -2.0669902419e+00  3.9715828764e+00  -6.3425189770e-01  2.2219717915e+00  -9.1732619141e-01  1.6345593872e+01  2.9259889446e+00  1.3530678020e+01  -4.0913170745e+00  1.4174114829e+01  -1.8466778007e-01  9.9773024833e+01  -1.0024520003e+00  8.6411978402e-01  
-9.5010429621e-01  5.8732398207e+00  1.0040466847e+01  2.2474758641e+00  1.3673235907e+01  6.0773242988e+00  6.6870776318e+00  8.3574497764e-01  4.5345808503e-01  -4.1440129199e+01  1.6290494494e+03  -6.3795053306e-01  3.5446671405e+00  -2.8152364004e+00  3.0302566986e+00  -4.5307379412e-02  1.3316743040e+01  -7.4004096108e-01  3.0623658518e+00  -4.0007675868e-01  9.4359126147e-01  1.4448056772e-01  6.9387940800e-01  -5.2830568529e-01  1.1182580909e+00  
-8.5013633966e-01  4.8293584166e+00  6.5643984121e+00  2.1472477756e+00  2.4734920832e+01  5.8405999968e+00  1.0628392960e+01  7.8520018885e-02  4.6355796770e-01  -6.6310160974e+00  2.2894254833e+01  -7.9854402357e-01  2.7996556288e+00  -2.5033172360e-01  1.3081736656e+00  3.3813329655e-01  3.2287023479e+00  1.5873408598e+00  2.1830641125e+00  -3.0798824601e+00  1.9836262444e+01  2.3396808664e+00  2.0822729189e+02  -3.1929271330e+00  6.4252213795e+01  
-7.5017213821e-01  5.6099070434e+00  1.0734458332e+01  1.2472024838e+00  4.1014146938e+00  -2.5564980313e+01  3.4247589570e+03  8.6904527594e-01  2.8736798154e+00  5.1407331687e+01  1.3956875541e+03  -1.3960774367e+00  3.6446533167e+01  -1.1447828140e+00  7.5539051213e+00  -7.8433847112e-01  1.9602705750e+00  -6.7913964629e-01  1.6832268423e+00  8.2078354109e-01  3.3386734762e-01  -5.4408822764e-01  1.5033889820e+00  4.5229924534e-01  1.1558043139e+01  
-6.5016579628e-01  6.8459743666e+00  1.7084142208e+01  1.0119275275e+00  5.1111579845e+00  7.4168261242e+00  2.7513237867e+01  -1.6116446784e-01  3.4757928831e+00  1.3062268345e+00  1.0633103948e+00  -1.0546118591e+00  6.4499697958e+00  -8.8400051112e-01  1.5886745611e+01  -1.5479272295e+00  6.7361320845e+00  1.5710592027e+00  5.5319115593e+01  -4.8843996007e+00  5.0159691094e+01  3.8263234113e-01  8.5203611180e-01  -1.4669032199e-01  6.1950158116e-01  
-5.5020701885e-01  6.0222694222e+00  3.3480222608e+01  4.3898277065e-01  5.9891828332e+00  7.5711589135e+00  2.4183835758e+01  -1.1505110369e+00  4.7231887894e+00  4.6039084614e-01  9.5758595405e-01  2.1614159542e+00  2.5287144146e+00  -2.6742321795e+00  7.4875116012e+00  -1.3576644724e+00  1.4416526285e+00  -6.0594229959e-02  1.3305400434e+00  9.9852529941e-01  8.8375163340e-01  1.0901418106e+00  8.0534248084e-01  -3.9615447599e+00  1.4032508260e+01  
-4.5021209121e-01  9.3949778088e+00  1.2194369260e+02  -1.0944882325e+00  1.1167977373e+01  2.6597452346e+00  4.4332580937e+00  2.1086438213e-02  2.7240803921e+00  6.6849215889e+00  1.3098611460e+02  4.1906228892e-01  4.9211572216e-01  -5.8819125007e-01  1.0556559735e+01  3.5556836480e+00  6.3700726181e+00  3.0054231258e+00  4.3444014257e+00  1.9102737794e-01  8.6785791012e-01  -5.5892697134e-01  2.8647210988e+00  1.6092732898e+00  4.2245626358e+02  
-3.5003811121e-01  4.4372752619e+00  1.7033865266e+02  2.1646319080e-01  1.0323946150e+01  2.4028357395e+00  6.3301363898e+00  -1.7927401414e+00  9.1958428576e+00  -6.8474775051e+00  5.2045980625e+01  1.4104600144e+00  1.5786214880e+01  3.4476785667e-01  6.9938888856e+00  -2.4837958723e+00  5.8954945605e+00  1.4909149899e+00  1.6446893327e+00  3.5607862229e-02  2.6588034582e+00  -2.4558231990e+00  6.4560844869e+00  -9.3749381840e+00  2.0953099924e+02  
-2.5009852648e-01  -4.4375140229e+00  7.0983234187e+01  -9.8365908359e-02  4.9997999088e+01  1.5609876712e+00  1.9851261470e+00  -5.9878314376e+00  8.4536022224e+01  1.5902239099e+00  1.1300040952e+01  2.1848215823e+00  2.5684516136e+00  1.3466505853e+00  4.7046048730e+00  2.6391491036e+00  1.3868724507e+01  -2.2165431323e-01  5.7017849904e-01  2.9784824599e+00  5.0815359725e+01  3.3182276040e+00  1.0304989463e+03  -3.2540341206e+00  2.1960166825e+02  
-1.5008310974e-01  7.2987522881e+00  2.0461195052e+02  5.3275092701e-01  1.5436716620e+00  5.3280660405e+00  5.2238283219e+01  9.7603285893e+01  6.6259878218e+03  2.9576794819e-01  1.1620510971e+00  9.1750509558e-01  5.5901447226e-01  1.1312572236e-01  5.4326425102e-01  3.9923679607e-01  8.3664290737e+00  -1.2653731639e+00  5.3877114947e+00  -9.9334120179e-02  3.2238259275e-01  -3.8302208750e-01  3.3990321139e+00  2.0986559395e+01  7.7229840824e+02  
-5.0087947398e-02  -5.9624922937e-01  2.0502907243e+02  1.7010846542e+00  7.9289402545e+00  2.0458895058e+00  4.8736522725e+00  2.6215313778e-01  9.6046484149e-01  -5.9226511794e+00  1.0292811522e+02  1.0702241816e+00  4.7249943997e-01  -1.3409131170e+00  2.2309957866e+01  -9.6612825575e-01  2.4732457464e+00  -4.6313535875e-01  1.5953954826e+00  3.0619825209e-01  9.5686642039e-01  -2.3432588127e+00  4.0873525202e+00  -4.8662935784e-01  4.5176144686e+01  
5.0047941506e-02  1.0000000000e+00  0.0000000000e+00  1.0000000000e+00  0.0000000000e+00  1.0000000000e+00  0.0000000000e+00  1.0000000000e+00  0.0000000000e+00  1.0000000000e+00  1.4060000443e-15  1.0000000000e+00  0.0000000000e+00  1.0000000000e+00  1.7041833019e-15  1.0000000000e+00  0.0000000000e+00  1.0000000000e+00  0.0000000000e+00  1.0000000000e+00  0.0000000000e+00  1.0000000000e+00  0.0000000000e+00  1.0000000000e+00  0.0000000000e+00  
1.5016838908e-01  1.0955868223e-01  2.6923411247e+01  7.1153588086e-01  8.2816303593e+00  5.0999070255e-01  1.0265292537e+00  3.3843003255e+00  4.9899841356e+01  -1.5313035862e-01  1.4579433673e+00  9.3607692376e-01  3.8541908801e-01  -9.5207719084e-01  4.3508753195e+00  -1.0109874855e+00  4.5073764969e+00  -2.9344896719e+00  8.1864755693e+01  3.5881384100e+00  1.2500530685e+01  -4.3905285993e-01  7.3537288261e-01  -9.9748019021e-01  3.4105155704e+01  
2.5000667572e-01  9.9016568603e-02  2.1984376299e+00  1.8477411814e+00  5.4292516440e+00  2.2232656584e-01  1.0630133539e+00  4.6705910289e-02  3.6995330786e+00  3.3171482372e+00  2.6828524408e+01  1.0934881094e+00  5.8908559148e-01  8.8103940640e+00  8.6856843864e+01  3.2172532387e+00  1.0609202485e+01  -8.3533382246e-01  3.3465259648e+00  2.9767989256e-02  9.8332414573e+02  -3.7600471700e+00  7.3104334327e+01  1.0074747064e-01  5.7766516762e-01  
3.5000830889e-01  -2.8472327615e-01  2.1622783290e+00  -1.6576740789e+00  4.4140383973e+01  6.5107651012e-01  8.8839529897e-01  -1.5528940872e-01  2.2101129761e+00  5.9461523129e-01  1.1308349257e+00  4.6388079615e-01  5.7793841732e-01  7.9783810070e-01  2.2433984612e+00  3.8363866149e-01  1.3068282811e+00  -4.7610026169e+00  3.1480886701e+01  3.6058362972e-01  9.2096328529e-01  9.7853383836e-02  8.6648522010e-01  -7.4901761084e-01  1.1706745095e+01  
4.5001402497e-01  1.8056479000e-01  7.3482869311e-01  3.3231541190e+00  7.7264405467e+01  4.3993915452e-01  1.1038524780e+00  -5.5618983438e-01  1.1877250662e+00  -1.8494797217e-01  1.6741877959e+00  8.1207475218e-01  1.6308253226e+00  6.6662997353e+00  2.3382252014e+02  -4.9261879062e-01  7.7609299092e+00  6.7791812499e-01  6.6220069191e-01  1.7661465443e+01  5.0745553539e+02  -4.2792770872e-01  9.3555290718e-01  -1.1055848780e-01  6.2192697817e-01  
5.5021852255e-01  1.1026977626e-01  4.9097418602e-01  -9.7391715786e-01  1.7307571010e+01  3.8555354776e-01  6.5367550924e-01  1.0321777626e+02  8.0484048957e+03  1.6439221421e-01  3.9116713175e-01  2.4206139671e+00  3.2612176517e+00  8.1737400670e-03  1.0063824435e+02  2.8722704446e-01  3.7280843394e-01  3.3926940570e-01  4.6315788752e-01  5.0862811860e+00  1.6926180124e+01  -2.2247275207e+00  2.1423632250e+01  1.0848891272e-01  1.9548621454e+00  
6.5024542809e-01  1.8799042303e-01  5.4795185014e-01  3.8960794938e+00  1.9185704702e+02  1.4336191238e-01  4.5868582832e-01  -8.5316030611e-01  3.5475146238e+00  2.5228769373e+00  2.6562894225e+01  4.6875002829e-01  5.3800949556e-01  -3.9403773110e-01  9.0426416864e-01  -7.4969880089e-01  1.3618677373e+00  -7.1761573664e+00  8.8723944957e+02  1.0091508587e+00  8.8200807082e-01  9.2279694298e-01  7.5218307363e-01  -2.7078313471e-01  7.4538766741e-01  
7.5012135506e-01  1.5307771161e-01  3.1964477628e-01  9.5244356471e-01  1.3448634785e+01  1.4712578891e-01  4.7042066527e-01  -8.8811238455e+00  1.4637921481e+02  7.7041844869e-01  5.9928353543e-01  -1.0502008852e+00  2.8623366226e+00  -2.0005861334e+00  3.0457847036e+01  -6.1802172846e-01  1.0093854905e+00  -7.1113378541e-01  1.5223282457e+02  -1.9207884413e-01  1.3917498453e+00  2.5612245207e+00  1.3008014420e+01  -7.9231141458e+00  4.9405073229e+01  
8.5009264946e-01  1.8394889743e-01  3.2404706764e-01  8.4496776352e-01  1.7007268580e+00  1.0624848099e-01  5.1953787011e-01  1.2015903193e+00  2.3276356977e+00  1.7783246626e-02  5.8884606053e-01  -5.9454962263e-01  2.1460395046e+00  -1.0661404179e+00  6.8021582438e+00  1.8522674101e+00  3.0301538388e+02  -1.7480964609e+00  2.1761038155e+01  1.2204598101e+00  5.1641827862e-01  -2.0590495717e+00  1.1784552403e+01  3.0384028849e+00  7.0963874890e+01  
9.5024567842e-01  2.1046353118e-01  2.6291920556e-01  5.3416073799e-01  1.0191289022e+00  1.7541680234e-01  2.6972535774e-01  9.1281128315e+00  2.7540610921e+02  -1.6232649431e-01  5.0418412960e-01  -1.2467688700e+00  3.1083439898e+00  -5.9585171704e+00  2.0977860469e+02  3.5921405029e+00  2.9519686523e+01  6.4497357146e-01  1.2103237239e+00  -3.0334581331e-01  1.2149669685e+00  4.3507071614e-01  1.8647426343e+01  -1.3132588669e+00  1.0310440023e+02  
1.0501385927e+00  1.7433424408e-01  2.5543018752e-01  4.7866671812e-01  8.3006064391e-01  1.6661956946e-01  1.9755998938e-01  1.2000703293e+00  6.5113167809e-01  -4.5856721847e-02  2.6397085143e-01  1.4884092645e-01  2.0496621148e+02  -3.5946356162e-01  4.1711843082e-01  -6.3528620626e+00  6.7720572383e+01  -1.4255828434e+00  5.9907127838e+00  -2.6412626377e+00  7.5651339934e+00  9.4842608769e+00  1.5049496640e+02  -1.9961639616e+00  5.9521853023e+00  
1.1500550508e+00  2.0708720896e-01  2.2844644762e-01  3.6305048525e-01  6.9527918667e-01  1.9326123324e-01  2.4461373944e-01  1.0577995688e+00  6.0725713802e-01  -2.7348660069e-02  3.3720643300e-01  -5.0099573749e-01  1.0504349980e+00  -1.7370920540e+00  1.2794550103e+01  -1.0042683217e+00  1.3682628408e+01  3.8057468257e-01  1.0407747439e+00  -2.4187977691e-01  5.7418338046e-01  -1.1344593755e+02  1.1519648380e+04  -1.0052496629e+00  9.0902755486e-01  
1.2500580549e+00  1.5344562869e-01  1.8492519661e-01  3.1977333358e-01  4.4559809985e-01  6.4432341307e-02  1.8837149843e-01  8.9096971059e-01  7.3474040270e-01  -1.4013389237e-01  1.9165622870e-01  -5.8520281858e-01  1.1353398908e+00  -1.3263858727e+00  2.0278250890e+00  1.2362187744e+00  4.2218870089e+00  -3.5666410610e-01  1.3006165455e+00  -1.0653993879e+01  1.6641596913e+03  6.0622137210e-02  1.0717949584e+00  1.3471058650e+00  1.4871870462e+00  
1.3498808146e+00  1.1891783338e-01  1.7267960820e-01  4.3765245890e-01  3.3605413838e-01  1.3125501281e-01  2.0845636060e-01  3.1165228734e-01  3.8262214196e-01  2.6611754296e-03  1.4828194765e-01  9.0833761114e-01  2.0697934387e+01  8.3864335374e-02  4.6985037980e-01  1.3895731715e+00  1.4032456042e+00  -5.7474354508e-01  1.0362083650e+00  6.2026005707e-02  8.0154760512e-01  -8.4609993708e+00  1.2548348799e+02  -3.6525193818e-01  1.4331351954e+00  
1.4499382973e+00  1.2299336502e-01  1.5211287959e-01  2.6259184308e-01  3.1892758198e-01  1.6094354247e-01  1.5717943563e-01  4.1894109714e-01  3.6775649491e-01  4.1207622748e-02  1.7923176232e-01  1.4084020805e+00  2.6538460705e+00  9.5561309052e-02  2.8963755847e-01  -1.5631708631e+01  3.3381109603e+02  -1.4129060726e-01  4.1727459985e-01  2.0378908440e+00  3.9472092172e+00  6.7189652976e-01  9.6783310765e-01  -2.3050727768e+00  1.6655786274e+02  
1.5498656034e+00  9.0736820567e-02  1.4716239893e-01  3.1352892896e-01  2.6653908419e-01  1.9168041195e-01  1.5441221065e-01  3.7679165866e-01  3.0774216942e-01  -4.7460931962e-02  1.5952732879e-01  -2.1008833438e-01  5.3524411924e-01  -3.0425339362e-01  7.3819166139e-01  2.9626683133e-01  3.4887069153e-01  -5.3502985565e-01  1.8835524285e+00  2.5683538268e-01  1.5269095542e+00  3.4884154921e-01  3.4641389815e-01  -9.6670326353e-01  8.4871459315e-01  
1.6498687267e+00  1.2523694536e-01  1.2827075948e-01  2.8573127156e-01  2.2698055732e-01  1.1559138935e-01  1.2150533262e-01  5.2186385573e-01  3.6655208719e-01  -2.2616577532e-02  1.3406437573e-01  3.9904884437e-01  2.7880764552e-01  -1.2249682788e+00  1.8680600370e+00  -5.2711445046e-02  8.8729617286e-01  -2.8057739740e-01  3.1871500240e-01  5.5300202940e-01  3.3387142616e+00  -2.2229835456e+00  1.3065496071e+02  -3.8713132397e-01  1.7295775978e+00  
1.7498488426e+00  8.5513308142e-02  1.2385532387e-01  2.2124675309e-01  2.0577447759e-01  1.6736185516e-01  1.3459423267e-01  4.9255236486e-01  3.2286242505e-01  1.2191509050e-01  1.2897505083e-01  -7.5123124240e-01  5.1628383553e-01  -5.1036628988e-01  4.8010108152e-01  -6.0451901663e-01  6.1009472706e-01  7.2620983595e-01  7.8027486633e-01  -7.0954672671e-01  1.1917087147e+00  2.7913065215e-01  1.3320019568e+00  -2.6392023860e-01  7.2829583064e-01  
1.8497103453e+00  5.9281564864e-02  1.1458165765e-01  2.5832034322e-01  1.8614661999e-01  8.5646700798e-02  1.0645529262e-01  1.0746697522e-01  3.3600670418e-01  -3.3472484242e-03  1.0304326005e-01  -1.4453239640e-01  2.5950962672e-01  -5.1456140783e-02  2.9004605636e-01  7.7308782888e+00  7.6499127880e+02  8.6634467817e-02  4.7862002378e-01  -3.1919253991e+00  4.7732053670e+00  1.0655164464e-01  7.5046472116e-01  -1.6692309207e+00  1.6961482659e+00  
1.9494826794e+00  5.3154500414e-02  1.0552911195e-01  2.1430182183e-01  1.8731602866e-01  2.0326542383e-01  8.2646540948e-02  4.3663584228e-01  2.1913670533e-01  3.6903390669e-02  7.0197193513e-02  -3.8874728710e-01  3.0538364465e-01  2.3775222146e-01  3.8732352433e-01  1.9215006158e+00  5.8877215488e+00  -1.0181884744e+00  2.4293901320e+00  6.0926755722e+01  3.3900589918e+03  7.2883172926e-01  7.5359656609e-01  -8.7605023889e+00  4.7280921956e+02  
2.0493404865e+00  2.8484580257e-02  9.4999587161e-02  1.9395743342e-01  1.7163700978e-01  2.3003790554e-01  9.9726791477e-02  3.3274355692e-01  2.9113931801e-01  4.6108927692e-02  8.1465003957e-02  2.8937984450e-03  3.4902347487e-01  2.2728115925e-01  1.9444336062e-01  5.3931279697e-02  1.7729971135e+00  4.8027548304e-01  8.1747666502e-01  -4.9868323024e-01  5.6896231804e+01  -1.9098009171e-01  1.2547380832e+00  6.1471394098e-01  3.0389588683e+00  
2.1491482258e+00  2.5510771655e-02  9.0799032725e-02  1.8288729454e-01  1.6830847876e-01  8.0625287864e-02  7.6851614572e-02  2.1340222600e-01  1.6525835141e-01  -5.9333021266e-02  1.0499050406e-01  9.9123855145e-01  3.8650760790e-01  2.3161405728e-01  1.6564579038e-01  3.8152599029e-01  6.6232784989e-01  7.0995496900e-01  8.0814449938e-01  1.1389015577e+00  1.8383416796e+00  8.1376306828e-01  8.3916156338e-01  -4.2690592362e-01  4.9787940301e+00  
2.2490553856e+00  2.3145612597e-02  8.0970301749e-02  2.0330303751e-01  1.5978635251e-01  8.6821561571e-02  7.9255784461e-02  2.1090484428e-01  2.8714357980e-01  -5.8182885678e-02  8.1772800091e-02  -4.9099838777e-01  1.8290649660e+00  -3.5608842699e-02  1.8782362054e-01  -1.6314238747e-01  2.6224372149e-01  6.3809904003e-01  6.2147525643e-01  1.1862661064e-01  5.9807634806e+00  -5.5045911386e-01  1.2643407373e+00  1.8744571712e+00  1.1814699261e+01  
2.3491089344e+00  3.8263020926e-03  7.9696925497e-02  2.1464623455e-01  1.5206400146e-01  1.3514501897e-01  8.4566159723e-02  1.8638042674e-01  2.4827306227e-01  2.6265744015e-02  8.6399224464e-02  -3.5076056803e-02  3.7587537560e-01  -1.3589640496e-01  2.4802284883e-01  -3.0316121213e-01  6.9423576101e-01  1.6097781549e-01  2.7528315985e-01  -9.6091427837e-01  2.1228370442e+01  -2.3797664683e+00  3.2575069653e+01  -2.5348499828e-01  9.7523214868e-01  
2.4490122795e+00  -1.1240721937e-02  7.2756068488e-02  2.4980515768e-01  1.5845294267e-01  7.7469963036e-02  7.0370135502e-02  6.2007853097e-02  2.2461781498e-01  6.0527889716e-02  6.0027103738e-02  -1.6452349495e-01  4.8083804959e-01  1.1339446484e-01  2.3354983929e-01  5.2725586020e-01  9.6506154182e-01  8.8971786026e-01  2.1898494522e+00  6.9497076199e-01  2.0621840214e+01  1.7322963353e-01  2.5345994810e-01  2.0610674449e+00  1.1388582288e+01  
2.5486888885e+00  -3.1253627599e-02  7.4494460949e-02  2.1392517754e-01  1.7669677749e-01  7.8740426370e-02  7.0211113382e-02  3.2390686200e-01  4.0910910277e-01  -1.3975422865e-02  9.5170766608e-02  9.6211503766e-01  6.3222100472e-01  7.3279005904e-02  7.7112309254e-02  -4.4417631248e-01  7.9404845400e-01  1.2839091813e-01  1.8510344115e-01  6.9852397926e-01  6.3449358966e-01  1.1567032237e-01  1.6752333657e-01  1.2118918570e+00  9.6458170813e-01  
2.6481621265e+00  -2.2934923006e-02  6.7738768637e-02  2.5400797685e-01  1.7623937961e-01  2.9402194576e-02  5.8899113308e-02  6.2046193226e-02  2.0084480126e-01  2.6937693381e-02  8.4175524341e-02  -5.5853188073e-01  2.7885690686e-01  6.2376365466e-02  1.1418896720e-01  8.7891844535e-02  7.8396646078e-01  1.5055748552e-01  8.8600106767e-02  -4.9637033606e+00  1.4861507627e+02  3.7620363633e-01  1.6576679722e-01  -4.4511387524e-01  1.4014333558e+00  
2.7481653690e+00  -1.2441028712e-02  6.6059034265e-02  2.4869617394e-01  1.7783858134e-01  5.6179663170e-02  6.5294905723e-02  -3.1772473157e-02  1.6463513005e-01  -7.0260451010e-02  1.0221143236e-01  7.5561025030e-01  5.2529552256e-01  6.4583297121e-02  1.1021381234e-01  -1.1875401976e+00  4.5706708899e-01  -1.9256895833e-01  2.7077015056e-01  -1.3561338515e-01  3.1518534973e+00  -2.4175326018e-02  3.3024416934e-01  -6.1436313813e-01  3.4466726534e-01  
2.8477716446e+00  -3.6281619765e-02  6.2777472527e-02  2.3051356018e-01  1.8709359423e-01  1.9088715723e-02  6.6261466030e-02  6.8393942102e-02  2.6764168842e-01  5.6822824248e-02  9.9254846015e-02  3.5476028314e-01  2.9186559615e-01  8.6889055151e-02  1.5728123880e-01  8.3711661232e-01  9.5392393294e-01  -1.1152598293e-01  1.1587607367e-01  -9.4479490667e-01  3.7027384296e-01  1.5208000410e-01  2.0329727376e-01  -7.9697998934e+00  1.3251447256e+03  
2.9477679729e+00  -6.0752824975e-02  5.2029755195e-02  1.5452444287e-01  2.4453615361e-01  1.2143242787e-01  1.0952745219e-01  4.0364346611e-01  3.6437826734e-01  4.9916966020e-02  1.1429476720e-01  7.0459693678e-02  4.5038027274e-01  -1.5249923559e-01  1.8194676475e-01  4.2127970799e-01  7.7372973873e-01  -3.6535240551e-01  5.5031178785e-01  2.7334760759e-01  1.3237353458e+00  1.6374891979e-02  1.7594139972e-01  1.9843105005e-01  4.8945070348e-01  
3.0478124619e+00  -6.0160781336e-02  5.6411320060e-02  1.3123043681e-01  2.1389135645e-01  1.1913770744e-01  1.4473618527e-01  4.6730699611e-01  7.1961925684e-01  -1.4366022000e-01  1.3532651699e-01  1.2825058291e-01  8.5870828632e-01  2.4562490065e-01  1.3596818024e-01  -7.8042459837e-01  6.5938348362e-01  2.0499077214e-01  1.7791528516e-01  -2.8700045275e-01  6.7190034906e-01  2.1253582746e-01  2.8090760359e-01  6.7330490983e-01  9.8795523085e-01  
3.1470911503e+00  -8.3141486632e-02  5.9410751002e-02  1.5492746758e-01  2.7225107600e-01  8.6210438399e-02  9.1178709423e-02  4.9629806683e-02  5.8335470001e-01  -1.2195905322e-01  1.9472074539e-01  -7.8511140981e-01  2.1277924611e-01  -2.5358488356e-01  1.4193563242e-01  7.4978372978e-01  6.8029681330e+01  -9.6921724213e-02  1.6159265980e-01  -4.4871311626e-01  3.5865267451e-01  -2.0433697288e-01  2.6106564623e-01  5.7249970108e-01  7.7024106345e-01  
3.2455790043e+00  -1.0795907187e-01  6.7566759198e-02  2.3323696033e-01  2.1024881415e-01  2.1183240670e-01  1.3488226543e-01  4.2030597977e-01  6.0384712835e-01  -3.2896375511e-02  2.7529271282e-01  -2.2224399910e-01  3.2802418386e+00  -1.3928620413e-02  2.5131158795e-01  3.5058160460e-02  4.5376853240e-01  -4.8681619414e-01  3.3522256939e-01  8.4001603797e+00  4.3482377774e+02  -1.7575046081e-01  2.4034240978e-01  6.4078819177e-01  6.3020148060e-01  
3.3447525501e+00  -1.1422914098e-01  7.0678384720e-02  4.2354830479e-02  4.3770651728e-01  2.3272413738e-01  2.5701932501e-01  -5.9738652128e-01  8.7398212434e-01  -5.6640071761e-02  2.4031172926e-01  -1.3715635202e+01  4.4731825427e+02  6.0554502350e-01  6.7215279254e-01  -9.1509833176e-01  1.8564503975e+00  -9.3655527845e-02  5.5685096482e-01  9.8842249338e+00  6.8835823966e+01  -1.7342862159e-01  2.1771942508e-01  -1.8425091564e+00  2.3499398040e+02  
3.4420783520e+00  1.0266033002e-02  8.7987968162e-02  2.4398772477e-01  2.4541696249e-01  2.9424202986e-01  1.8893501138e-01  -7.9602371524e-01  1.4271902251e+00  2.7041937561e-01  2.3037820395e+00  -3.1087807736e-01  1.0947321412e+01  -3.0667352727e-01  4.0783786579e-01  -2.5548062734e-01  9.2305512400e-01  3.8263951805e-01  7.3073385616e-01  -9.5619832995e-01  9.6812781978e-01  2.2496925386e-01  4.6405423980e-01  6.1099049955e+00  2.6231707174e+01  
3.5408883095e+00  1.1936140431e-02  1.0765588106e-01  2.9808793781e-01  6.0358179465e-01  -3.8450708462e-01  2.4163043473e-01  8.2199765044e-01  1.2250835679e+03  2.6235861525e-01  8.0319100284e-01  -1.1494719931e+00  1.5025264403e+00  -3.4921557001e-01  6.6115693549e+00  -1.8088633965e-01  1.3595728078e+00  2.4959191891e-01  3.7018406526e-01  -5.6299348368e-01  2.1123953170e+00  -4.7505690168e-01  6.5854441318e-01  -1.6341814457e+00  3.9366010739e+00  
3.6393747330e+00  -1.9188628046e-02  1.0573685245e-01  1.3676738265e-01  3.6597519493e-01  -1.3660054666e-01  3.8083857623e-01  -1.1003956994e+00  4.3486984574e+01  -1.5350048984e+00  3.1550809986e+00  1.2997230265e+01  1.1853315524e+02  -3.5607807036e-01  8.4379335279e-01  1.0685729244e-02  7.6575087622e+00  -1.8480636073e-01  4.9897523553e-01  -5.0914769044e-01  7.7421975238e-01  1.4772489503e+00  1.5270241400e+01  -7.4167462054e+01  2.5888460857e+03  
3.7376601696e+00  1.3489108649e-01  2.7192049433e-01  8.7680425006e-04  5.5641298359e-01  -1.1611565739e-01  3.4591986781e-01  -4.6671771491e-01  1.7714126196e+00  -4.4462614880e-01  7.7918076795e-01  -9.4316098911e-01  6.2728587094e+00  -3.5606891022e+00  2.2593665226e+02  -1.8167750575e-01  1.6954806315e+00  -1.6559631332e-01  5.3715605569e-01  1.3807379749e+00  2.3850099384e+00  -4.1752309018e-01  4.7195694929e-01  -5.1570676043e-01  1.4415883444e+01  
3.8354651928e+00  6.2296867502e-02  2.1288150608e-01  1.6112453920e+00  1.1093973490e+01  -2.3251296990e+00  3.0444198698e+01  -1.0227170396e+00  2.9864461239e+00  -9.4141413286e+00  2.3063694858e+02  2.1482087095e+00  2.5324959199e+00  2.7218546506e+00  2.6986306175e+01  5.7038719740e-01  3.6250488455e+01  3.9097910228e-01  9.4598746262e-01  -6.5385145107e-01  8.7241740171e-01  3.9044899539e-01  7.3965567181e+00  -7.2201021458e-01  1.1723768802e+00  
3.9334418774e+00  -1.0271709778e-01  1.7463990716e-01  -5.2380893442e+00  6.8664905459e+01  4.5096370306e-01  8.7677996806e-01  4.1988195290e+00  7.2353922812e+00  -6.2591395086e-01  2.3219554739e+00  3.1370776433e+00  2.6906126268e+01  -3.6280190923e+00  1.9114904992e+01  1.9372771427e+00  2.1359626106e+00  -4.2652276767e+00  1.0892486917e+02  -2.9491602420e-01  8.2683764212e+00  4.8223267309e+00  3.3261280681e+01  1.1619674536e+00  8.9216520619e+00  
4.0282135010e+00  2.5336917020e-01  3.8730936368e-01  5.4297784352e-01  1.0467199280e+00  -7.6811233163e-01  2.3004546428e+00  -2.5870660730e+00  1.6424030431e+01  -1.3865444159e+00  1.2643708054e+01  1.6650942545e-01  1.5026711146e+00  1.6324873079e+00  4.5964104081e+01  -3.3658793139e-01  2.7748561650e+00  3.4960297048e-01  5.8420650589e-01  -1.2076303526e+00  1.2550941666e+00  -2.7847196101e+00  1.3706363450e+01  1.2281661371e-01  3.6063283129e+00  
4.1252231598e+00  -9.0397912857e-01  1.6856762817e+00  4.0629196549e-01  8.6500775663e-01  -9.0351373951e-01  3.4960427915e+01  -1.1391053493e+00  4.1078642182e+00  2.0836452423e-01  6.4561427022e-01  2.9186144166e+00  1.6607286176e+00  -9.9841432340e-01  1.1964919009e+00  -6.8596845399e-01  2.1165260240e+00  -4.6246928173e-03  8.8984087577e-01  5.9893665016e-01  9.4096484953e-01  -4.9448985652e-01  6.9854290757e-01  7.7519342923e-01  8.9055533794e-01  
4.2187514305e+00  -7.3871612388e-01  1.0252095101e+00  -2.1539559269e-01  1.2165249309e+00  1.5241095025e+01  1.6601583894e+02  5.2626546769e+00  2.0317260115e+02  -1.9344507070e+00  1.0454325341e+01  -1.1813073897e+00  6.1889582040e+00  1.1386153790e+00  4.9619425106e+01  -2.4542093731e-01  1.6047860386e+00  7.9600383881e-01  1.5172357579e+00  1.8679552104e+00  5.3217126680e+00  1.0868578548e-01  2.5157081487e+01  -7.0043605124e-01  1.4398035410e+00  
4.3140320778e+00  -3.1692738379e+00  3.8890999177e+01  8.3259721737e-02  3.9582027208e-01  1.1606296125e+00  2.1128772774e+00  3.2427403472e-01  1.0258575773e+00  -1.3167250186e+00  2.0771632771e+00  7.3174437722e-01  8.2428134296e+00  -1.1631498462e+00  1.4484120442e+00  -9.0213866045e-01  2.8778044669e+00  2.9131469798e+00  2.0603243355e+01  -3.5632278720e+00  1.6930585900e+01  -6.4691106931e-01  9.6479141146e-01  6.2429147944e-01  9.5783381876e-01  
4.4097576141e+00  -6.7784551641e-02  9.2824118967e-01  -6.3116111823e-01  6.0125737715e-01  3.0646089836e-01  4.1933825793e-01  9.2235233862e-01  3.0660782803e-01  -1.2408758739e-01  9.4268335493e-01  1.0012638221e+00  5.6287027279e+00  2.7873231093e+00  4.0325960466e+01  1.3295059676e+00  1.9008712023e+00  -9.4217153029e-01  2.8563187826e+00  -1.4972887092e-01  1.1408017075e+00  -9.9829510731e-01  7.0853908422e-01  -1.9560958616e+00  1.8875078078e+00  
4.5034408569e+00  8.7282563859e+00  2.1509788302e+01  6.0368520562e-01  1.1507725262e+00  6.9634622550e-01  4.1381600732e+01  1.3588936144e+00  1.8402866709e+00  -7.2512110984e+00  4.5276817494e+01  2.3789247396e+00  2.4096633468e+00  1.1499048068e+01  1.2726883244e+03  1.0255026979e+00  1.8610153325e+00  8.3884708555e-01  1.9099178027e+00  7.7536084446e-01  5.3402896152e-01  -6.0034617427e+00  2.3646312811e+01  3.5592160774e-01  7.4521570242e-01  
4.6015868187e+00  -3.4067418417e+00  1.1377638145e+01  0.0000000000e+00  0.0000000000e+00  -7.3864376576e-01  2.2422347911e+00  0.0000000000e+00  0.0000000000e+00  1.3315417795e-01  1.4663728293e+00  0.0000000000e+00  0.0000000000e+00  -6.5026337104e-01  6.4223972198e-01  0.0000000000e+00  0.0000000000e+00  9.8600956644e-01  1.3266644544e+00  0.0000000000e+00  0.0000000000e+00  3.2185402254e-01  3.2228194969e+00  0.0000000000e+00  0.0000000000e+00  
4.7002720833e+00  4.7327430083e+13  4.6854155783e+15  0.0000000000e+00  0.0000000000e+00  2.2291586180e+13  2.2068670318e+15  0.0000000000e+00  0.0000000000e+00  -1.3262781364e+13  1.3130153550e+15  0.0000000000e+00  0.0000000000e+00  2.6901332374e+12  2.6632319050e+14  0.0000000000e+00  0.0000000000e+00  5.2594229287e+11  5.2068286994e+13  0.0000000000e+00  0.0000000000e+00  -5.8560805964e+12  5.7975197905e+14  0.0000000000e+00  0.0000000000e+00  
4.8012819290e+00  1.2427702895e+00  2.8519873495e+00  0.0000000000e+00  0.0000000000e+00  -1.0531951996e+00  5.4444582821e+00  0.0000000000e+00  0.0000000000e+00  7.8848196021e-02  5.7940800496e-01  0.0000000000e+00  0.0000000000e+00  4.3925943574e-01  1.3501994235e+00  0.0000000000e+00  0.0000000000e+00  -1.0680681697e+00  2.5970424081e+00  0.0000000000e+00  0.0000000000e+00  1.5908203073e+00  6.7127841851e+00  0.0000000000e+00  0.0000000000e+00  
4.9001774788e+00  1.0050978270e+13  9.9504684872e+14  0.0000000000e+00  0.0000000000e+00  -2.0973683994e+12  2.0763947154e+14  0.0000000000e+00  0.0000000000e+00  3.0868231085e+12  3.0559548775e+14  0.0000000000e+00  0.0000000000e+00  8.4205678143e+11  8.3363621361e+13  0.0000000000e+00  0.0000000000e+00  8.2293001953e+11  8.1470071933e+13  0.0000000000e+00  0.0000000000e+00  1.3662492089e+12  1.3525867168e+14  0.0000000000e+00  0.0000000000e+00  
5.0000000000e+00  0.0000000000e+00  0.0000000000e+00  0.0000000000e+00  0.0000000000e+00  0.0000000000e+00  0.0000000000e+00  0.0000000000e+00  0.0000000000e+00  0.0000000000e+00  0.0000000000e+00  0.0000000000e+00  0.0000000000e+00  0.0000000000e+00  0.0000000000e+00  0.0000000000e+00  0.0000000000e+00  0.0000000000e+00  0.0000000000e+00  0.0000000000e+00  0.0000000000e+00  0.0000000000e+00  0.0000000000e+00  0.0000000000e+00  0.0000000000e+00  
5.1000041962e+00  0.0000000000e+00  0.0000000000e+00  0.0000000000e+00  0.0000000000e+00  0.0000000000e+00  0.0000000000e+00  0.0000000000e+00  0.0000000000e+00  0.0000000000e+00  0.0000000000e+00  0.0000000000e+00  0.0000000000e+00  0.0000000000e+00  0.0000000000e+00  0.0000000000e+00  0.0000000000e+00  0.0000000000e+00  0.0000000000e+00  0.0000000000e+00  0.0000000000e+00  0.0000000000e+00  0.0000000000e+00  0.0000000000e+00  0.0000000000e+00  
5.2000050545e+00  0.0000000000e+00  0.0000000000e+00  0.0000000000e+00  0.0000000000e+00  0.0000000000e+00  0.0000000000e+00  0.0000000000e+00  0.0000000000e+00  0.0000000000e+00  0.0000000000e+00  0.0000000000e+00  0.0000000000e+00  0.0000000000e+00  0.0000000000e+00  0.0000000000e+00  0.0000000000e+00  0.0000000000e+00  0.0000000000e+00  0.0000000000e+00  0.0000000000e+00  0.0000000000e+00  0.0000000000e+00  0.0000000000e+00  0.0000000000e+00  
5.2999949455e+00  0.0000000000e+00  0.0000000000e+00  0.0000000000e+00  0.0000000000e+00  0.0000000000e+00  0.0000000000e+00  0.0000000000e+00  0.0000000000e+00  0.0000000000e+00  0.0000000000e+00  0.0000000000e+00  0.0000000000e+00  0.0000000000e+00  0.0000000000e+00  0.0000000000e+00  0.0000000000e+00  0.0000000000e+00  0.0000000000e+00  0.0000000000e+00  0.0000000000e+00  0.0000000000e+00  0.0000000000e+00  0.0000000000e+00  0.0000000000e+00  
5.3999977112e+00  0.0000000000e+00  0.0000000000e+00  0.0000000000e+00  0.0000000000e+00  0.0000000000e+00  0.0000000000e+00  0.0000000000e+00  0.0000000000e+00  0.0000000000e+00  0.0000000000e+00  0.0000000000e+00  0.0000000000e+00  0.0000000000e+00  0.0000000000e+00  0.0000000000e+00  0.0000000000e+00  0.0000000000e+00  0.0000000000e+00  0.0000000000e+00  0.0000000000e+00  0.0000000000e+00  0.0000000000e+00  0.0000000000e+00  0.0000000000e+00  
5.5000000000e+00  0.0000000000e+00  0.0000000000e+00  0.0000000000e+00  0.0000000000e+00  0.0000000000e+00  0.0000000000e+00  0.0000000000e+00  0.0000000000e+00  0.0000000000e+00  0.0000000000e+00  0.0000000000e+00  0.0000000000e+00  0.0000000000e+00  0.0000000000e+00  0.0000000000e+00  0.0000000000e+00  0.0000000000e+00  0.0000000000e+00  0.0000000000e+00  0.0000000000e+00  0.0000000000e+00  0.0000000000e+00  0.0000000000e+00  0.0000000000e+00  
5.6000018120e+00  0.0000000000e+00  0.0000000000e+00  0.0000000000e+00  0.0000000000e+00  0.0000000000e+00  0.0000000000e+00  0.0000000000e+00  0.0000000000e+00  0.0000000000e+00  0.0000000000e+00  0.0000000000e+00  0.0000000000e+00  0.0000000000e+00  0.0000000000e+00  0.0000000000e+00  0.0000000000e+00  0.0000000000e+00  0.0000000000e+00  0.0000000000e+00  0.0000000000e+00  0.0000000000e+00  0.0000000000e+00  0.0000000000e+00  0.0000000000e+00  
5.7000055313e+00  0.0000000000e+00  0.0000000000e+00  0.0000000000e+00  0.0000000000e+00  0.0000000000e+00  0.0000000000e+00  0.0000000000e+00  0.0000000000e+00  0.0000000000e+00  0.0000000000e+00  0.0000000000e+00  0.0000000000e+00  0.0000000000e+00  0.0000000000e+00  0.0000000000e+00  0.0000000000e+00  0.0000000000e+00  0.0000000000e+00  0.0000000000e+00  0.0000000000e+00  0.0000000000e+00  0.0000000000e+00  0.0000000000e+00  0.0000000000e+00  
5.7999944687e+00  0.0000000000e+00  0.0000000000e+00  0.0000000000e+00  0.0000000000e+00  0.0000000000e+00  0.0000000000e+00  0.0000000000e+00  0.0000000000e+00  0.0000000000e+00  0.0000000000e+00  0.0000000000e+00  0.0000000000e+00  0.0000000000e+00  0.0000000000e+00  0.0000000000e+00  0.0000000000e+00  0.0000000000e+00  0.0000000000e+00  0.0000000000e+00  0.0000000000e+00  0.0000000000e+00  0.0000000000e+00  0.0000000000e+00  0.0000000000e+00  
5.8999996185e+00  0.0000000000e+00  0.0000000000e+00  0.0000000000e+00  0.0000000000e+00  0.0000000000e+00  0.0000000000e+00  0.0000000000e+00  0.0000000000e+00  0.0000000000e+00  0.0000000000e+00  0.0000000000e+00  0.0000000000e+00  0.0000000000e+00  0.0000000000e+00  0.0000000000e+00  0.0000000000e+00  0.0000000000e+00  0.0000000000e+00  0.0000000000e+00  0.0000000000e+00  0.0000000000e+00  0.0000000000e+00  0.0000000000e+00  0.0000000000e+00  
6.0000000000e+00  0.0000000000e+00  0.0000000000e+00  0.0000000000e+00  0.0000000000e+00  0.0000000000e+00  0.0000000000e+00  0.0000000000e+00  0.0000000000e+00  0.0000000000e+00  0.0000000000e+00  0.0000000000e+00  0.0000000000e+00  0.0000000000e+00  0.0000000000e+00  0.0000000000e+00  0.0000000000e+00  0.0000000000e+00  0.0000000000e+00  0.0000000000e+00  0.0000000000e+00  0.0000000000e+00  0.0000000000e+00  0.0000000000e+00  0.0000000000e+00  
6.0999994278e+00  0.0000000000e+00  0.0000000000e+00  0.0000000000e+00  0.0000000000e+00  0.0000000000e+00  0.0000000000e+00  0.0000000000e+00  0.0000000000e+00  0.0000000000e+00  0.0000000000e+00  0.0000000000e+00  0.0000000000e+00  0.0000000000e+00  0.0000000000e+00  0.0000000000e+00  0.0000000000e+00  0.0000000000e+00  0.0000000000e+00  0.0000000000e+00  0.0000000000e+00  0.0000000000e+00  0.0000000000e+00  0.0000000000e+00  0.0000000000e+00  
6.2000060081e+00  0.0000000000e+00  0.0000000000e+00  0.0000000000e+00  0.0000000000e+00  0.0000000000e+00  0.0000000000e+00  0.0000000000e+00  0.0000000000e+00  0.0000000000e+00  0.0000000000e+00  0.0000000000e+00  0.0000000000e+00  0.0000000000e+00  0.0000000000e+00  0.0000000000e+00  0.0000000000e+00  0.0000000000e+00  0.0000000000e+00  0.0000000000e+00  0.0000000000e+00  0.0000000000e+00  0.0000000000e+00  0.0000000000e+00  0.0000000000e+00  
6.2999939919e+00  0.0000000000e+00  0.0000000000e+00  0.0000000000e+00  0.0000000000e+00  0.0000000000e+00  0.0000000000e+00  0.0000000000e+00  0.0000000000e+00  0.0000000000e+00  0.0000000000e+00  0.0000000000e+00  0.0000000000e+00  0.0000000000e+00  0.0000000000e+00  0.0000000000e+00  0.0000000000e+00  0.0000000000e+00  0.0000000000e+00  0.0000000000e+00  0.0000000000e+00  0.0000000000e+00  0.0000000000e+00  0.0000000000e+00  0.0000000000e+00  
6.4000010490e+00  0.0000000000e+00  0.0000000000e+00  0.0000000000e+00  0.0000000000e+00  0.0000000000e+00  0.0000000000e+00  0.0000000000e+00  0.0000000000e+00  0.0000000000e+00  0.0000000000e+00  0.0000000000e+00  0.0000000000e+00  0.0000000000e+00  0.0000000000e+00  0.0000000000e+00  0.0000000000e+00  0.0000000000e+00  0.0000000000e+00  0.0000000000e+00  0.0000000000e+00  0.0000000000e+00  0.0000000000e+00  0.0000000000e+00  0.0000000000e+00  
6.5000000000e+00  0.0000000000e+00  0.0000000000e+00  0.0000000000e+00  0.0000000000e+00  0.0000000000e+00  0.0000000000e+00  0.0000000000e+00  0.0000000000e+00  0.0000000000e+00  0.0000000000e+00  0.0000000000e+00  0.0000000000e+00  0.0000000000e+00  0.0000000000e+00  0.0000000000e+00  0.0000000000e+00  0.0000000000e+00  0.0000000000e+00  0.0000000000e+00  0.0000000000e+00  0.0000000000e+00  0.0000000000e+00  0.0000000000e+00  0.0000000000e+00  
6.5999975204e+00  0.0000000000e+00  0.0000000000e+00  0.0000000000e+00  0.0000000000e+00  0.0000000000e+00  0.0000000000e+00  0.0000000000e+00  0.0000000000e+00  0.0000000000e+00  0.0000000000e+00  0.0000000000e+00  0.0000000000e+00  0.0000000000e+00  0.0000000000e+00  0.0000000000e+00  0.0000000000e+00  0.0000000000e+00  0.0000000000e+00  0.0000000000e+00  0.0000000000e+00  0.0000000000e+00  0.0000000000e+00  0.0000000000e+00  0.0000000000e+00  
6.7000064850e+00  0.0000000000e+00  0.0000000000e+00  0.0000000000e+00  0.0000000000e+00  0.0000000000e+00  0.0000000000e+00  0.0000000000e+00  0.0000000000e+00  0.0000000000e+00  0.0000000000e+00  0.0000000000e+00  0.0000000000e+00  0.0000000000e+00  0.0000000000e+00  0.0000000000e+00  0.0000000000e+00  0.0000000000e+00  0.0000000000e+00  0.0000000000e+00  0.0000000000e+00  0.0000000000e+00  0.0000000000e+00  0.0000000000e+00  0.0000000000e+00  
6.7999935150e+00  0.0000000000e+00  0.0000000000e+00  0.0000000000e+00  0.0000000000e+00  0.0000000000e+00  0.0000000000e+00  0.0000000000e+00  0.0000000000e+00  0.0000000000e+00  0.0000000000e+00  0.0000000000e+00  0.0000000000e+00  0.0000000000e+00  0.0000000000e+00  0.0000000000e+00  0.0000000000e+00  0.0000000000e+00  0.0000000000e+00  0.0000000000e+00  0.0000000000e+00  0.0000000000e+00  0.0000000000e+00  0.0000000000e+00  0.0000000000e+00  
6.9000029564e+00  0.0000000000e+00  0.0000000000e+00  0.0000000000e+00  0.0000000000e+00  0.0000000000e+00  0.0000000000e+00  0.0000000000e+00  0.0000000000e+00  0.0000000000e+00  0.0000000000e+00  0.0000000000e+00  0.0000000000e+00  0.0000000000e+00  0.0000000000e+00  0.0000000000e+00  0.0000000000e+00  0.0000000000e+00  0.0000000000e+00  0.0000000000e+00  0.0000000000e+00  0.0000000000e+00  0.0000000000e+00  0.0000000000e+00  0.0000000000e+00  
