#pT  dN/(2pi dy pT dpT)  dN/(2pi dy pT dpT)_err  vn{SP}  vn{SP}_err
1.0499040037e-01  1.0743790775e+01  5.6437981628e-02  6.9379632524e-04  6.3333114971e-04  2.3719238895e-03  5.5631592238e-04  4.0978726224e-04  8.7989997144e-04  3.2786800961e-04  1.0399156705e-03  nan  nan  nan  nan  
1.9938005507e-01  6.8625088368e+00  3.3574076142e-02  3.2296922174e-03  6.9614556179e-04  4.6657063675e-03  5.3473396777e-04  1.2940624351e-03  6.4887617838e-04  -7.7449489388e-05  7.6891461644e-04  nan  nan  nan  nan  
2.9780021310e-01  3.8228306242e+00  1.7371160155e-02  2.8830805503e-03  1.1855816509e-03  9.5691080744e-03  7.4734864801e-04  9.6004549294e-04  7.0246022042e-04  -5.8580224874e-04  8.0542401007e-04  nan  nan  nan  nan  
3.9709731936e-01  2.1031095267e+00  9.8511305312e-03  4.4453312793e-03  1.5537188472e-03  1.5028922856e-02  9.8871117269e-04  1.2598861823e-03  1.0511438451e-03  2.7494981495e-04  8.9047587657e-04  nan  nan  nan  nan  
4.9676650763e-01  1.1669896869e+00  5.6285036558e-03  4.5925765964e-03  1.5785355101e-03  1.9181544468e-02  1.1553330102e-03  1.3623505132e-03  1.0514305111e-03  7.7283921141e-04  1.0203291234e-03  nan  nan  nan  nan  
5.9652155638e-01  6.4822075324e-01  3.4726901331e-03  4.7799275399e-03  1.8221620744e-03  2.4666075562e-02  1.6846888589e-03  2.7127499933e-03  1.2377674543e-03  4.1075837384e-04  1.3950174033e-03  nan  nan  nan  nan  
6.9638031721e-01  3.6223743878e-01  2.3534565362e-03  7.2927890765e-03  2.2924789288e-03  3.1054111535e-02  1.8762510800e-03  4.4452337130e-04  1.5646631894e-03  7.7948246728e-04  1.8950579912e-03  nan  nan  nan  nan  
7.9615932703e-01  2.0203111968e-01  1.5837778628e-03  7.1100043413e-03  2.8479603002e-03  3.5416748418e-02  2.3708963558e-03  6.4618683677e-03  2.5107498712e-03  -1.4263034593e-03  2.1341121283e-03  nan  nan  nan  nan  
8.9604109526e-01  1.1158364140e-01  1.2315783013e-03  3.4570541456e-03  3.1304701885e-03  4.1728311359e-02  3.0838230081e-03  5.1243945070e-04  2.2026476767e-03  9.8565136745e-04  3.2637271434e-03  nan  nan  nan  nan  
9.9583023787e-01  6.1913428618e-02  8.2914948034e-04  1.2151735846e-02  3.8368495160e-03  4.6637581287e-02  3.2521929555e-03  -1.9208590723e-03  2.4536991444e-03  4.6524631833e-03  3.3816411721e-03  nan  nan  nan  nan  
1.0958148241e+00  3.3955330546e-02  5.4926822009e-04  1.1386754336e-02  3.5673910568e-03  5.4405530127e-02  4.3954666320e-03  -8.2678094298e-03  4.0421941047e-03  1.3956184214e-02  4.8144402041e-03  nan  nan  nan  nan  
1.1959549189e+00  1.9077366929e-02  3.6912132996e-04  7.8625140881e-03  4.8681109447e-03  5.6770935460e-02  4.7692536402e-03  -3.5477688952e-03  4.3675802328e-03  1.6369933375e-03  5.0537618947e-03  nan  nan  nan  nan  
1.2960407734e+00  1.0853718672e-02  2.3095061331e-04  1.4893710754e-02  5.5457792487e-03  6.7183607332e-02  6.4776082493e-03  5.5369442245e-03  6.1596319975e-03  1.4159278940e-02  7.0996591717e-03  nan  nan  nan  nan  
1.3962528706e+00  6.2919930401e-03  1.6121287202e-04  1.0921177144e-02  8.2183176648e-03  8.4204208068e-02  7.5749783876e-03  7.2815339657e-03  9.4201646031e-03  8.1981306197e-03  9.0938865894e-03  nan  nan  nan  nan  
1.4962128401e+00  3.7341186401e-03  1.0528116564e-04  6.8129215689e-03  5.9702906252e-03  9.0400244365e-02  9.5077609287e-03  -2.3465266169e-02  8.4101317928e-03  2.1609230709e-02  1.0662308186e-02  nan  nan  nan  nan  
1.5965715647e+00  2.1929322926e-03  6.7015572076e-05  3.5179104119e-03  9.9035690240e-03  9.3153507658e-02  1.0879169796e-02  -1.1326953520e-03  1.4202479146e-02  1.3128377189e-02  1.5138479882e-02  nan  nan  nan  nan  
1.6963864565e+00  1.3591821053e-03  4.6027442735e-05  1.7285007286e-02  1.0334835240e-02  8.0105218110e-02  1.0951432239e-02  1.8676469357e-02  1.5772706419e-02  1.7382461178e-03  1.5987826744e-02  nan  nan  nan  nan  
1.7964507341e+00  8.3642325157e-04  3.4393651722e-05  -7.7850459949e-03  1.5116238287e-02  1.2140740406e-01  1.5220962958e-02  2.8362688340e-02  1.6918652148e-02  2.8919622345e-02  2.1084896790e-02  nan  nan  nan  nan  
1.8958741426e+00  5.0672254446e-04  2.2752241611e-05  8.1618693863e-03  1.5234482044e-02  1.0793676069e-01  1.5818451557e-02  2.7884918296e-02  2.5455715925e-02  3.2055939953e-02  2.8123263281e-02  nan  nan  nan  nan  
1.9955443144e+00  3.2121686788e-04  1.5359448881e-05  2.6397504967e-02  1.7155795820e-02  1.1833708404e-01  2.3152113694e-02  -1.7470031146e-02  3.5787513109e-02  3.0238229010e-02  3.1898488163e-02  nan  nan  nan  nan  
2.0970654488e+00  2.0641116374e-04  1.1644563565e-05  3.2550909609e-02  2.0398481474e-02  9.7355661755e-02  2.4409008053e-02  5.7844991710e-02  3.5008853216e-02  1.2849076368e-03  4.0234564630e-02  nan  nan  nan  nan  
2.1946551800e+00  1.1059700662e-04  7.1248997894e-06  1.2925487783e-02  2.4484899835e-02  7.4964952702e-02  3.1618336706e-02  3.6808509513e-02  4.1616488405e-02  5.6732737343e-02  5.3279944932e-02  nan  nan  nan  nan  
2.2965338230e+00  7.1077287266e-05  4.9755638773e-06  2.4386211104e-02  3.7804919100e-02  1.2447793602e-01  3.5042924049e-02  -2.8271453280e-03  5.8326662585e-02  2.3321939320e-02  6.4361866160e-02  nan  nan  nan  nan  
2.3938012123e+00  4.7146841043e-05  4.3589656996e-06  1.9320388980e-02  5.2557785140e-02  1.4451607174e-01  4.5152047240e-02  1.2958198697e-02  7.9502723841e-02  4.3927878288e-02  6.2439360476e-02  nan  nan  nan  nan  
2.4965076447e+00  2.8506211159e-05  2.7275481766e-06  -3.0408667135e-02  6.1821464657e-02  1.7545082453e-01  5.4033280034e-02  -2.0969066082e-01  1.0360853930e-01  1.0693525171e-02  8.6577369216e-02  nan  nan  nan  nan  
2.5982296467e+00  2.0805400083e-05  2.5517796344e-06  5.2839663559e-03  5.6975541495e-02  2.2244671450e-01  6.4195382776e-02  -1.6675834663e-01  9.5839553031e-02  -1.2108613673e-02  9.7605568846e-02  nan  nan  nan  nan  
2.6882169247e+00  1.4693989710e-05  2.0728296933e-06  2.2910393048e-03  6.8177270371e-02  1.9885400240e-01  7.2726064166e-02  -1.0276036806e-01  1.5309486772e-01  1.8543149754e-01  1.0634777626e-01  nan  nan  nan  nan  
2.7989671230e+00  6.8556858715e-06  1.3260273941e-06  -7.2449363210e-02  8.9293015431e-02  2.1504682881e-01  1.2647427139e-01  1.7188577371e-01  1.4146562528e-01  1.3511408728e-01  1.9493300942e-01  nan  nan  nan  nan  
2.8937671185e+00  4.2967616499e-06  9.9997771947e-07  4.2791561016e-02  1.0324733399e-01  1.9214992072e-01  1.1728462396e-01  2.9548568342e-02  1.6123743142e-01  -1.8408068554e-01  2.6186826333e-01  nan  nan  nan  nan  
2.9941794872e+00  2.5013045015e-06  6.6072844986e-07  8.7309098903e-02  1.2257767697e-01  -2.1595186085e-02  1.7894517293e-01  2.2690117711e-02  2.1674695839e-01  1.5126436247e-01  2.1615401468e-01  nan  nan  nan  nan  
3.1048336029e+00  2.0591695952e-06  5.7436942063e-07  -1.9995060852e-01  2.2068695838e-01  -5.8856789961e-02  1.3980973544e-01  1.1094592675e-01  3.6454740959e-01  -2.5209044733e-01  3.0926079288e-01  nan  nan  nan  nan  
3.1757681370e+00  2.1527241838e-07  2.1415979680e-07  nan  nan  nan  nan  nan  nan  nan  nan  nan  nan  nan  nan  
3.3079636097e+00  2.9899977552e-07  2.0946578806e-07  -2.0529402021e-02  9.1845754102e-02  3.7803546376e-01  4.3185116846e-01  1.3931487231e-02  9.5861830265e-02  7.4078077972e-01  1.6382459092e+00  nan  nan  nan  nan  
3.3718822002e+00  4.2313426589e-07  4.2094757767e-07  nan  nan  nan  nan  nan  nan  nan  nan  nan  nan  nan  nan  
3.4500005245e+00  0.0000000000e+00  0.0000000000e+00  nan  nan  nan  nan  nan  nan  nan  nan  nan  nan  nan  nan  
3.5499994755e+00  0.0000000000e+00  0.0000000000e+00  nan  nan  nan  nan  nan  nan  nan  nan  nan  nan  nan  nan  
3.6500000954e+00  0.0000000000e+00  0.0000000000e+00  nan  nan  nan  nan  nan  nan  nan  nan  nan  nan  nan  nan  
3.8378417492e+00  1.9001102032e-07  1.8902879761e-07  nan  nan  nan  nan  nan  nan  nan  nan  nan  nan  nan  nan  
3.8750913143e+00  1.8409358435e-07  1.8314221902e-07  nan  nan  nan  nan  nan  nan  nan  nan  nan  nan  nan  nan  
3.9500005245e+00  0.0000000000e+00  0.0000000000e+00  nan  nan  nan  nan  nan  nan  nan  nan  nan  nan  nan  nan  
