#eta  rn(eta)  rn_err(eta)  rnn(eta)  rnn_err(eta)
-6.9995641708e+00  2.7093645298e-03  9.2420700387e-03  0.0000000000e+00  0.0000000000e+00  7.6372495008e+01  7.4384948319e+02  0.0000000000e+00  0.0000000000e+00  3.7897553616e-03  2.6727269372e-02  0.0000000000e+00  0.0000000000e+00  4.3226788833e-02  8.6048714267e-01  0.0000000000e+00  0.0000000000e+00  -1.3764124668e-01  2.4134805337e-01  0.0000000000e+00  0.0000000000e+00  9.6595267569e-01  6.9126637675e+00  0.0000000000e+00  0.0000000000e+00  
-6.8782310486e+00  3.8095039396e-02  4.8742827559e-01  -1.9337077306e+00  1.9337077306e+00  -1.3107704831e-02  3.6964522680e-02  -3.8760678786e-01  3.8760678786e-01  8.7606362260e-02  1.0810311904e-01  1.1135834881e+00  1.1135834881e+00  5.5934153703e-03  2.5836319533e-02  8.7863546125e-01  8.7863546125e-01  -4.8623797371e-02  2.0431126985e-01  1.1688468922e+00  1.1688468922e+00  3.1467526105e-02  4.8364950870e-02  7.9763930781e-01  7.9763930781e-01  
-6.7774009705e+00  1.3926321402e-02  5.4782008185e-02  -4.7712807560e+00  4.4087537525e+00  -6.3839617712e-02  7.4019943604e-01  -5.0938352546e-01  3.8986582770e-01  -4.9216704286e-02  5.3744734931e-02  1.4730815065e+00  2.7040427791e+00  1.8560792924e-02  6.7237007057e-01  1.6287092831e-01  3.8900287964e-01  -1.4353724328e-01  2.9702387504e-01  3.8607902994e+00  4.1517588014e+01  -3.7250054551e-02  1.2461030224e-01  4.8549603268e-01  1.5827356990e+00  
-6.6745433807e+00  -3.3187796955e-02  1.1027295470e-01  -6.1004858823e+00  5.3715597244e+00  -3.8645995105e-01  3.1271150487e+01  -2.5017015315e+00  1.2574560616e+00  1.5056321229e-01  1.7278136353e+00  -8.5810561359e-01  1.3243559975e+00  1.1802591492e-01  2.4510010591e-01  7.3692822594e-01  1.6118579967e+02  3.9786081787e-02  2.5935832553e+00  1.1794137547e+00  2.7809367104e+00  2.4298761660e-01  9.0213065962e+00  -6.3971614592e-01  2.4322322281e+00  
-6.5728878975e+00  6.6189368535e-02  6.3285954530e-01  -1.1385981739e+00  8.8864952715e-02  1.7545571034e+00  1.6871509001e+02  -3.5507870685e-01  8.0758618314e-01  -3.1292649793e-01  1.1833467439e+00  -1.8808737744e+00  2.7520710152e+00  -5.9773857498e-02  6.0551829254e-01  -1.6720408972e+00  1.1323785279e+01  9.1047515097e-02  9.1417748921e-02  -2.2908377749e-01  2.0198005099e+00  -1.9541133200e+00  3.5979658287e+01  1.0773457781e+00  6.9259355729e-02  
-6.4722132683e+00  7.7456047506e-02  2.4327735095e-01  -3.5868323968e+00  4.9477724121e+00  4.5416895627e-02  6.7939992467e-02  -9.5127594833e-01  3.6830886772e+00  5.0583506596e-01  4.8098030633e+00  -4.6876053650e+00  1.0548418754e+01  2.5441427918e-02  7.2444972912e-02  -6.7792930166e-02  3.4415128916e+00  -6.4816956466e-01  8.7949020968e+00  -3.7511595966e-01  2.6415929966e+00  -8.3683904854e-02  1.7842531828e-01  -4.0843001123e+00  1.0927536297e+01  
-6.3684515953e+00  5.8582818874e-02  1.7000792255e-01  -9.6419685668e-01  2.2826112293e+00  -4.6751201081e-01  1.4516072966e+00  4.0323420931e-01  3.2581406523e+00  -1.4529083789e-01  9.9488214667e-01  9.0165181740e-01  1.1652371819e+00  -1.3080786627e+00  2.3026820160e+01  7.0248281723e-01  8.7368546854e-01  5.9011172973e-01  2.0307637918e+00  -4.8225843579e-01  5.0501887375e-01  -4.9272381438e-01  6.9113827196e-01  1.2042160827e+00  2.0016275756e+00  
-6.2656898499e+00  -7.8196990592e-02  1.8926998988e-01  -2.4640773834e-01  1.8008044868e+00  -1.3612501317e-01  5.8899397388e-01  1.8016400061e+00  1.0255094293e+01  1.4149279491e-01  9.0132833886e-01  -9.7724042823e-01  1.5415060243e+01  1.1741133160e+00  4.9930970909e+00  -1.0261382811e+00  3.1719202493e+00  -2.2135825533e-01  2.3363473242e-01  1.0561614516e+00  9.2784711233e-01  -7.7639357126e-01  2.6406350190e+01  2.2519816059e-01  8.0717560710e-01  
-6.1606006622e+00  -1.9989889518e-01  3.6331824797e+01  -2.1315100139e+00  4.1911654229e+00  4.1316670760e-01  8.5247225435e-01  -2.0705797500e+00  9.5996609422e+00  4.1231489665e-02  1.7413095209e-01  -2.0083839732e+00  3.4580947197e+00  -7.7451051013e-01  3.4758803101e+00  -1.1519127767e+02  1.2018425189e+04  -2.4630920230e-01  2.3187477365e-01  -1.9084841423e+00  3.5147383954e+00  -1.0208208816e-01  5.3330936151e-01  -6.6344009234e-01  4.1851443487e+00  
-6.0591588020e+00  -3.5686856210e-01  1.3213980084e+00  6.4410113490e-01  7.3628436831e-01  4.1061554999e-02  2.9452519530e-01  1.9914090593e+00  2.7235525841e+00  -8.4071109806e+00  1.4726983319e+02  1.6881105977e+00  8.9193147499e+00  -1.5032401501e-01  2.9389198954e-01  -2.7634474278e-01  1.3754164270e+00  2.5244255457e-01  3.7616035615e-01  -1.7919731186e+00  3.5750516177e+00  -1.5567520496e-01  2.6598620949e-01  1.0500411215e-01  1.1150712789e+00  
-5.9527425766e+00  2.8985660863e+00  3.5657059544e+01  -2.3285674819e-01  1.2101222794e+00  1.9069710769e-01  1.1977580950e+01  -7.7404465957e-01  1.1436986898e+00  1.6229533995e-01  3.8855232594e+00  5.8669314902e-01  1.6562560252e+00  -3.8233772739e-01  5.4556184651e-01  -1.4660466936e+00  5.0061940311e+00  1.8529781814e-01  4.6998427355e-01  -1.3532103915e-03  1.1423361076e+00  -2.8929546305e+00  9.6341887286e+00  5.8897946653e+00  3.8882656044e+01  
-5.8506526947e+00  -9.6546838098e-01  5.1474883371e+01  7.4165584197e-02  7.2160843804e-01  5.7185697766e-02  5.2014820836e-01  3.8007101009e-01  9.8044454079e-01  4.1949438683e-01  8.5095673145e-01  -7.5842850581e-01  5.6244197663e-01  4.7531625368e-01  5.5986731099e-01  2.7221719824e+00  5.4476999148e+01  3.6196257640e-01  9.8955203598e-01  -2.5812210655e+00  4.5910625656e+00  6.1440900245e-01  6.9877703207e-01  -9.2178864077e+00  3.0936009630e+02  
-5.7501373291e+00  -1.6228821655e-01  1.3090648092e+02  -1.2591797547e-01  4.5808796598e+00  -5.5471906284e-02  3.3449814764e-01  -6.4091779034e-01  7.4732648874e-01  -6.6371617817e-01  2.1756662648e+01  -9.4399835312e-02  1.3989895151e+00  1.9240650818e-01  1.4743854876e-01  2.4420440422e+00  2.5285224443e+01  2.9232882785e-01  3.5129417147e-01  1.0299789037e+00  1.3359337806e+00  -3.9715588722e-01  1.4521243248e+00  -1.5239537712e+00  1.1928534010e+00  
-5.6490712166e+00  4.8681687657e+00  4.9021180594e+02  -7.4267602517e-01  6.5832470255e-01  -9.3497132645e-02  1.1411466328e-01  4.5585533799e+00  6.8027125731e+01  4.2252048262e-01  1.0956315325e+00  -3.6510375330e+00  2.6166573094e+01  -4.5205004160e-01  1.5637071858e+01  -1.4426037053e+02  6.9295452027e+03  -2.4984852150e-01  5.7718900394e-01  6.6463095347e+00  4.9099324727e+01  5.9215304278e-02  7.9565910798e-01  9.8287771712e-01  5.9276823705e-01  
-5.5474295616e+00  3.4952491497e-01  9.1119108096e-01  -3.7347600814e+00  2.0656170211e+01  -6.4266814451e-02  1.2636911000e+01  -1.6075220804e-01  4.5916251413e-01  2.3640158133e-01  2.4408660563e-01  1.5027920123e+00  8.2452918225e+00  7.7419288446e-01  3.9773715454e+00  -1.4377557011e+00  1.2883558469e+02  -1.5759292175e-01  2.4751799474e-01  4.6097611325e-01  4.6865368688e+00  -3.3843736046e-01  1.3395881634e+00  -1.0412181916e+01  4.4097302791e+02  
-5.4472541809e+00  1.6008547968e-01  6.2165174334e-01  -9.4850262320e-02  1.3970198961e+00  -3.5627725428e-01  3.3627283692e+00  7.3001994968e-01  4.0493094910e+00  8.5796373251e-01  2.8629428831e+00  6.7561699112e-01  5.9333802260e-01  9.1201396116e-01  7.0166205528e+00  3.9211952811e-01  9.0970103681e-01  -4.7322283225e-01  6.9519087243e-01  4.2033813782e+00  2.0014298281e+01  -1.6294471211e+00  1.7020853738e+02  -1.7951078042e-01  1.5934227060e+00  
-5.3475165367e+00  -9.3116776137e-02  2.9540609424e+00  -2.5850542011e+00  5.8996773822e+00  4.4247784055e-03  2.0060197331e-01  -9.4162312806e+00  1.5496475694e+02  1.4987558707e-01  6.1538209393e-01  5.1911206225e+01  4.7452654377e+03  -2.3622996673e-01  3.4648831298e-01  -7.3992150405e-01  2.7087212547e+00  6.0616002227e-01  9.5921714466e-01  9.2104724858e-01  1.8514255489e+00  7.3899386345e-01  1.8832418117e+00  1.5085713054e-01  1.4527807876e+00  
-5.2476525307e+00  -1.7571310534e-01  1.3631574148e+02  -7.9957630246e-01  1.1892927635e+00  9.7750615739e-02  1.6899547118e-01  1.3480790806e+00  3.8696928549e+00  -2.8296213149e-01  1.2034319845e+01  1.5903761531e+01  1.1145480201e+03  3.5553725153e+00  5.2483234463e+01  1.5393830205e+00  6.4342830716e+00  3.2744554711e-01  1.7017888666e+00  7.4762624018e+01  1.6722124252e+03  1.5484562999e-01  2.1966719394e-01  -8.0806089408e+00  8.9839551562e+01  
-5.1480584145e+00  -3.1440447696e-02  2.5529595544e+00  3.2587857035e-01  1.1871761689e+00  -2.3153079195e-01  1.6244296261e-01  -4.8383254819e+00  4.9436932738e+01  -7.3100889755e-01  1.8194906087e+00  -1.0417160195e+00  5.3798497792e+01  -1.1075647275e-01  7.8423587429e-01  -9.0426220060e-01  9.1196646080e-01  -3.1509873496e-02  5.7204832841e-01  3.3708530566e-01  2.9187282778e-01  8.5529315548e-02  3.0180472475e-01  1.2921585446e+00  5.0721229217e+00  
-5.0481514931e+00  1.2386888369e-01  2.8189136150e-01  -1.7894912453e-01  1.4749849418e+00  3.2631805538e-02  1.0624017121e-01  -2.9042822818e+00  1.6843951698e+01  -1.3474273512e-01  2.3513176411e-01  -2.1245624310e+00  7.0469066374e+00  6.6932288660e-01  1.6190701410e+00  9.0785612836e+00  3.0454714740e+02  2.1736588963e-01  8.4314412639e-01  9.0920606587e+00  1.6396532482e+02  -5.2683200747e+00  3.2213287630e+02  1.1923289541e+00  1.8153130762e+00  
-4.9484772682e+00  -6.3749420591e-02  1.0567966136e-01  -1.8323742762e-01  5.8090867345e-01  7.5734399542e-02  9.7964602665e-02  2.5919819418e-01  9.1382655142e-01  -6.5086946741e-01  1.6478035006e+00  -1.2303863721e+00  1.2542590993e+00  1.7161540458e+00  2.9784064706e+01  2.2989043491e+00  7.1350579625e+00  3.0299313731e-02  1.3392151792e-01  4.2385689797e-01  1.3327537565e+01  -2.5448435824e-01  5.4303079618e-01  -2.9364515637e+00  3.5358156266e+01  
-4.8487091064e+00  -1.8746712319e-01  5.7460461275e-01  -1.4531134243e+02  1.0105967518e+04  2.9581236226e-02  8.0118393346e-02  4.5475697116e-01  6.5858342161e-01  5.8102628122e-02  2.0447262876e+00  2.5376825928e+01  4.6823620276e+02  -3.5805867692e-01  4.0436019386e+00  3.7977318563e+00  4.7338121195e+02  -3.4926763750e-01  7.3461133820e-01  -6.2646519952e+00  1.0532483148e+02  -6.2944665625e-01  9.4167272048e+01  -7.2866253127e-01  2.2332882580e+00  
-4.7490739822e+00  4.7778526395e-03  7.7276331790e-02  -5.9326474429e+00  1.1090409706e+02  1.8629320123e-02  1.3133587641e-01  -3.6427606024e-01  2.5615006269e+00  -7.4508955891e-02  1.0962301661e-01  6.1654798190e+00  1.8615604244e+02  -1.6963023029e+00  3.2170415017e+02  6.4812487646e-01  7.9682659286e+00  -1.6472775606e+00  4.9755991673e+00  9.8650818622e-01  1.2625716045e+01  -2.1415828214e-01  8.9447041469e-01  -3.4966577394e+00  9.7098140005e+01  
-4.6491961479e+00  3.8741459310e-02  1.0244336954e-01  -7.2763258522e-01  2.5646344253e+00  1.8888140114e-02  8.6781507554e-02  1.9693967048e-01  6.2013640164e-01  -1.0568395053e+00  2.2468051291e+01  4.3297746624e-01  1.2221590756e+00  1.1321847173e-01  4.1396374018e-01  9.2836298133e-01  3.0952348551e+01  -3.4868040526e-01  3.6915493790e-01  4.7820418509e+00  2.7952483121e+01  1.0534214334e-01  2.0338201822e-01  2.3268978232e+00  6.0455816214e+02  
-4.5494055748e+00  -1.5790782957e-01  2.0291160415e+01  8.4799786977e+00  7.3174834010e+01  1.0805282020e-01  1.2589382866e-01  1.1932274232e+00  3.3706292146e+01  1.3846843315e+00  4.9670954140e+01  1.2802308607e+01  1.5408676033e+02  -9.7844907921e-01  1.1087564077e+02  6.1503547380e+00  8.6517630000e+02  3.1907401385e-01  1.3168942051e+00  2.2010691276e-01  7.7746521097e-01  -9.2734515981e-02  6.5635631464e-01  -3.1270821561e+00  1.8413772082e+01  
-4.4495859146e+00  2.9047180011e-02  1.2263925545e+01  4.2396678375e-01  1.0877523164e+00  -6.4803184182e-02  1.5402161363e-01  -7.5271273338e-01  4.5378631989e+00  -3.8246366895e-02  2.8716090785e-01  -1.4908550553e-01  6.1979659942e+00  -4.2028328995e+00  1.0522830920e+02  -1.6536090761e+00  2.6001436596e+00  5.0114906658e-01  8.1072375044e-01  -1.6787464759e-01  1.4996936140e+00  1.0386041748e-01  2.1606127597e-01  1.9549370150e+00  9.9210421996e+00  
-4.3497500420e+00  2.4431624129e-01  1.0384970801e+00  1.1874253672e-01  4.2045998586e-01  1.5318836243e-01  1.5131162999e-01  5.4555455096e+00  7.3798746846e+02  -2.2051705669e-01  1.1897643619e+00  -4.9945736429e-01  1.1697451691e+00  -1.0758094699e-01  2.2296215965e+00  -8.9728588894e-01  9.0418193347e+00  -8.0411906275e-02  5.8959697384e-01  1.2704709348e+00  3.4313162686e+00  3.3303390971e-01  1.1397793201e+02  2.1901035886e+00  1.9824385025e+01  
-4.2498579025e+00  8.2467888671e-01  7.4721205798e+00  9.2305480204e-01  2.8544360357e+00  6.7550987821e-02  1.6930879350e-01  -1.7455294119e-01  1.5084279452e+00  -1.7900960466e-01  1.1573163612e+02  7.7632407534e-02  5.7871530883e-01  -1.8218992745e-01  1.3638947935e+00  4.4798186907e-02  1.0804500093e+00  1.7223843750e-01  4.0246485200e-01  1.2013790659e+00  2.4141465277e+00  1.2014100679e-01  2.2179698268e-01  -6.4796099155e+00  1.7101649009e+03  
-4.1497974396e+00  1.0197478667e+00  1.0736312313e+01  8.0990160513e-01  7.9766305489e-01  -5.2072995337e-02  1.4669651621e-01  -8.0113721957e-01  1.3190148989e+00  1.1059901463e+00  1.2504576539e+01  4.5668311692e+00  1.0045266058e+02  -2.0810852073e-01  5.0925425539e-01  -1.2227617978e+00  5.1621496430e+00  5.0583467493e-01  1.3636146298e+00  -7.4718943158e+00  4.7346557765e+02  1.4559045151e-01  8.8369377632e-01  -5.9272725126e-01  1.3575386967e+00  
-4.0499525070e+00  2.2650337253e+00  1.6532527985e+02  3.5513559206e+00  9.1357967074e+00  -1.1467645800e-01  2.4445020813e-01  -1.5022246879e+00  1.7828407506e+00  -6.3091530331e-01  8.6867982706e-01  3.1507574719e-01  1.6825361568e+00  1.8393109520e-01  6.4423270903e-01  -1.6318438677e+00  1.9625917022e+00  -8.6824423375e-01  2.3956864584e+00  4.1158807493e-01  6.8654571412e-01  -4.5989297604e-01  2.9556631883e-01  -4.8806973762e-01  1.5098540764e+02  
-3.9500074387e+00  5.2922020285e+00  8.6763521476e+01  2.6427178829e+00  6.5608850045e+01  -5.8098750299e-01  3.8578219293e+00  2.3428343365e+00  7.4582099732e+00  9.8171472320e-01  6.5856838610e-01  -5.1260236409e+00  2.5100317016e+01  1.0954432955e+00  8.0276377666e+00  8.1080252284e-01  1.4970562902e+00  6.5091586952e-01  8.6543557901e-01  -2.7250157073e-01  1.0340605735e+00  4.2319389207e-03  2.4277847617e-01  -6.2027585490e-01  1.1419077737e+00  
-3.8500549793e+00  4.5919740071e+00  1.1168442799e+02  2.8134018725e+00  5.2944069611e+00  -6.2123338493e-01  1.0624734868e+00  -3.2937964682e-01  6.4829087135e-01  -4.5848239149e-01  1.5773493993e+02  1.3891332603e+00  2.5834960349e+00  1.8382163454e+00  4.2315533588e+00  -2.5370904631e+00  1.8187949234e+00  1.6867180101e+00  1.6275336621e+00  -7.3103435889e-01  1.2849764135e+00  1.9618208173e+00  9.2521115089e+00  -2.6572940664e+00  1.0404836987e+01  
-3.7500188351e+00  -5.2747223067e+00  2.8821543752e+01  4.0080055331e+00  3.9727117875e+01  -9.2597323545e-01  1.9264656871e+00  3.6510330407e+00  1.5808488124e+01  -1.3459148856e+00  2.6347884788e+00  -3.0313047658e+00  1.0834405068e+01  1.8996361728e+00  3.3075581016e+00  8.7225649985e+01  1.5801533565e+04  5.8052122059e-01  4.3713284465e-01  -5.0346098563e-01  2.1132155072e+00  -9.1655738081e-01  5.5131985351e-01  8.3196576410e-01  4.5320122012e+00  
-3.6499960423e+00  -3.3622291030e+00  1.2166192557e+01  1.4173720763e+01  6.7000510921e+01  -1.4609463164e+00  2.0401852646e+00  -1.4229122807e+00  1.1020515798e+00  -8.3197490393e-01  1.1323488163e+00  -1.9541485894e+00  1.5974827133e+00  -7.7337161838e-01  6.3257646885e-01  -5.2146548041e+00  2.1163864196e+01  1.1990960991e+00  1.3680155760e+00  4.6542638587e-02  6.7825966021e-01  6.7785319094e+01  8.5310194508e+03  -3.0390678717e+00  5.9654069759e+00  
-3.5498933792e+00  -2.9126665299e+01  1.5492012931e+03  7.3073886194e+00  1.9783203416e+01  -2.6377431198e+00  1.7067654491e+01  5.1553202472e+00  9.7156938737e+00  -9.5082343969e-01  1.2406825634e+00  2.2661739465e+00  5.6974928939e+00  4.8527565535e+00  1.4596423067e+01  -4.0214660212e+00  2.5970370090e+00  1.7663995324e+00  2.9971574679e+00  -3.4564981659e+00  7.2305298654e+01  -1.3225844149e+02  1.0241986312e+04  -4.1360160214e-01  5.4322921026e+00  
-3.4498577118e+00  -4.3231946023e+00  6.8363636969e+00  -7.4088275200e+00  1.4423669834e+01  -2.4388112715e+00  7.4652899656e+00  -5.2515604669e+00  1.5362815790e+01  -1.4564874348e+00  2.6880817990e+02  -1.1658329739e+00  1.4562892339e+00  -3.3367856623e+00  9.9495303021e+01  -3.0274965131e+00  3.9780603723e+00  -1.8959457354e+00  2.4780409555e+00  6.0978304086e-02  9.7143302594e-01  9.5343225518e+00  3.6756105425e+02  -2.6528927910e+00  2.3571870926e+01  
-3.3498389721e+00  -3.1890758130e+00  2.3356473248e+00  -4.6680376939e-01  4.4036147395e+02  -1.8901671451e+00  2.8704755988e+00  6.6770548556e+00  1.6580845721e+01  -3.2966848488e+00  6.9792450441e+00  -1.6169250755e+00  2.5971374597e+00  1.6717867007e+00  1.4967093771e+00  -1.6685598910e+01  2.8977754349e+02  1.1016221174e+00  6.8679186345e-01  -7.4269878948e+01  1.1569909871e+04  -7.1697158669e+00  2.8726689856e+01  -8.4563438246e+00  1.4430189993e+02  
-3.2499189377e+00  -2.8365626421e+00  1.6131824624e+00  -4.2868902908e+00  4.9506106029e+01  -1.7213723824e+00  1.1206119411e+00  5.9792978600e+00  8.4982754047e+00  -8.1586622041e-01  8.8986159549e-01  1.5556689537e+00  2.6787267861e+00  -4.0444929444e+00  1.1707733431e+01  1.4982610753e+00  1.3589507450e+00  -3.8473822925e+00  8.6502882274e+00  1.2571423939e+00  2.2857555349e+00  -3.7589054000e+00  1.4688020280e+01  3.2647680907e+00  8.8309496745e+00  
-3.1498777866e+00  -2.7596744391e+00  1.5429744849e+00  -4.7533775860e+00  8.8055315750e+00  4.1562839638e+00  7.9445370661e+00  -2.5445188416e+00  2.1795159913e+00  -8.4816937638e-01  6.1258922749e-01  -1.5159458549e+01  6.7232608531e+02  2.9710658196e+00  1.4854452922e+01  2.1320105945e+00  2.5622892439e+00  -2.6112379339e+00  2.9810706139e+00  -4.4158511406e+00  4.7784614100e+01  -1.5117053490e+00  1.2594119972e+00  -1.0301105321e+00  3.5401044677e+00  
-3.0499346256e+00  -2.6938136211e+00  1.3731893863e+00  -6.3155355456e+00  1.0571161783e+01  -1.6563389743e+02  9.7612487944e+03  3.4061827142e+00  1.5057577505e+01  -3.5338724836e+00  6.6489694343e+00  -8.5364938990e+00  4.1918481714e+01  3.0489811148e+02  2.7019275899e+04  1.7369154563e+00  2.6257615507e+00  3.5585195517e+00  2.4579376335e+01  4.1988593607e-01  8.9617954373e-01  2.5494927460e+01  9.7069656126e+02  2.8812946404e+00  4.5954281432e+00  
-2.9499135017e+00  -2.3929666715e+00  9.9407076279e-01  -5.7970829491e+00  4.8452790284e+00  -9.0698804032e+00  2.1122309028e+01  -2.3189869109e+00  1.8426541714e+00  5.7637508073e+00  7.2348064698e+01  -2.1709287257e+01  1.2772780084e+02  -1.9264932076e+00  2.2994272919e+00  1.1506985249e+00  2.8610944429e+00  -5.5035404245e+00  9.1296601185e+00  -2.2750083519e+00  9.7630953854e+02  5.9544651602e+00  1.6349868410e+01  4.9654174791e-02  1.1696864294e+00  
-2.8498883247e+00  -2.6021524586e+00  1.1209403882e+00  -6.4248889258e+00  8.8550370026e+00  1.1230235617e+01  1.6410634649e+02  -2.0722511949e+00  1.3806700050e+00  6.1658418476e+00  2.6119247791e+01  -9.4957862446e-01  1.9081825666e+00  1.5324027982e+00  8.7656369949e-01  5.7911988149e-01  1.2654099495e+00  -2.1307320751e+00  6.2095743205e+00  4.8370805342e+00  4.1109272223e+01  4.0625921562e+00  7.5728227630e+00  -7.1081715571e-01  1.4879844408e+00  
-2.7500293255e+00  -2.3126754164e+00  9.1555236063e-01  -1.2026816078e+01  3.8329773792e+01  3.7190466516e+01  3.4365927181e+02  -6.3976987806e+00  4.1393700243e+01  3.5479141451e+00  5.2485636737e+00  -4.7673822554e+00  1.0192845494e+01  -1.2560504388e+01  5.3801184902e+01  -5.0509803995e+00  2.0429726365e+01  8.8112825426e-01  4.2111212577e-01  1.7230217936e+00  4.6712925132e+01  -2.2062602055e+00  3.2113339800e+00  -2.9152584750e+00  1.0412638398e+02  
-2.6499705315e+00  -2.5249306580e+00  1.0924473835e+00  1.0926157054e+01  4.4465598642e+01  2.0917802747e+01  4.7292000062e+03  -4.8747693377e+00  2.1841218944e+01  1.8887510407e+01  1.4939097659e+03  1.8806887814e+00  1.3064324779e+00  -2.4755283999e+00  2.6377726096e+00  -6.8060613382e+00  1.8677614632e+02  1.1146302690e+01  1.2046488883e+02  3.6480739663e+01  1.0599911492e+03  -6.4488165980e+00  8.8744827370e+00  2.7297844133e-01  5.2319995482e+01  
-2.5499687195e+00  -3.0356183915e+00  1.3816698980e+00  -1.0928574245e+01  2.4516779627e+01  9.1784733956e+00  1.8202906408e+01  -1.4063749892e+00  7.1700526322e-01  1.7277101746e+00  9.8640845867e-01  -1.0288841268e+00  3.2271032939e+00  2.2355568747e+01  2.5141428532e+02  1.0929290380e+00  1.3539040499e+00  -2.2572142000e+00  1.6133453994e+00  6.8156155660e-01  1.4327678944e+00  2.7058289419e+00  1.5263594022e+01  5.5824157396e-01  1.1097263491e+00  
-2.4499311447e+00  -2.9966860977e+00  1.2247752342e+00  -9.0255251803e+00  2.5142381397e+01  8.1390963916e+00  1.0991864769e+01  -2.2871523547e+00  2.5729806551e+00  7.4759430515e+01  4.1181173064e+03  -5.8023872552e+00  2.6830806883e+01  -3.8244080716e+00  4.0884410200e+00  3.9160910629e-01  3.0243175792e+00  -4.1227927299e+00  4.9361848308e+00  -1.7285114677e+00  1.4711849045e+00  1.4631970123e+01  5.8163858157e+01  -1.0315719344e+00  1.0713983800e+00  
-2.3500559330e+00  -3.4579981194e+00  1.3328834765e+00  -1.1439204233e+02  1.0057486581e+04  1.0436630864e+01  5.2760321406e+01  -5.4595354970e+00  1.7237012285e+01  7.8523107141e+00  1.7291909016e+02  8.9072000205e-03  6.5036000612e-01  3.4375530142e+00  4.5884299863e+00  9.0906891668e+00  7.4190152797e+01  -2.3138715400e+00  2.9483881528e+00  2.2318676512e+00  3.9743669502e+00  7.3645381369e+00  1.7688805829e+02  1.1834095369e+00  5.0578537855e+00  
-2.2501003742e+00  -5.7058036270e+00  3.5137429648e+00  -8.2713226416e+00  1.7794193471e+02  3.9092100508e+00  3.3232437917e+00  6.8262088798e+00  9.6766899130e+01  -1.5795340815e+00  2.4120731429e+00  4.1879302630e+00  1.4715898558e+01  5.1787058822e+01  2.8971797130e+03  1.9504705812e-01  8.4024008450e-01  -4.4130844876e-01  1.1229952401e+00  -3.3021606163e-01  1.0166000199e+02  1.8935535913e+00  7.8735313032e+00  5.8383574236e+00  7.6437148069e+01  
-2.1498413086e+00  -1.8719041268e+01  5.9262487464e+01  3.2836800511e+00  1.9532081055e+01  5.0886443887e+00  5.4960268257e+00  -3.1620746316e+00  4.6241633559e+01  1.4382017067e+01  7.6713797967e+03  5.1778175096e-01  1.6431517702e+00  5.3333771044e+00  2.6138309816e+02  3.7224856896e-01  7.1163871733e-01  -3.7801505937e-01  4.1198302604e-01  -2.5950546402e+01  9.1488023167e+02  1.4453635661e+03  1.3810268108e+05  -8.6553876355e-01  9.7867543807e-01  
-2.0499558449e+00  9.0411093174e+00  7.0785523706e+01  1.1281290221e+01  2.7511050388e+02  3.9041526019e+00  4.6485674657e+00  2.8385050370e+00  5.8453830420e+00  3.6305295555e+00  3.9789161881e+00  1.1447610633e+00  2.5787062604e+00  -1.5016735701e+00  2.4556454930e+00  -1.2809731510e-01  9.3215278979e-01  -8.0762808640e-01  8.8020318016e-01  5.0870999635e-01  1.1369388076e+00  -5.1927938656e-01  5.8518680163e-01  -2.3310425603e+00  2.8468744312e+01  
-1.9500496387e+00  5.5157798407e+00  7.3690895639e+01  6.0558525861e-01  1.6859637391e+01  1.8315106173e+00  1.0441616425e+00  -1.2619394317e+00  1.6188834617e+00  6.7594479835e-02  7.5012043334e-01  -3.4162001799e-01  3.4565434579e+00  6.7147779050e-01  1.7570265218e+00  -4.6686804189e+00  1.7222482414e+02  -1.1986090967e+00  3.4963055330e+00  2.9987328647e-01  2.3348174973e+01  1.2074448578e+00  1.5975272001e+00  4.0549791708e-01  1.6383774228e+00  
-1.8500156403e+00  1.5236322267e+00  1.9187827055e+00  -1.9368998508e+00  5.1136847835e+01  2.2927420435e+00  2.4726080398e+00  2.1884177868e+00  3.6241877986e+00  -2.1414930794e+01  1.1975839788e+03  2.0672455533e-01  8.5543753741e+00  -3.1999011105e-01  9.3567042453e-01  7.4507217944e-01  5.5991492347e-01  4.3993441175e-01  2.2466100222e+00  -2.5450959183e-01  7.6761850915e-01  5.2153730200e-02  6.8216205610e-01  -8.9485459921e-01  7.3066928462e-01  
-1.7500820160e+00  8.9833878709e-01  1.2947449600e+00  8.2548726863e+00  4.5163135342e+02  1.0606179476e+00  9.9565636363e-01  1.9045441524e+00  3.7143888907e+00  -5.9109128472e-02  2.1854521602e+00  -1.1897664176e+00  2.5984844615e+00  -6.1414090306e-01  7.2847105386e-01  -1.3539624295e-01  1.2184655622e+00  -7.6353642102e+00  3.4527847448e+02  1.0038290888e+00  1.0822302363e+00  -3.8706150985e-01  1.7513049067e+00  5.2571561227e+00  4.6147942476e+01  
-1.6501045227e+00  4.5887077658e-01  6.5831839560e-01  -7.9901194445e+00  5.0053573402e+02  8.7542410737e-01  7.4769209460e-01  1.3382336231e+00  1.7868398079e+00  7.0284731019e-02  7.3762910077e-01  2.4564295423e-01  2.1887359417e+00  3.8242990497e+02  3.2839363074e+04  -1.0399397607e-01  4.5063456246e-01  -1.6163452417e+00  5.6970466717e+00  -1.7310856573e-01  3.3074119868e+00  -4.7380270289e-01  4.5684780513e+02  1.4381164735e+00  1.6320548469e+00  
-1.5499935150e+00  3.7019219118e-01  1.7697897325e+00  -2.1534341055e+00  1.6748068972e+01  6.0611827984e-01  9.4146064696e-01  -4.6748983076e+00  2.3710789941e+03  -6.0735285805e+00  7.4515150924e+01  5.1449751732e-01  9.0566524363e-01  -2.4288446471e-01  2.0641795851e+00  -1.4043048340e-01  8.3180705989e-01  -3.5232162243e-01  9.1774407578e-01  -2.1555306870e+00  1.0704293808e+02  5.7983498445e-01  3.7116353340e+00  -2.0877486942e+01  3.4167718563e+03  
-1.4502143860e+00  2.3102879098e-01  2.2079074831e-01  1.1236836241e+00  7.1440642262e-01  8.2827737605e-01  1.2110002994e+00  -6.3757177338e+01  3.2964134110e+03  1.4635753684e+00  1.1732931593e+01  2.2140628663e-01  6.5695552254e-01  1.2135557535e+01  3.8432050828e+02  -3.3682984798e-03  9.0993921025e-01  7.6992616653e+00  3.9094155193e+02  1.1216764725e+00  5.2648050342e+00  -4.1302403356e-01  6.5770822411e-01  4.9376777071e-01  7.6505905650e-01  
-1.3501307964e+00  7.5155538003e-02  1.9807116269e-01  7.3579938606e-01  2.5018980156e+00  1.2434082855e+00  2.6975752679e+00  -2.5060596312e+00  3.0966134579e+00  7.0912387088e-01  7.4532077227e-01  -1.2531082309e+00  1.6207141051e+00  6.8050095249e-01  9.8676984295e-01  -2.6767973787e+00  1.0055861945e+02  -2.1794269005e-01  1.5992936590e+00  2.7743218608e+00  2.3923586199e+01  -1.0772812652e+00  1.8671077954e+00  5.3736959182e+00  1.3896910123e+02  
-1.2502458096e+00  1.7861463295e-01  2.1618225240e-01  -2.7788803283e-01  8.6130237530e+00  6.6363826061e-01  9.6644617834e-01  3.7816116810e+00  7.1797889874e+00  1.2296051106e+00  2.8306947227e+00  -6.6882235982e-02  8.0503743722e-01  1.2824933679e+00  4.7065667286e+01  1.7741049156e-01  2.4574885702e+00  4.2287209575e-01  5.9179473742e+00  -1.9996186301e-01  6.6385560432e-01  8.6820086264e-01  1.5631610166e+00  3.5086159005e+01  9.6513202401e+03  
-1.1501214504e+00  1.2102035415e-01  2.8919488964e+00  -1.9717839531e-01  9.3730352061e-01  1.1427234898e+00  2.6910350151e+00  -1.7970929586e+01  3.9150926098e+02  9.7488312303e-01  1.5322766945e+00  -7.9108353025e-01  1.8601342128e+00  1.6539397599e+00  3.0123888372e+00  -5.6630041756e+00  2.0510306183e+01  -2.9173345519e+00  1.6206926982e+02  -4.3345534137e+00  6.7534468673e+00  -1.2087669465e+00  6.2466638613e+00  -2.1591670296e-01  2.0727991024e+02  
-1.0500395298e+00  8.7560880379e-02  9.6790622762e-01  -5.6249549852e-01  4.3985012663e-01  8.2688027429e-01  6.9360947207e-01  1.7095597061e+00  1.3240442682e+00  6.7134609190e-01  1.0982289088e+00  -1.1320835277e+00  2.8006398320e+00  3.4733128120e-01  6.4482314879e-01  6.3767287590e-01  1.3711443195e+00  1.7399392490e+00  1.9436262294e+01  1.2292511108e+00  2.3583971731e+00  1.1117158258e-01  1.7017896266e+00  -6.7889421266e+00  1.7239824611e+02  
-9.4992262125e-01  1.7734064814e-01  6.3111638584e+00  1.4802235691e+00  9.7686563392e-01  2.0452373605e+00  2.0776444654e+00  3.1333838953e-01  6.3108327536e-01  -1.0678436030e+00  9.9686375273e+01  8.3106454385e-03  4.2584759192e-01  9.1157556358e-01  1.1501849355e+00  -7.3433097867e+00  1.0595162413e+02  -5.7206487661e+00  1.0531854218e+03  6.5401090769e-01  5.4268821675e-01  9.3356263214e-01  2.3078867005e+00  -3.3511082902e-01  8.0402664248e-01  
-8.5004574060e-01  3.1757556779e-01  6.9591229200e-01  -4.2307959504e-02  1.7187422880e+00  1.3146342750e+00  9.9079244247e-01  6.1492783747e-01  5.6067186344e-01  1.2306580416e+00  2.1979520799e+00  1.3323423315e+00  3.3020489757e+00  -8.3464668422e-02  6.3247485487e-01  1.6305492411e+00  3.8830716029e+00  3.6862490858e+00  4.8427353428e+02  2.3820447506e-01  4.0146358037e-01  9.1731379403e+00  1.0707942188e+02  -2.8879229098e-01  2.5191718792e+00  
-7.4997347593e-01  -1.2603852579e-01  1.1133309634e+00  -6.7498191975e-01  2.1984884195e+00  3.0098195340e+00  4.0832746568e+00  2.6950111004e+00  4.3784637320e+00  -5.5710747801e-01  3.6856796840e+00  -5.5326559734e-01  7.9729440207e-01  1.9721273502e-01  5.8635463089e-01  -5.1297432081e-01  9.6174543679e-01  1.6037069384e-01  4.8769641129e-01  -4.5705992003e-01  1.6974130104e+00  2.0110624849e+01  1.3568351445e+03  -1.0637802122e+00  1.4583708882e+03  
-6.4992535114e-01  6.5810345815e-01  2.8175189284e+00  -9.2411670587e+00  9.1155251487e+01  3.3644700839e+00  5.9931885784e+00  1.1446844884e+01  1.3953135469e+02  1.8494983359e-01  6.6406433370e-01  9.5223592991e-01  5.2697773374e+00  1.6006921442e+01  2.1674400126e+03  -2.9687606260e-01  2.6304395524e+00  -4.9355834124e-01  1.8932459647e+00  7.8539356618e-02  5.8220615029e-01  2.0861903516e+01  2.7917220184e+03  1.1423119416e+00  1.3648156316e+00  
-5.4991608858e-01  5.5315440236e+00  7.5062012519e+01  -2.2125859660e+00  2.6967540817e+00  1.2642353353e+00  7.8788837441e-01  4.0041288260e+00  1.0616031567e+01  3.3781937834e-03  4.6628387072e-01  2.0023197475e-01  4.4150542844e-01  -1.6769612875e+00  2.2976538264e+00  1.6703451043e+00  1.1735785733e+02  1.2102303613e+00  1.1457984287e+01  -1.1816718687e-02  1.1623264942e+00  -1.5444176113e+00  2.8258017539e+00  -2.0155216960e-01  1.0591254184e+00  
-4.5019212365e-01  -2.6123277600e-01  2.7715535243e+01  -2.9811237773e-01  3.5933988482e+00  6.1177833457e-01  3.8374715626e-01  8.0884658148e-01  1.1587504342e+00  -1.1802209861e+00  2.1416611783e+00  1.2503689502e-01  1.7202672075e+00  -1.4183600317e+00  1.3031550959e+00  2.9066422908e-01  1.6404512645e+00  -2.5687967727e-01  7.2737450426e-01  3.0556742742e-01  7.5683211422e-01  2.8961551911e-01  3.6082882901e+00  -6.4180597088e-02  8.5064964574e-01  
-3.5000330210e-01  -1.3860940161e-01  7.0667344460e-01  -6.6047703454e+00  6.7059196792e+01  1.0045319859e+00  6.8017125672e-01  -1.3309956466e+00  7.1318398815e+00  -7.6709294941e-01  8.0732153902e-01  1.9154378459e+00  3.6814539874e+00  -8.4521861636e+01  3.8215122093e+03  -6.1539354113e-01  1.8745719637e+00  9.5830471515e-03  1.7682439336e+00  9.1699630493e+00  2.4132411649e+02  7.7171539898e-01  9.9548397667e-01  1.7141572001e-01  2.3587654660e+00  
-2.4994565547e-01  -3.1616608240e+01  3.2340378297e+03  -1.1090272350e+00  1.3824220070e+01  1.4935484511e+00  1.2791197074e+00  3.4096220925e+00  1.5172959807e+01  -1.7577341760e+00  4.4597288045e+00  -6.7537364678e-01  1.1975099377e+00  -2.6383242411e+00  6.8098373121e+00  -2.8309312394e-01  1.6141292188e+00  -8.7485228131e-01  7.5188270804e-01  6.1056126680e-01  3.3940662394e+00  -1.1786334526e+01  8.6448746484e+02  -6.0450357327e-01  2.9127624579e+02  
-1.5009257197e-01  6.9610608394e-01  5.7928069857e-01  1.0547910359e+00  2.2717348228e+00  1.5486172670e+00  1.0448803020e+00  1.0403179305e-01  1.2385596876e+00  -8.4401506827e-01  8.1072057019e+00  -1.1173479691e-01  5.2289564458e-01  -5.4955937409e+01  5.2198621571e+03  1.2893856297e+01  7.7174662302e+02  -3.3459603858e-01  4.0096020341e+00  -1.9676630496e-02  9.3743364909e-01  -5.5559356496e-01  5.6928291554e-01  1.4671784061e+00  1.0980676058e+01  
-5.0047826022e-02  7.0045482959e-01  6.0004954515e-01  5.6411537989e-01  9.2366626883e-01  7.4585955522e-01  4.0252516994e-01  -3.7221148693e-02  1.0234186350e+00  9.5608696365e-01  1.1986665154e+00  1.9804776899e-01  7.7344910901e-01  7.6390785080e-01  8.1713200873e-01  -4.9727899796e+00  1.2287716806e+02  -5.9307474743e-01  3.1366811750e+01  -2.3229309213e+00  4.1725016404e+00  -1.3066373405e+00  1.3334593265e+00  -4.2979184318e+00  1.9943937736e+01  
4.9981519580e-02  1.0000000000e+00  0.0000000000e+00  1.0000000000e+00  0.0000000000e+00  1.0000000000e+00  0.0000000000e+00  1.0000000000e+00  0.0000000000e+00  1.0000000000e+00  0.0000000000e+00  1.0000000000e+00  0.0000000000e+00  1.0000000000e+00  0.0000000000e+00  1.0000000000e+00  0.0000000000e+00  1.0000000000e+00  6.1047177111e-15  1.0000000000e+00  0.0000000000e+00  1.0000000000e+00  9.1745447759e-16  1.0000000000e+00  0.0000000000e+00  
1.4988052845e-01  1.4386708390e+00  1.2727389154e+00  1.6740756463e+00  9.1862059893e+00  1.3449432747e+00  7.6088944999e-01  -1.1091285280e+01  8.8996498344e+02  1.0656209725e+00  1.6620974403e+00  7.1735323528e+00  1.7098288746e+02  1.3257892441e+00  1.5755410216e+00  -2.9575020777e-01  1.5420401643e+00  -3.3098283985e+00  2.1714931772e+02  -4.4407773896e-01  7.8488129354e-01  -7.7495174825e-01  9.3307915914e-01  -2.5408133313e-01  5.9542967696e-01  
2.4985775352e-01  1.4463542469e+00  1.1744236788e+00  9.1639493980e-01  2.0826463655e+00  6.4889043985e-01  4.5271933004e-01  2.8593952993e+01  2.2414040156e+03  -8.9816654442e-01  4.3012496174e+01  -9.1185886129e+00  8.7940787413e+01  -3.4868789567e-01  2.6307155995e+01  2.3533357518e-01  3.5757018466e+00  -3.8827303062e+00  2.0793253427e+02  -1.4712646504e+01  3.2613760491e+03  -1.8214268454e+00  2.0850521626e+00  6.7057784309e-01  5.6108148900e+00  
3.4996959567e-01  4.8531924877e-01  7.7126133604e-01  -7.0166093146e-01  1.4522459359e+01  6.7441027361e-01  5.5536657513e-01  3.1898819359e-01  7.2062783657e-01  -5.9293875761e-01  1.0968151000e+00  -1.4232345606e+00  5.2306536809e+00  -3.9015853497e-01  4.9399323268e-01  -3.8228170490e+00  3.2526288175e+01  -1.1523861679e+00  1.0797356540e+00  1.8509316197e+00  7.1451356156e+00  -5.9875220953e-02  1.4036056010e+00  -2.8727033503e-01  9.7843230006e-01  
4.4983890653e-01  -2.2495684304e+00  2.7788864502e+02  -2.5112429948e-01  8.8402788649e+00  1.0003745915e+00  7.0599130341e-01  -7.4250433042e-01  2.8678548341e+00  -1.3203356402e+00  1.5612906262e+00  5.3841704049e-01  8.9156483508e-01  -1.3947088717e-02  8.4399714664e-01  2.3023677437e+00  3.8394386509e+02  6.1614098456e+00  9.0605784548e+02  -4.1651107519e-04  1.5904746164e+01  1.3168262439e+00  1.6057684013e+00  7.5391249868e+00  5.5042057855e+02  
5.5000334978e-01  -1.7849847056e+00  8.7571898430e+00  -3.2985993766e+00  2.7604013658e+01  1.6409470850e+00  9.8428705280e-01  1.2665632929e+00  2.4772390467e+00  -8.6889593835e-01  1.2344463273e+00  3.9049950715e+00  4.7996602528e+02  -7.1100687010e-01  6.3082691081e-01  4.0580304055e+00  2.7362586199e+01  -4.6165718405e+00  5.0204232673e+01  3.7851765959e+00  3.5038925328e+01  -1.3036714151e-01  2.3463260890e+02  -7.6618182444e+00  4.9201117259e+02  
6.4980506897e-01  7.3070630178e-02  7.2491130064e+00  -4.7322965860e-01  2.1651308031e+00  7.9396732502e-01  4.6500487143e-01  2.6316367168e-01  5.4781002885e-01  1.1245152671e+02  1.5395656635e+04  5.3714474480e+00  2.1000627204e+01  -6.0775143636e-01  8.2055735702e-01  3.6872750805e-01  1.7097611062e+00  1.0557816108e+00  4.2232040298e+00  -1.8749233094e+01  1.5145960442e+03  -6.6679657261e-01  1.0778990034e+00  -4.8900046675e+00  8.6946399609e+01  
7.4977546930e-01  1.4510606247e+00  2.5176427764e+00  -1.1659688526e-01  7.8644800582e-01  3.0470212178e-01  4.4632269031e-01  9.8590384548e-02  4.9083735310e-01  5.7412557301e+00  3.0746365856e+01  1.1284240768e+00  2.2627739081e+00  8.9624359419e-03  1.2855157630e+00  -7.2707765436e+00  2.3297431927e+02  -2.0296940064e+00  2.5582604141e+01  1.7508167611e+01  3.3726048285e+02  -3.8789285258e-01  1.9995199736e+00  8.8650979879e-01  9.6150575544e-01  
8.4986680746e-01  -7.8132865337e+00  3.3496244935e+01  -1.4629502256e+00  4.1538805538e+00  3.3873512186e-01  4.8087189442e-01  3.7989563089e-01  5.6057751832e-01  -2.0685272044e+00  1.5363029118e+01  -1.9498998611e+00  1.2444954452e+01  5.1880952615e+00  2.1284976207e+01  -2.0137565614e+00  3.7092050511e+00  7.1816360858e+00  3.7953617966e+01  -2.6020484295e+00  2.1803168547e+01  5.4048485560e-02  7.6064976832e-01  -6.7991244242e-02  1.6536370944e+00  
9.4978016615e-01  3.2296131226e+00  4.4662031805e+00  -1.4131794495e+01  2.3939457245e+02  7.6470683563e-01  5.3131410675e-01  1.6383675469e+00  1.3518362423e+00  8.3908553767e-01  1.5629479503e+00  7.7638667673e-01  1.1338060122e+00  6.4611966278e+00  1.7255772877e+03  6.4200912010e-01  1.4124518932e+00  -1.2325866594e+00  7.0132195397e+01  4.3221260329e+00  8.0658835170e+00  1.2829839381e-01  5.2527182515e-01  -3.2600359379e+00  3.1049058131e+01  
1.0499098301e+00  1.1700592532e+01  2.4823545484e+02  6.7836880733e-01  4.2890750516e-01  4.9457228158e-01  5.5210796019e-01  3.3339149710e+00  7.8277762280e+00  -5.7194662861e-01  2.7422177928e+00  1.5937340369e+02  7.0487836278e+03  1.1170762002e+00  1.5992753866e+00  -1.7289988454e-01  1.6498144084e+00  8.1658872979e-02  1.5256842487e+00  1.5403211483e+00  1.3477948668e+00  1.3195529860e+00  2.0238205876e+01  -3.2672332220e+00  1.5774758813e+01  
1.1497868299e+00  2.5742367873e+01  1.1970888949e+03  -1.7880962261e+00  1.3079853810e+00  1.2155058068e+00  7.3223081066e-01  5.8894366065e-01  5.1589652020e-01  1.5236669930e+00  2.2503588299e+00  -8.6117638644e-01  2.0343550765e+00  3.0254337496e+00  8.4559757673e+00  1.6705374580e+00  5.6610717506e+00  2.1162642204e+00  1.3775635719e+02  4.6654752643e-01  3.7335159275e+01  8.5739753283e+00  3.6070636094e+02  -1.4167162628e-01  1.1539219311e+00  
1.2499208450e+00  6.5795225470e+00  9.0100566307e+01  -4.9813974490e+00  1.1047922307e+01  9.0201030909e-01  1.4048601994e+00  -8.6711344526e-02  3.8299527794e+00  1.0566285870e+00  2.0454337017e+00  -1.3547348682e+00  5.0581221479e+00  6.2145322498e-01  9.7193268867e-01  -1.9306575789e-01  6.7924993658e-01  -2.3391023438e-01  1.2713481144e+00  -2.3573809998e-01  3.2088034614e-01  -8.6907576843e-01  1.0468551351e+01  -4.5445566853e-01  3.0389819257e+00  
1.3497369289e+00  5.6876874794e+00  7.3662317696e+00  -4.1040738050e+00  1.3572162037e+02  1.5261298448e+00  1.3401412111e+00  2.7194278231e-01  4.0838516825e-01  8.5410334551e-01  1.9372905621e+00  -1.5209896333e+01  1.3580096261e+02  5.9456799357e-01  1.5060405420e+00  5.2460495748e+00  7.2569947948e+01  1.0780831302e+01  7.9455694449e+02  -5.3269652372e+00  2.6463836354e+01  1.1914000551e+00  2.2742929301e+00  -5.2277123839e-02  9.0434359318e+00  
1.4496942759e+00  1.4258449635e+01  4.5161477890e+01  1.3788290656e+00  4.8347849612e+00  8.2012690967e-01  7.9521211529e-01  -4.0531738255e-01  5.1318056592e-01  1.4259238390e+00  1.4761403696e+00  -8.1590502071e-01  1.5000655886e+00  1.5033236541e+00  2.3337415593e+00  -3.3063176505e-01  1.2528467689e+00  -4.2592135020e+00  2.0182018802e+02  3.6772543375e-01  4.6658734983e+00  -9.4983773614e-01  1.2878131624e+00  2.6735937760e-01  1.2943132735e+00  
1.5497927666e+00  4.3611968880e+00  3.4028449407e+00  8.9290101247e-01  4.6490494122e-01  1.2203713442e+00  9.1614227172e-01  -1.3265511878e-02  7.4685025487e-01  7.4381272600e-01  2.5143508365e+00  4.6773116485e+00  6.7096116300e+01  9.7530677078e-02  8.6834051820e-01  -6.3525016639e+02  4.2329691019e+04  1.0779520580e-01  5.7009351529e-01  9.5774169045e-01  1.9829353933e+00  -2.4898653481e+00  4.4323083291e+00  2.0799861174e+00  3.8975235138e+00  
1.6496659517e+00  2.8398884187e+00  3.3805921948e+00  -4.1766110707e-01  1.6610052121e+00  1.6714074519e+00  1.4542683870e+00  4.8494519637e-02  5.1996015328e-01  -2.1887238886e-01  7.8789496721e-01  2.0539339233e+00  7.8955828541e+00  1.7685778029e+01  2.2344606163e+03  -1.4804985672e+01  4.5085398738e+02  -3.0946664824e+00  1.1348245381e+01  -2.5745818127e+00  1.0110375166e+02  2.0694520425e+00  1.4373063040e+01  9.4535466337e-02  5.6291834403e+00  
1.7497483492e+00  2.2052002386e+00  1.8344998961e+00  5.9106424427e-01  6.3393451229e+01  1.1483467170e+00  6.9958113465e-01  7.8434797261e-01  3.5985087422e+00  3.8754958763e+00  7.8631078698e+02  3.7675750475e+00  1.4880199555e+01  2.7656495601e-03  6.3065837061e-01  -1.0450112892e+01  1.0527711352e+02  -6.7396788942e-01  1.7139104082e+00  -4.5232261671e+00  1.2478515119e+02  1.2704177568e-01  1.5779426671e+01  7.1425346674e-01  1.9243620386e+00  
1.8495581150e+00  1.1256805173e+00  8.7440991174e-01  2.7733640732e-01  1.3800195064e+00  9.4809511713e-01  5.5710125216e-01  5.0441071709e-01  2.1712517822e+00  -1.0899370544e+01  8.4277737964e+02  -9.3115802686e-01  7.8546699530e+00  -1.6507166860e+00  1.8721367684e+00  -9.1770494509e+00  2.5714362523e+02  1.0127956239e-03  2.1977805762e+00  1.0094978382e+00  1.2452035609e+00  -3.1323970608e+00  3.8560124092e+01  2.0249492554e-01  1.1110143273e+00  
1.9495501518e+00  6.6273823279e-01  5.0771767412e-01  -9.8333869502e-02  1.7854160309e+01  4.4049423674e-01  4.0219827524e-01  4.6866212752e-01  7.7436631942e-01  -1.1357228673e-01  4.8547892360e-01  3.1161118351e+00  3.2286063004e+01  -2.7759762072e+00  5.3133592680e+01  1.3500299506e+00  1.0212270419e+00  1.1079465493e+00  7.9861734752e+01  -4.0567011180e+00  1.7587751722e+01  1.8046673538e+01  1.6905518863e+03  -1.1265097610e+00  1.1113610475e+00  
2.0494627953e+00  1.8961666639e-01  3.4178229396e-01  1.9677174636e+00  1.0594764867e+01  5.4764281825e-01  2.8122496531e-01  -8.0285017436e-01  8.3367298414e-01  7.4238508677e+00  2.7021730919e+02  -2.6760610864e+00  3.6056334384e+01  1.5839282880e+00  4.2352534666e+00  -3.0528971639e-01  5.4604164888e+00  -9.5861544758e-01  7.9860487582e+00  3.5513034340e+00  1.9668251317e+02  8.4715268132e-01  1.5441587024e+00  2.7532618954e+00  1.4546205238e+01  
2.1494560242e+00  1.0966576817e-01  2.0480809485e-01  8.4901429263e-02  1.6779976047e+00  2.5927387437e-01  2.6866858421e-01  3.6330913317e-01  5.8017610390e-01  2.7918376343e-01  3.4639596078e-01  7.9967216152e-01  8.2112741895e+00  -6.7988964127e-01  9.4250582614e-01  -8.7627314547e+00  4.2540423175e+01  -1.2513610640e+00  1.2231489868e+00  1.7581275078e+00  2.4573968797e+01  -1.9507368914e+00  2.1824002368e+00  -5.1901194720e-01  7.2267303815e+00  
2.2496576309e+00  -5.6824409993e-02  1.2431322464e-01  3.3056763460e-01  6.5032530519e-01  1.9845256899e-01  1.8126719911e-01  -3.7380124971e-01  5.5208464988e-01  -3.0874506032e-02  4.0932674879e-01  2.0444707381e+00  6.0263575674e+00  4.5224909156e-01  2.4252849998e+00  2.7812136823e+00  5.4350999401e+00  -2.6771505792e+00  2.8466698649e+00  -3.5804569867e-02  2.0597927411e+00  1.4208032988e-02  4.8084821996e-01  -1.1675198076e+00  1.0808897686e+00  
2.3493080139e+00  -1.7597250314e-01  1.1263810868e-01  -9.1327803120e-02  7.0482077374e-01  2.5768684878e-01  2.1860167493e-01  1.7965587102e-01  6.1826027581e-01  -6.4801947922e-01  1.0100851021e+00  2.4493782280e-01  1.1666323057e+00  4.4500310906e-02  5.6877973625e-01  4.4542225631e+00  6.9519652074e+01  -1.1171764448e+00  1.2067654946e+02  1.3390619147e+00  3.6886825286e+00  5.2044719289e-01  1.3086419492e+00  2.3188874748e-01  6.7443761241e+00  
2.4493322372e+00  -2.8964330650e-01  1.1497400789e-01  -9.8514637258e-02  5.8744758711e-01  9.3690003505e-02  1.9910297389e-01  -1.7989294527e-01  4.0482804369e-01  1.0941053756e-01  2.6010807823e-01  1.0815053667e+02  5.5062997768e+03  2.9562182624e-01  3.4835007236e-01  2.2706586566e-01  8.0268450985e+00  -4.3701393837e-01  3.8507789955e-01  4.6449053573e-01  1.0362580307e+00  1.0136556820e-01  5.0831619961e-01  9.2915371174e-01  2.4689219464e+00  
2.5492827892e+00  -3.3429519953e-01  1.4052049395e-01  -1.1137757213e-01  4.3018822463e-01  1.2538367352e-01  1.8586370388e-01  -4.4110779206e-01  3.4808350655e-01  1.7177321383e-02  3.5456184046e-01  -1.6250675532e-01  7.1320522845e-01  -2.6468509622e-01  2.9402791847e-01  7.6061681670e-01  2.0519599172e+02  -2.4618021390e-01  2.9719073058e-01  -5.8282573729e-01  4.9658144979e-01  7.5292853329e-02  2.0441854102e-01  -9.7914599728e-01  9.4248316108e-01  
2.6492810249e+00  -3.3014833931e-01  1.5447875143e-01  -9.0204394412e-02  3.0634120441e-01  1.1182382143e-01  1.6059981316e-01  -7.1278086851e-01  3.3161216220e-01  5.8084417978e-01  3.4924966061e-01  -1.0230442292e+00  2.1996328224e+00  5.9405982105e-02  2.6503746299e-01  9.2964149625e-01  1.1989595734e+00  -4.4546278605e-01  3.3104593955e-01  1.5439742725e+00  4.9792044287e+00  3.5129935634e-01  6.3393853648e-01  1.8669173048e+00  5.6699997069e+00  
2.7492318153e+00  -3.9683796012e-01  1.7618229411e-01  9.1977868216e-02  2.4998257292e-01  1.5208409359e-02  1.7810100249e-01  -2.1965673313e-01  4.7628464426e-01  4.0145550288e-02  2.9547599411e-01  5.3446192809e-01  4.0076363050e-01  -4.0807064746e-01  3.8096042005e-01  -1.2630670044e-01  2.0468981159e+00  1.0627281112e-01  4.0018860588e-01  3.2152574074e-02  3.0970880128e-01  -1.5800220417e-01  2.1078177167e-01  -3.2101834357e+00  7.4218226639e+01  
2.8492562771e+00  -4.3311155032e-01  1.7363452407e-01  -8.1437053542e-02  1.9078600670e-01  3.2556240462e-02  1.5732573452e-01  -1.5131520718e-01  3.2344260521e-01  2.8742330735e-01  3.8516419896e-01  -2.0272294784e-01  4.6127396544e-01  -8.7492128490e-02  2.1703225716e-01  -2.0217015127e-01  6.2780372411e-01  1.1375887522e+00  5.4088006353e-01  4.9022093522e-01  1.7027838884e+00  -4.6186600824e-01  5.8394602650e-01  -2.6234104745e-01  6.5856557649e-01  
2.9494125843e+00  -3.8503103747e-01  1.6471386278e-01  -1.5777805483e-01  1.6173179712e-01  8.0013901596e-02  1.7938101958e-01  -4.8496327525e-01  3.6441415847e-01  1.6507156093e-01  4.3999702541e-01  -9.6219031648e-01  9.3177740160e+00  6.5477894795e-01  3.7255841914e-01  1.7560302365e+00  1.3532118677e+00  -4.8418578765e-01  5.8976632394e-01  2.2792494624e-01  8.8322123227e-01  2.5468589940e-01  4.6858726221e-01  -1.4521989740e+00  2.7896803531e+00  
3.0489914417e+00  -4.1866287730e-01  1.7937289844e-01  -1.7359900010e-01  1.3321430950e-01  -1.1452318861e-01  1.9607702480e-01  -4.3339986325e-01  2.7190928390e-01  2.0972582706e-01  4.5845469366e-01  -4.0464844815e-02  4.0199918213e-01  -5.2509586453e-01  5.0395098535e-01  9.0708755227e-01  1.8004029508e+00  -1.8627960015e-01  2.7848898838e-01  1.2618736783e-01  5.2665340312e-01  1.7838717785e-01  4.0411757345e-01  -6.9643198399e+00  4.1166234415e+03  
3.1491808891e+00  -3.7220854766e-01  1.8738437009e-01  -1.6094692398e-01  1.6780942671e-01  -4.7860445934e-03  2.2152433549e-01  2.8068791503e-01  5.1543738111e-01  -2.9001187662e-01  3.8249794981e-01  -1.1332167536e-01  3.5815972346e-01  2.9424753270e-02  6.8481193325e-01  5.8674648741e-01  9.5154578606e-01  3.1216307328e-01  6.3915703361e-01  2.4519160613e+00  3.6605538214e+00  2.0610851367e-02  3.8658387862e-01  3.5373493392e-01  4.2816266153e-01  
3.2494227886e+00  -3.6349607535e-01  1.9687602116e-01  -2.1377870356e-01  1.9716494604e-01  2.4649936983e-01  3.2914453620e-01  -3.9551246905e-01  3.0179997787e-01  -1.1847552117e+00  7.7567022314e-01  -1.0141984015e-01  4.7426438209e-01  3.5743212560e-01  5.2784259643e-01  4.7312978216e-01  3.5313257254e-01  -3.8828587227e-01  4.5780443416e-01  -1.9252600672e-01  9.0895712822e-01  -6.6633361893e-01  5.6792338841e-01  -1.0138520463e+00  5.4221638980e+00  
3.3494737148e+00  -3.5364548687e-01  1.8915904022e-01  -2.0700633654e-01  2.8208943308e-01  -5.8346446745e-01  3.7630363839e-01  1.7011805055e-01  2.1464343385e-01  -1.2397178205e+00  1.2841658373e+00  6.5521574347e-01  7.7125857786e-01  -2.5820954620e-01  4.4560995283e-01  6.7338626056e-01  6.7214914599e-01  -2.7201182724e-01  5.6098550215e-01  8.2542842163e-01  2.1474502815e+00  -2.9332659560e-01  7.8899994371e-01  3.2203961258e-01  7.1343684115e-01  
3.4494385719e+00  -3.1520170213e-01  2.1745661174e-01  -1.9727682554e-01  2.6661289102e-01  -5.3920666803e-01  6.9557689106e-01  1.4754977786e-01  5.5777497378e-01  -3.1399312401e-01  5.3134850233e-01  -6.5368002842e-01  2.8549155204e+00  6.0196791801e-01  4.2340168454e-01  -8.1601725445e-02  2.6885915076e-01  9.1166535393e-01  6.1367826353e-01  -5.0777086142e-03  3.5493969293e-01  -1.5421322774e-01  4.1372257546e-01  -1.5019207531e-01  9.9594272683e-01  
3.5494091511e+00  -2.3575059767e-01  2.8960976124e-01  -1.3137225365e-01  4.7314042216e-01  -4.2715135708e-01  6.4930647454e-01  -1.9971665386e-01  3.7401835515e-01  -2.5481061514e-01  7.8096973670e-01  -8.7141604304e-01  1.1221778923e+00  -2.5104579526e-01  1.0894547359e+00  -3.0536563617e-01  2.1374271970e+00  -5.3522047703e-01  6.0278334503e-01  8.8929802114e+00  4.8986266388e+02  1.0536430368e-01  6.4786739995e-01  -3.4533515300e-01  5.2558154626e-01  
3.6490905285e+00  -4.6294493408e-02  3.4709588633e-01  1.3688354198e-01  5.5627752171e-01  -4.1589483007e-01  8.0336024654e-01  1.9882200968e-01  2.8359735522e-01  -1.0667627394e+00  1.1581852435e+00  4.5947841485e-01  9.7587654290e-01  2.1627577435e-01  3.8983848193e-01  -2.4963013033e-01  1.4605237653e-01  5.8165986815e-01  9.2692926977e-01  -2.4016691382e-01  4.1105697483e-01  -1.0980172333e-02  4.1067561992e-01  -2.8065583458e+00  3.4768512437e+01  
3.7493472099e+00  -3.1124493309e-01  4.8176777060e-01  7.2631908802e-02  6.6364315336e-01  -6.9524823352e-01  7.8744372164e-01  -7.0663857306e-01  4.8839896269e-01  -1.2154541513e+00  1.0307366120e+00  -5.1522932866e-01  4.4524645096e-01  -1.3019763446e+00  1.0584385222e+00  -2.0992386234e-01  7.3305138046e-01  8.4511030759e-01  1.0063787886e+00  -9.3533729928e+02  9.0522034726e+04  -2.1303293956e-02  5.0592068517e-01  -3.4123352048e-01  6.7277295620e-01  
3.8493249416e+00  -1.8454085662e-01  6.7472871295e-01  2.3123108074e-01  7.1301800314e-01  -1.1062603197e+00  1.3684633861e+00  2.5480739913e-01  7.1079482740e-01  -7.6427278881e-01  1.1923564856e+00  -3.5144280176e-01  7.9222403191e-01  5.3714413007e-01  6.5462371017e-01  -4.4206110909e-03  2.0322823760e-01  1.7328816221e+00  1.3264902297e+00  -1.0557492676e+00  8.9604605723e+01  -1.0951614666e+00  6.6365084573e-01  1.3928866312e+00  1.7905378823e+01  
3.9492518902e+00  2.6538541352e-01  8.4676070193e-01  3.6287157102e-01  4.8871081769e-01  -1.6386070582e+00  1.7448118199e+00  -3.0990265390e+00  3.7743833472e+00  -5.6094187013e-01  1.6236174746e+00  7.4088928175e-01  1.3238641758e+00  5.6279234396e-01  8.6468910886e-01  -3.9611946797e-01  2.6714849795e-01  5.9762130514e-01  4.8912157305e-01  -1.4028716364e+00  2.2235657681e+00  5.2192324867e-01  1.3779329295e+00  -3.8497091915e-01  1.2554571305e+00  
4.0494680405e+00  2.1841951875e-01  1.1210074923e+00  3.0248182438e-01  5.2938360431e-01  -1.7198735951e+00  6.1267650854e+00  4.4497898557e-01  6.9606053017e-01  1.0234909690e+00  7.0194128665e-01  -1.9731690991e-01  1.1715985495e+00  8.5296223637e-01  1.4668089782e+00  1.1884714657e+00  4.0893050758e+00  1.5623399445e+00  1.9331804266e+00  -3.7188018274e+00  1.1031514281e+01  -2.4740776868e+01  5.0689488662e+03  -1.6968904526e+00  5.7984260984e+00  
4.1494679451e+00  2.1329564516e-01  2.0541141877e+00  2.9439288064e-01  5.9875093764e-01  -8.9575297463e+00  1.2242474545e+01  -6.7528831961e-01  8.2509892123e-01  -1.6109052813e+00  1.8954302136e+00  3.1491122336e+00  9.0326955452e+00  3.1924325085e+00  2.6508055431e+02  -1.8100494532e-01  4.1082068219e+01  -1.2234564692e+00  2.7526253255e+00  2.7112608984e+00  2.4792946260e+01  -2.1837384340e+00  1.4057086060e+00  -4.2420867381e-01  3.7372194501e+00  
4.2489051819e+00  1.0214169610e+00  2.3734626737e+00  1.2446339190e+00  1.0118944879e+00  -2.0539245592e+01  6.3757608895e+01  8.4451734472e+00  9.3065077711e+02  8.8448228619e-01  3.3243200682e+00  7.6205901862e-02  6.9585798857e+00  -5.1174675225e+00  1.3566927675e+01  -8.4515367489e-01  4.7325203151e+00  2.4122075480e+00  2.5847940950e+01  -4.0149392330e-01  8.0704938657e-01  2.7162879019e+00  4.5320517542e+02  -1.8111487082e+00  7.3731257945e+00  
4.3486986160e+00  1.0654763500e+00  3.6421111260e+00  1.1433167988e+00  3.1579204591e+00  1.6298976583e+01  1.0506684579e+02  -5.4144976504e+00  2.1556622779e+01  -4.8394370594e-01  3.9070666015e+00  -3.8233474568e+00  1.5779675740e+03  1.6562723661e+01  2.1449820000e+03  7.3391570499e+00  9.0728993793e+02  6.1879284176e+00  1.8141953348e+01  8.7318402211e-01  2.6282063086e+00  8.6831283778e+00  2.0660725056e+01  4.5016100928e-02  2.2749878781e+00  
4.4490470886e+00  4.2924372001e+00  5.6974779350e+00  8.9211341158e+00  4.3531606119e+01  6.5868078253e+00  5.9274771062e+00  2.6098906209e-01  1.8836084494e+01  -4.9247899813e+00  2.0171863022e+01  -1.9419379662e+00  4.6619203720e+00  -1.0181571431e+01  3.9242619594e+02  -9.2645915685e-01  7.2146776203e+00  -1.6874643649e+01  5.5480886667e+02  8.3827189256e-01  2.1682027062e+00  6.5791355399e-01  2.0224547425e+00  8.9760271958e-01  3.4183521091e+01  
4.5482082367e+00  -7.6341654963e+00  3.5953795998e+01  2.3221951504e+00  1.3922226150e+01  -1.5522868383e+01  9.3363272229e+01  -1.5461774711e+00  8.8282319454e+00  -2.6595109032e+01  4.8551858211e+02  -2.9582746032e+01  2.3801043203e+03  -3.2246960017e-01  1.0970416942e+00  -6.1772342995e-01  8.6409246372e-01  2.0454191303e+00  3.2300170193e+00  -1.3286746414e+01  5.5457849808e+02  9.3738723344e+00  5.2596634265e+01  5.5028432485e-01  2.3926713025e+00  
4.6478776932e+00  1.9648704399e+01  2.2409425649e+02  1.1670019395e-01  1.0444174998e+00  9.3657707505e+00  9.4325934008e+00  1.1091585452e+00  1.9221680974e+01  1.1082844272e+00  4.0970751167e+00  9.2263932907e-02  1.0787113016e+00  1.1126664979e+01  4.1132605909e+02  2.1036333923e+00  2.8286388110e+02  3.6389268673e+00  1.6139625408e+01  4.5863781324e+00  1.7778604546e+01  -1.0638721327e+01  2.2819425416e+02  -3.2485773438e-01  1.0168279959e+00  
4.7481698990e+00  2.5603776806e+01  1.0055729661e+02  -1.3736839224e+00  3.4864817062e+00  7.0227624275e+01  1.2671836217e+03  5.2189716612e+00  2.0169579849e+01  -1.4819975172e+00  9.4042027459e+00  2.5071212789e+00  1.1891337902e+01  1.2065515077e+01  1.9186829469e+02  1.9852030952e+00  1.3625612855e+01  -2.9030344659e+00  3.2265817614e+00  2.1144668313e-01  1.2824924821e+00  8.8401186517e+00  8.1011173241e+01  6.0852021532e-02  9.6534581367e-01  
4.8473486900e+00  1.4591657020e+02  9.0654283727e+03  -2.0873163404e-01  8.4721447466e-01  1.2684732365e+02  4.4249597373e+03  3.6262477174e+01  3.6681440592e+03  -1.3825131106e+01  2.9059404342e+01  1.4677855089e-01  8.3128503142e-01  6.1049294522e-01  2.5168003331e+00  1.9630719249e+00  1.4413250843e+01  -6.4924864833e-01  1.4570960494e+00  1.3089613071e+00  5.5268836276e+00  -5.2190242971e+00  4.7626974625e+01  -2.6848192494e-01  1.1546245360e+00  
4.9473676682e+00  -5.5478235562e+00  8.3820479374e+00  -4.7899410374e-03  1.5215417520e+00  3.9244150118e+01  2.8943808750e+02  2.2444380315e+00  3.4282425427e+00  6.6900948350e+03  6.4131519706e+05  7.5371269429e-02  2.4361262164e+00  -2.8144153559e+00  1.4909164935e+01  4.5849072617e-01  3.1955651334e+01  -2.9871819057e+00  6.0704726182e+00  -2.0187164359e-01  1.1174900765e+00  -7.2963723366e-01  2.2488691285e+00  -1.4244394876e+00  6.2822481884e+00  
5.0462355614e+00  -1.6005435107e+01  2.0782842213e+01  -5.2932392237e+00  3.2038914680e+01  1.3482887086e+01  2.3553567588e+01  4.1790348864e+00  1.5993678782e+01  -1.6321588793e+00  4.2170942191e+00  -8.2364029891e-01  1.1160337612e+00  8.0535211977e-01  2.9858652899e+01  4.3357818279e-01  1.6570674157e+00  3.5057117965e+01  5.2659872138e+02  1.8459102513e+00  1.5351574176e+01  -4.1030157667e+00  8.9167357996e+00  -3.3906923404e-01  2.7143232362e+00  
5.1449208260e+00  8.3170855866e+00  1.3726559295e+01  -4.6397310847e+00  3.5503484453e+01  3.1909141342e+01  1.4628828937e+02  -3.7753955213e-01  9.7025395157e-01  -7.7378936185e+00  2.0122199354e+01  -4.9818944357e-01  1.0840934913e+00  1.5391405644e+00  2.0387825037e+00  1.5434562414e-01  1.4704551606e+00  5.3231627656e+00  2.8529278159e+01  1.8049864059e-01  2.1700258274e+00  -2.3065567469e-01  2.9652528038e+00  8.4877677350e-01  6.9570897920e-01  
5.2433991432e+00  -2.8063279528e+01  7.9018792357e+02  1.8042117928e+00  9.7551413188e+01  -4.3424503112e+00  3.2313502972e+00  -2.4028221559e-01  6.4737709237e-01  -1.4307101944e+00  2.6343101859e+00  -7.5601674059e-01  7.5823241596e+00  -1.1678493821e+01  1.5537366251e+02  -1.1188078910e+00  1.3182209152e+00  -1.6818141477e+01  2.0898857900e+03  2.9893180822e+00  2.6191322956e+00  9.5257221391e+00  2.0889424089e+02  8.3353246633e-01  2.5608733222e+00  
5.3398332596e+00  -4.8104336085e-01  1.0792731325e+01  -1.3486728172e+00  9.4544468549e+00  1.0514876186e+01  1.7956596594e+01  7.7133306424e-01  1.3156788655e+00  -1.7565506324e+00  4.8243509134e+01  3.1722160684e-02  1.2018494261e+00  2.9545755743e-01  1.0368779758e+00  6.1470300622e-01  8.4531831680e-01  3.1751389425e+00  1.6493188339e+01  6.5647382636e-03  1.6133321365e+00  6.5884144608e+00  9.0576245187e+00  -1.5386096425e-01  9.5780620990e-01  
5.4384808540e+00  -2.1869300955e+01  8.1797485241e+02  -4.1937754943e-01  2.3806381486e+00  1.2269817054e+02  5.3806574042e+03  -3.4203867097e-02  5.2041470188e+00  8.5578102928e+00  1.4222375253e+02  7.0071223614e-03  5.9886268478e-01  -4.3353581338e+00  7.0959874511e+00  -1.3672174221e+00  4.6363650010e+00  1.6855635979e+00  2.3636037394e+00  1.0466944270e+00  2.3993868999e+00  1.4170330051e+00  2.7860171285e+00  7.6615754299e+00  1.2706584461e+02  
5.5333600044e+00  5.7916278124e+00  2.6893779144e+01  -8.2025174474e+00  5.2139410916e+02  -2.8139505645e+00  7.0455834381e+00  1.5020975084e+00  5.1714755213e+00  1.2460307116e+00  2.6748952557e+00  1.4897594304e+00  1.1000388255e+00  1.2472144444e+00  2.9407014465e+00  2.7445796419e+00  1.0902227157e+01  -2.1592489172e+00  3.1975103075e+00  2.3237675682e-01  6.4694135900e-01  3.8578357860e+00  1.1130565892e+02  -5.7192906520e+00  2.7002935451e+01  
5.6288681030e+00  2.9135536617e+00  1.6142405867e+01  -2.7028690188e-01  2.0965508922e+00  -5.5804101633e+00  4.3329918234e+01  -2.5271448752e+00  2.7575585793e+02  4.2795023602e+00  4.7782051447e+00  5.2220475434e-01  2.0743506697e+01  1.4404108781e+00  5.0620023108e+00  7.2685569669e-01  1.1955640855e+02  -6.4962796157e+00  9.7036741556e+00  2.6446574436e+00  2.4872035563e+01  -3.2761416191e+00  2.5116974465e+01  -1.2612641225e-01  5.0739876799e+00  
5.7276172638e+00  -1.9132645684e+00  1.9040336178e+01  -1.3556131497e+00  1.0461965818e+00  -1.1105681289e+01  3.9186284817e+01  1.6463932748e-01  2.1148565879e+00  2.4921182064e+00  6.5813538308e+00  -2.9410756078e-01  9.9860977273e-01  8.8797911081e+00  8.3526124516e+02  -1.1108811041e-02  2.4796800555e-01  -5.0264336506e+00  8.5971124894e+01  1.8236456873e-01  1.4030122226e+00  1.5417909464e+01  2.9810230079e+02  1.0211362506e+00  6.0637318339e-01  
5.8239021301e+00  9.3225189032e-01  3.8937978626e+00  8.3513852382e+00  1.6839656820e+03  -1.6262648472e+01  2.0330629510e+02  -1.5856394666e+00  2.4337784528e+00  -1.5591622924e+00  1.7817448098e+01  -9.9203580651e+00  3.5739566253e+01  5.2312513123e+00  4.3197733233e+00  4.1862363289e-01  4.1705628461e+00  3.4663967180e+00  4.2457139343e+00  9.0304123513e-01  5.5562279297e+00  -2.6552460728e+00  4.7967742785e+00  -6.6000210388e-01  4.8552448940e-01  
5.9183039665e+00  -2.1681799582e+00  2.8594197987e+01  1.3667618737e+01  5.9106828649e+01  1.6420548129e+01  2.4921042410e+02  2.4896767386e+00  1.7761472287e+01  2.4813795129e+00  5.6105315991e+00  -1.3279337115e+00  1.2939170949e+00  2.1408046208e+00  3.3672769160e+00  3.9452974480e-01  1.5025466534e+00  2.8768998584e+00  5.8638390347e+00  -5.1781404144e-01  1.1964312416e+01  1.6482227364e+00  1.7755655980e+00  -8.5797308807e-02  1.0122149836e+00  
6.0153636932e+00  3.9546201016e-01  3.3265340941e+00  -3.9407592133e+00  3.2047509213e+01  3.3565017184e+00  1.5312026765e+02  -1.3351407306e+00  4.2141605040e+00  8.3365748177e+00  4.8781124135e+01  1.6406059667e+00  3.0426141946e+00  -2.6509245295e+00  2.5683358976e+00  -7.0807332920e-01  8.7473520777e-01  6.2158415996e+00  4.6834392750e+01  -4.5389386102e+01  5.8770213585e+02  -3.7412747088e-01  9.1439189781e-01  1.4827538351e-01  9.1141344199e-01  
6.1127395630e+00  -2.4580026308e+00  5.2685496348e+01  1.6366243854e+00  8.8211785570e+00  2.3238918153e+01  2.8246311556e+02  6.2753415111e-01  1.1990719662e+01  -1.2495206593e-01  1.1751765339e+00  5.5582632025e-01  2.8742173549e+00  -6.9420531184e+00  1.9727681734e+01  -3.6068445040e+00  9.7708575561e+00  4.1983750178e+00  2.0124625937e+01  -5.9441146527e-01  2.8718620767e+00  -6.6981630303e+00  1.7884500508e+01  1.4865652671e+01  5.2041200923e+02  
6.2096858025e+00  7.5377602207e-01  1.6569278892e+02  -4.7728512330e-01  2.9143614969e+00  2.5159153147e+00  5.6691027724e+00  -5.0775099540e-01  6.1965198770e-01  2.3235220323e+01  1.3393233342e+02  -4.7947086153e-01  1.9022834460e+00  -1.2653788681e+00  2.9904769153e+00  9.0501365494e-02  4.9362633872e-01  -4.0969782672e+00  3.8938964835e+00  -5.3500892589e-01  6.6096884525e-01  -1.0156768010e+01  6.8065387434e+01  -1.4007722435e+00  1.8187476762e+00  
6.3085136414e+00  -1.3749346330e+01  6.0801412187e+01  -4.0385171922e+00  2.6459524939e+01  -7.0269654266e+00  2.3542465129e+01  6.9335532462e-01  9.8941008340e+00  7.0898901376e+00  2.6407235056e+01  -1.4487650576e+00  2.2830197455e+01  9.5406708114e-01  3.5569549391e+00  -9.3582782635e-01  1.5655709910e+00  -4.5668254840e+00  4.6221734904e+00  9.5507332637e-01  9.5357174192e-01  -2.1806152956e+00  1.2161115657e+01  3.7549369590e+00  4.0412483555e+01  
6.4045777321e+00  1.5931731240e+01  1.3423632662e+02  -1.1363874945e+00  1.4361895364e+01  -2.1384980891e+00  5.9681172168e+00  2.9561660580e+00  3.5155992115e+01  -6.2663480400e+00  3.5961434607e+01  1.1376672873e+00  2.4858568832e+00  -6.2182602116e-01  9.0105773439e+00  1.4364005319e+00  1.1081826270e+00  1.3301710392e+00  4.2129858883e+01  -2.3398229371e+00  2.7103377494e+01  -2.0664352909e+00  2.7638202376e+00  8.4746758175e-01  1.3509993034e+00  
6.5039610863e+00  1.4756111531e+01  1.4824677482e+02  -2.6287195390e-01  1.4507061960e+00  2.2451010481e+01  3.4503413197e+01  -9.9662525828e-01  1.3755166347e+00  2.3196806008e+00  1.0505056391e+01  -2.1987679694e-01  4.0337555154e-01  4.6029975774e+01  6.4005217015e+02  -7.8096152166e+01  2.2015358332e+02  -1.8076912962e+00  2.7331918164e+00  -2.8941303335e+00  5.2253117755e+00  -1.1354914179e+01  7.1621786478e+01  -2.0873600426e-01  1.7226416801e+00  
6.6029214859e+00  2.6689294966e+01  9.7163662434e+02  -8.7832835892e-01  6.8197832359e-02  -1.0910079757e+00  2.0904189349e+01  -2.7095186671e+00  1.0701566262e+01  -3.0772839262e+00  5.9589691251e+00  -5.0639175448e-01  1.8355482012e+00  -1.4179814809e+01  4.7480761173e+02  -5.5470600702e-01  8.0809310184e-01  1.1110937661e+01  1.2873734948e+01  -4.1142482485e+00  5.9910794037e+00  -3.4752386677e-01  1.0489352199e+01  9.2824704615e-01  5.9687578007e-02  
6.7012658119e+00  -2.7446838158e+01  3.0325497329e+02  -1.7299585006e-01  1.0067058810e+00  -1.6153113699e+01  1.9568909145e+02  -4.0115748998e-01  2.7937029994e-01  7.2753456330e+00  5.4236710493e+01  -1.1771099404e+00  7.4099494670e-01  8.7542817043e+00  1.9731243975e+01  3.2500255798e-01  4.9062358190e+00  1.3190665081e+01  1.1518420272e+02  8.6377108872e-01  6.6510593245e-01  3.0506559294e+00  6.2725801858e+00  -1.6402737587e+00  3.5137916736e+00  
6.8020319939e+00  8.3566357219e+01  9.5994670434e+02  -2.1909792718e-01  1.0400457011e+00  -1.3487491156e+01  4.7419605760e+01  -1.9700507855e+00  8.6625469004e-01  -2.0673854736e+01  3.5266201612e+01  6.5665793454e-01  1.8763203853e+00  8.2101073554e+01  2.7514531456e+02  5.9320483975e+00  1.8708207769e+01  -7.1253553549e+00  8.2563600336e+00  2.3828669870e-01  9.8616904001e-01  -2.7079251803e+01  1.5442605642e+02  2.0028857199e+00  3.6757142631e+00  
6.9008717537e+00  2.5862393039e+01  3.6578599096e+02  -5.0653348953e-01  5.0653348953e-01  -7.2440337083e+01  4.6259543701e+02  -2.5270138584e+00  2.5270138584e+00  1.1803737359e+01  3.8470143004e+01  8.7958176016e-01  8.7958176016e-01  1.7430353431e+02  3.0644407161e+02  1.1147828283e+00  1.1147828283e+00  -2.1862485334e+01  5.1301863877e+01  8.3799489143e-01  8.3799489143e-01  3.0237217645e+01  1.1985977705e+02  1.2279832688e+00  1.2279832688e+00  
