#y  dN/dy  dN/dy_err  vn{2}(y)  vn{2}(y)_err  Re{vn}(y)  Re{vn}(y)_err
-7.0000000000e+00  0.0000000000e+00  0.0000000000e+00  0.0000000000e+00  0.0000000000e+00  0.0000000000e+00  0.0000000000e+00  0.0000000000e+00  0.0000000000e+00  0.0000000000e+00  0.0000000000e+00  0.0000000000e+00  0.0000000000e+00  0.0000000000e+00  0.0000000000e+00  0.0000000000e+00  0.0000000000e+00  0.0000000000e+00  0.0000000000e+00  0.0000000000e+00  0.0000000000e+00  0.0000000000e+00  0.0000000000e+00  0.0000000000e+00  0.0000000000e+00  0.0000000000e+00  0.0000000000e+00  
-6.9000134468e+00  0.0000000000e+00  0.0000000000e+00  0.0000000000e+00  0.0000000000e+00  0.0000000000e+00  0.0000000000e+00  0.0000000000e+00  0.0000000000e+00  0.0000000000e+00  0.0000000000e+00  0.0000000000e+00  0.0000000000e+00  0.0000000000e+00  0.0000000000e+00  0.0000000000e+00  0.0000000000e+00  0.0000000000e+00  0.0000000000e+00  0.0000000000e+00  0.0000000000e+00  0.0000000000e+00  0.0000000000e+00  0.0000000000e+00  0.0000000000e+00  0.0000000000e+00  0.0000000000e+00  
-6.8000054359e+00  0.0000000000e+00  0.0000000000e+00  0.0000000000e+00  0.0000000000e+00  0.0000000000e+00  0.0000000000e+00  0.0000000000e+00  0.0000000000e+00  0.0000000000e+00  0.0000000000e+00  0.0000000000e+00  0.0000000000e+00  0.0000000000e+00  0.0000000000e+00  0.0000000000e+00  0.0000000000e+00  0.0000000000e+00  0.0000000000e+00  0.0000000000e+00  0.0000000000e+00  0.0000000000e+00  0.0000000000e+00  0.0000000000e+00  0.0000000000e+00  0.0000000000e+00  0.0000000000e+00  
-6.6999955177e+00  0.0000000000e+00  0.0000000000e+00  0.0000000000e+00  0.0000000000e+00  0.0000000000e+00  0.0000000000e+00  0.0000000000e+00  0.0000000000e+00  0.0000000000e+00  0.0000000000e+00  0.0000000000e+00  0.0000000000e+00  0.0000000000e+00  0.0000000000e+00  0.0000000000e+00  0.0000000000e+00  0.0000000000e+00  0.0000000000e+00  0.0000000000e+00  0.0000000000e+00  0.0000000000e+00  0.0000000000e+00  0.0000000000e+00  0.0000000000e+00  0.0000000000e+00  0.0000000000e+00  
-6.5997543335e+00  3.5893754102e-05  3.5803430364e-05  0.0000000000e+00  0.0000000000e+00  0.0000000000e+00  0.0000000000e+00  0.0000000000e+00  0.0000000000e+00  0.0000000000e+00  0.0000000000e+00  0.0000000000e+00  0.0000000000e+00  0.0000000000e+00  0.0000000000e+00  0.0000000000e+00  0.0000000000e+00  0.0000000000e+00  0.0000000000e+00  0.0000000000e+00  0.0000000000e+00  0.0000000000e+00  0.0000000000e+00  0.0000000000e+00  0.0000000000e+00  0.0000000000e+00  0.0000000000e+00  
-6.5000000000e+00  0.0000000000e+00  0.0000000000e+00  0.0000000000e+00  0.0000000000e+00  0.0000000000e+00  0.0000000000e+00  0.0000000000e+00  0.0000000000e+00  0.0000000000e+00  0.0000000000e+00  0.0000000000e+00  0.0000000000e+00  0.0000000000e+00  0.0000000000e+00  0.0000000000e+00  0.0000000000e+00  0.0000000000e+00  0.0000000000e+00  0.0000000000e+00  0.0000000000e+00  0.0000000000e+00  0.0000000000e+00  0.0000000000e+00  0.0000000000e+00  0.0000000000e+00  0.0000000000e+00  
-6.4000129700e+00  0.0000000000e+00  0.0000000000e+00  0.0000000000e+00  0.0000000000e+00  0.0000000000e+00  0.0000000000e+00  0.0000000000e+00  0.0000000000e+00  0.0000000000e+00  0.0000000000e+00  0.0000000000e+00  0.0000000000e+00  0.0000000000e+00  0.0000000000e+00  0.0000000000e+00  0.0000000000e+00  0.0000000000e+00  0.0000000000e+00  0.0000000000e+00  0.0000000000e+00  0.0000000000e+00  0.0000000000e+00  0.0000000000e+00  0.0000000000e+00  0.0000000000e+00  0.0000000000e+00  
-6.3000020981e+00  0.0000000000e+00  0.0000000000e+00  0.0000000000e+00  0.0000000000e+00  0.0000000000e+00  0.0000000000e+00  0.0000000000e+00  0.0000000000e+00  0.0000000000e+00  0.0000000000e+00  0.0000000000e+00  0.0000000000e+00  0.0000000000e+00  0.0000000000e+00  0.0000000000e+00  0.0000000000e+00  0.0000000000e+00  0.0000000000e+00  0.0000000000e+00  0.0000000000e+00  0.0000000000e+00  0.0000000000e+00  0.0000000000e+00  0.0000000000e+00  0.0000000000e+00  0.0000000000e+00  
-6.1999988556e+00  0.0000000000e+00  0.0000000000e+00  0.0000000000e+00  0.0000000000e+00  0.0000000000e+00  0.0000000000e+00  0.0000000000e+00  0.0000000000e+00  0.0000000000e+00  0.0000000000e+00  0.0000000000e+00  0.0000000000e+00  0.0000000000e+00  0.0000000000e+00  0.0000000000e+00  0.0000000000e+00  0.0000000000e+00  0.0000000000e+00  0.0000000000e+00  0.0000000000e+00  0.0000000000e+00  0.0000000000e+00  0.0000000000e+00  0.0000000000e+00  0.0000000000e+00  0.0000000000e+00  
-6.0996546745e+00  7.7769807831e-05  5.4877738876e-05  -3.8960007747e-01  1.8729425508e-01  -3.6563740105e-01  6.6335793815e-01  -4.0788649105e-01  2.0202320525e-01  -3.7771292428e-01  1.6781976483e-01  -1.2856266956e-01  1.0671995170e-01  -9.3493242088e-02  1.0733689843e-01  -3.9492209563e-01  8.3437373670e-01  -1.4769122405e-01  1.1196632643e-01  4.5809859786e-01  7.1385924099e-01  5.3693594495e-02  9.5268021210e-01  4.5820991058e-01  1.0113006190e-01  4.5395293832e-01  3.8133296449e-01  
-6.0000000000e+00  0.0000000000e+00  0.0000000000e+00  0.0000000000e+00  0.0000000000e+00  0.0000000000e+00  0.0000000000e+00  0.0000000000e+00  0.0000000000e+00  0.0000000000e+00  0.0000000000e+00  0.0000000000e+00  0.0000000000e+00  0.0000000000e+00  0.0000000000e+00  0.0000000000e+00  0.0000000000e+00  0.0000000000e+00  0.0000000000e+00  0.0000000000e+00  0.0000000000e+00  0.0000000000e+00  0.0000000000e+00  0.0000000000e+00  0.0000000000e+00  0.0000000000e+00  0.0000000000e+00  
-5.8998217583e+00  3.3500837162e-05  3.3416446968e-05  4.8630217343e-02  4.8677752262e-02  -2.5067418679e-01  2.5082730295e-01  8.5323531783e-01  8.5340782135e-01  8.9991560893e-01  9.0012421984e-01  2.4874758204e-01  2.4892450702e-01  1.6901670411e-01  1.6911888582e-01  1.5818227014e+00  1.5827200744e+00  2.0089882247e+00  2.0102446500e+00  -6.5270299558e-01  6.5323608423e-01  -4.6341098912e-01  4.6365471604e-01  -2.3380693307e-01  2.3399241601e-01  -9.7638969296e-01  9.7695395325e-01  
-5.7997131348e+00  1.1515913502e-04  8.9074077550e-05  -4.4098859067e-01  2.5768514595e-01  -8.8912808446e-01  6.8042753499e-01  -9.6105622496e-01  3.0081139635e-01  -9.5999065206e-01  4.2054823194e-01  7.8998875116e-02  3.1865704746e-01  1.3034267709e-01  4.6391275217e-01  7.4672405669e-02  3.7264634842e-01  -3.3902766552e-01  4.7310276033e-01  -9.5643338906e-01  6.1822210434e-01  -1.0943785409e+00  1.8620764208e-01  -5.9470149680e-01  1.8925644974e-01  -3.3557193872e-01  1.1689130263e+00  
-5.6994900703e+00  1.9569000870e-04  1.0514845781e-04  -6.0766228345e-01  1.6026122644e-01  -9.0247145100e-01  1.6609419073e-01  -6.9801049256e-01  3.0870686692e-01  -6.9091789507e-01  3.4058884130e-01  2.0458494668e-01  2.1392981532e-01  4.8931213536e-02  2.1202431270e-01  -2.1909887355e-02  2.4791172074e-01  -1.2523970669e-01  1.9827348017e-01  2.6866286202e-01  3.4942302062e-01  4.4486484508e-01  3.0751042979e-01  5.6741954948e-01  4.8856652672e-01  -1.1573269012e-01  2.5864068711e-01  
-5.5994615555e+00  1.8844223814e-04  1.0277341062e-04  -4.9972646109e-01  7.4944753079e-01  -1.2229250349e-01  7.9112027316e-01  -3.7725510999e-01  9.0277855172e-01  -4.1450053199e-01  9.1296600983e-01  2.8520681664e-01  3.4090594042e-01  1.2371512572e-01  2.4824875819e-01  2.1885848262e-01  3.7619316198e-01  1.1083401425e-01  3.6036269409e-01  5.1440470055e-01  9.0345350440e-01  4.5315745832e-01  8.1496822467e-01  6.1711216227e-01  2.2912348170e-01  -6.4182254827e-02  1.2778007624e-01  
-5.4995689392e+00  1.9695548690e-04  1.1867845024e-04  -2.1222425688e-01  2.8800535313e-01  -2.8726162915e-01  5.0712922831e-01  -7.2221587681e-01  4.7916758742e-01  -7.1939369692e-01  5.2386984830e-01  -2.5229216090e-02  1.4452592162e-01  -8.3306528553e-02  1.9217433837e-01  -1.9619192505e-01  4.8335903673e-01  5.4019167615e-01  2.8626309962e-02  3.8922332107e-01  4.7204621812e-01  4.0658886880e-01  4.7615028787e-01  -3.5825287682e-01  2.7430099901e-01  -1.6183526543e-02  1.6373852121e-02  
-5.3991165161e+00  3.4688951564e-04  1.3900861086e-04  5.1731598662e-01  4.0909347232e-01  2.8027142172e-01  3.4214516848e-01  2.5812118478e-02  4.4925945424e-01  3.3728694028e-02  4.6298045589e-01  -6.5600482066e-02  2.8522713097e-01  -6.1699626883e-02  2.7347787723e-01  -7.7515357708e-02  2.0998012481e-01  3.9186880270e-01  1.9532222588e-01  3.0527253516e-01  3.8145568667e-01  3.7443153470e-01  3.8153917358e-01  3.5884418305e-01  2.5939427374e-01  -2.2779299813e-01  1.1606544271e-01  
-5.2992324829e+00  3.1381996814e-04  1.4611666847e-04  1.2136573049e-01  5.2218067348e-01  1.5415687313e-01  4.4428126599e-01  4.4497867658e-03  2.4043680290e-01  1.9761284331e-02  2.2910814338e-01  -1.7012456406e-01  1.9556925080e-01  -1.4450472676e-01  1.7575515965e-01  9.2791817521e-02  2.5897880854e-01  1.7361516389e-01  1.7572621957e-01  -6.5688315011e-02  4.4790912449e-01  2.0077672260e-01  2.7878724362e-01  -6.2070784335e-02  1.7540923754e-01  8.5592418151e-03  2.1702519073e-01  
-5.1978917122e+00  5.1168724895e-04  1.5465541219e-04  -1.6740998897e-01  4.7542293645e-01  -5.0851717479e-02  3.4430945176e-01  6.9361399080e-02  2.9265426342e-01  7.5671033880e-02  2.9934697885e-01  -2.7639194469e-03  1.2544649737e-01  2.2786973714e-02  1.6957197201e-01  -1.5067096792e-01  1.7887136416e-01  -1.5721143430e-01  1.6696574542e-01  -1.3761167278e-01  2.7655380962e-01  1.2949284540e-01  2.2981101487e-01  6.9531474562e-02  2.1563283920e-01  2.5183588856e-02  2.1088677080e-01  
-5.0988483429e+00  4.2847290752e-04  1.3477388711e-04  4.5563531832e-02  2.4980593252e-01  -6.6518920153e-02  2.3743003854e-01  -4.3920936072e-01  2.0960692761e-01  -4.1257302545e-01  2.2311332069e-01  6.0186298602e-02  1.6580627383e-01  8.2377980636e-02  1.4682351469e-01  -7.9675729665e-02  1.2056405709e-01  -2.0353597790e-01  1.8590259737e-01  2.8463438071e-01  1.0189987180e-01  2.5029299053e-01  1.1729505266e-01  1.2796351201e-01  2.5368047156e-01  1.2162054328e-01  1.9812845479e-01  
-4.9973788261e+00  8.7445956888e-04  2.0840298384e-04  -2.1251323990e-01  2.1460150093e-01  -3.2880892631e-01  2.5300358623e-01  -2.1109940175e-01  2.2337367894e-01  -2.1086611035e-01  2.3169981663e-01  4.3956746640e-02  1.8095053233e-01  2.5816045842e-02  1.7543328167e-01  -2.0930272056e-01  1.6367711263e-01  -7.4118883470e-02  1.8453505413e-01  4.6217335963e-01  1.4199182249e-01  4.7387445557e-01  1.6714400954e-01  -9.1241912884e-03  2.2025709745e-01  -2.0250459450e-01  1.4110171921e-01  
-4.8976745605e+00  7.1614538319e-04  1.6264991427e-04  5.8500221884e-03  1.6387512066e-01  -1.5890163292e-01  1.6517558528e-01  1.2289119392e-01  1.7677300517e-01  1.5049105564e-01  1.7531138852e-01  1.9726219350e-01  1.6792920257e-01  1.4818496845e-01  1.8540867863e-01  -1.1362145712e-01  1.5482943675e-01  4.6044696176e-02  1.5844725030e-01  5.6097506269e-02  1.4282108922e-01  -8.7515331477e-02  1.4585901477e-01  1.5843279995e-01  1.8896926794e-01  1.7909335536e-01  1.9448054725e-01  
-4.7953367233e+00  1.2006961042e-03  2.1624613146e-04  2.4889961050e-01  1.7963021091e-01  2.0471284486e-01  1.4305149179e-01  -1.2866002482e-01  1.5636008763e-01  -1.3359810786e-01  1.5988492220e-01  3.6747300850e-02  1.5165711246e-01  -4.1780644032e-02  1.5175072942e-01  1.1541437728e-01  1.2586981990e-01  1.0123508580e-01  1.3825312718e-01  -3.0150253991e-02  1.3779908794e-01  2.2153005706e-02  1.1878342799e-01  4.2861396192e-02  1.2619019476e-01  1.5467650657e-01  1.5406227111e-01  
-4.6946821213e+00  1.6211903421e-03  2.7422260609e-04  -4.0172148023e-02  1.3053645372e-01  -5.9726153905e-03  1.1681619152e-01  4.1437659867e-02  1.0625073568e-01  2.0088127572e-02  1.0332716016e-01  -1.3911447700e-01  1.1923927595e-01  -1.5999700275e-01  1.1573556821e-01  1.8847479682e-01  1.1690851886e-01  2.4233768513e-01  9.4048576971e-02  1.1501876428e-01  1.5572682807e-01  4.3435412679e-02  1.6334379371e-01  8.6106755289e-02  1.0973376989e-01  1.7735258456e-01  1.1134534967e-01  
-4.5878558159e+00  4.1639679112e-03  4.5576327830e-04  2.4419631442e-02  1.1690376587e-01  5.3495491766e-02  1.0806775303e-01  4.1987230496e-02  7.5368350738e-02  5.0064023631e-02  7.5958868939e-02  3.8401455118e-02  8.2921923541e-02  4.1107922587e-02  8.7624313551e-02  -1.3487815963e-02  7.8140375983e-02  -4.1789282694e-02  7.3109542328e-02  5.8685133486e-02  7.5383655808e-02  1.7553647510e-02  6.7221121331e-02  1.2321092222e-01  7.4163555488e-02  6.6591549590e-02  8.1656542811e-02  
-4.4829339981e+00  5.8123003691e-03  4.9050390953e-04  -1.1751330898e-01  6.8286531066e-02  -1.2535590592e-01  5.8990651009e-02  -1.8439404111e-02  6.7019573186e-02  -1.7473053407e-02  6.6479971787e-02  6.5669166912e-04  5.4282573346e-02  -2.2399888854e-02  5.6315149892e-02  -5.6367668673e-03  6.0225214219e-02  1.1616989582e-03  5.4815899026e-02  4.5386536861e-02  7.3149091722e-02  3.0727168091e-02  5.9034545270e-02  8.7649674384e-02  5.5135227369e-02  5.8904213765e-02  5.6578598365e-02  
-4.3753080368e+00  1.0741525330e-02  7.3778507067e-04  3.7846479921e-02  4.2478158173e-02  2.4445728432e-02  4.5433423028e-02  9.5694178842e-03  4.1256153799e-02  3.5025475925e-03  4.1596205332e-02  -4.1795335542e-02  4.1755097122e-02  -3.6377037094e-02  4.5502262761e-02  -5.7400874288e-02  4.4747323286e-02  -1.4450908730e-02  4.3306469105e-02  1.3405515437e-02  5.4535875333e-02  -4.4509980766e-03  5.8329584232e-02  -9.4950147668e-03  5.2030860650e-02  -1.9208497569e-02  4.8108228285e-02  
-4.2650113106e+00  1.8194045871e-02  8.7464693934e-04  4.3704090705e-02  4.3177016842e-02  3.5159339408e-02  4.1636523254e-02  -1.0646058476e-02  3.5713998160e-02  -9.3732652314e-03  3.6462364027e-02  2.7209066809e-02  3.3358395134e-02  2.9060812770e-02  3.5488775763e-02  7.1481825911e-03  3.8301006578e-02  1.9796627190e-02  3.8474045374e-02  6.2543364850e-02  3.3513039924e-02  8.5030421989e-02  3.4031987201e-02  5.8979089386e-02  4.1417626979e-02  6.1784121372e-02  3.7767437012e-02  
-4.1593475342e+00  2.7648584917e-02  1.1804419337e-03  -3.2121496444e-02  2.9694354200e-02  -6.8324297742e-03  3.1304445416e-02  1.2705835549e-02  2.8608733306e-02  1.4877134557e-02  2.8991765079e-02  2.2596185723e-02  2.8203740286e-02  1.9128279620e-02  2.8826658881e-02  -5.0129079606e-03  2.8140745104e-02  -1.1101887826e-02  2.9394558899e-02  -3.4314886793e-02  2.8197878754e-02  -4.4081512352e-02  2.8912787649e-02  -1.9052273861e-02  2.9755728179e-02  8.1642541529e-03  2.7029590396e-02  
-4.0549945831e+00  5.0860017538e-02  1.7745131627e-03  -5.3922476614e-04  2.2346358193e-02  -1.4632171502e-02  2.0976862253e-02  -7.5017183015e-03  2.0657594466e-02  -7.2528539382e-03  2.0458117910e-02  3.8367773944e-02  2.1017642342e-02  4.1476389665e-02  2.0377039608e-02  -6.0116143345e-02  2.1246123718e-02  -3.1652352160e-02  2.2370611405e-02  -3.6519319980e-02  2.0689675935e-02  -1.3470924864e-02  2.3532793257e-02  -4.3974609587e-02  2.0601352041e-02  -1.3906231262e-02  1.9432286476e-02  
-3.9504406452e+00  8.1061072648e-02  2.2775435355e-03  -1.4518008787e-02  1.7621393996e-02  -8.2149134362e-03  1.8394416033e-02  -1.8514599923e-02  1.6867587719e-02  -1.7353396526e-02  1.6653879912e-02  2.4344557185e-02  1.5181324390e-02  2.8713344264e-02  1.5948824982e-02  -1.6387521453e-02  1.6503366166e-02  8.1149585112e-04  1.5442433569e-02  -5.1926465236e-03  1.6582601362e-02  3.1829950880e-03  1.6853839390e-02  1.9402683689e-02  1.8663652075e-02  9.7924898959e-03  1.7513792779e-02  
-3.8494679928e+00  1.3122826815e-01  3.2331659459e-03  8.1845671406e-03  1.1877592370e-02  4.1330775807e-03  1.4108536318e-02  2.0013967239e-03  1.2911079830e-02  2.2634576638e-03  1.2894874136e-02  2.0458378656e-02  1.1873518668e-02  1.3087435022e-02  1.2295784401e-02  -1.2318907025e-02  1.3691561571e-02  9.1587822838e-04  1.4759398686e-02  1.1844475173e-02  1.2699874629e-02  4.9664544269e-03  1.3142181943e-02  -9.8429308460e-03  1.3071388005e-02  8.8584964722e-04  1.3259969801e-02  
-3.7482192516e+00  2.0416961610e-01  4.7302669846e-03  -2.1163753024e-03  1.1548779264e-02  -1.1965226672e-02  1.2029902167e-02  7.4624571523e-03  9.4991392399e-03  6.5354470880e-03  9.3799242482e-03  1.2095528014e-02  9.8634883841e-03  1.3634292058e-02  1.0357038902e-02  6.5122020136e-03  1.0017395756e-02  3.3702226835e-03  1.0586139803e-02  8.1168481158e-04  1.1350825121e-02  -3.4048546924e-03  1.0134183438e-02  -2.6115527021e-02  1.1054171800e-02  -1.0121587114e-02  1.1894668044e-02  
-3.6482155323e+00  3.1751263142e-01  6.2806606293e-03  4.0997862096e-03  7.4318039890e-03  3.1662974413e-03  7.7750454561e-03  -1.9518835854e-02  8.4500485612e-03  -1.8997405249e-02  8.4952404422e-03  -1.3793487495e-02  9.5925406811e-03  -1.4669478567e-02  9.4470083763e-03  -4.0387836304e-03  8.0551475838e-03  8.0862109334e-03  7.8324743151e-03  -1.2809033515e-02  8.7877395736e-03  -8.6099670816e-03  9.3429041313e-03  1.1485899981e-02  9.5164845652e-03  8.3828802904e-03  9.1194951692e-03  
-3.5472991467e+00  4.7316482663e-01  8.8987853378e-03  -2.6755782275e-03  5.9749282820e-03  -4.4615121041e-03  6.4370068840e-03  -1.7952040924e-02  6.4219934166e-03  -1.7442665105e-02  6.3880369136e-03  -6.1174952647e-03  7.2358498563e-03  -6.4970237488e-03  7.4766518376e-03  8.7244357029e-03  7.1720905286e-03  3.7500445863e-03  7.3279947520e-03  -8.6483486235e-03  7.0310307847e-03  -5.9884896652e-04  6.2033732508e-03  2.7216445270e-03  7.2532492563e-03  1.1252990334e-02  6.5065372458e-03  
-3.4476857185e+00  6.6620522738e-01  1.1736528948e-02  1.0296989443e-03  5.3153738131e-03  -4.7677836823e-03  5.9617321454e-03  -8.2523698645e-04  6.6054808313e-03  -1.2633818100e-03  6.5378975367e-03  -2.9114715588e-03  6.3720244310e-03  -9.2302764985e-04  6.2376366574e-03  2.6644181154e-03  5.5907818534e-03  2.4226514594e-03  6.0387754112e-03  4.9036430024e-03  6.0856953470e-03  9.2212995772e-03  6.1116559567e-03  1.1748358277e-03  5.8564989099e-03  -1.0507886261e-02  5.3308357712e-03  
-3.3477697372e+00  9.3859761953e-01  1.4985118061e-02  7.5511452531e-03  5.7548285510e-03  8.6304618130e-03  5.2238753088e-03  9.9498533833e-04  4.7305634023e-03  4.3760393860e-04  4.7133957742e-03  2.8364178871e-03  4.9264560354e-03  4.2846916342e-03  4.9348085598e-03  -2.7992280929e-03  4.2102489034e-03  4.4011510464e-03  4.4550800040e-03  7.0080109942e-03  4.8915827462e-03  1.0445863916e-02  4.5007901726e-03  -4.1406373505e-03  4.8130239719e-03  -4.1327859759e-03  4.6969784089e-03  
-3.2478103638e+00  1.2719460726e+00  1.8996026367e-02  8.3451826281e-04  4.5719189702e-03  -4.9357011975e-03  5.2318698853e-03  -5.5068864969e-03  4.0741731504e-03  -5.9297148854e-03  4.0145985855e-03  4.4423719007e-03  4.1505794184e-03  3.4031578440e-03  4.1942100733e-03  -6.7540407789e-03  3.8802627755e-03  -6.6956819934e-03  4.0881155395e-03  -4.3691185961e-03  3.7603552416e-03  -1.6790893164e-03  3.5992716504e-03  -5.4522672780e-03  3.8095101401e-03  -6.2346250315e-03  3.7072688611e-03  
-3.1479258537e+00  1.6671794653e+00  2.3054560646e-02  4.6836663922e-03  3.9323585940e-03  -1.3379533271e-03  4.1792838462e-03  1.1134270214e-02  4.0116830072e-03  1.1643621799e-02  4.0253926316e-03  -4.7440879028e-03  3.0934912620e-03  -6.4128376380e-03  3.0733862833e-03  -1.6739478662e-03  3.3756576280e-03  -7.3253346658e-04  3.2207486409e-03  9.0986172155e-04  3.4520034219e-03  3.3805236810e-03  3.5719929065e-03  -5.2271459401e-03  3.6711855322e-03  -2.8471863354e-03  3.4343161621e-03  
-3.0482122898e+00  2.1072502136e+00  2.8339479119e-02  5.0606906552e-03  3.5712537412e-03  6.3530018123e-03  3.2983717274e-03  5.6962697701e-03  3.1322824154e-03  5.2735340271e-03  3.1390917099e-03  -4.4829033523e-04  2.8849486562e-03  -1.4019607448e-03  2.9572794837e-03  -2.6755687598e-03  2.9892588296e-03  -7.2877684206e-04  3.0996382849e-03  -2.3679006078e-03  3.3895735675e-03  -4.4990511595e-03  3.0797527134e-03  3.2596415056e-03  2.9849829839e-03  3.3597551033e-03  3.1149338999e-03  
-2.9485287666e+00  2.6228046417e+00  3.4646138549e-02  6.6338475330e-03  3.0993462904e-03  1.6931075528e-03  3.1364797958e-03  1.3593132968e-02  2.8160917368e-03  1.3696920656e-02  2.7795530872e-03  -9.9485833622e-04  2.8122293675e-03  -2.3286940042e-03  2.8374889074e-03  5.0727452395e-03  3.0127010332e-03  8.0563651600e-04  2.9832865234e-03  2.2114280005e-03  2.8315068193e-03  -5.4901802036e-04  2.8332075939e-03  1.9615216101e-03  2.9674870222e-03  -1.1841315886e-03  2.7653356718e-03  
-2.8485782146e+00  3.1279907227e+00  3.8501016796e-02  7.4176542460e-04  2.9998639247e-03  -2.9410606814e-03  3.0122280298e-03  1.2886901948e-02  2.8802792685e-03  1.1822912421e-02  2.8802411140e-03  5.2731957698e-03  2.2541477485e-03  3.7901849970e-03  2.2459064918e-03  5.0939441958e-03  2.5923877429e-03  1.8958552184e-03  2.7378065732e-03  4.6510521191e-03  2.4364361229e-03  1.1758120662e-03  2.8674023187e-03  6.7210393401e-03  2.6384764168e-03  2.7802860734e-03  2.5475693994e-03  
-2.7488679886e+00  3.6772279739e+00  4.5185077935e-02  2.3428959709e-03  2.4323061499e-03  -1.2777775354e-03  2.5120470898e-03  1.7269894387e-02  2.5128946567e-03  1.6210155150e-02  2.4897147493e-03  -2.8378983138e-03  2.4222065141e-03  -4.4064591884e-03  2.3865174053e-03  4.2901620785e-04  2.4651391053e-03  4.8147010360e-04  2.4067089618e-03  4.8135571654e-03  2.3777569024e-03  2.9968166824e-03  2.5247998052e-03  3.6476279548e-03  2.3008758129e-03  -1.9353807754e-03  2.2019268342e-03  
-2.6490180492e+00  4.2276992798e+00  4.6237841249e-02  5.3440559744e-03  2.0385974255e-03  -5.4924329962e-04  2.1326648204e-03  2.1685232797e-02  2.1353019365e-03  2.1091858505e-02  2.1485930407e-03  5.1581096583e-03  2.2280714108e-03  3.3885328574e-03  2.2532713386e-03  1.2433444452e-03  1.9598220737e-03  -2.4563521381e-03  2.1585307613e-03  3.5479611942e-03  2.0521747875e-03  3.0308915302e-03  1.9696123612e-03  4.2826174407e-03  2.2634135094e-03  1.9476437232e-03  1.9145173886e-03  
-2.5491085052e+00  4.7583165169e+00  4.9976129085e-02  4.7337580776e-03  2.0823699672e-03  -1.9042016868e-03  2.1512108712e-03  2.4550750814e-02  2.4310742099e-03  2.3654970252e-02  2.4067483835e-03  2.0545166203e-03  2.0243206333e-03  1.1325169726e-03  2.0062989527e-03  8.6744137286e-03  1.9722254977e-03  4.7886878809e-03  1.9477281676e-03  4.7748193201e-03  2.2367985176e-03  6.3423240210e-04  1.9611327463e-03  2.2402975279e-03  1.6391083017e-03  -3.7142020035e-03  1.8546724765e-03  
-2.4492738247e+00  5.2920327187e+00  5.4245106876e-02  5.0760749915e-03  2.0841475857e-03  1.2748641144e-03  2.0577467078e-03  2.7276808162e-02  1.7847238335e-03  2.6569545905e-02  1.7649684037e-03  2.1251607663e-03  1.7985786817e-03  -2.5463911140e-04  1.8950779010e-03  5.9905416079e-03  1.8292339758e-03  1.1837566622e-03  2.0148670451e-03  2.5514431711e-03  2.0166343769e-03  1.3963863846e-03  1.9298128957e-03  5.4837577256e-03  2.0013831572e-03  -1.9999357440e-04  1.8639602888e-03  
-2.3494575024e+00  5.7960233688e+00  5.6966617703e-02  2.5946919610e-03  1.6436588022e-03  -2.2642799120e-03  1.7761430629e-03  3.2024057011e-02  1.9054133426e-03  3.1409315830e-02  1.8981979392e-03  3.0893089669e-03  1.8208198902e-03  1.2740234426e-03  1.8678688824e-03  -8.6721918112e-04  1.8543302915e-03  -3.9523189288e-03  2.0067159923e-03  4.9276274100e-03  1.5134416264e-03  3.2429443181e-03  1.6586885446e-03  5.4610061445e-03  1.5834033604e-03  3.5530883098e-03  1.8117866227e-03  
-2.2494523525e+00  6.2774586678e+00  5.8200649917e-02  5.0004842111e-03  2.1228714778e-03  3.6235197470e-04  2.0269922653e-03  3.2598849891e-02  1.8074640917e-03  3.1644914730e-02  1.8004611997e-03  2.0523814036e-03  1.6536686958e-03  1.4009188560e-03  1.6702866502e-03  1.7199735461e-03  1.8410910588e-03  -2.1125066466e-03  1.6508368003e-03  3.7728877488e-03  1.8265410315e-03  -7.8642724100e-05  1.8337408597e-03  9.2357385145e-03  1.8079755732e-03  2.9337182606e-03  1.8637629903e-03  
-2.1494400501e+00  6.7974953651e+00  6.0319684446e-02  6.4892870720e-03  1.6875166154e-03  2.3942709252e-03  1.7073520534e-03  3.2681722138e-02  1.8684634565e-03  3.2280878038e-02  1.8610204337e-03  3.2370309439e-03  1.8483034104e-03  1.6414009183e-03  1.9171294700e-03  3.7515563153e-03  1.8433242135e-03  -1.5843842739e-03  2.0794449454e-03  2.8355805550e-03  1.5641582667e-03  -1.5383796151e-03  1.6162511822e-03  3.8094074505e-03  1.6328050762e-03  -9.7939239150e-04  1.7015707379e-03  
-2.0494883060e+00  7.3057918549e+00  6.6966213286e-02  1.7505764789e-03  1.8012980253e-03  -2.3727326539e-03  1.5936318400e-03  3.3546850516e-02  1.8135063137e-03  3.2884183316e-02  1.8190899907e-03  5.2175251182e-03  1.8077402153e-03  3.8954764043e-03  1.7663963630e-03  4.0869120176e-03  1.5687853371e-03  -8.4167413772e-04  1.7659993298e-03  2.9613169895e-03  1.8548586507e-03  4.2003245970e-04  1.6414287050e-03  3.2908557060e-03  1.6422702047e-03  -1.7795331335e-03  1.7686557667e-03  
-1.9495170116e+00  7.7967996597e+00  6.9858849049e-02  7.0125195502e-03  1.4767263952e-03  2.3715957641e-03  1.6101428320e-03  4.0250321448e-02  1.8001657923e-03  3.9286906040e-02  1.8281972020e-03  5.9765835372e-03  1.6273420660e-03  4.3245047195e-03  1.6726128291e-03  3.6643589367e-03  1.5905988460e-03  -2.9544499359e-04  1.7773913219e-03  2.9843214352e-03  1.6414160773e-03  -2.2583538508e-03  1.5347651619e-03  3.7898233163e-03  1.6889793028e-03  1.0232446904e-03  1.8422433558e-03  
-1.8494989872e+00  8.3251533508e+00  7.4687756598e-02  5.1526046924e-03  1.5211932090e-03  1.8641766157e-04  1.6402410603e-03  3.8414651294e-02  1.9499519157e-03  3.7855721823e-02  1.9499458326e-03  6.0347275429e-03  1.6729426715e-03  4.9388869198e-03  1.6418656677e-03  2.9523834521e-03  1.5447503899e-03  -5.7336312315e-05  1.3076668674e-03  1.8985981505e-03  1.4844393690e-03  9.0896986348e-04  1.4796155900e-03  3.8019238103e-03  1.5237911288e-03  -3.8525644159e-04  1.4797671848e-03  
-1.7494452000e+00  8.8602409363e+00  7.4722237885e-02  4.3639958153e-03  1.6133604802e-03  7.7543713503e-04  1.5591582391e-03  4.1977198467e-02  1.6392509440e-03  4.1246045849e-02  1.6409024929e-03  3.8623735437e-03  1.5677489129e-03  2.2828559346e-03  1.6030975581e-03  3.7592453999e-03  1.3133399722e-03  -1.0784564200e-03  1.4501565806e-03  2.4279787734e-03  1.4741731536e-03  1.2299044312e-03  1.4799512741e-03  6.1021607542e-03  1.4838637141e-03  5.5179483061e-04  1.4527172276e-03  
-1.6495575905e+00  9.3574781418e+00  7.9616799951e-02  4.4855987185e-03  1.4608696882e-03  6.3435474587e-04  1.5080789376e-03  4.5832810315e-02  1.8689646823e-03  4.5058441016e-02  1.8794031129e-03  4.2755657821e-03  1.5900372710e-03  2.6231278272e-03  1.5615607592e-03  4.1883929092e-03  1.3496094536e-03  -4.1807578101e-04  1.4521152829e-03  3.2299986102e-03  1.3591345629e-03  1.9263185022e-04  1.4681174259e-03  3.1444752921e-03  1.4505077777e-03  1.6198130805e-04  1.1832330733e-03  
-1.5495595932e+00  9.9207277298e+00  8.4365911782e-02  3.8328706357e-03  1.5096178263e-03  4.4927822488e-04  1.7340864690e-03  4.8426740545e-02  1.7825356910e-03  4.7698410406e-02  1.8068842999e-03  5.9970902120e-03  1.5819400736e-03  5.3439771700e-03  1.6009318920e-03  4.9325054905e-03  1.5057170270e-03  2.1695749163e-03  1.4307652684e-03  9.0082129610e-04  1.4759335984e-03  -1.7272467689e-03  1.4224262305e-03  3.3794262133e-03  1.4216008657e-03  1.6169383544e-03  1.3616240892e-03  
-1.4496815205e+00  1.0459308624e+01  8.4668405354e-02  5.4491430629e-03  1.4795476283e-03  1.0093389844e-03  1.3761168162e-03  4.8827465530e-02  1.6618806785e-03  4.8130866851e-02  1.6668703669e-03  7.4950115657e-03  1.4064992151e-03  6.4353064947e-03  1.3541264129e-03  3.9226117745e-03  1.4648724415e-03  1.7571567060e-04  1.5082736126e-03  4.7684176568e-03  1.2635368218e-03  1.7263336749e-03  1.1435436099e-03  9.5103108342e-04  1.3062315576e-03  -1.8359653701e-03  1.3879850928e-03  
-1.3495402336e+00  1.1025386810e+01  9.1268688440e-02  8.8375916227e-03  1.5515252807e-03  6.2328810083e-03  1.5570710993e-03  4.9119151810e-02  1.6559757119e-03  4.8401633905e-02  1.6646315558e-03  1.0829955658e-02  1.5613631157e-03  8.8527723726e-03  1.5756590139e-03  6.3692335269e-03  1.3903591847e-03  2.1898229361e-03  1.4133714495e-03  4.9949001905e-03  1.3334672413e-03  1.1699477222e-03  1.2995318921e-03  5.2880064734e-03  1.3360607092e-03  1.4582196620e-03  1.3329889366e-03  
-1.2496004105e+00  1.1584472656e+01  9.5953218639e-02  5.6394577429e-03  1.4270656423e-03  2.6589740131e-03  1.5044938475e-03  5.0112547587e-02  1.7215781234e-03  4.9368110134e-02  1.7361399431e-03  1.0786701129e-02  1.4136831526e-03  8.9566561361e-03  1.4359919142e-03  2.3769947136e-03  1.3388303894e-03  -1.3001102026e-03  1.3495794926e-03  4.2838575084e-03  1.3977848341e-03  2.9805171534e-04  1.4768443089e-03  2.3640718653e-03  1.1872339114e-03  -1.4475457126e-03  1.2274230940e-03  
-1.1497159004e+00  1.2090566635e+01  9.7052924335e-02  4.8193193378e-03  1.2743009292e-03  1.8292110221e-03  1.3859572314e-03  5.2709235899e-02  1.6166214092e-03  5.2157058769e-02  1.6112546451e-03  1.2126469081e-02  1.3313217163e-03  1.0383441651e-02  1.3719641159e-03  4.9574826329e-03  1.2596772228e-03  2.4783800569e-03  1.3337776547e-03  3.1840822896e-03  1.1634641012e-03  9.9956861114e-04  1.2587323302e-03  1.6704572759e-03  1.2799682269e-03  -2.6398188091e-03  1.3014655099e-03  
-1.0496910810e+00  1.2626058578e+01  9.8430447280e-02  3.8667841997e-03  1.1837395357e-03  1.1215563015e-03  1.1647395032e-03  5.5331046014e-02  1.8318300661e-03  5.4954471937e-02  1.8376917217e-03  9.7133749300e-03  1.1936516413e-03  8.5306843022e-03  1.1885015021e-03  4.9495061125e-03  1.1448050292e-03  1.6903045187e-03  1.3189407151e-03  4.9868551499e-03  1.2389485491e-03  1.2182347013e-03  1.2744461595e-03  4.1553020716e-03  1.1014596785e-03  1.0529184014e-03  1.3174273262e-03  
-9.4978922606e-01  1.3146866798e+01  1.0044065863e-01  7.1143694292e-03  1.3212090305e-03  5.2999174878e-03  1.3225008603e-03  5.4549143973e-02  1.7077315817e-03  5.4016824437e-02  1.7180312946e-03  1.2720481128e-02  1.3531990522e-03  1.0950513170e-02  1.3565873613e-03  3.2370276012e-03  1.1637586821e-03  1.8944442875e-03  1.1848544386e-03  3.5120454996e-03  1.1592421992e-03  -1.4791485769e-03  1.1696228697e-03  5.3443775100e-03  1.0443301800e-03  1.5033796171e-03  1.0604494011e-03  
-8.4977245331e-01  1.3626326561e+01  1.0015755892e-01  4.3739690773e-03  1.1254033729e-03  2.7993572560e-03  1.2152351222e-03  5.2985693997e-02  1.6227451097e-03  5.2587872062e-02  1.6278300550e-03  1.1709237766e-02  1.2335943679e-03  1.0499499139e-02  1.2026778069e-03  5.4880031946e-03  1.2180356450e-03  3.1741706142e-03  1.1627471422e-03  4.6036737554e-03  1.1198784997e-03  9.4180240357e-04  1.1314855486e-03  2.1102369205e-03  1.1412257083e-03  -1.7826936118e-03  1.2428271674e-03  
-7.4977540970e-01  1.4108273506e+01  1.0745841265e-01  5.1855372813e-03  1.1858752909e-03  5.8435242595e-03  1.1316576356e-03  5.7491894025e-02  1.7052308484e-03  5.7726297659e-02  1.7007612203e-03  1.2343939216e-02  1.1486565108e-03  1.3336230065e-02  1.1667168630e-03  5.5041737485e-03  1.2114000055e-03  6.7458263196e-03  1.1649195973e-03  2.2173571627e-03  1.2683730030e-03  5.3609009065e-03  1.1050977699e-03  3.6435361130e-03  1.1454532406e-03  5.7881989484e-03  1.2304590807e-03  
-6.4981096983e-01  1.4519716263e+01  1.0981649160e-01  4.1488404082e-03  1.0972251412e-03  7.5564277686e-03  1.2468358885e-03  5.7089642851e-02  1.6676324936e-03  5.7356725087e-02  1.6676825988e-03  1.3557672683e-02  1.3596949905e-03  1.4495282673e-02  1.3488569885e-03  5.3340495101e-03  1.2095500319e-03  7.2729088666e-03  1.1701358174e-03  4.7400213577e-03  1.0454439808e-03  7.3701114366e-03  1.0638690313e-03  3.1307503188e-03  1.2405611818e-03  4.7379047399e-03  1.1638407098e-03  
-5.4979360104e-01  1.4904853821e+01  1.1015297472e-01  4.9631657130e-03  1.0293910292e-03  6.6815448045e-03  1.1519155600e-03  5.9985190836e-02  1.6253761173e-03  6.0137195129e-02  1.6081165081e-03  1.4092216816e-02  1.2424719096e-03  1.4632928040e-02  1.2157502089e-03  6.2662755963e-03  1.1844107603e-03  7.5908123876e-03  1.0869125251e-03  1.3076796842e-03  1.0446034628e-03  4.1354338044e-03  1.0726481450e-03  2.8327707068e-03  1.3110373665e-03  6.2930367761e-03  1.1609598805e-03  
-4.4993567467e-01  1.5239188194e+01  1.1580269039e-01  7.8027192129e-03  1.2338359930e-03  8.7049192978e-03  1.2516893455e-03  5.8531390887e-02  1.7369509907e-03  5.8727001313e-02  1.7276941996e-03  1.3817000395e-02  1.2415666978e-03  1.4978489413e-02  1.2286962797e-03  5.2753966887e-03  1.0225596968e-03  7.1424773810e-03  1.0391215603e-03  5.0891220579e-03  1.0035683721e-03  6.7918440959e-03  1.0656267149e-03  4.0715846500e-03  1.1738182976e-03  6.0341683446e-03  1.0913596795e-03  
-3.4991386533e-01  1.5572089195e+01  1.1849202961e-01  7.4104317113e-03  1.2670632491e-03  8.3702162526e-03  1.2105223730e-03  5.8913054572e-02  1.4847883540e-03  5.9145822297e-02  1.4573410099e-03  1.4599160759e-02  1.2863294604e-03  1.5635991193e-02  1.2516841645e-03  5.0436655158e-03  1.2297157738e-03  7.2188054015e-03  1.2281447340e-03  3.6299742592e-03  1.1715979604e-03  5.1451152677e-03  1.0494803381e-03  3.1741433157e-03  1.2848789028e-03  6.6095456930e-03  1.1196485319e-03  
-2.4997711182e-01  1.5741874695e+01  1.1783482134e-01  4.9634982982e-03  9.7969651359e-04  6.8830703970e-03  1.0631416970e-03  6.1724834163e-02  1.6417235657e-03  6.1955366433e-02  1.6322670844e-03  1.4136052962e-02  1.2463379060e-03  1.4944785738e-02  1.2907765216e-03  5.2114176779e-03  1.1434547079e-03  7.6591357818e-03  1.1368953779e-03  3.7241711915e-03  1.1451514842e-03  6.4051716223e-03  1.0822446536e-03  3.5944085664e-03  1.0748759509e-03  5.5600130374e-03  1.0457175477e-03  
-1.4992980659e-01  1.5915079117e+01  1.1849475652e-01  7.6526331729e-03  1.0811017624e-03  9.4683189366e-03  1.0574866912e-03  6.1861856967e-02  1.7198046164e-03  6.2001762865e-02  1.7090253129e-03  1.3104549090e-02  1.1675470914e-03  1.3870962718e-02  1.2095521145e-03  3.8126918590e-03  1.0908988487e-03  8.4818813426e-03  1.2263497401e-03  3.5774949610e-03  9.2917930179e-04  5.3301361020e-03  1.0536607021e-03  2.9409510147e-03  1.2465596157e-03  5.7188829866e-03  1.1879132096e-03  
-4.9964524806e-02  1.5916611671e+01  1.2123651803e-01  5.7900087608e-03  9.1736563552e-04  8.4462579218e-03  9.2926640706e-04  5.9444178027e-02  1.6795532927e-03  5.9727213640e-02  1.6712674699e-03  1.5333255828e-02  1.0833445915e-03  1.6399129888e-02  1.0072085916e-03  4.4476794238e-03  1.0773706774e-03  5.7573866745e-03  1.0961212257e-03  4.0620293447e-03  1.0084605605e-03  4.9498511043e-03  1.0459872244e-03  3.0764247508e-03  1.1149769907e-03  4.7251978753e-03  1.1048313344e-03  
4.9937635660e-02  1.5936858177e+01  1.1916489899e-01  7.8926516987e-03  1.1861602879e-03  1.1427826169e-02  1.1486281087e-03  5.9486861935e-02  1.7822748720e-03  5.9948538978e-02  1.7826476507e-03  1.3824654196e-02  1.0977352088e-03  1.4869548699e-02  1.0693822500e-03  6.1345477308e-03  9.9534282049e-04  7.2620418414e-03  1.0420059344e-03  5.9459077957e-03  1.1824635321e-03  7.7626244259e-03  1.1550491409e-03  2.2026705029e-03  1.1482718083e-03  4.8689544762e-03  1.1189210938e-03  
1.4987005293e-01  1.5849189758e+01  1.1686467379e-01  4.7898262262e-03  1.2383949049e-03  7.4069169139e-03  1.1920837238e-03  5.6579397944e-02  1.6666121531e-03  5.6834932304e-02  1.6643281363e-03  1.6682179617e-02  1.2849196537e-03  1.8248621842e-02  1.2284008316e-03  8.7821350840e-03  9.6685965742e-04  9.5812517485e-03  9.8673216510e-04  4.8224090987e-03  1.0366314633e-03  4.5397202601e-03  1.0099288363e-03  6.2413383369e-03  1.1255698838e-03  7.6452826674e-03  1.1374937469e-03  
2.4988414347e-01  1.5721257210e+01  1.2186592817e-01  5.2289926405e-03  1.0636200207e-03  7.7794833792e-03  1.0879444190e-03  6.0135025512e-02  1.6772412746e-03  6.0554296508e-02  1.6621545731e-03  1.3798944643e-02  1.4378508926e-03  1.4484165863e-02  1.4247434585e-03  5.6716228400e-03  1.1961642936e-03  8.8908138296e-03  1.1156302097e-03  4.8477423199e-03  1.1290516214e-03  6.7463736190e-03  1.2824406185e-03  5.3377904223e-03  1.0247406053e-03  4.8492513269e-03  1.0863728382e-03  
3.4984713793e-01  1.5474321365e+01  1.1532349885e-01  5.9330058846e-03  1.1753834456e-03  8.0877705688e-03  1.1869501379e-03  5.9082018745e-02  1.6747962336e-03  5.9415008798e-02  1.6738604001e-03  1.5423913739e-02  1.1921990687e-03  1.5482204246e-02  1.2135689536e-03  5.3744816067e-03  1.1748547751e-03  6.8018109697e-03  1.0878230549e-03  4.8842735532e-03  1.2101738244e-03  6.3797728996e-03  1.1215249211e-03  3.8131762673e-03  1.0928044084e-03  6.0571257924e-03  1.0530973749e-03  
4.4982504845e-01  1.5162158012e+01  1.1608379334e-01  4.6155159525e-03  1.1441439435e-03  6.7032772753e-03  1.1453985293e-03  5.7413082233e-02  1.5323083010e-03  5.7797424140e-02  1.5285555531e-03  1.4142760843e-02  1.2321055607e-03  1.4917349457e-02  1.2523259108e-03  4.9134458499e-03  1.2470017082e-03  5.6348555749e-03  1.1858240406e-03  4.6250966738e-03  1.0890501834e-03  6.1280963049e-03  1.0973467334e-03  3.3010914945e-03  1.2461978189e-03  4.9417423477e-03  1.0564983451e-03  
5.4978710413e-01  1.4819793701e+01  1.1265779287e-01  8.1204524680e-03  1.2893267442e-03  1.0093123727e-02  1.2027003198e-03  5.6826784776e-02  1.6942669055e-03  5.7186576608e-02  1.6870535773e-03  1.4625967391e-02  1.1633888494e-03  1.5035056181e-02  1.1484012820e-03  4.8438393904e-03  1.3455174347e-03  6.5023413363e-03  1.1623762254e-03  2.7490068688e-03  1.1279605022e-03  3.2236055347e-03  1.1292706815e-03  4.5117482276e-03  1.2314926328e-03  7.1871977945e-03  1.2660719791e-03  
6.4977657795e-01  1.4408535957e+01  1.1158252507e-01  7.1679305650e-03  1.2065284502e-03  9.3398416537e-03  1.2819171308e-03  5.6637706712e-02  1.6286097346e-03  5.6705391811e-02  1.6203731543e-03  1.3597412222e-02  1.2110463385e-03  1.3997765932e-02  1.2219728997e-03  5.0140294251e-03  1.1603844661e-03  5.9784682463e-03  1.0126412159e-03  3.2486421391e-03  1.1272586527e-03  5.7898608280e-03  1.0824966253e-03  2.2581916270e-03  1.1028773595e-03  4.3067705897e-03  1.1084239698e-03  
7.4971044064e-01  1.3945504189e+01  1.1305069923e-01  7.1402194830e-03  1.2159825286e-03  8.4468193268e-03  1.2156992785e-03  5.6319964816e-02  1.7172555749e-03  5.6644390763e-02  1.7220226800e-03  1.2570454248e-02  1.3864187611e-03  1.3491401023e-02  1.3013547282e-03  3.5812075603e-03  1.1835099199e-03  6.5973605703e-03  1.2256186320e-03  3.1879155993e-03  1.2635707722e-03  4.7284487129e-03  1.3165450109e-03  2.6275653137e-03  1.0889256549e-03  5.5267082495e-03  1.1366658470e-03  
8.4970796108e-01  1.3511791229e+01  1.0880838335e-01  6.2533714855e-03  1.2602728963e-03  2.1034830452e-03  1.3714291701e-03  5.4504031119e-02  1.6035489315e-03  5.4089402752e-02  1.6047471552e-03  1.1039743813e-02  1.2934062160e-03  9.5389046280e-03  1.3707225633e-03  4.0475403359e-03  1.1044051728e-03  1.6516567554e-03  1.0973286603e-03  1.8926118764e-03  1.1483603873e-03  -4.6064662613e-04  1.1982135582e-03  3.0970222892e-03  1.2859340549e-03  -4.6614176702e-04  1.2658752938e-03  
9.4963926077e-01  1.2957283020e+01  1.0641718656e-01  7.3050147873e-03  1.2779371475e-03  3.0282200759e-03  1.3921321389e-03  5.3450166206e-02  1.7595341924e-03  5.3239961459e-02  1.7630039439e-03  1.2520293289e-02  1.2326765858e-03  1.0601619853e-02  1.2423542979e-03  3.0597368169e-03  1.2086692928e-03  -1.3860651150e-03  1.2026499538e-03  3.7130947826e-03  1.1268776860e-03  -5.2505545633e-04  1.0837091838e-03  3.8768958134e-03  1.3712764637e-03  -1.8408152283e-03  1.3055684076e-03  
1.0495477915e+00  1.2454542160e+01  1.0271964222e-01  7.4333609807e-03  1.2576926732e-03  3.1585055556e-03  1.4090698930e-03  5.1581448290e-02  1.6172059277e-03  5.1151723924e-02  1.6290328598e-03  1.0527432246e-02  1.4460433433e-03  9.1815936103e-03  1.4367698007e-03  3.3575824951e-03  1.3423824718e-03  4.4487072409e-04  1.3814825311e-03  3.3111191465e-03  1.1374454686e-03  1.2131538229e-04  1.1426943096e-03  3.6303148893e-03  1.2674652426e-03  -2.1001219148e-04  1.2670226840e-03  
1.1494923830e+00  1.1919322014e+01  1.0197021067e-01  7.1802207798e-03  1.3809616628e-03  2.7998290469e-03  1.4235766443e-03  5.2694000491e-02  1.6233267356e-03  5.2334674714e-02  1.6392466025e-03  1.0919526893e-02  1.2533309386e-03  9.5055132786e-03  1.3127499610e-03  3.9893162657e-03  1.1335957702e-03  1.2354647659e-03  1.1657236851e-03  2.8582930778e-03  1.3888377030e-03  -5.1515342137e-04  1.3803616050e-03  3.2360476884e-03  1.1585684721e-03  7.3159600038e-05  1.2352560456e-03  
1.2495067120e+00  1.1352953911e+01  9.6832297742e-02  4.5014692180e-03  1.6150788571e-03  1.1877013292e-03  1.5210835633e-03  4.9321844575e-02  1.6845357284e-03  4.8684580542e-02  1.6973952910e-03  8.3580918133e-03  1.2860940727e-03  6.7530054828e-03  1.3676566679e-03  6.6274526136e-03  1.3293032945e-03  3.4024430107e-03  1.2654687657e-03  2.3721261336e-03  1.1181699013e-03  -1.0793500237e-03  1.1968805601e-03  3.0548037685e-03  1.0862402570e-03  -9.2153314849e-04  1.2608231358e-03  
1.3495200872e+00  1.0804416656e+01  9.4394572079e-02  4.6638986002e-03  1.2736972596e-03  -3.8450743207e-04  1.3562491917e-03  4.8613201265e-02  1.6324635849e-03  4.7915761326e-02  1.6510156877e-03  1.0614700433e-02  1.4693203105e-03  8.9424952921e-03  1.4868862364e-03  4.1705667200e-03  1.3497798060e-03  2.3876601636e-03  1.3500032339e-03  1.6638361463e-03  1.4789701384e-03  -7.1192460764e-04  1.5020180251e-03  4.0260234312e-03  1.2270878573e-03  -9.1726199724e-05  1.2948879877e-03  
1.4493660927e+00  1.0267953873e+01  9.0394981205e-02  7.1326959434e-03  1.5655316841e-03  3.5167906022e-03  1.4897301783e-03  4.4044177867e-02  1.6383738417e-03  4.3731672324e-02  1.6247736872e-03  8.7569725405e-03  1.4964272348e-03  6.5274580508e-03  1.4902204305e-03  2.6472503128e-03  1.3809456226e-03  1.5068024657e-03  1.3784909211e-03  2.1234562915e-03  1.3324032900e-03  -2.0164361875e-04  1.3362861126e-03  4.7559470228e-03  1.4630452938e-03  1.5892323601e-04  1.5639680818e-03  
1.5494385958e+00  9.7296886444e+00  8.6028397083e-02  5.4314441010e-03  1.5151696463e-03  2.0248937092e-03  1.5049986766e-03  4.5630642480e-02  1.8410876737e-03  4.5271673413e-02  1.8319370824e-03  7.6630197152e-03  1.4715977688e-03  5.6863589769e-03  1.5071486530e-03  4.1436346028e-03  1.3384648293e-03  1.0328646702e-03  1.4164586225e-03  2.0575297227e-03  1.4281168348e-03  1.1929472874e-03  1.2800038403e-03  5.4635041155e-03  1.3736514605e-03  6.7360928512e-04  1.5164416408e-03  
1.6494182348e+00  9.1663322449e+00  8.4345370531e-02  2.2474612032e-03  1.5450933290e-03  -1.8075800661e-03  1.4883919504e-03  3.8518356206e-02  1.7065873447e-03  3.7795201337e-02  1.7215796320e-03  8.2703198157e-03  1.4988446010e-03  7.3293257463e-03  1.5136057944e-03  3.3613500646e-03  1.5312540957e-03  -3.3892392858e-04  1.5402376467e-03  6.8265385622e-03  1.3373332237e-03  2.7150154645e-03  1.5107370044e-03  1.6459552115e-03  1.4822283171e-03  -4.3061619845e-04  1.5612376642e-03  
1.7493892908e+00  8.6650676727e+00  8.0325335264e-02  2.7568843555e-03  1.5074064401e-03  -4.7242621978e-05  1.5529164446e-03  4.0743144950e-02  1.5817351893e-03  4.0076101171e-02  1.5891356426e-03  6.5776116692e-03  1.5954302560e-03  5.4052453067e-03  1.6203230279e-03  2.9255798515e-03  1.6048106887e-03  -1.0462313032e-03  1.5578512239e-03  4.1020873035e-03  1.7135029224e-03  1.3158117047e-04  1.7436165585e-03  2.2679521632e-04  1.3967872594e-03  -1.0841346212e-03  1.4127489142e-03  
1.8493505716e+00  8.1217050552e+00  7.6350167394e-02  4.3006555163e-03  1.7975358314e-03  -9.6963867036e-04  1.8796714182e-03  4.2498975693e-02  1.8099894201e-03  4.1896159999e-02  1.8118012222e-03  4.5900953367e-03  1.6601837430e-03  3.4937060487e-03  1.6949122813e-03  2.3719157852e-03  1.6370177577e-03  -2.6194137666e-03  1.5690278871e-03  6.3513546443e-03  1.6623857404e-03  3.7632970357e-03  1.6179780173e-03  3.1917736358e-03  1.4812751832e-03  -3.0052602331e-03  1.6632665262e-03  
1.9493527412e+00  7.6026010513e+00  7.4198246002e-02  4.9436151345e-03  1.9053802420e-03  1.6325632357e-03  1.8474544384e-03  4.0624182821e-02  1.8282147107e-03  3.9975978490e-02  1.8315665201e-03  4.9148247456e-03  1.6072831336e-03  3.8209197196e-03  1.6688728577e-03  4.0179700134e-03  1.4475921550e-03  2.1442497663e-03  1.4811088681e-03  1.8262263948e-03  1.6135955939e-03  -1.1757316826e-03  1.5166008673e-03  5.0425148387e-03  1.8797583682e-03  -1.1470622191e-03  1.8437213378e-03  
2.0492975712e+00  7.0939164162e+00  6.9499149919e-02  4.8127843572e-03  1.7458867492e-03  7.8599658124e-04  1.7734316419e-03  3.6869650997e-02  2.0004139477e-03  3.6264460422e-02  2.0038350728e-03  1.8907616672e-03  1.6214230302e-03  -1.8635984293e-04  1.5922033895e-03  2.7757190231e-03  1.5537372479e-03  -1.2422617965e-03  1.5378691764e-03  4.0284610885e-03  1.6368647645e-03  -2.6225760759e-03  1.7349041129e-03  4.3632566306e-03  1.3924647928e-03  1.1925523485e-03  1.5767571853e-03  
2.1492836475e+00  6.6035633087e+00  6.7109376192e-02  3.4067235038e-03  1.6919135412e-03  4.0953530949e-04  1.6902836606e-03  3.3529450209e-02  1.9105214635e-03  3.3163785841e-02  1.9057038258e-03  1.5583050013e-03  1.8190319220e-03  -8.6614750583e-04  1.7883827373e-03  1.0528638956e-03  1.7325592645e-03  -6.5827522054e-04  1.7134397173e-03  3.0855827628e-03  1.7723979122e-03  -1.4283724630e-03  1.9319277574e-03  2.9399835437e-03  1.6494506847e-03  1.3854266642e-03  1.6733737768e-03  
2.2493460178e+00  6.1057276726e+00  6.1445273459e-02  7.6241646893e-03  2.1247835436e-03  1.7880552092e-03  2.1062095216e-03  3.2873277857e-02  2.0429467367e-03  3.2127830607e-02  2.0586847493e-03  2.0657772305e-03  1.6638221990e-03  8.8202926882e-04  1.6960212722e-03  3.4055606469e-03  1.9877351066e-03  -1.7375673224e-03  2.1054008789e-03  5.3932053205e-03  1.6436680127e-03  1.0663031413e-03  1.8634023049e-03  2.9236134680e-03  1.6975518500e-03  7.1464595765e-04  1.8390335999e-03  
2.3491756916e+00  5.6610879898e+00  6.0253273696e-02  5.9148603044e-03  2.2208643714e-03  -1.0431026733e-03  2.3254040235e-03  2.8030142731e-02  1.8763691964e-03  2.7456198459e-02  1.8682792843e-03  7.2431320596e-03  1.8580001233e-03  5.8584629918e-03  1.7596876390e-03  -5.7091840935e-04  1.7360344290e-03  -4.6019729756e-03  1.7200668448e-03  3.9136152160e-03  1.8871866163e-03  8.6636308551e-04  2.0807683155e-03  3.7233053868e-03  1.9671815243e-03  -1.4452702647e-04  1.9083501487e-03  
2.4492211342e+00  5.1160817146e+00  5.7841449976e-02  5.4523924450e-03  2.3970231647e-03  2.1855948383e-03  2.4006772308e-03  2.9775089261e-02  2.0517434774e-03  2.8893231747e-02  2.0492939019e-03  1.0870395757e-04  2.0995113853e-03  -1.7105524496e-03  2.1252770120e-03  6.4360109379e-04  1.7836335056e-03  -1.2049250291e-03  1.7463355208e-03  1.8756481925e-03  1.8611388793e-03  1.2780164167e-04  1.9379288948e-03  2.6762682661e-03  1.9152737305e-03  8.1366338425e-04  1.8642876256e-03  
2.5489218235e+00  4.6050286293e+00  5.2790090442e-02  7.7960592817e-04  2.2872161768e-03  -1.9623133899e-03  2.4038482622e-03  2.2825916583e-02  2.0375438987e-03  2.2354306110e-02  2.0488802102e-03  2.4989255138e-03  2.0866297173e-03  6.7460319146e-04  2.0632390786e-03  -4.4733525661e-04  2.1202860521e-03  -4.0627631731e-03  2.0296012726e-03  6.9205279757e-03  2.0052496129e-03  5.4984864540e-03  2.0205821155e-03  3.6532563232e-03  2.0594433898e-03  -1.5565629302e-03  2.0083714353e-03  
2.6487419605e+00  4.1062831879e+00  4.9668136984e-02  3.7054332305e-03  2.1237649927e-03  2.1542569917e-03  2.3761212196e-03  2.1369442250e-02  2.3422681165e-03  2.0386166094e-02  2.3419906539e-03  3.0308483384e-03  2.3285798947e-03  1.4766288068e-03  2.3828038181e-03  3.8085650786e-03  2.3188911856e-03  2.0026001809e-03  2.3676784645e-03  5.1516974368e-03  2.2355211820e-03  3.2678109315e-03  2.1516461381e-03  5.3464665134e-03  2.2418447629e-03  4.9687575306e-03  2.2779040751e-03  
2.7485165596e+00  3.5438871384e+00  4.3776821345e-02  2.7779243616e-03  2.4645369684e-03  -3.9635509902e-04  2.6288057423e-03  1.7527218440e-02  2.2719266966e-03  1.6745416045e-02  2.2892548459e-03  -2.0416113449e-03  2.1601993480e-03  -4.6257054873e-03  2.1064550660e-03  4.5950799507e-03  2.4518994397e-03  3.8262425538e-04  2.4057800487e-03  2.8755158764e-03  2.3045685697e-03  8.0135411192e-04  2.3891454044e-03  6.2964928673e-03  2.1635685604e-03  1.0686812783e-03  2.1089025206e-03  
2.8485312462e+00  2.9923534393e+00  3.9053376764e-02  8.2747880112e-03  2.7608122988e-03  4.0979542421e-04  2.8370323677e-03  1.2425342771e-02  2.6057353666e-03  1.2422229650e-02  2.5877249114e-03  2.3096080726e-03  2.5900882799e-03  2.1225491020e-03  2.5536699468e-03  1.2629941681e-03  2.4576031576e-03  -1.5722191600e-03  2.6821319906e-03  3.1840256918e-03  2.4767482456e-03  -2.2598886962e-03  2.2842496395e-03  3.8506908777e-03  2.5908220194e-03  4.5053315176e-04  2.5859747941e-03  
2.9483089447e+00  2.5019738674e+00  3.3841814846e-02  6.9110252422e-03  3.2945487412e-03  1.7343972109e-03  3.2319618890e-03  6.6975966849e-03  2.9061182024e-03  6.5408148803e-03  2.9065739780e-03  7.7727591061e-04  3.2422034196e-03  -2.5303254077e-03  3.1484844808e-03  8.6696446457e-03  2.7110040079e-03  4.3670564712e-03  2.7645269733e-03  1.1116480534e-03  2.7295072427e-03  -1.1326758606e-03  2.8202520938e-03  4.9873962226e-03  3.0218043502e-03  2.9897769894e-03  2.8926664531e-03  
3.0478968620e+00  2.0335750580e+00  3.0092958361e-02  9.6415964225e-04  3.5466210084e-03  -1.5986545024e-03  3.6337418336e-03  3.3027244856e-03  3.1858145626e-03  3.7805199513e-03  3.2107356154e-03  -1.3601207484e-03  2.9844317536e-03  -1.9156291523e-03  3.1025649625e-03  1.2265421847e-03  2.9480810718e-03  4.3345001446e-04  2.8631397562e-03  1.7199310104e-03  3.0667758265e-03  -2.4381673614e-04  3.4579775044e-03  -4.0289615702e-03  2.9496128865e-03  -4.2665569362e-03  3.0263064666e-03  
3.1474072933e+00  1.5845583677e+00  2.3855248466e-02  1.8171266335e-03  3.6987032404e-03  -1.0168565807e-03  3.4997335147e-03  3.0779538994e-03  3.8428587152e-03  2.7640431116e-03  3.8321409531e-03  5.9938832261e-03  4.1812514250e-03  3.7391882989e-03  4.0432084675e-03  2.5100732818e-03  3.7568890339e-03  6.7333349554e-04  3.8568541098e-03  2.1866486535e-03  3.9089791945e-03  8.3911513563e-04  3.6186807477e-03  4.0104490296e-04  3.3866218386e-03  -3.7603351749e-03  3.4590614902e-03  
3.2471990585e+00  1.2069315910e+00  1.9710658118e-02  1.6972114754e-03  4.2412759768e-03  6.5682553743e-04  4.0360243947e-03  3.1552253310e-03  4.4865715412e-03  3.4175499380e-03  4.4705506682e-03  -3.0720008083e-03  4.0909695381e-03  -5.5301156218e-03  3.9734524611e-03  -9.0925918012e-03  4.2638493850e-03  -8.4620239658e-03  3.9330302517e-03  -7.7535268809e-03  4.2895237390e-03  2.1380272393e-05  4.3806697998e-03  -1.9178459138e-03  4.1356691580e-03  -8.4846538055e-05  4.5193042541e-03  
3.3470916748e+00  8.8419151306e-01  1.5590769239e-02  5.9395885100e-03  5.0560514832e-03  5.9140603896e-03  4.7828158837e-03  1.1487411841e-02  5.0599666226e-03  1.1762279919e-02  5.0436021105e-03  1.1170222372e-02  4.7760739024e-03  1.0846624020e-02  4.8235662521e-03  7.6193047042e-03  5.2232811629e-03  3.8962181665e-03  5.1473034902e-03  -4.8755184237e-03  5.3599774461e-03  -3.1825202662e-03  4.7169085452e-03  -9.5002879599e-03  5.0068394163e-03  -8.7991164735e-03  5.1871432118e-03  
3.4463396072e+00  6.4933919907e-01  1.2301995419e-02  9.7344665971e-03  6.8888119493e-03  8.5507561265e-03  6.5356465610e-03  4.3549279603e-03  5.7810414032e-03  4.1658508757e-03  5.8310658330e-03  -1.3041473162e-02  5.8259735043e-03  -1.5142888734e-02  6.0559997294e-03  1.0430021296e-02  5.8544394059e-03  9.0306579327e-03  5.2765267065e-03  3.2155750584e-03  5.1540065404e-03  3.1298967985e-03  5.5749644807e-03  5.6340917009e-03  5.8603036624e-03  1.0176829507e-02  5.9375594937e-03  
3.5464079380e+00  4.4404691458e-01  8.5828397423e-03  -7.0108447444e-03  7.9955137220e-03  -2.9912671986e-03  7.1324763908e-03  -1.7034900496e-03  7.1019661146e-03  -2.8911544333e-03  7.0276353457e-03  -1.3865044378e-02  8.0868309592e-03  -1.0153028220e-02  7.6910498512e-03  1.2164224791e-02  7.4568477955e-03  5.9086263189e-03  7.3590308306e-03  -1.5160160830e-03  7.6184083020e-03  5.2063161280e-03  7.0860398707e-03  4.7499692762e-03  7.4465545909e-03  6.9884838345e-03  7.1784201496e-03  
3.6459975243e+00  2.9829996824e-01  6.5166326240e-03  9.1681968205e-03  8.8867530830e-03  1.0235604802e-02  8.9357875550e-03  2.1008492906e-03  8.7210752605e-03  2.4565984153e-03  8.6738721033e-03  -7.0956303041e-03  7.5788905921e-03  -8.5172102244e-03  7.7668841480e-03  1.0027975698e-02  7.5793688456e-03  4.4223321572e-03  8.1023593324e-03  7.0467960126e-04  8.6660133042e-03  8.7119054386e-03  1.0065148790e-02  1.4801034007e-03  7.6926237460e-03  1.2246698409e-03  8.0185596088e-03  
3.7444515228e+00  1.9783127308e-01  4.6605961397e-03  3.6227248272e-02  1.3550660910e-02  2.0626811751e-02  1.3690290114e-02  2.5889110120e-04  1.1912491927e-02  -5.2436220129e-04  1.1940065979e-02  -4.4653242698e-03  1.1815062144e-02  -7.5297464595e-04  1.1549801085e-02  3.4288175310e-04  1.2633496306e-02  -8.7597707515e-04  1.1575061552e-02  -6.2585316807e-03  1.1815052898e-02  3.5141420297e-03  1.2215889579e-02  6.5807059452e-03  1.0318885390e-02  1.9464243849e-02  1.0864276951e-02  
3.8428781033e+00  1.2603555620e-01  3.3277475741e-03  2.2930084863e-02  1.3498199919e-02  1.1400363881e-02  1.3037222891e-02  7.4843076764e-03  1.3484665908e-02  1.1270374757e-02  1.3509586360e-02  6.6597052141e-03  1.3573785715e-02  8.0687743799e-03  1.3343586941e-02  -2.8048963895e-03  1.5096385227e-02  -6.4614467948e-03  1.4731667191e-02  -1.6481059341e-02  1.1913022232e-02  -9.4286058491e-03  1.3315512763e-02  -1.5098792491e-02  1.2480302059e-02  -7.1780771443e-03  1.2719021549e-02  
3.9411351681e+00  7.7585853636e-02  2.5452934206e-03  2.3081371739e-02  1.6556170278e-02  1.2553671651e-02  1.6506574792e-02  -8.0737796444e-03  1.8216651563e-02  -7.3494761340e-03  1.8278046746e-02  -2.5239448639e-02  1.7669497082e-02  -2.5957348995e-02  1.7189570589e-02  1.6139595306e-02  1.7436260942e-02  1.2937834075e-02  1.5290137527e-02  1.3369569616e-02  1.7458452665e-02  1.6454203995e-02  1.7770147426e-02  8.9227877225e-03  1.6224103503e-02  1.5526323528e-02  1.8632814323e-02  
4.0389294624e+00  4.5248981565e-02  1.6062858049e-03  -2.3083542197e-02  2.1286027903e-02  -1.6705320863e-02  2.0586250266e-02  -1.0928239954e-02  2.4583752223e-02  -1.2381368265e-02  2.4466957330e-02  1.1046738488e-02  2.5338155787e-02  1.4886492536e-02  2.4251624532e-02  -1.7416866891e-03  2.4102147875e-02  -2.9402724041e-02  2.4666494851e-02  -1.7563083803e-02  2.3752663990e-02  -1.9543456035e-02  2.1697357572e-02  -2.5401141981e-02  2.3049358972e-02  -1.9914301337e-02  2.2564919326e-02  
4.1339621544e+00  3.0319964513e-02  1.2735718628e-03  -2.0941093279e-02  2.9616735900e-02  -2.7954732826e-02  3.1267664134e-02  2.8405946020e-02  2.6567826488e-02  3.5705677894e-02  2.6980995561e-02  -5.9193480086e-02  3.1594954420e-02  -4.8771914095e-02  3.0804944426e-02  1.0530129814e-02  2.6320131096e-02  4.0642936223e-02  2.9116458663e-02  -1.2587096381e-02  2.7833334773e-02  -9.2593162269e-05  2.9026657896e-02  5.4822453134e-02  2.6897332573e-02  7.8114649609e-02  2.7116318219e-02  
4.2272419930e+00  1.7311995849e-02  9.5695914933e-04  7.0153597555e-02  3.3786855830e-02  1.6025877202e-02  3.5126414897e-02  -4.5277070572e-02  4.1591354730e-02  -4.7244427960e-02  4.1118509797e-02  5.5324199792e-02  3.5500429048e-02  3.4517792058e-02  3.7997124313e-02  -4.3038876643e-02  3.6981360188e-02  -5.5406592880e-02  3.3612125613e-02  -1.7235901314e-02  3.4545125926e-02  -4.8690451506e-02  3.2834761444e-02  1.9296075648e-02  3.3581109303e-02  1.5425416105e-02  3.8125758343e-02  
4.3198695183e+00  9.6794273704e-03  6.6320208134e-04  -3.5273238885e-02  4.5382633180e-02  -4.6980190442e-02  4.5258477653e-02  2.3339309673e-03  5.1189114617e-02  1.3052027544e-02  5.1236856033e-02  2.4223759663e-02  5.4722970645e-02  3.3772825053e-02  5.4508442548e-02  1.3605572563e-02  4.6676488540e-02  2.6071315987e-02  4.8640095545e-02  2.4351229727e-02  5.6286755873e-02  2.2849540914e-02  5.8157534719e-02  -3.6339049906e-02  5.7403161524e-02  6.8293450484e-02  6.2842212555e-02  
4.4135355949e+00  5.8123371564e-03  4.8934237566e-04  3.0953734664e-02  7.0001260217e-02  6.2756064889e-03  6.6935466859e-02  3.1752099583e-03  7.1891363612e-02  -2.6075075537e-04  7.1922175994e-02  -4.7955950563e-02  6.6852490546e-02  -4.4738875744e-02  6.8358794410e-02  -3.2351880472e-02  6.9038596249e-02  -4.2305701628e-02  7.4908705120e-02  -5.2093670718e-02  6.6062431371e-02  -4.2169044496e-02  6.9365048462e-02  6.3533305772e-03  7.4396006338e-02  2.3918920286e-02  7.9117761043e-02  
4.5093922615e+00  4.0979268961e-03  4.7630848712e-04  -3.1064609510e-02  7.7769631531e-02  -2.6121519696e-02  9.6800344376e-02  -2.3031685340e-01  8.1204549922e-02  -2.2196444487e-01  8.1537096023e-02  6.2289593014e-02  1.0344770440e-01  1.3092797463e-02  1.0212071502e-01  8.2630618656e-04  7.8433947230e-02  3.9217918503e-02  7.8211546558e-02  7.9468699781e-02  8.1205951877e-02  5.7320569141e-02  7.9981135730e-02  3.7759258048e-03  7.3928316657e-02  2.8443624836e-02  6.4028276716e-02  
4.6067771912e+00  2.3733682465e-03  3.2292574178e-04  -7.5709147931e-02  1.0586983744e-01  -1.7363664805e-02  9.1291496629e-02  -2.9979046855e-02  9.7698548577e-02  -2.8641222351e-02  9.7105060124e-02  -1.9951486146e-01  1.0169873729e-01  -2.0418796078e-01  1.0662496482e-01  4.2521688709e-03  1.2136162086e-01  8.8105380011e-02  9.1763036907e-02  3.6337086984e-03  1.1377371618e-01  8.3077747974e-02  9.8942184997e-02  -8.8111467528e-02  8.8235570669e-02  -1.1883030004e-01  8.4785617858e-02  
4.7068715096e+00  2.2613629699e-03  3.6189320963e-04  -8.8610639618e-02  1.0306369656e-01  -4.5846634788e-02  9.0897989049e-02  6.4447350663e-03  9.9858898801e-02  1.1813760247e-02  9.8874546569e-02  -4.6283881238e-02  1.0077976517e-01  -8.9413806141e-02  9.8416797402e-02  -9.8046184260e-02  1.0755164105e-01  -1.0639153354e-01  1.0159897065e-01  -3.5124631124e-02  1.0188330979e-01  -1.1067518335e-02  9.9508722364e-02  -3.2526861185e-02  9.5713377270e-02  6.4588894662e-03  9.0564411061e-02  
4.8041968346e+00  1.2108969968e-03  2.1975673735e-04  3.3807704779e-02  1.3817255470e-01  8.3700496423e-02  1.2679230836e-01  -9.7701836565e-02  1.3059947130e-01  -9.9615507277e-02  1.2610034093e-01  8.9854076616e-03  1.6106497618e-01  8.6483873272e-03  1.5837944854e-01  -3.7765994608e-01  1.4838559143e-01  -2.6028006400e-01  8.2314863307e-02  -9.8100244990e-02  2.0737216892e-01  -7.6712244071e-02  1.7378680076e-01  -3.6440528008e-01  1.3382692749e-01  -2.7242276574e-01  1.5513103969e-01  
4.9021964073e+00  8.5195770953e-04  2.6394982706e-04  -8.5038880237e-02  2.0680342069e-01  -1.5629878577e-02  7.7392173283e-02  -3.4861293809e-01  1.7554065805e-01  -3.2257561723e-01  1.6240539695e-01  -3.1679435073e-02  9.7452944504e-02  -6.1349359271e-02  1.3324762251e-01  2.0157083274e-01  3.1450254095e-01  1.0155376837e-01  3.7165244785e-01  -2.5692172606e-03  2.1427848099e-01  2.2010241194e-01  1.1061661188e-01  -1.3896177210e-01  2.0600382731e-01  -1.5041676171e-01  2.4620838749e-01  
5.0012774467e+00  4.6238608775e-04  1.6539933858e-04  -1.8182967228e-02  3.0757087739e-01  1.1784540002e-01  1.9934656558e-01  3.1560674684e-01  1.4698600101e-01  2.9376645985e-01  1.4955744472e-01  2.3762242933e-02  1.7378030272e-01  6.0691893480e-02  1.8166896899e-01  1.3473031222e-01  1.7455336768e-01  8.4949926663e-02  2.1124325799e-01  -1.5179269574e-01  1.4908679369e-01  -1.4182752972e-01  1.8524686438e-01  -1.3334078521e-01  1.4637820537e-01  -2.7656592998e-01  1.3506601248e-01  
5.1010713577e+00  5.0196895609e-04  2.1116374410e-04  4.7549135409e-04  2.7697780488e-01  6.6987479227e-02  1.2859823523e-01  -4.6880559568e-02  2.5252293775e-01  -2.6119653997e-02  2.3712285388e-01  -4.1175970943e-02  1.2486319571e-01  -1.7849759664e-01  9.1318310617e-02  2.4989144781e-01  2.5081246213e-01  6.1957160067e-02  2.8534104982e-01  -1.5427823515e-02  2.2852963799e-01  1.4668129246e-01  2.1503867595e-01  2.0512136297e-01  1.5786188683e-01  2.2486170115e-01  2.0091736011e-01  
5.2005472183e+00  1.0678393301e-04  6.1684746470e-05  1.0075256779e-01  5.0504686679e-01  -2.6554760726e-01  6.4677043949e-01  5.9709392993e-02  4.3239290162e-01  6.9588903581e-02  3.9813352115e-01  3.3961796850e-01  1.4721983930e-01  9.4067802269e-02  2.5698187177e-01  -6.5450418340e-01  7.7050618918e-01  -1.9029740862e-01  5.7739444288e-01  -2.2088007532e-02  1.0449137305e-01  -2.4264200099e-02  3.4089716432e-01  -6.4595714271e-01  5.0551679011e-01  -1.7174713299e-01  6.9470501341e-01  
5.3005647659e+00  2.0020740340e-04  8.0756282841e-05  3.9642723047e-01  1.8405805534e-01  -2.5600244393e-01  3.7104846041e-01  -1.5273882374e-01  4.4330100643e-01  -1.6233170694e-01  4.3443187921e-01  1.0885420458e-01  1.4888658038e-01  2.6339867967e-02  1.5330716835e-01  -8.0941764310e-02  1.9336836868e-01  -1.9959210181e-01  9.2141696776e-02  -1.4795824358e-01  4.3702665771e-01  2.4374233647e-01  3.6109256348e-01  -3.6168331728e-01  5.6512149323e-01  -4.8863021805e-01  5.9354554060e-01  
5.4002170563e+00  8.7036496552e-05  6.5087617259e-05  5.6331867493e-02  1.0669478064e+00  2.1275501874e-01  5.6800897506e-01  3.3144229736e-01  7.0300840559e-01  3.8529739596e-01  7.6505625876e-01  5.8501820988e-02  9.7882772629e-02  9.9722145268e-02  2.1044846101e-01  6.4478812790e-01  1.8701539633e-01  5.6792882384e-01  3.4886473947e-01  -3.4859191346e-01  3.3734503215e-01  -1.1524888937e-01  6.5372121316e-01  5.4770415931e-01  6.2899421135e-02  1.1961616802e+00  7.4656338823e-01  
5.5001516342e+00  3.1407034840e-05  3.1328010664e-05  -8.4450577334e-02  8.4532994989e-02  3.4507531092e-01  3.4528616562e-01  5.4494798513e-01  5.4505808577e-01  5.3436430136e-01  5.3448814166e-01  -1.3521395938e-01  1.3531007439e-01  -4.1929672636e-01  4.1955050540e-01  1.5204062157e-02  1.5212764472e-02  2.0850971893e-02  2.0864901283e-02  -7.0368058029e-01  7.0425682133e-01  -6.9315938824e-01  6.9352446887e-01  1.0317510175e-01  1.0325698373e-01  -1.8884139714e-01  1.8895041446e-01  
5.6003389359e+00  6.1418206315e-05  4.3390282372e-05  -4.4011364405e-02  6.5089682175e-01  2.9269510777e-01  5.1355814968e-01  -2.7636687360e-01  8.4566935101e-01  -2.0764700087e-01  7.8075864328e-01  -5.6530895882e-02  2.5814815041e-02  -1.6244098612e-01  1.9004514177e-01  1.0572019191e-01  1.8683343231e-01  2.8120317445e-01  2.2346879988e-01  -4.8587324459e-01  4.3727786799e-01  2.7524980702e-02  1.2237479305e-01  2.7264970249e-01  1.8365231399e-01  5.6893020138e-02  4.9121111776e-01  
5.7002353668e+00  6.3060404500e-05  4.4453245209e-05  -3.1204918311e-01  3.1235463063e-01  -3.8970618347e-01  3.8994517227e-01  9.8251855463e-01  9.8271716879e-01  9.3458601608e-01  9.3480266277e-01  -3.8568108825e-01  3.8595545218e-01  -2.8222174336e-01  2.8239277568e-01  8.9955143114e-01  9.0005560386e-01  4.0482969859e-01  4.0510128590e-01  -1.1578310746e+00  1.1587791692e+00  -9.2153818374e-01  9.2202355169e-01  -7.0721744353e-01  7.0777994456e-01  -1.6613018135e+00  1.6622441790e+00  
5.8001103401e+00  6.0966598539e-05  4.2912630306e-05  -1.2953691170e-01  7.4492078288e-01  1.5960551028e-01  2.1766041166e-01  -4.4620856957e-01  1.3484283437e+00  -4.4976681516e-01  1.3922671828e+00  2.3820212240e-01  2.2360199942e-01  2.3874868466e-02  4.6394563536e-01  7.7620499577e-01  1.5948616609e+00  5.3049724678e-01  8.2212724358e-01  6.2605891066e-01  7.6583459974e-01  6.1375720088e-01  2.4401914361e-01  -3.9612587942e-01  1.1484368226e+00  1.4170968263e-01  5.3812173007e-01  
5.9002132416e+00  4.1876050091e-05  4.1770697862e-05  9.5913740229e-01  9.6007624727e-01  6.8485874207e-01  6.8527813038e-01  5.6807363303e-01  5.6818796178e-01  5.0202661363e-01  5.0214290598e-01  -1.1669829802e+00  1.1678144924e+00  -1.1895484211e+00  1.1902702199e+00  -3.0423414183e-01  3.0440854283e-01  -5.4422000155e-01  5.4458427965e-01  -5.2712919754e-01  5.2756092020e-01  -5.3973798985e-01  5.4002205467e-01  1.0700760912e+00  1.0709278355e+00  1.1866222572e+00  1.1873082927e+00  
6.0002779961e+00  6.3060404500e-05  4.4453256123e-05  -4.3894832420e-02  9.4928800482e-01  2.0141730422e-02  7.4954564521e-01  4.5070492513e-02  7.4644862864e-02  1.1165750399e-01  9.7665235521e-02  1.7776917866e-01  2.2584155119e-01  2.2907639673e-01  1.3073550858e-01  -7.0341536792e-01  1.3623958294e+00  -6.3626815791e-01  4.4623344741e-01  5.4473259762e-02  1.1785976013e-01  7.3014267613e-02  5.1883259998e-01  -2.6878185325e-01  4.2473674256e-01  -1.1148413003e+00  6.8949887678e-01  
6.0999879837e+00  0.0000000000e+00  0.0000000000e+00  0.0000000000e+00  0.0000000000e+00  0.0000000000e+00  0.0000000000e+00  0.0000000000e+00  0.0000000000e+00  0.0000000000e+00  0.0000000000e+00  0.0000000000e+00  0.0000000000e+00  0.0000000000e+00  0.0000000000e+00  0.0000000000e+00  0.0000000000e+00  0.0000000000e+00  0.0000000000e+00  0.0000000000e+00  0.0000000000e+00  0.0000000000e+00  0.0000000000e+00  0.0000000000e+00  0.0000000000e+00  0.0000000000e+00  0.0000000000e+00  
6.2000875473e+00  3.3500837162e-05  3.3416450606e-05  4.6787837327e-01  4.6833621898e-01  -7.0571181822e-01  7.0614409477e-01  -8.8139550620e-01  8.8157357325e-01  -7.8480438761e-01  7.8498604453e-01  7.4741199599e-03  7.4794313130e-03  2.6077915556e-01  2.6093691122e-01  -1.3029288916e-01  1.3036763510e-01  6.3878942384e-03  6.3921705257e-03  1.3949831856e-01  1.3961220471e-01  -2.3356015303e-02  2.3368256587e-02  4.5157041936e-01  4.5192903390e-01  -1.0964077734e-01  1.0970411336e-01  
6.3001580238e+00  2.7917365514e-05  2.7847072488e-05  5.2551284627e-01  5.2602722899e-01  2.6696488570e-02  2.6712841552e-02  6.3191706811e-01  6.3204412242e-01  6.4363183178e-01  6.4378049462e-01  -1.4868884874e-01  1.4879451935e-01  1.9381114988e-02  1.9392825874e-02  4.8689727189e-03  4.8717647444e-03  -8.5347931402e-02  8.5405196239e-02  -4.9660425270e-01  4.9701097788e-01  7.5292859814e-01  7.5332512638e-01  -5.3787690124e-02  5.3830360831e-02  1.8842725823e-01  1.8853592952e-01  
6.4000129700e+00  0.0000000000e+00  0.0000000000e+00  0.0000000000e+00  0.0000000000e+00  0.0000000000e+00  0.0000000000e+00  0.0000000000e+00  0.0000000000e+00  0.0000000000e+00  0.0000000000e+00  0.0000000000e+00  0.0000000000e+00  0.0000000000e+00  0.0000000000e+00  0.0000000000e+00  0.0000000000e+00  0.0000000000e+00  0.0000000000e+00  0.0000000000e+00  0.0000000000e+00  0.0000000000e+00  0.0000000000e+00  0.0000000000e+00  0.0000000000e+00  0.0000000000e+00  0.0000000000e+00  
6.5000000000e+00  0.0000000000e+00  0.0000000000e+00  0.0000000000e+00  0.0000000000e+00  0.0000000000e+00  0.0000000000e+00  0.0000000000e+00  0.0000000000e+00  0.0000000000e+00  0.0000000000e+00  0.0000000000e+00  0.0000000000e+00  0.0000000000e+00  0.0000000000e+00  0.0000000000e+00  0.0000000000e+00  0.0000000000e+00  0.0000000000e+00  0.0000000000e+00  0.0000000000e+00  0.0000000000e+00  0.0000000000e+00  0.0000000000e+00  0.0000000000e+00  0.0000000000e+00  0.0000000000e+00  
6.5999865532e+00  0.0000000000e+00  0.0000000000e+00  0.0000000000e+00  0.0000000000e+00  0.0000000000e+00  0.0000000000e+00  0.0000000000e+00  0.0000000000e+00  0.0000000000e+00  0.0000000000e+00  0.0000000000e+00  0.0000000000e+00  0.0000000000e+00  0.0000000000e+00  0.0000000000e+00  0.0000000000e+00  0.0000000000e+00  0.0000000000e+00  0.0000000000e+00  0.0000000000e+00  0.0000000000e+00  0.0000000000e+00  0.0000000000e+00  0.0000000000e+00  0.0000000000e+00  0.0000000000e+00  
6.6999955177e+00  0.0000000000e+00  0.0000000000e+00  0.0000000000e+00  0.0000000000e+00  0.0000000000e+00  0.0000000000e+00  0.0000000000e+00  0.0000000000e+00  0.0000000000e+00  0.0000000000e+00  0.0000000000e+00  0.0000000000e+00  0.0000000000e+00  0.0000000000e+00  0.0000000000e+00  0.0000000000e+00  0.0000000000e+00  0.0000000000e+00  0.0000000000e+00  0.0000000000e+00  0.0000000000e+00  0.0000000000e+00  0.0000000000e+00  0.0000000000e+00  0.0000000000e+00  0.0000000000e+00  
6.8000054359e+00  0.0000000000e+00  0.0000000000e+00  0.0000000000e+00  0.0000000000e+00  0.0000000000e+00  0.0000000000e+00  0.0000000000e+00  0.0000000000e+00  0.0000000000e+00  0.0000000000e+00  0.0000000000e+00  0.0000000000e+00  0.0000000000e+00  0.0000000000e+00  0.0000000000e+00  0.0000000000e+00  0.0000000000e+00  0.0000000000e+00  0.0000000000e+00  0.0000000000e+00  0.0000000000e+00  0.0000000000e+00  0.0000000000e+00  0.0000000000e+00  0.0000000000e+00  0.0000000000e+00  
6.9000134468e+00  0.0000000000e+00  0.0000000000e+00  0.0000000000e+00  0.0000000000e+00  0.0000000000e+00  0.0000000000e+00  0.0000000000e+00  0.0000000000e+00  0.0000000000e+00  0.0000000000e+00  0.0000000000e+00  0.0000000000e+00  0.0000000000e+00  0.0000000000e+00  0.0000000000e+00  0.0000000000e+00  0.0000000000e+00  0.0000000000e+00  0.0000000000e+00  0.0000000000e+00  0.0000000000e+00  0.0000000000e+00  0.0000000000e+00  0.0000000000e+00  0.0000000000e+00  0.0000000000e+00  
7.0000000000e+00  0.0000000000e+00  0.0000000000e+00  0.0000000000e+00  0.0000000000e+00  0.0000000000e+00  0.0000000000e+00  0.0000000000e+00  0.0000000000e+00  0.0000000000e+00  0.0000000000e+00  0.0000000000e+00  0.0000000000e+00  0.0000000000e+00  0.0000000000e+00  0.0000000000e+00  0.0000000000e+00  0.0000000000e+00  0.0000000000e+00  0.0000000000e+00  0.0000000000e+00  0.0000000000e+00  0.0000000000e+00  0.0000000000e+00  0.0000000000e+00  0.0000000000e+00  0.0000000000e+00  
