#y  dN/dy  dN/dy_err  vn{2}(y)  vn{2}(y)_err  Re{vn}(y)  Re{vn}(y)_err
-6.9977355003e+00  1.2921333546e-03  3.1289673643e-04  1.3920671622e-01  1.2907832279e-01  1.3959571660e-01  1.2788351643e-01  9.3381240434e-03  3.0094005885e-02  1.4697997168e-02  3.5291653524e-02  -6.5599211815e-02  2.7173717460e-02  1.2848362189e-02  3.0121740668e-02  -5.9088913230e-02  3.3570608843e-02  -6.5803221066e-02  3.2295387319e-02  2.3313619203e-02  3.9531255660e-02  1.3865683778e-02  6.0918037617e-02  -1.0623508910e-02  2.3048880177e-02  -7.9462006650e-02  5.2709640407e-02  
-6.8856248856e+00  7.3378748493e-04  1.5597688616e-04  6.4696384109e-02  9.4615547943e-02  7.0163480899e-02  9.0780377033e-02  2.2655750767e-02  4.6584422391e-02  2.3717875326e-02  3.7657269698e-02  8.0915183475e-02  4.6052699204e-02  5.0936048394e-02  4.5234743133e-02  1.8845528355e-02  5.2701192739e-02  2.5364747570e-02  5.5675176118e-02  2.9309529859e-02  3.0721109907e-02  -3.3683524410e-02  3.8460370333e-02  -3.9288035214e-02  5.7573043389e-02  -2.8743306401e-02  4.0633993749e-02  
-6.7835125923e+00  8.3250354510e-04  1.6881110787e-04  2.2159122011e-02  4.4804560970e-02  6.7330368093e-03  5.1696177610e-02  1.4371341726e-02  4.4562344157e-02  1.8330661459e-02  4.6756141416e-02  -4.6364761889e-02  3.0591548299e-02  -1.6025399793e-02  3.5153656631e-02  4.7065066687e-02  4.6590039260e-02  6.5934517915e-02  6.6208092012e-02  -7.3263336612e-03  4.9433135911e-02  3.4364073984e-02  5.3818954120e-02  2.9500110213e-02  4.2526266986e-02  7.3303550705e-03  3.9434174151e-02  
-6.6810441017e+00  8.5338921053e-04  1.5311072639e-04  9.2091843106e-02  7.9335232214e-02  7.6652595051e-02  7.1543942742e-02  -6.5210745371e-03  4.4181553268e-02  -2.0505459321e-02  4.7210150439e-02  -2.6405855025e-02  3.6009054157e-02  -7.7383019611e-03  4.6861043122e-02  1.2205679282e-02  4.2885439756e-02  9.2490599039e-03  4.9888810397e-02  4.2952071343e-02  2.8096397372e-02  4.4520470219e-02  4.4344367783e-02  8.7485785985e-03  3.1785049947e-02  4.7072390855e-02  3.3400149979e-02  
-6.5765457153e+00  9.7652454861e-04  1.6404061171e-04  -1.6229666855e-02  5.0416906666e-02  1.2450576011e-02  6.6636547482e-02  3.1506688344e-02  5.2637345807e-02  -4.8466763880e-03  4.9928661779e-02  7.3502080933e-02  3.8534329665e-02  2.2879677846e-02  4.3929932143e-02  -7.5500868831e-02  4.1909098423e-02  -3.8323781453e-02  4.0874653272e-02  -1.4632658874e-02  3.3045262723e-02  -3.9453024206e-02  4.8004986928e-02  1.4592510272e-02  3.7062544681e-02  3.2464861214e-02  3.4758505654e-02  
-6.4750165939e+00  1.2143146014e-03  2.0283667254e-04  -4.4733772648e-03  7.0183599807e-02  3.0312261639e-02  6.3532748392e-02  5.1135225241e-02  3.9159765139e-02  4.2845895134e-02  4.0770750951e-02  -1.3049467765e-02  3.9601967608e-02  5.6382094522e-03  3.6748234177e-02  -4.1760492272e-02  3.9554163699e-02  -3.5907315043e-02  4.2128267776e-02  4.3275211261e-03  2.4155160463e-02  2.5809385301e-02  3.1670991865e-02  -8.5092176415e-03  2.3691494172e-02  -4.6105066471e-03  2.9730990437e-02  
-6.3700709343e+00  1.6909170663e-03  2.5359544088e-04  -6.3216941678e-02  5.5454548366e-02  -5.1882089819e-02  4.7662163172e-02  -4.3778011300e-02  5.0689210083e-02  -4.6989865297e-02  4.5575328977e-02  9.7412026080e-03  3.4440670646e-02  3.3250237834e-02  3.2346201863e-02  -3.8841424690e-02  3.8046692988e-02  -5.7997449282e-02  2.1258894054e-02  2.4453981157e-02  2.9300035901e-02  -4.2394135965e-02  3.9316654042e-02  4.9931748865e-02  2.5386803837e-02  4.9603178983e-02  2.9607462548e-02  
-6.2653183937e+00  1.9859450404e-03  2.5855377316e-04  -2.8447136701e-02  4.5919783432e-02  -3.3132180296e-02  4.0585192959e-02  6.4589936362e-02  4.1001685547e-02  6.9725100217e-02  3.6210041490e-02  -2.1554672996e-02  2.8926321364e-02  -2.0602100111e-02  2.3555867900e-02  -4.1536494196e-02  3.4009425675e-02  6.4145081201e-03  3.0480129486e-02  -3.9600218114e-02  2.0497275233e-02  7.8048985285e-03  2.7123636207e-02  3.2287571299e-02  3.5883481511e-02  4.5973109975e-02  3.3698621264e-02  
-6.1633172035e+00  2.7722648811e-03  3.4576526377e-04  -7.2964426320e-02  4.4982346887e-02  -4.0570811844e-02  3.7261120581e-02  -1.0853916447e-02  5.1939806088e-02  -7.9979293942e-03  4.4735691525e-02  -1.5295684547e-02  2.8735123351e-02  -1.1061932312e-02  3.3165612890e-02  6.3270025107e-02  2.5088546319e-02  4.1149525998e-02  2.8293415094e-02  1.0145561476e-02  2.0496355486e-02  1.4869340396e-02  2.8068695661e-02  -1.4863879072e-03  2.6038464446e-02  -1.0444615709e-02  2.5711177419e-02  
-6.0601630211e+00  3.9937421679e-03  4.5038390090e-04  -1.4839043176e-02  3.5952010775e-02  1.3321976644e-02  2.9533217643e-02  -2.9800122310e-03  3.3020077584e-02  -7.1556342348e-03  2.7119244562e-02  -2.0036862526e-02  2.0937775690e-02  8.9100044249e-03  2.0516153085e-02  2.1135739193e-02  2.3361668194e-02  3.3767642928e-02  2.0049788829e-02  1.3477102041e-02  2.0667263474e-02  5.0734839921e-03  2.1285182303e-02  8.6354860770e-03  1.6315472004e-02  -1.0565212001e-02  2.0071773260e-02  
-5.9549565315e+00  5.3579863161e-03  5.7410431327e-04  1.0789847612e-02  2.4126954496e-02  2.6312784672e-02  2.2280812916e-02  -2.1190578237e-02  2.0493370752e-02  -1.7981277356e-02  2.0001607850e-02  -1.7092804847e-03  1.9348451580e-02  4.9289890443e-03  1.8551567556e-02  -9.2143286115e-03  1.5724139804e-02  -2.3318911789e-02  1.7236406594e-02  1.9291278032e-02  1.3907134701e-02  2.1418209891e-02  1.7269963549e-02  4.3270932739e-02  1.5543402659e-02  1.0666503752e-02  1.4536841269e-02  
-5.8529791832e+00  7.5570014305e-03  7.2479690425e-04  -2.8418907344e-02  1.7194375072e-02  -3.1360096830e-02  1.5350606373e-02  -1.3579225139e-02  1.5450579253e-02  -8.5631845928e-03  1.6079532364e-02  -5.0215742008e-03  1.6011839269e-02  1.7764672846e-02  1.3802971183e-02  1.2888576348e-02  1.8499219537e-02  2.0658735338e-02  1.5760827236e-02  -3.0546183128e-02  1.3028636274e-02  -2.2192210035e-02  1.5464114664e-02  1.3155479412e-02  1.1971752999e-02  -4.3495875729e-04  1.3524457535e-02  
-5.7514309883e+00  1.0486205108e-02  9.8584871739e-04  -4.5151163919e-02  1.9412739094e-02  -3.6803179154e-02  1.8359736191e-02  2.0479882526e-02  1.2684752389e-02  1.9880290827e-02  1.3287475827e-02  -7.0526158492e-03  1.2813737037e-02  1.4406040311e-02  1.0695752062e-02  -8.1719050844e-04  1.5029181054e-02  -3.6763313576e-03  1.4224404511e-02  -1.7576714197e-04  1.0018568409e-02  -1.4360023339e-02  1.2085184942e-02  5.0874321463e-03  1.0161218469e-02  2.7629396099e-03  1.2142373438e-02  
-5.6501097679e+00  1.4374372549e-02  1.2585718650e-03  -2.2704793216e-02  1.4230524735e-02  -9.4524611652e-03  1.2873025372e-02  -1.4301854376e-02  9.7430269870e-03  -1.1231119749e-02  9.8792729942e-03  2.5218529873e-03  1.0775776944e-02  5.9905459734e-03  1.1545890057e-02  -6.2548322009e-03  1.0212930409e-02  -7.2988664841e-03  1.0875325016e-02  5.0633319473e-03  8.3354554082e-03  2.0265751138e-02  9.6365398984e-03  1.2084531246e-02  1.1618481319e-02  5.9356838025e-03  1.0994007396e-02  
-5.5493769646e+00  1.8696608022e-02  1.5552047407e-03  -4.0503530234e-03  1.2341523547e-02  4.0365064918e-03  1.2800595381e-02  -9.8971294797e-04  1.1145124427e-02  1.8052243792e-04  9.2792432314e-03  4.7162500298e-03  7.4921172124e-03  -5.2631401626e-03  1.0306358264e-02  -1.1417426321e-02  7.5270254878e-03  -1.2031238231e-03  7.7915150243e-03  -3.9076390866e-03  7.8773226061e-03  -3.6471063183e-03  1.0801817545e-02  4.4874463406e-03  7.3648962194e-03  5.5836877947e-03  7.8647153240e-03  
-5.4488725662e+00  2.4856440723e-02  2.0913037006e-03  -7.2017240134e-03  9.0756534332e-03  -3.0613483716e-03  8.1080588978e-03  -1.1820494996e-02  8.3339221623e-03  -5.7249092141e-03  8.0657138370e-03  7.8853098723e-03  7.6537432814e-03  5.2143787260e-03  7.8511430620e-03  -5.1257377457e-04  1.0016737055e-02  -1.1648886749e-03  1.0930288898e-02  -1.2893179774e-02  7.0775727799e-03  -1.7757508963e-03  7.8251585925e-03  2.6536465724e-03  7.4367774273e-03  2.5180890793e-03  7.5501082647e-03  
-5.3489537239e+00  3.1778179109e-02  2.5378523860e-03  -4.7516381262e-03  1.0821791710e-02  1.9851773557e-03  1.0315412332e-02  -2.5567219578e-03  6.5809752276e-03  2.2198955985e-03  7.1501509852e-03  -8.2634283439e-03  5.8393887608e-03  -6.1870806195e-03  7.0361643890e-03  6.4081097098e-03  7.0656381304e-03  8.1615457074e-03  6.4929425218e-03  1.7155249708e-02  6.1602924982e-03  2.4702895053e-02  6.7786566900e-03  1.1596715990e-02  5.4882845817e-03  3.9276846029e-03  6.4462627343e-03  
-5.2480535507e+00  4.0332343429e-02  3.2103881240e-03  -1.7403709446e-02  9.8074338581e-03  -1.1159103639e-02  1.0194532709e-02  -3.7440530295e-03  5.7860447400e-03  -3.6456161084e-03  4.8418652286e-03  2.6756587025e-03  5.0943250984e-03  -7.7950649904e-03  5.5659890544e-03  -3.3363877167e-03  7.0076532793e-03  -3.7152039396e-03  6.1596379818e-03  -7.2382046425e-04  5.0586716953e-03  2.3697427817e-03  5.5083746709e-03  -6.9051377893e-03  5.7615730150e-03  -1.6063498042e-03  6.3879909868e-03  
-5.1484022141e+00  4.9678612500e-02  3.8455002941e-03  -1.3981074922e-02  9.4492975669e-03  -2.0150676861e-03  8.2602877999e-03  -2.9716818660e-03  5.9386418449e-03  -1.5967759237e-03  4.8136723595e-03  8.4347228938e-03  5.7048106721e-03  2.6250071265e-03  6.1777615142e-03  -5.9187150351e-03  5.0981075596e-03  -2.7285511855e-03  4.9483672022e-03  -1.4308354827e-03  5.5331521577e-03  2.3765411098e-03  5.6199098626e-03  6.4667612647e-03  4.8258336401e-03  4.6791335596e-03  4.6213448163e-03  
-5.0484876633e+00  5.9550315142e-02  4.6676439233e-03  -1.6659596830e-02  9.4139426186e-03  4.5341374819e-04  9.0938884944e-03  6.3960568134e-03  5.1911549382e-03  4.2833852064e-03  4.4836289817e-03  1.5221049965e-03  4.2648286072e-03  2.1895432545e-04  3.9831059766e-03  -1.6190511444e-03  4.8086957598e-03  -7.2472478805e-03  4.0846398695e-03  -1.3354895178e-04  4.1920911543e-03  -5.6031110164e-03  4.5648845424e-03  3.9498762510e-03  4.3964402709e-03  5.8200493151e-03  4.6924622536e-03  
-4.9485621452e+00  7.2312168777e-02  5.7730805129e-03  -1.8018017124e-02  7.0879333146e-03  -4.8905578822e-03  5.7770814150e-03  3.6990418508e-03  5.0842681826e-03  6.3186886017e-03  4.8443909502e-03  4.6174658595e-03  4.9314096139e-03  2.2348966087e-04  4.8928933382e-03  4.0031798179e-03  4.7575741417e-03  4.0136914467e-03  4.1789750094e-03  1.5451168389e-03  5.2820869522e-03  -1.6713901779e-03  5.0008285335e-03  4.5916076122e-03  3.1488072880e-03  3.8539744873e-03  4.1674269232e-03  
-4.8490328789e+00  8.4408164024e-02  6.5676975064e-03  -7.4248000485e-03  9.0901720443e-03  -8.3535662487e-04  8.7004776100e-03  -2.2030817391e-04  5.0987529263e-03  9.5472102536e-04  4.2982723953e-03  7.7569281614e-05  3.9616303314e-03  -3.9593680478e-04  3.7002506502e-03  -5.0559050418e-03  4.8572898815e-03  -4.7447875746e-03  3.9200215181e-03  1.1581613453e-03  4.4594963864e-03  -3.8699645418e-04  4.1133860957e-03  -5.2388880483e-04  3.9586898913e-03  -3.1968111871e-03  4.8307910467e-03  
-4.7493286133e+00  9.6658654511e-02  7.6631503180e-03  -1.6465678535e-02  7.8033480569e-03  -7.0435611569e-03  7.4543137499e-03  -6.7378249903e-03  3.7390153351e-03  -7.8896276691e-03  3.8882679383e-03  5.5961002767e-03  3.9722572095e-03  2.9762368032e-03  4.0824005350e-03  -3.3290167197e-03  3.5539904829e-03  4.5970259773e-04  3.1575284843e-03  1.7201372396e-03  3.3345214096e-03  4.5113493783e-03  3.4286457339e-03  -1.1939661208e-03  3.4898853667e-03  3.0629608224e-03  3.5133703095e-03  
-4.6492567062e+00  1.0974641889e-01  8.6229424924e-03  -1.3569702366e-02  6.9238412715e-03  -8.9760037111e-03  6.8212579340e-03  -8.4670921785e-04  4.0025712759e-03  1.3146925826e-03  3.8280698213e-03  3.7989594513e-03  3.5770918707e-03  1.9882015459e-03  3.6449500886e-03  -1.3650954343e-03  3.3382288752e-03  8.2400201048e-04  3.2755953045e-03  -8.8422595938e-04  3.4779758826e-03  5.2599096599e-03  3.6053475120e-03  7.0808314794e-03  3.8368159248e-03  3.4902222212e-03  3.4761185610e-03  
-4.5491876602e+00  1.2083271891e-01  9.4029214233e-03  -1.1652049875e-02  6.1797109405e-03  -3.4026323903e-03  4.7728556232e-03  -3.1489244382e-03  3.6233506502e-03  2.1465886021e-04  3.4337925885e-03  -1.7619713237e-03  4.2958814872e-03  2.8787262011e-03  3.5166725303e-03  2.9476352917e-03  3.1277441682e-03  5.9688529023e-04  3.5895623878e-03  -9.1670749231e-04  3.2702344655e-03  7.5123642419e-03  3.6847036188e-03  5.2317987928e-03  4.0523248415e-03  1.6852688084e-03  3.2002663133e-03  
-4.4493827820e+00  1.3324818015e-01  1.0358242318e-02  -1.7607800111e-02  5.7690744261e-03  -4.7780460612e-03  5.5256267332e-03  -4.2688540962e-03  3.9046633269e-03  -1.7873273737e-03  2.7115096222e-03  3.8314902613e-03  3.3633242908e-03  5.2941990256e-03  3.5484716213e-03  -3.0491208700e-03  3.6589358320e-03  -4.5661298743e-03  3.6600049015e-03  1.6910441967e-04  3.5518743423e-03  -1.5203989043e-03  3.5964402531e-03  3.5452854140e-04  2.8530824141e-03  4.2584355426e-03  3.6549154079e-03  
-4.3494071960e+00  1.4526253939e-01  1.1194079183e-02  -7.3029071102e-03  5.7495903453e-03  1.4811685984e-03  5.0249360051e-03  2.8986357787e-03  3.1046977025e-03  2.2393376614e-03  2.6219427987e-03  2.2333604925e-03  3.2566618573e-03  6.2117039419e-04  3.3043958297e-03  -1.0795925436e-03  3.4600774274e-03  -8.7524392605e-04  2.7449526424e-03  -2.0415638538e-03  3.1231689226e-03  -2.9035405855e-03  3.9260178548e-03  5.5065651434e-03  2.5783172422e-03  3.3336455093e-03  3.1464390085e-03  
-4.2494196892e+00  1.5526582301e-01  1.1710354127e-02  -1.3437775334e-02  5.3686882404e-03  -5.7129401866e-03  4.7750791347e-03  2.3071789649e-03  4.0234674250e-03  4.2425423851e-03  3.6677155305e-03  -6.9952197811e-04  3.0982579130e-03  2.0725479841e-03  3.2651770579e-03  -7.0080050812e-04  3.4335764999e-03  -2.8391065829e-03  3.2809476542e-03  3.9388726712e-03  3.1981918072e-03  4.9428625332e-03  3.4241085759e-03  -6.2670744313e-04  2.9214853111e-03  -4.3940700558e-04  2.9392193376e-03  
-4.1495733261e+00  1.6617704928e-01  1.2515808456e-02  -1.1187290915e-02  4.5037610031e-03  -5.8092484916e-03  3.9316652846e-03  -6.7648883690e-03  3.1707579299e-03  -5.1458021008e-03  2.8577876780e-03  -1.3613337912e-03  2.7928384001e-03  2.6298127320e-03  2.4933146846e-03  2.6451556929e-03  2.2180350412e-03  1.9618670874e-03  2.0860450565e-03  -3.4155376821e-03  2.7053997892e-03  -2.0020851650e-03  3.0823637609e-03  -1.7979657735e-03  3.0688425999e-03  -3.5083748220e-03  3.2709665464e-03  
-4.0495557785e+00  1.7570038140e-01  1.2896322645e-02  -6.3310612269e-03  4.7362172665e-03  -3.0406958136e-03  4.0114583309e-03  4.8043347648e-03  2.8203390538e-03  4.0431304060e-03  2.5266663194e-03  4.2199992043e-03  2.6602985172e-03  2.7289932715e-03  2.9271378380e-03  3.2715534148e-03  3.0478599260e-03  -5.9446882414e-04  2.9529435282e-03  -2.3096009889e-03  3.2839633776e-03  -3.6495604115e-03  3.2545351521e-03  -9.1271612418e-05  2.6940217611e-03  8.1503029977e-04  2.5517877499e-03  
-3.9497027397e+00  1.8536706269e-01  1.3194870204e-02  -3.0877941302e-03  4.2818026340e-03  1.6649860444e-04  3.6938256489e-03  1.8597754447e-03  3.3529315189e-03  9.3222647730e-04  2.8271457177e-03  4.5541669622e-03  2.6629615956e-03  -1.2282791268e-03  2.3693471479e-03  -5.4454640344e-04  2.3328193358e-03  -6.1108487305e-04  2.4181771365e-03  -1.2755605700e-03  2.6234281569e-03  -1.8819226154e-03  2.4548698709e-03  -3.9808055319e-03  2.8090845944e-03  -3.5196073325e-03  2.5753310761e-03  
-3.8496396542e+00  1.9395446777e-01  1.3504579663e-02  -6.1099446329e-04  3.8099610199e-03  2.9073137914e-03  3.1865832439e-03  4.0358631606e-03  2.7004877978e-03  1.0197651700e-03  2.1464313051e-03  -2.0387182048e-03  2.9317073275e-03  -2.2328576959e-03  2.6078260615e-03  2.7120631350e-03  2.4758770705e-03  3.9992895030e-03  2.6356377511e-03  2.5171641598e-03  2.5687499020e-03  1.0494010359e-03  2.7511677828e-03  5.6269077456e-04  2.8024747304e-03  2.3437107376e-03  2.6795715331e-03  
-3.7496428490e+00  2.0231020451e-01  1.3665725477e-02  -1.3078310134e-03  3.1319401928e-03  -1.5469037438e-03  3.1074453115e-03  7.1931946452e-03  3.2356340929e-03  4.4218804687e-03  2.8734625550e-03  -3.4875661320e-03  3.2484496136e-03  -4.8956469709e-03  2.5396989696e-03  -1.1417440800e-03  3.2669102888e-03  9.4302520378e-04  2.8786456782e-03  -8.9905759455e-04  2.3914672486e-03  -1.2538337377e-03  2.0280806535e-03  -3.2906352034e-04  2.6964152830e-03  -3.6280383784e-03  2.5004329746e-03  
-3.6496319771e+00  2.1296024323e-01  1.3972935267e-02  -1.3681067643e-03  3.2280924709e-03  -4.3840536810e-03  2.9884568944e-03  5.0286859611e-03  3.2413858784e-03  3.8246017289e-04  2.5873201925e-03  3.5939165724e-03  3.0081216302e-03  -1.8581301899e-03  2.9222511566e-03  -2.9024051262e-03  2.3940485803e-03  -4.3567796855e-03  2.5016981540e-03  2.3376077713e-03  2.7071859585e-03  8.3011989641e-04  3.0381838449e-03  2.5046482452e-03  2.4338873892e-03  7.6868878060e-03  2.5866448540e-03  
-3.5496056080e+00  2.2068314254e-01  1.4065099880e-02  1.8330680528e-03  3.9297928100e-03  4.7402279662e-05  3.0737813459e-03  7.5531985221e-03  2.8781446256e-03  5.0687686094e-03  2.9160170504e-03  3.3223552401e-03  3.3549674080e-03  3.7384697246e-03  2.2975081418e-03  -3.0569922408e-04  3.0191369360e-03  6.1892329637e-04  2.5772571156e-03  1.1463156071e-03  2.5753007883e-03  -1.2472841018e-03  2.3094770512e-03  -4.9915208614e-03  2.2748336625e-03  -5.3252983486e-05  2.5357861163e-03  
-3.4496107101e+00  2.2939403355e-01  1.4114961028e-02  6.8182320885e-03  3.1004385659e-03  -1.0326586642e-03  2.8130121338e-03  4.8583467771e-03  2.8305912937e-03  1.4864900660e-03  2.6439852869e-03  9.9893081947e-05  2.3121801779e-03  3.1290917482e-03  2.0596039414e-03  -1.4832728354e-03  2.5938478604e-03  -2.0462786470e-03  2.7080591031e-03  -1.0939672517e-03  2.3382976459e-03  2.7150262421e-04  2.5712626746e-03  3.0210555236e-03  2.2144040472e-03  -7.2389167920e-04  2.7431856935e-03  
-3.3494880199e+00  2.4167732894e-01  1.4769993722e-02  8.5828436006e-03  2.9584404141e-03  6.0351815369e-03  2.9041681644e-03  1.9128257860e-03  2.5817238597e-03  1.3183022657e-03  2.4848430830e-03  4.6452895943e-03  2.4986552667e-03  1.4211204424e-03  2.7280445095e-03  1.5380913451e-03  2.2519795677e-03  1.5281432244e-03  2.4493591039e-03  1.3078255496e-03  2.3203068534e-03  3.1276021191e-03  2.3360390865e-03  -3.3581763677e-03  2.0068346270e-03  -2.5588127034e-03  2.1650465721e-03  
-3.2496685982e+00  2.5159412622e-01  1.4733154327e-02  1.0767162787e-02  2.5467799477e-03  9.6531013444e-04  2.4536137342e-03  8.7129803783e-03  3.2773517724e-03  4.3071932658e-03  2.9389199535e-03  -2.6179622661e-04  2.2590605191e-03  2.2501008905e-03  2.4331121202e-03  3.9284004716e-03  2.5381277149e-03  5.3854406175e-03  2.6958866112e-03  -2.7302589258e-03  2.3412025403e-03  -3.0607033511e-03  2.0024956238e-03  1.2475468096e-03  2.0318312925e-03  -1.0460744254e-03  2.3023122549e-03  
-3.1496512890e+00  2.6346507668e-01  1.4975091442e-02  5.0651221869e-03  3.7124202205e-03  -6.6172728174e-04  3.6542947422e-03  6.2828806077e-03  3.0422593329e-03  2.3623658522e-03  2.8574861814e-03  2.6572362700e-03  2.5879806380e-03  4.2824127844e-03  2.4103009152e-03  -3.7006790484e-05  2.0867600957e-03  1.2394255232e-03  1.8476584338e-03  -2.6060792009e-03  2.4110579116e-03  5.2001752649e-04  2.4902003668e-03  5.1685449028e-05  2.3728318874e-03  -3.2225768771e-03  2.3525131892e-03  
-3.0495338440e+00  2.7475038171e-01  1.5231038444e-02  4.2800124739e-03  2.8800242165e-03  -7.0579732269e-04  2.8391338864e-03  8.2837820946e-03  2.9176688991e-03  3.4500578067e-03  2.7527341416e-03  4.2012085575e-04  2.3449089819e-03  -3.5140963333e-04  2.3781498936e-03  -1.0656539274e-03  2.0505097863e-03  -1.2943226935e-03  2.1615076560e-03  2.1606382529e-04  2.6069596641e-03  -5.6879626123e-06  2.9412358736e-03  3.5144256889e-03  1.9375187957e-03  3.5470438247e-03  2.0318289728e-03  
-2.9498281479e+00  2.8650355339e-01  1.5305764973e-02  6.4008188035e-03  2.7240710649e-03  -1.0647649472e-03  2.8266342558e-03  9.6210839930e-03  3.9869359946e-03  4.0273457903e-03  3.0946577502e-03  5.4568613129e-03  2.4721939189e-03  -9.9441243100e-04  1.9133808520e-03  3.8866214929e-03  2.1817185487e-03  1.4706816743e-03  2.0103682666e-03  -6.7444469382e-04  2.9062918529e-03  -3.9779211380e-03  2.6862257719e-03  5.7068622567e-03  2.3346579170e-03  1.3187809429e-03  2.0932971509e-03  
-2.8497445583e+00  2.9938074946e-01  1.5495047905e-02  7.4883455895e-03  2.7433906400e-03  1.5735727781e-03  2.6642221550e-03  1.4039980970e-02  2.8623752968e-03  9.4629336072e-03  2.5313094853e-03  3.5808343721e-03  2.2892950394e-03  -1.8509098504e-03  2.1837730443e-03  1.2991218893e-03  1.7789958540e-03  -8.6281885168e-05  1.5605129049e-03  6.2036816297e-03  2.2529639309e-03  1.1090330812e-03  2.2255482761e-03  3.1478709746e-03  2.0161595931e-03  -2.9084911043e-03  2.1424327513e-03  
-2.7497293949e+00  3.0852493644e-01  1.5400636941e-02  5.8158956354e-03  2.2697152983e-03  -2.7387614210e-03  2.2263912440e-03  1.1556452226e-02  2.7925122540e-03  7.2947031039e-03  2.1891789190e-03  2.5165300621e-03  2.4742765758e-03  1.9877699337e-03  2.0186378952e-03  2.6345949297e-03  2.4254879955e-03  5.4020212423e-04  2.1720453634e-03  6.5017079326e-03  1.7004572104e-03  2.7011915880e-03  2.1310854672e-03  4.5058059563e-03  2.2241247271e-03  3.8435736134e-03  2.1138681629e-03  
-2.6497874260e+00  3.2072752714e-01  1.5498649329e-02  8.8217087727e-03  2.8729346393e-03  -1.4128536657e-03  2.3944984195e-03  1.2063974600e-02  2.2502948001e-03  7.5017457248e-03  2.3029564883e-03  1.2061567570e-03  2.1832426629e-03  6.7212449009e-04  1.8639360814e-03  7.2994846444e-04  1.9184128021e-03  -1.7364108121e-03  2.1348313297e-03  3.4047715124e-03  2.5853875107e-03  1.4976226221e-03  2.2810656360e-03  4.0490693075e-03  2.1793291376e-03  4.1919671075e-03  2.3349208471e-03  
-2.5497460365e+00  3.2930776477e-01  1.5213058330e-02  8.5951802748e-03  2.7070871525e-03  -6.8259543698e-05  2.4964612341e-03  1.1484518961e-02  2.9799857873e-03  7.0652644226e-03  2.7202654890e-03  4.7486951926e-03  2.1300929711e-03  1.9442908863e-03  1.9292812515e-03  3.2986167994e-03  2.3778855671e-03  4.6915180083e-04  2.3347102601e-03  4.4197449508e-03  2.1933614769e-03  2.3505000792e-03  2.0336128783e-03  2.9794909333e-03  2.3887032379e-03  -5.2276713746e-04  2.0659404825e-03  
-2.4496276379e+00  3.4274837375e-01  1.5297529288e-02  8.5682701177e-03  2.3500851514e-03  1.7084415731e-03  2.2343451360e-03  1.3465137506e-02  2.1490790073e-03  9.0440166924e-03  2.2826436177e-03  2.5020075513e-03  1.6812333593e-03  5.3339069697e-04  1.5875116785e-03  5.5567933180e-03  2.1033065973e-03  1.9681603845e-03  1.8357949413e-03  4.0969702045e-03  2.0007715225e-03  1.6730302192e-03  2.1525372631e-03  2.4986967886e-03  1.8944006658e-03  -1.3311053846e-03  1.8168081358e-03  
-2.3495781422e+00  3.5352048278e-01  1.5238320455e-02  1.0077419767e-02  2.7684199709e-03  -3.8297371476e-04  2.7623870291e-03  1.1876283213e-02  2.3311293314e-03  7.9276171057e-03  2.0105609951e-03  3.6928908809e-03  2.6988680077e-03  -1.0889351459e-03  2.2186690627e-03  3.9939561369e-03  1.8806740400e-03  1.1324316167e-04  2.0614826802e-03  4.8970870094e-03  1.9221547699e-03  -9.8710158859e-04  1.8410614906e-03  2.4417557098e-03  1.9182828649e-03  -7.9512024582e-04  1.8586419389e-03  
-2.2497093678e+00  3.6036655307e-01  1.4841175638e-02  9.5911620622e-03  2.5643274111e-03  -4.7148207916e-04  2.4813742540e-03  1.4525300110e-02  2.2443720647e-03  1.1259348626e-02  2.2958988424e-03  3.1174408980e-03  2.5360487838e-03  -2.8682372756e-03  2.1671213959e-03  2.0190940407e-03  2.0325634199e-03  -4.0806727436e-03  1.8047414227e-03  1.9370443128e-03  1.8931505730e-03  1.4315990895e-03  1.7273076936e-03  1.6209723622e-03  2.1438609145e-03  -4.3154663514e-04  2.1566803404e-03  
-2.1497774124e+00  3.7067162991e-01  1.4534576796e-02  1.0954632357e-02  2.7503953176e-03  8.3656084076e-04  2.3325416312e-03  1.0056080259e-02  2.1253479233e-03  5.7160730844e-03  2.0225632958e-03  3.5992662793e-03  2.0607263974e-03  -5.4449833876e-04  2.0085995112e-03  1.6502951669e-03  2.0909369824e-03  5.1616329064e-04  1.8884115870e-03  2.0263252806e-03  1.9440215043e-03  1.3481922304e-03  1.9850303148e-03  5.5778753202e-03  2.4856481115e-03  4.1977387725e-03  1.9712670296e-03  
-2.0498144627e+00  3.7747514248e-01  1.4384292997e-02  1.1075775462e-02  2.8966198053e-03  -2.1669879361e-03  2.6800700746e-03  1.2341250000e-02  2.1352253923e-03  8.8811811174e-03  2.0714945875e-03  7.0201902821e-03  1.7300945481e-03  3.5057745004e-03  1.7756669684e-03  5.8157314851e-03  1.8587916807e-03  2.4400452860e-03  2.0095367585e-03  2.1433213129e-03  2.0481588763e-03  1.8745109282e-03  2.3889250819e-03  4.7890316809e-03  2.2332325720e-03  -2.3279625231e-03  2.1206413288e-03  
-1.9498620033e+00  3.8428616524e-01  1.3966095634e-02  8.3845303898e-03  2.2373648361e-03  -1.5831774377e-03  2.1548881711e-03  1.4073355751e-02  1.7793019550e-03  1.1012806500e-02  1.8846776961e-03  5.8574743749e-03  1.6692379465e-03  2.3628184325e-04  1.7651624561e-03  4.2916456884e-03  2.1865447604e-03  1.4507439865e-03  1.5567738290e-03  6.6271686822e-03  2.3498459089e-03  4.2918058680e-04  2.1586328893e-03  2.0374755449e-03  1.6154328954e-03  3.0721127440e-03  1.6985390772e-03  
-1.8498543501e+00  3.8984501362e-01  1.3300166465e-02  4.4523672491e-03  2.4610105653e-03  -3.3765556861e-03  2.3265861986e-03  1.1148541253e-02  2.0473016702e-03  7.0718581817e-03  1.9308189380e-03  3.4344469468e-03  2.0024416998e-03  -2.6153751788e-04  1.8730792662e-03  3.6725803202e-03  1.8876748747e-03  -8.3114439532e-04  2.0046354753e-03  4.3635497117e-03  1.8495277407e-03  1.4385378513e-03  1.7376241655e-03  2.6093673517e-03  1.8277374510e-03  -7.0768509064e-04  1.6776185875e-03  
-1.7500152588e+00  3.9598765969e-01  1.2998200953e-02  1.1066701957e-02  2.0454660446e-03  1.7685328803e-03  2.2852849161e-03  1.7312568441e-02  2.3228003638e-03  1.3407663081e-02  2.2025024113e-03  1.8478491099e-03  1.9263308073e-03  -9.3974481659e-04  2.2501480797e-03  3.2871874353e-03  1.8234226420e-03  4.9409988646e-04  1.7266852345e-03  3.7470998347e-03  1.8401594029e-03  1.2669727291e-03  1.7437549996e-03  7.0713616917e-03  2.1447897240e-03  2.3657551465e-03  1.9196255629e-03  
-1.6497625113e+00  3.9815944433e-01  1.2555283494e-02  8.6780884398e-03  2.3060712874e-03  1.9848965327e-03  2.3019057982e-03  1.3626098158e-02  2.3252721847e-03  9.7388882589e-03  2.2683346939e-03  6.8125578118e-04  1.9643867277e-03  -1.6886528263e-03  1.8094496828e-03  3.5794362431e-03  2.0606375691e-03  1.9682831991e-03  1.7811472658e-03  4.1889158358e-03  1.6337539459e-03  -1.7435905317e-03  1.6721255636e-03  5.3546194757e-03  1.7376643735e-03  1.7072932987e-03  1.8219814405e-03  
-1.5498515368e+00  4.0281394124e-01  1.1666160077e-02  1.0764687816e-02  2.8499009931e-03  2.9642080594e-03  2.8777052636e-03  1.2414731732e-02  2.1271110781e-03  9.6948745908e-03  2.1123288265e-03  4.4095988352e-03  2.0281465456e-03  -1.8484023250e-03  2.0096308796e-03  6.7561566687e-03  1.7911342315e-03  4.8851364026e-04  1.7174777425e-03  4.6429233768e-03  1.9022635214e-03  -2.5325715314e-04  1.6182244768e-03  4.4830404246e-03  2.1470840484e-03  -3.7115002512e-05  2.1921686266e-03  
-1.4499109983e+00  4.0659749508e-01  1.1316114105e-02  8.2016613296e-03  2.1862131567e-03  2.2974805111e-03  2.3030420959e-03  1.4380978401e-02  2.3219108680e-03  1.1589859897e-02  2.4498904834e-03  3.9017632656e-03  1.7483439834e-03  -3.2422395759e-05  1.8029942062e-03  2.9369140239e-03  1.9870284251e-03  -2.0097065099e-03  2.1491676114e-03  3.4762560183e-04  1.7457602419e-03  -4.5736184657e-03  1.9611759628e-03  6.5493559018e-03  2.0397285418e-03  3.2993268231e-05  1.9585072700e-03  
-1.3499658108e+00  4.0994775295e-01  1.0513679124e-02  9.2469513587e-03  2.1350971741e-03  2.4341061635e-03  2.3375847484e-03  1.4036798954e-02  2.1937869115e-03  1.0785653199e-02  2.0979874847e-03  3.1385212989e-03  1.8289270395e-03  -3.0689213887e-04  1.6684584267e-03  3.6231003136e-03  2.0359603363e-03  -9.2261685397e-05  1.9003530418e-03  3.7570091636e-04  1.5978135081e-03  -2.1566373667e-03  1.7939618510e-03  1.6243942272e-03  1.7298398547e-03  6.9126613970e-04  1.8290469038e-03  
-1.2499883175e+00  4.1160050035e-01  1.0122602805e-02  1.1675271206e-02  2.0683156881e-03  5.7431347906e-03  2.3308724462e-03  1.4902639602e-02  1.7679888030e-03  1.4781191318e-02  1.8069703469e-03  3.6081283695e-03  1.9295138639e-03  -1.2937569590e-04  1.7000586757e-03  4.1827399602e-03  1.7765986078e-03  1.3639159502e-03  1.7059733940e-03  3.6229185204e-03  2.0050667917e-03  7.2379749698e-04  1.8745129695e-03  6.0761357867e-03  1.7344476007e-03  1.1328249529e-03  1.9937525048e-03  
-1.1499354839e+00  4.1306954622e-01  9.4816768542e-03  1.1187143405e-02  2.1277628665e-03  6.2161337214e-03  2.5145148049e-03  7.8437250174e-03  1.8762114899e-03  6.4768776991e-03  1.6256831537e-03  3.4922158146e-03  1.8021291159e-03  -3.3151658409e-03  1.9513458702e-03  4.9447592737e-03  1.8390184850e-03  1.1043723495e-03  2.0343512653e-03  3.2529490572e-03  1.5960992665e-03  3.7880277495e-04  1.7555022306e-03  4.5562027383e-03  1.7572385646e-03  1.2410683118e-03  1.8653855418e-03  
-1.0500180721e+00  4.1366103292e-01  8.8789872825e-03  1.1801330363e-02  2.4305373430e-03  8.8573351921e-03  2.3539326687e-03  1.3093303737e-02  2.1826242510e-03  1.0290379303e-02  2.2859690620e-03  3.0454356005e-03  1.6672804889e-03  -2.3940820488e-04  1.6766180986e-03  3.3550915351e-03  1.7850373903e-03  1.5244138990e-03  1.6224436766e-03  1.8297862487e-03  1.7412459421e-03  -1.2767409083e-03  1.4616135114e-03  3.9120681764e-03  1.6155095585e-03  8.1783027535e-05  1.5647529986e-03  
-9.5004200935e-01  4.1742131114e-01  8.4379715845e-03  9.7587529038e-03  1.9202973878e-03  6.1062254411e-03  2.1773790088e-03  1.4450125415e-02  1.8427759882e-03  1.2587986307e-02  1.9192834192e-03  6.5102877418e-03  1.7228962009e-03  1.0269078651e-03  1.8315819766e-03  3.1868009662e-03  1.7707138068e-03  9.9802928993e-04  1.7407574698e-03  2.6036436118e-03  1.7154101739e-03  -5.5697270891e-04  1.6225167973e-03  2.0771652843e-03  1.6925236056e-03  -1.7132596249e-04  1.9412635815e-03  
-8.5002464056e-01  4.2046701908e-01  8.0738868564e-03  1.2412707882e-02  2.7777295515e-03  1.0229311817e-02  2.2877951539e-03  8.0115488322e-03  1.5073445654e-03  6.3228911378e-03  1.7320386012e-03  7.2735311720e-03  1.9023010853e-03  2.3595091141e-03  2.0572532362e-03  5.0610030897e-03  1.8161411920e-03  3.8518919016e-03  1.8711655652e-03  4.3585320094e-03  1.9652013648e-03  -4.3176271286e-04  1.8698600787e-03  5.6972212386e-03  1.7034876846e-03  2.0769338102e-03  2.0711404340e-03  
-7.4997627735e-01  4.2165365815e-01  7.6101929881e-03  1.0557829602e-02  1.8145018678e-03  1.3225754086e-02  1.7017615884e-03  1.1008701069e-02  1.6241096811e-03  1.1542560761e-02  1.6597554244e-03  7.9432500978e-04  1.7520572937e-03  5.2286200463e-03  1.5413972878e-03  3.9401956102e-03  1.7109809080e-03  5.6903170450e-03  1.9728379044e-03  3.4420395056e-04  1.7291218531e-03  4.3495078571e-03  1.9269178137e-03  4.0866880777e-03  1.7369522299e-03  7.2677386117e-03  1.7470889387e-03  
-6.4990103245e-01  4.2058300972e-01  7.1937707253e-03  1.1956696541e-02  2.1881402920e-03  1.3165062854e-02  2.2635620451e-03  1.4822547951e-02  1.9433097841e-03  1.6819921968e-02  1.9519032887e-03  1.1750143419e-03  1.7400371694e-03  4.1602391688e-03  1.6206238239e-03  7.5349142651e-03  1.8534103770e-03  1.0828145685e-02  1.8003624450e-03  4.0166028775e-03  1.6051971327e-03  4.3794814383e-03  1.7644197785e-03  4.1091956355e-03  2.1477047336e-03  6.4562342310e-03  1.7783677190e-03  
-5.5002444983e-01  4.2770257592e-01  6.8437447771e-03  9.3706110777e-03  2.0542583827e-03  1.1584816890e-02  1.9969823469e-03  1.0502620543e-02  1.8813057076e-03  1.1498854087e-02  1.8785696018e-03  4.2662370727e-03  1.9069982954e-03  7.6803236877e-03  1.8642260070e-03  5.4228304391e-03  1.3957506131e-03  8.1769759311e-03  1.3177319138e-03  6.3112644925e-03  1.7429612784e-03  8.5071697404e-03  1.7148243671e-03  1.9081309283e-03  1.6991302835e-03  4.4044711561e-03  1.8685379570e-03  
-4.4998946786e-01  4.2881262302e-01  6.5264808945e-03  1.0957172245e-02  1.9024087011e-03  1.2812355391e-02  1.7387824916e-03  1.0606311062e-02  1.9423296625e-03  1.1179063526e-02  1.9893034774e-03  4.8733996940e-03  1.7572383065e-03  7.8853505939e-03  1.8921220821e-03  9.3488754409e-04  1.5849143202e-03  3.8224416096e-03  1.7780137693e-03  7.0622206656e-03  1.5736469033e-03  6.2044060941e-03  1.8598605380e-03  7.0033925015e-03  2.0378939449e-03  6.7444174379e-03  2.0159296033e-03  
-3.5012981296e-01  4.2841881514e-01  6.1164521612e-03  9.8421444964e-03  1.7952660243e-03  1.0012483690e-02  1.7896695275e-03  1.4612251570e-02  2.1916006406e-03  1.7969430633e-02  2.3730326824e-03  1.8441078244e-03  1.8567021460e-03  5.3376767224e-03  1.6619554304e-03  5.3719841894e-03  1.7932504259e-03  7.5797776559e-03  1.5764568563e-03  6.0450438201e-03  1.9181571620e-03  8.5763964013e-03  1.9562218039e-03  4.6637363076e-03  1.6178121330e-03  6.5635770550e-03  1.5415348349e-03  
-2.5005656481e-01  4.2927485704e-01  5.7458328083e-03  7.5057887767e-03  1.5171146348e-03  1.2686032336e-02  1.7003330278e-03  1.3507890334e-02  1.5573152440e-03  1.5450704710e-02  1.6258260815e-03  6.5882942943e-03  1.4843123951e-03  5.6587884782e-03  1.9092923745e-03  4.0383776602e-03  1.5262101727e-03  7.2273860011e-03  1.4278844531e-03  4.7381161902e-03  1.7656996069e-03  7.4536883443e-03  1.5107510106e-03  4.6879829772e-03  1.7773170178e-03  6.6992349267e-03  1.7707876460e-03  
-1.4997646213e-01  4.2892527580e-01  5.3396932781e-03  7.7646016333e-03  1.8599831221e-03  1.4348011654e-02  1.9349346479e-03  1.1462962407e-02  2.0732571709e-03  1.2794087707e-02  2.2259694731e-03  5.5269191697e-03  1.6322230367e-03  6.0425354548e-03  1.7399098096e-03  3.2562397264e-03  1.7993276968e-03  5.1410393172e-03  1.9048769175e-03  2.4374675372e-03  1.9125809750e-03  5.8350833275e-03  1.9006266079e-03  3.8224113820e-03  1.7311586231e-03  3.5004274616e-03  1.8244905427e-03  
-5.0023302436e-02  4.3124538660e-01  5.3916834295e-03  1.1711453344e-02  1.8021010708e-03  1.6145353719e-02  1.9583587148e-03  1.0631915505e-02  1.7845113368e-03  1.2632111544e-02  1.8670220161e-03  5.0588364105e-03  1.4318656028e-03  8.0762292563e-03  1.6584408748e-03  3.4322825840e-03  1.8020953453e-03  4.4744759751e-03  1.9260838753e-03  2.8330838968e-03  1.7888254075e-03  6.4245726039e-03  1.5131483470e-03  3.1349496436e-03  1.2628899643e-03  5.6005794774e-03  1.6493348955e-03  
4.9989841878e-02  4.3017858267e-01  5.1973708905e-03  7.5221722043e-03  1.8776699908e-03  1.2446011113e-02  1.8119548358e-03  1.2564342098e-02  1.9917835750e-03  1.4221780639e-02  1.8843530695e-03  6.4696966604e-03  1.7671107472e-03  1.0383214336e-02  1.7600821953e-03  9.5507926046e-04  1.6752599677e-03  7.0173451297e-03  1.4694819118e-03  3.8279098345e-03  1.9375684827e-03  6.1656015982e-03  1.8289346148e-03  2.5541284003e-03  1.5506482274e-03  4.0343895612e-03  1.5654800851e-03  
1.4989523590e-01  4.2980524898e-01  5.2967634983e-03  8.9728935926e-03  1.8129402600e-03  1.3499571438e-02  1.7652496749e-03  1.0688910907e-02  1.6020370598e-03  1.1214701079e-02  1.6137869982e-03  3.6533193815e-03  1.8714797202e-03  7.1063456601e-03  1.7745576316e-03  3.5619313843e-03  1.6945760338e-03  9.1854634942e-03  1.6361897836e-03  2.8037032854e-03  1.8994425647e-03  4.4815025449e-03  2.0541206633e-03  4.5459902446e-03  1.9191749051e-03  6.9249033909e-03  1.9195789924e-03  
2.4995671213e-01  4.2888218164e-01  5.1718060859e-03  8.0302476037e-03  1.9106263454e-03  1.4374152520e-02  2.1553893446e-03  1.0881756765e-02  1.8154833455e-03  1.3340745986e-02  1.7676775286e-03  1.9579277497e-03  1.9517710030e-03  8.4155856784e-03  1.8021778400e-03  5.1047038287e-03  1.7432960704e-03  5.3552777164e-03  1.7608233955e-03  4.5831614573e-03  1.8652558771e-03  9.4067863170e-03  1.7997272922e-03  3.7288070889e-03  1.7158931687e-03  5.7473196125e-03  1.5682686626e-03  
3.4984922409e-01  4.2732101679e-01  5.2357409149e-03  9.6334789271e-03  2.0497015772e-03  1.3133485764e-02  2.0293621213e-03  1.5896498473e-02  2.0185996797e-03  1.8302980867e-02  1.9822482159e-03  4.5209373751e-03  1.9381733803e-03  6.0975498529e-03  1.8594714365e-03  4.5087634282e-03  2.1589608945e-03  5.6405560522e-03  2.0236918805e-03  2.8699331249e-03  2.0357259084e-03  6.7402203282e-03  2.0714785684e-03  2.9399444192e-03  1.8476367561e-03  6.2033738371e-03  1.7175347443e-03  
4.4993618131e-01  4.2533987761e-01  5.6537901983e-03  1.1244562017e-02  1.9341482222e-03  1.6338399878e-02  1.7092179222e-03  1.4357576603e-02  2.2294376107e-03  1.4794377648e-02  2.2944683948e-03  6.0368931134e-04  1.9740044601e-03  2.1715392394e-03  1.6355515744e-03  6.2389357576e-03  1.9922893621e-03  7.9537588932e-03  1.9597740672e-03  4.0314110847e-03  1.7653926621e-03  7.3313378605e-03  1.7279238538e-03  2.6266111147e-03  1.7042132822e-03  6.6852410638e-03  1.6795513523e-03  
5.4991382360e-01  4.2300873995e-01  5.8516655117e-03  8.8563180548e-03  2.4510196500e-03  1.3750396935e-02  2.2462980713e-03  1.0007859654e-02  1.7379811751e-03  1.1849802149e-02  1.7373697640e-03  4.3452825226e-03  1.6385293725e-03  5.0130682304e-03  1.7547226658e-03  3.5275459190e-03  1.6935497132e-03  8.9275290790e-03  1.7635667295e-03  3.7790688102e-03  2.0337175018e-03  7.3592972238e-03  1.9915264878e-03  4.5592795525e-03  1.6434403925e-03  6.0365244138e-03  1.7512402880e-03  
6.4997082949e-01  4.1840320826e-01  6.0546486638e-03  9.4655487515e-03  2.4030516247e-03  1.5244648735e-02  2.3974612324e-03  1.2570983835e-02  1.8613006559e-03  1.3369260574e-02  1.7652632386e-03  4.0032645802e-03  1.8390760243e-03  5.8789060461e-03  1.6003831376e-03  4.3766569935e-03  1.9362483260e-03  5.1250738443e-03  2.0222025094e-03  3.5621221961e-03  1.6472666331e-03  2.8141383581e-03  1.7302618639e-03  2.2285684482e-03  1.5683772483e-03  5.0888111606e-03  1.6531972598e-03  
7.4981224537e-01  4.1477856040e-01  6.7326398566e-03  8.0178957052e-03  1.9248930169e-03  1.0447944781e-02  1.9351838138e-03  1.0496344731e-02  1.8668024587e-03  1.2154251926e-02  1.9787426033e-03  3.0360798356e-03  1.7252587858e-03  4.8820244443e-03  1.6678709265e-03  2.0455609845e-03  2.0746528228e-03  4.6955741305e-03  1.9442178322e-03  3.4909350821e-03  2.0345228713e-03  7.1405873358e-03  1.8317073363e-03  -1.5714824929e-03  1.6813688865e-03  3.8703773385e-03  1.7108608544e-03  
8.4980154037e-01  4.0871125460e-01  7.2090434842e-03  7.4456967794e-03  1.7064777572e-03  9.0210789967e-03  1.9257059446e-03  1.4712045416e-02  2.0648249761e-03  1.3194724670e-02  2.2179520331e-03  3.3436539103e-03  1.6451621537e-03  4.0221601686e-04  1.6898140659e-03  2.0235462711e-03  1.5126137264e-03  -1.0459731649e-03  1.9099273662e-03  2.2411223891e-03  1.7509789223e-03  -3.1448202778e-03  2.2929286309e-03  8.0579146238e-04  1.7084194078e-03  -2.9463233692e-05  1.6474207411e-03  
9.4989287853e-01  4.0255585313e-01  7.5460514054e-03  1.1607659182e-02  2.1142081602e-03  1.1192658755e-02  2.0918181037e-03  1.2248293364e-02  1.9445312123e-03  1.0173421458e-02  2.0589567037e-03  5.4262728544e-03  1.6340254880e-03  2.0378709982e-03  1.8843000226e-03  1.9738931133e-03  1.7942029506e-03  -2.4242916249e-03  1.8137738767e-03  4.0020968965e-03  1.5837376595e-03  3.5881067958e-04  1.9108274139e-03  -7.4093212668e-05  1.9083295677e-03  -8.9755945373e-04  1.7562329794e-03  
1.0498117208e+00  3.9692676067e-01  8.1898011267e-03  8.0338957891e-03  2.6430066629e-03  7.0344478187e-03  2.3547616945e-03  1.1880357835e-02  1.8367333903e-03  9.9901275861e-03  1.8205777810e-03  1.1491752574e-03  1.8929374123e-03  -1.7566437600e-03  1.9304271546e-03  3.8539102059e-03  1.6016936217e-03  -1.6309955735e-03  1.6734062497e-03  5.3477182771e-04  1.5991900651e-03  -2.2940277621e-03  1.5367473200e-03  3.3413799152e-03  2.2137725717e-03  -2.2220455421e-03  2.1483087203e-03  
1.1497535706e+00  3.8935905695e-01  8.3954362199e-03  1.3761837672e-02  2.4613544349e-03  1.0662265493e-02  2.4454744811e-03  1.0316116222e-02  1.8204681643e-03  7.1322575392e-03  1.9516319787e-03  1.3204873115e-03  2.1082207037e-03  -2.6024109731e-03  1.6015529996e-03  4.7046915552e-03  1.9864526934e-03  1.4118029432e-03  2.2039940634e-03  9.4391711113e-04  2.0668999410e-03  -2.8201477098e-03  2.2274481484e-03  4.6982057963e-03  1.5760844528e-03  3.5390633572e-04  1.7473234240e-03  
1.2497431040e+00  3.8144591451e-01  8.9378301054e-03  9.4353117676e-03  2.2720356033e-03  6.7053378408e-03  2.2898718494e-03  1.3518736327e-02  1.6297502154e-03  1.0080342476e-02  1.6642146184e-03  3.9107724264e-03  1.9667825499e-03  -2.7235120474e-04  1.9588228429e-03  2.2939132379e-03  1.8465357627e-03  1.0418682018e-03  1.7184010496e-03  5.0093181697e-03  1.9280796661e-03  -1.3220345989e-04  2.4397876846e-03  2.0984686194e-03  1.8098773031e-03  8.4092697112e-04  1.6170095098e-03  
1.3496872187e+00  3.7228903174e-01  9.3360431492e-03  5.7199950121e-03  1.6841455024e-03  3.5140845065e-03  1.9394498651e-03  1.4603859108e-02  2.1045105763e-03  1.1729264907e-02  2.0291434168e-03  2.4405372144e-03  2.0250402951e-03  1.1826921790e-03  1.9429914292e-03  4.6345155629e-03  2.0664206531e-03  -1.4595235698e-03  1.7326148042e-03  4.0775964426e-03  1.8733974999e-03  2.7922789937e-03  1.8418754055e-03  3.5443265343e-03  2.0216012329e-03  -2.5032917085e-03  1.9659351838e-03  
1.4497328997e+00  3.6479812860e-01  9.7582535818e-03  7.5799053326e-03  2.6343853461e-03  4.9070440451e-03  2.6297548674e-03  1.5199446338e-02  1.9183494974e-03  1.3938793418e-02  2.0181992734e-03  1.6022460566e-03  1.8284901968e-03  8.6759867792e-04  1.7737131640e-03  3.4926820461e-03  1.9363163263e-03  -1.1823396296e-03  2.0858723546e-03  8.3367205970e-04  2.1414892957e-03  -1.2751326181e-03  1.9879000945e-03  2.3865458456e-03  1.8706423139e-03  1.1983480434e-03  1.8969034415e-03  
1.5496946573e+00  3.5334756970e-01  9.8968222737e-03  7.5319489768e-03  2.1958501977e-03  2.0301574247e-03  2.3737075581e-03  8.8841554671e-03  2.0708528758e-03  6.6653706409e-03  1.8354074112e-03  5.4509931396e-03  2.2367999175e-03  3.6920486660e-03  1.9550441500e-03  4.4854039621e-03  1.8808927375e-03  1.4324134765e-03  1.8372872580e-03  6.1583563837e-03  1.9151363579e-03  1.9385328431e-03  1.9927587692e-03  3.0589614263e-03  1.9993363755e-03  3.0130205498e-04  2.2130412530e-03  
1.6495376825e+00  3.4202647209e-01  9.9338321015e-03  9.0888662036e-03  2.2465185655e-03  4.4621069421e-03  2.4511810577e-03  8.1211927784e-03  2.1028737642e-03  5.7503105692e-03  2.1117326014e-03  3.4044045641e-03  1.9979325113e-03  1.4619869115e-03  1.6911228751e-03  7.6297341694e-03  2.1869825568e-03  1.6617388500e-03  1.9336412517e-03  6.4317978805e-03  1.8380937162e-03  2.5570888906e-03  2.0567491490e-03  5.9353781695e-04  1.9294373384e-03  1.2624306558e-03  2.0753780568e-03  
1.7495895624e+00  3.3054858446e-01  1.0018803179e-02  1.0556971103e-02  2.6025434560e-03  2.7638367776e-03  2.7988011205e-03  1.0888527851e-02  1.9313884757e-03  8.0840759388e-03  1.7769464066e-03  5.9895415230e-03  2.0824923909e-03  1.8673730665e-03  2.2551196504e-03  4.9210562494e-03  2.2867829427e-03  1.4720170946e-03  2.2735698783e-03  5.2603724013e-03  1.7704630837e-03  2.0978178363e-03  2.0761942940e-03  -2.9494553752e-03  2.0897448252e-03  -3.2259166402e-03  2.1903801593e-03  
1.8495504856e+00  3.1651717424e-01  9.9668130279e-03  5.4325817333e-03  2.5275142386e-03  2.6102370131e-05  2.8406409845e-03  1.1259813622e-02  1.9197322252e-03  9.5052358941e-03  2.1133254988e-03  5.3039812911e-03  2.1747683096e-03  2.3007834893e-03  2.0065897098e-03  -1.5825274423e-03  1.9325091723e-03  -2.3539498536e-03  2.0186643501e-03  4.0624957765e-03  1.8221259964e-03  2.4579773761e-04  1.8497026842e-03  1.4113090898e-03  1.8235039288e-03  -7.0560839632e-04  1.7247505851e-03  
1.9496110678e+00  3.0411586165e-01  9.9273789674e-03  5.3957999513e-03  2.6124082836e-03  -1.8666086657e-03  2.6088687660e-03  1.0425635794e-02  2.5517266865e-03  8.1604227224e-03  2.4529435935e-03  3.0229057575e-03  2.1538876130e-03  -9.8950691044e-04  2.4340992004e-03  8.4587389898e-03  2.4083909609e-03  1.7436365656e-03  2.1423270785e-03  3.0221303103e-03  2.0972905888e-03  3.0117474582e-03  2.1959950446e-03  5.4953348804e-03  1.9636147315e-03  1.7359221737e-03  2.4954266384e-03  
2.0495374203e+00  2.9258114100e-01  9.8008047789e-03  7.4781569966e-03  2.7113101963e-03  1.8212471011e-03  2.4151146613e-03  9.1229943673e-03  2.1019277255e-03  6.8541204044e-03  2.0569585701e-03  5.1308283440e-03  2.2944356485e-03  1.7820278941e-03  2.2095619156e-03  8.8302216074e-03  2.1509668508e-03  2.0589553133e-03  2.5955988989e-03  2.4470771242e-03  2.3723536169e-03  -9.3952183343e-04  2.6041750198e-03  1.8308554379e-03  2.1961135931e-03  -2.0659195392e-03  2.1536772180e-03  
2.1495013237e+00  2.7852725983e-01  9.4889746979e-03  7.8850895052e-03  2.8230138686e-03  2.7652067389e-03  2.9603208190e-03  8.1668159715e-03  2.4992554468e-03  6.9069197183e-03  2.5564363424e-03  -5.8803968048e-04  2.2767709202e-03  -4.5129577507e-05  2.0586104327e-03  4.3537747661e-03  2.0647488422e-03  -2.0998536113e-03  2.1085730999e-03  1.9087442791e-03  2.3008182875e-03  -7.0473319179e-04  2.3042752311e-03  6.6297476950e-03  2.4406950150e-03  2.3055696475e-03  2.4489134051e-03  
2.2494370937e+00  2.6690256596e-01  9.2325303704e-03  5.2804210584e-03  2.5742198520e-03  -3.3974767140e-04  2.7043599822e-03  1.0748192278e-02  1.9883968743e-03  8.6482144911e-03  1.9816028646e-03  2.2014695985e-03  2.3105615319e-03  -1.7250504022e-03  2.4681103761e-03  2.1576566315e-03  1.9493910775e-03  -2.3417242610e-03  2.3693692018e-03  2.0438104212e-03  2.4299055072e-03  2.5397850526e-03  2.4853013577e-03  2.9804067026e-03  2.3850094716e-03  1.4890881650e-03  2.2006451574e-03  
2.3493676186e+00  2.5312125683e-01  8.9323790744e-03  4.3738755321e-03  3.1572754116e-03  -1.7976757936e-03  3.5794759338e-03  1.0717451810e-02  2.7578880875e-03  6.8055521554e-03  2.6413875325e-03  3.6199992138e-03  1.9220493732e-03  2.2265290846e-03  2.0436906960e-03  1.2115163346e-03  2.1037787502e-03  -2.9219528755e-03  1.9304789978e-03  5.3769511608e-03  2.1904580426e-03  -1.9726188979e-04  2.5523642893e-03  9.4975576147e-03  2.0362212384e-03  3.3944814575e-03  2.2508574336e-03  
2.4496204853e+00  2.3914542794e-01  8.3788419142e-03  3.7845459752e-03  2.2673285451e-03  1.1920679028e-03  2.6411643066e-03  5.7830489098e-03  2.5564403583e-03  3.5252865233e-03  2.8080417542e-03  3.6523369645e-03  2.3918733177e-03  4.0898482786e-03  2.0924397048e-03  5.9588172935e-04  2.3402642877e-03  -1.8638883966e-03  2.4582088769e-03  8.1907033645e-03  2.6175482520e-03  5.8742761279e-03  2.4295060761e-03  4.2491853475e-03  2.8201728818e-03  3.3039135889e-04  2.8602454096e-03  
2.5493793488e+00  2.2554001212e-01  8.0542238429e-03  7.4522045527e-03  2.6342423669e-03  2.7292373041e-03  2.8359604623e-03  5.2947681777e-03  3.2822637956e-03  3.9289687755e-03  3.0605950158e-03  2.5818905287e-03  2.3195246683e-03  -1.9702781871e-03  2.6496241488e-03  5.4610388696e-03  2.6104669904e-03  2.7406537473e-03  2.0651747298e-03  1.7631906952e-03  2.5043446889e-03  2.4431026293e-05  2.0911354885e-03  2.7029221991e-03  2.6984308352e-03  -1.4167585724e-03  2.8461190408e-03  
2.6496846676e+00  2.1318180859e-01  7.3907198384e-03  5.6313218986e-03  3.1164128989e-03  -2.8910829415e-03  3.4391517959e-03  9.0539766171e-03  2.3773133678e-03  7.6253055595e-03  2.6538683490e-03  2.6121577141e-03  2.5882425795e-03  -1.7113271205e-03  2.5078636386e-03  5.9048322514e-03  2.8689608955e-03  1.8382155519e-03  2.5582612411e-03  6.6732054681e-03  2.3037603214e-03  -1.1802596142e-03  1.9990608930e-03  1.6608051780e-03  2.8708085115e-03  5.7153944021e-04  2.7204412177e-03  
2.7496428490e+00  2.0171578228e-01  6.9276262075e-03  7.0772208416e-03  2.8983251349e-03  3.4701470369e-03  3.7415506027e-03  1.1824209348e-02  2.6007029788e-03  1.3124210389e-02  2.6841067977e-03  8.9557772141e-03  2.3582201870e-03  3.7051865270e-03  2.6713634767e-03  4.8229734161e-03  2.9238770050e-03  2.5216727636e-03  2.4315487700e-03  5.4469307200e-03  2.8228543106e-03  1.4682108912e-03  2.6775216933e-03  4.5970426373e-04  2.5523981766e-03  -4.5725461639e-04  3.0082723217e-03  
2.8493237495e+00  1.8843556941e-01  6.4339097589e-03  8.9513613006e-03  3.4454905155e-03  7.9786234621e-03  3.2262565995e-03  5.7772356893e-03  2.6914079091e-03  4.7205422948e-03  2.7707597175e-03  -7.8456350999e-04  2.4255975959e-03  -3.5599304306e-03  2.4888396268e-03  3.8212610680e-03  2.8290774732e-03  -2.6889666974e-03  2.5053186326e-03  6.5160830819e-03  2.9914014998e-03  4.4079334047e-03  2.7886225631e-03  6.6760211793e-03  2.9705461032e-03  -5.2546901349e-04  2.9204158310e-03  
2.9492816925e+00  1.7819657922e-01  6.0558319092e-03  4.8662568110e-03  3.3925762354e-03  2.3710093103e-03  3.5301977915e-03  1.2207695530e-02  3.0627185637e-03  1.1785170805e-02  3.0813606725e-03  9.9791257336e-04  2.8578244908e-03  1.2381269501e-03  2.8195844141e-03  3.2402139837e-03  2.7486447222e-03  2.6137284158e-03  2.5359863900e-03  4.5685680555e-03  3.0438585139e-03  -9.7102630032e-04  2.6457880518e-03  6.9358920533e-04  2.4394943868e-03  -5.1040388359e-03  3.0974882836e-03  
3.0494017601e+00  1.6547907889e-01  5.3803124465e-03  -7.8072512413e-04  3.0975296205e-03  1.9191051305e-04  3.5263790389e-03  8.5966681862e-03  3.1678219003e-03  7.9903099068e-03  3.0972901107e-03  -1.1229587007e-03  2.9466726409e-03  2.4867305266e-03  2.5670612653e-03  6.4184012070e-04  3.0550289406e-03  1.3709642600e-03  2.2923426846e-03  1.8305055302e-04  3.1554009677e-03  -3.5451588753e-03  2.5876458548e-03  4.7136059325e-03  2.3122831848e-03  6.7761103832e-03  2.2264318807e-03  
3.1493368149e+00  1.5407983959e-01  4.9511645921e-03  3.5596298558e-03  3.1239918671e-03  9.5385520458e-04  2.8230078057e-03  -7.4393456893e-04  3.5972357266e-03  -2.3902003222e-04  3.7124232696e-03  -1.7801412911e-03  2.8255900636e-03  1.7156503704e-03  3.3626708404e-03  -3.4300027182e-03  2.8579736298e-03  3.4525734507e-04  2.8105706161e-03  -3.2624411700e-04  2.7416838761e-03  -3.7027370798e-03  3.1642270281e-03  1.0301326663e-03  2.4882667416e-03  -1.8897962398e-03  2.6740642954e-03  
3.2493703365e+00  1.4435550570e-01  4.6125128865e-03  -3.9818013629e-03  3.1937805533e-03  1.8001039866e-04  3.0490699153e-03  2.5511451210e-03  2.8805755960e-03  2.1775126058e-03  3.0784322819e-03  -1.5290829048e-03  3.2342863322e-03  -3.6278220621e-03  3.4448353462e-03  -4.6453943092e-04  3.4372496132e-03  1.7140808560e-03  3.1023647028e-03  -4.6769319273e-03  4.0194225373e-03  -5.2007514727e-03  3.4199928421e-03  -1.0744941442e-03  3.5030293340e-03  1.5278795410e-03  3.7156330970e-03  
3.3494699001e+00  1.3538981974e-01  4.2288117111e-03  1.3204163059e-03  3.4987261166e-03  -8.5999558575e-04  3.7225119701e-03  6.3611876685e-03  3.3192244489e-03  4.5554184649e-03  3.3807509059e-03  -5.2499795827e-03  3.2374735182e-03  -7.1604820158e-03  3.3507227768e-03  2.1220830296e-03  3.1608667177e-03  4.5991737576e-03  3.3376747388e-03  -3.6340099926e-03  2.9409538856e-03  -3.7323457773e-03  3.4062928009e-03  -3.0142365277e-04  3.1024548776e-03  -1.6011092953e-04  3.5210598779e-03  
3.4493119717e+00  1.2400062382e-01  3.8022869267e-03  3.3893331919e-03  3.4332531982e-03  1.9924307393e-03  3.5862607885e-03  -6.2453680565e-04  3.1160314285e-03  -3.2296872232e-03  2.7743824205e-03  4.7103200911e-03  3.2941575940e-03  1.2492272021e-03  3.1540608737e-03  -6.6610300682e-04  3.4686586261e-03  3.6721225847e-03  4.1384244058e-03  4.7392176383e-03  3.1063711231e-03  8.6322384031e-04  2.6924749874e-03  -7.5626941362e-04  3.5171609012e-03  -2.3802514057e-03  2.7795503315e-03  
3.5494971275e+00  1.1577828228e-01  3.4726280719e-03  -1.1293021365e-03  3.4770910684e-03  -7.2112260529e-03  4.0361885944e-03  1.1661571937e-03  3.2997878393e-03  2.8086319335e-03  3.2938369984e-03  -2.5974431999e-03  3.6412832215e-03  -6.0592974365e-03  3.6354184302e-03  1.9463125262e-04  4.1050661488e-03  6.7672667434e-04  3.4953151001e-03  3.9264080257e-03  3.1022574539e-03  3.3478982371e-03  2.7791078890e-03  -7.5953980784e-03  3.4036378418e-03  -1.9254050739e-03  3.3454343067e-03  
3.6493630409e+00  1.0683409870e-01  3.1979158521e-03  5.2004918238e-03  3.6638799116e-03  3.8384843846e-03  3.0583079005e-03  1.3685893629e-03  3.3899243658e-03  1.7326892727e-03  3.7454118444e-03  -1.9006703550e-03  3.6113878717e-03  -3.7219351899e-03  3.1238857214e-03  -2.9060936780e-03  3.7720161383e-03  1.6523986744e-03  3.9613996792e-03  1.3878247500e-03  3.6406246446e-03  9.3665830139e-04  3.5095895369e-03  1.1462628677e-03  3.3478047593e-03  1.3409224706e-03  3.5032909880e-03  
3.7493305206e+00  9.9179640412e-02  2.8312210925e-03  8.7001973152e-04  3.8361365892e-03  6.5823252056e-03  4.1082929786e-03  5.7652959819e-03  3.5278098276e-03  5.8231815857e-03  3.4519555769e-03  -5.0521229242e-03  3.7962987234e-03  -7.3320575401e-03  4.0263442352e-03  4.4643344567e-03  4.0844618453e-03  4.0695878525e-03  4.0632412228e-03  -4.1540969491e-03  3.5701520127e-03  -7.3029571023e-03  2.9527449579e-03  -7.1133282416e-03  4.5421394388e-03  -9.2695957116e-03  4.6073075084e-03  
3.8494551182e+00  9.1695025563e-02  2.4872426875e-03  6.8748070934e-03  4.0460482117e-03  9.5518498815e-03  3.9243794356e-03  5.9295762710e-03  3.8964936615e-03  4.9731370171e-03  3.9113086328e-03  5.9589427820e-03  4.1156214178e-03  -2.6871857307e-03  3.9995096275e-03  -9.1032081541e-04  3.7442971673e-03  -2.2918387014e-03  3.5326257261e-03  2.5923960160e-03  3.9569453496e-03  -1.5714417273e-03  3.4647351948e-03  -2.1102139634e-03  3.5676148728e-03  1.1202883647e-03  3.5304184378e-03  
3.9490749836e+00  8.4797769785e-02  2.2308563348e-03  -3.4418614672e-03  3.9685450998e-03  1.8727761047e-03  4.6409139123e-03  1.2772892513e-03  4.1972941119e-03  2.9707599481e-03  4.0270290512e-03  -5.9752599124e-04  4.2130955180e-03  2.2181205381e-03  4.0225593178e-03  -8.6983517870e-04  4.3230012228e-03  -7.6595633671e-03  3.9780280159e-03  4.1122314480e-04  3.3879712583e-03  5.6114490714e-03  3.6453227693e-03  6.4390133164e-03  4.4827476245e-03  4.9921962152e-03  4.5677378601e-03  
4.0492763519e+00  7.6168119907e-02  1.9114080351e-03  9.2343970972e-03  4.4910157092e-03  1.0290273874e-02  4.6561328015e-03  6.3673258113e-03  3.3815996716e-03  5.9289461933e-03  3.2281273532e-03  1.0442708300e-03  4.1709148990e-03  4.0281252004e-03  4.7086645249e-03  -1.1154162945e-02  4.5713123267e-03  -8.8037236888e-03  4.7360818467e-03  1.4211350061e-03  3.9557542014e-03  4.0575874024e-03  3.2611377841e-03  4.6394892127e-03  4.7504069581e-03  2.1393167969e-03  4.7140348724e-03  
4.1490383148e+00  7.0931985974e-02  1.7455451889e-03  6.5468208275e-03  4.9201902785e-03  5.7889919286e-03  5.0973750258e-03  3.1312727726e-03  4.6362944423e-03  3.5326204367e-03  4.8658149372e-03  -4.9739108606e-03  3.9459247143e-03  -9.2381793835e-03  4.1269371835e-03  -9.0654884959e-03  4.2273043102e-03  -8.0486921955e-03  3.4788505146e-03  -1.8293427328e-03  5.8513002967e-03  -9.7003824774e-04  4.8809683268e-03  -6.3777871321e-03  4.7369526865e-03  -4.7917951787e-03  4.4514174095e-03  
4.2488632202e+00  6.5107926726e-02  1.5531339450e-03  -5.3845997068e-03  4.7027322375e-03  -2.5135498519e-03  4.3961436515e-03  4.3741556209e-04  4.1714281408e-03  1.9422522007e-03  4.3281609872e-03  -4.0041610492e-05  4.2698793666e-03  1.3381126281e-05  4.8815258522e-03  2.1861389125e-04  4.4891598636e-03  3.7356759374e-03  4.4036817862e-03  -2.7874406046e-04  4.4603765803e-03  -4.3188497467e-03  4.0926904655e-03  -8.2023286793e-03  4.4962609778e-03  -8.0769193547e-04  4.3691879775e-03  
4.3494873047e+00  5.9013720602e-02  1.4387911651e-03  4.0501019043e-03  5.5045039055e-03  2.0216322505e-03  5.9060485489e-03  -8.1588752112e-03  5.0247528223e-03  -4.2076233694e-03  4.8767422785e-03  -2.2414514215e-03  4.5540780900e-03  1.7178562134e-03  6.3644936642e-03  -1.1830162405e-04  3.5831819474e-03  -4.7007495067e-03  3.7510383235e-03  -6.6281795093e-03  5.4521499409e-03  -7.0108311650e-03  4.5341643237e-03  -5.9660833937e-03  4.4230500571e-03  -6.0718552571e-03  4.0675364093e-03  
4.4486150742e+00  5.3168106824e-02  1.2836853275e-03  -4.8016964431e-04  6.1635764196e-03  -1.6876747226e-03  6.3424645173e-03  3.5473478516e-03  4.6690993635e-03  4.7727794581e-03  4.8941776741e-03  1.9330254084e-03  4.9275882129e-03  6.0930664423e-03  4.5099557635e-03  2.1981390321e-03  5.0145941216e-03  -3.1599254004e-03  5.7209532175e-03  -4.5755703207e-03  4.7269769358e-03  -3.3385381887e-03  4.2955749026e-03  1.0356171964e-02  5.4979114136e-03  1.0786517447e-02  5.4150386608e-03  
4.5487055779e+00  4.7657314688e-02  1.2100127060e-03  9.4124662057e-04  5.2528250600e-03  -1.1289658986e-03  6.2392886667e-03  -2.4513276686e-03  5.2447200282e-03  3.7587594215e-04  5.4040899033e-03  -5.8307114333e-03  5.2590090267e-03  -1.3383935361e-03  5.3285059974e-03  -3.5181205924e-03  4.4375066596e-03  -1.8201431150e-03  4.2905740334e-03  3.4463487124e-03  4.5283564534e-03  7.6743948359e-03  4.8721979638e-03  -6.2766366363e-03  5.1934611234e-03  2.8847566062e-03  4.8967233837e-03  
4.6486186981e+00  4.2527530342e-02  1.1660379823e-03  1.1042290130e-02  6.1400014601e-03  6.9445119410e-03  6.3082270647e-03  -3.1420853801e-03  5.5745270091e-03  -7.5379889316e-03  5.8956666605e-03  -5.4249215719e-03  4.4720301676e-03  4.1053926843e-03  5.2987178685e-03  -2.6254691231e-03  5.8228198798e-03  -1.9945949907e-03  5.3478335863e-03  1.0185779367e-02  6.3492275127e-03  1.9124787463e-03  5.8909279223e-03  3.1308063083e-03  6.6397351899e-03  4.7247735772e-04  6.0190532659e-03  
4.7485194206e+00  3.7095837295e-02  1.1070497567e-03  -1.0073277890e-02  5.5914357582e-03  2.2428253627e-04  6.5663625085e-03  6.0866251065e-03  5.4100734711e-03  5.9860886920e-03  5.8781063999e-03  3.4410164155e-03  5.2624618473e-03  1.2380050980e-02  6.1169722772e-03  2.9972794291e-03  6.9916852132e-03  6.3032088184e-03  6.5158024513e-03  -7.7631219328e-03  6.0339665520e-03  -6.4940976350e-03  6.2199320380e-03  -5.8490679176e-03  6.3584958952e-03  -6.6778571297e-03  5.7350563241e-03  
4.8483576775e+00  3.2706670463e-02  9.9638325628e-04  -2.4092524405e-04  7.0315110677e-03  -2.4238665468e-03  7.7874646940e-03  -1.3573739424e-03  5.7723361786e-03  -4.7877756879e-03  5.8962237506e-03  -5.8784825247e-03  6.2003645544e-03  -1.0635810835e-03  5.1584403232e-03  1.4322626243e-02  7.7173534673e-03  6.1506641927e-03  7.5533876810e-03  5.6733043308e-03  6.7466483090e-03  -3.8743065706e-03  6.5889189952e-03  -1.1667403544e-03  5.7581385485e-03  -3.8759205966e-03  5.9581206128e-03  
4.9483404160e+00  2.8482368216e-02  1.0027269600e-03  -2.8041057058e-03  6.5841026320e-03  2.9903948051e-04  7.1787276790e-03  -1.2202332015e-02  5.9572251485e-03  -1.3533431333e-02  6.4770725496e-03  1.7618174024e-03  6.7840778729e-03  1.0551926378e-03  7.2753498397e-03  4.2715512420e-03  6.5363989251e-03  -3.9312883532e-03  9.2116737385e-03  -9.4463204661e-03  6.6526914803e-03  -8.2148565502e-03  6.7615853449e-03  2.9089245114e-03  6.9150228426e-03  -1.3589425752e-03  8.5965789147e-03  
5.0477919579e+00  2.4482395500e-02  9.5476355636e-04  -3.5974128057e-04  7.0996974252e-03  -1.5472646594e-02  6.1249939812e-03  -3.2344723075e-03  6.4725073554e-03  -7.5404885780e-04  6.7901800665e-03  9.0645249857e-03  7.2980680330e-03  1.7456244998e-03  7.9146630494e-03  -3.1086123294e-03  7.5091068663e-03  -1.2337676144e-03  7.9307594014e-03  1.2096851988e-02  6.8743042948e-03  5.1733126142e-03  7.4129668334e-03  5.3262835563e-03  7.2348602729e-03  -1.3278566709e-03  7.7482949778e-03  
5.1472477913e+00  2.0396355540e-02  8.9447200298e-04  8.4816907884e-03  9.3884431112e-03  2.7462437276e-03  7.5756835196e-03  2.6417883114e-03  6.4427443459e-03  2.0275164086e-03  7.1644760492e-03  2.4177615581e-03  7.3952659434e-03  -1.1386524515e-02  8.5849480979e-03  2.1186695833e-02  6.4115742803e-03  1.1101155494e-02  6.7743876699e-03  3.6779975172e-03  8.4972085554e-03  3.1702934462e-03  7.8791395036e-03  7.1279071984e-03  9.4460326623e-03  1.4597493233e-02  8.9070176059e-03  
5.2469587326e+00  1.7606420442e-02  8.7739276933e-04  5.7504485238e-03  9.0777231716e-03  -3.7391511890e-03  8.2314869303e-03  -7.8550048686e-03  7.5074643440e-03  -1.0173989232e-02  8.1668880851e-03  4.5815642747e-03  6.8354795183e-03  4.3521429773e-03  7.4606278123e-03  1.3722591378e-02  1.0266985789e-02  1.8524709121e-03  1.1228516758e-02  8.5066045131e-03  9.9195125716e-03  2.0385392219e-02  8.8277405126e-03  -8.4912911139e-04  7.4631529537e-03  1.0946263336e-02  9.0502954866e-03  
5.3463721275e+00  1.4714022167e-02  7.9064606689e-04  -2.8946597007e-03  1.0118809688e-02  -3.2425811532e-03  9.3429466792e-03  5.4966637589e-03  9.0727826538e-03  2.2227300428e-03  1.0096328739e-02  1.0256190271e-02  9.2614782385e-03  3.4051121939e-04  9.0614493645e-03  -4.6505160732e-03  9.5972868079e-03  -4.7612554178e-03  9.8894287299e-03  -1.7483359525e-03  8.4901084100e-03  3.3898347138e-03  9.3467630834e-03  4.4382296370e-03  9.0868005352e-03  6.5505860316e-03  1.0325369780e-02  
5.4449429512e+00  1.2189033441e-02  7.6172355330e-04  8.4323471588e-03  1.1211447619e-02  -2.2256528439e-03  1.0782102477e-02  -1.5214979316e-02  8.5474025875e-03  -1.5416563935e-02  1.0173542064e-02  4.6524246751e-03  1.0112885267e-02  7.9224024120e-03  9.7798713362e-03  -5.7529347512e-03  9.3843569568e-03  1.5574296680e-03  1.1625619634e-02  2.3938302768e-02  8.4682437701e-03  2.0148381838e-02  9.9953112249e-03  9.0306602267e-04  1.0619892446e-02  1.1127038156e-02  1.1625650968e-02  
5.5439162254e+00  9.6317837015e-03  6.4843200380e-04  -3.0458197285e-04  1.2430523215e-02  -7.7867401213e-03  1.0669174434e-02  1.4344780383e-02  9.4450523851e-03  1.6310197757e-02  1.0733034861e-02  -9.7539029179e-03  1.1963468713e-02  -6.2845149077e-03  1.1662571375e-02  6.7283884142e-03  1.1062648309e-02  1.2616265565e-02  1.3336121721e-02  -1.0415244064e-02  1.1030312879e-02  -7.4650957202e-03  1.2145358826e-02  1.5702475119e-02  1.1674247989e-02  2.2058364517e-02  1.0699521276e-02  
5.6430377960e+00  7.8149465844e-03  5.7683390332e-04  1.4655218126e-03  1.4964594840e-02  1.0883743556e-02  1.3514150289e-02  -1.8001661465e-03  1.2870962291e-02  -1.2781760936e-02  1.4368569974e-02  3.4587581052e-03  1.4375157405e-02  -8.4067804554e-04  1.2915577009e-02  -1.7836901891e-02  1.4865101151e-02  -2.1018853943e-02  1.5643332269e-02  9.1861496889e-03  1.6464702080e-02  4.6444674811e-03  1.4413250531e-02  -1.4984313199e-02  1.1295671936e-02  3.4468090198e-03  1.3910539031e-02  
5.7416639328e+00  6.2819505110e-03  5.1634234842e-04  -5.1643213865e-02  1.5592822416e-02  -4.7596142190e-02  1.5202319355e-02  -9.7277786830e-03  1.1087579648e-02  -9.0278934649e-03  1.2630609803e-02  2.1460337754e-02  1.4242002489e-02  4.1286536749e-03  1.2085626303e-02  -2.0931145466e-03  1.5514031301e-02  7.4121510995e-04  1.3280514940e-02  6.9212644950e-03  1.1822336917e-02  -5.6453864019e-03  1.2412709869e-02  1.9578617655e-02  1.4353419591e-02  3.0634795411e-02  1.5518163957e-02  
5.8386006355e+00  4.9980804324e-03  4.5935317758e-04  -1.4530436359e-02  2.7448925574e-02  -8.7825683117e-03  2.4140675304e-02  5.4620395570e-04  1.5089279165e-02  9.7985213043e-03  1.6398361947e-02  4.4925997514e-03  1.7271005315e-02  1.4145077501e-02  1.4061998968e-02  1.3149980498e-02  2.0076228652e-02  1.3472390058e-02  2.3468525930e-02  2.3728107131e-02  1.6971668427e-02  2.3072594302e-02  2.1487350806e-02  1.7397618168e-02  1.7145801406e-02  -6.0471104344e-03  1.5917999312e-02  
5.9359297752e+00  3.6142815370e-03  3.6276620813e-04  1.5490104751e-02  1.9335244460e-02  2.5792536183e-02  1.9789887888e-02  -1.7542498230e-03  1.6101969260e-02  -7.6558938540e-03  1.7594642297e-02  1.1022179820e-02  1.7297982813e-02  -4.7809544913e-03  1.5414295271e-02  2.8961288724e-02  2.3463337767e-02  -1.0016600031e-02  2.5769008022e-02  2.5895385427e-04  1.7891848667e-02  1.5023007167e-02  1.8937228740e-02  5.6351803639e-03  2.0538570575e-02  1.0331886706e-02  1.9616661301e-02  
6.0322942734e+00  2.8400539886e-03  2.9634783277e-04  -3.0160042837e-02  2.3318656732e-02  -3.2900181371e-02  2.2144283531e-02  1.2160301225e-02  1.9823138847e-02  2.3064575662e-03  2.0986229425e-02  3.4232727199e-03  2.3538409572e-02  -2.2479907058e-02  1.9410917084e-02  -1.6505452367e-02  2.2451287659e-02  -1.6222437350e-02  2.6257189597e-02  1.7928341290e-02  2.0178358300e-02  9.5295696020e-03  2.2906100071e-02  -1.6732672847e-02  1.9904374771e-02  -6.1960703259e-03  2.3145636637e-02  
6.1321005821e+00  2.0718639717e-03  2.4565780768e-04  1.1538875662e-02  2.0362826920e-02  1.7917221916e-02  2.2087107961e-02  -1.1755948905e-02  1.7585905111e-02  -2.3119748456e-02  2.0301938661e-02  1.7368107093e-02  2.1682121262e-02  6.0626864041e-03  2.5659342236e-02  -4.5470835555e-03  2.7292013248e-02  -5.5770193451e-03  3.0991553609e-02  -1.5567395656e-02  1.9159333330e-02  -4.3638416129e-02  1.9071258288e-02  -1.4554474885e-02  2.4507832718e-02  -2.0333967504e-02  1.8408953427e-02  
6.2260923386e+00  1.5056576813e-03  1.9283741130e-04  -3.3429558921e-02  2.2726241812e-02  -2.9997674587e-02  3.3152669159e-02  1.1211245786e-02  2.1633063960e-02  3.8464467050e-03  2.5007208660e-02  -3.2174903500e-02  2.0605874391e-02  -1.0651713421e-02  2.2292704456e-02  3.4454466271e-02  3.0736779668e-02  -1.2634517689e-04  2.8932081259e-02  4.7974632445e-02  2.6812066161e-02  -2.1629900913e-03  2.5488439593e-02  -9.5765943371e-03  3.7712447986e-02  1.1644947670e-02  3.8091979635e-02  
6.3224601746e+00  1.1164376047e-03  1.6208394663e-04  2.2077564635e-02  2.5267490056e-02  1.3791797395e-02  3.2752758068e-02  1.1580890857e-02  2.7339551314e-02  2.2390413222e-02  3.1358111595e-02  -2.5264739952e-02  3.2032764119e-02  -3.9409199597e-02  2.8287241190e-02  -5.3776131387e-03  3.8189692566e-02  1.6799881237e-02  4.4018435492e-02  2.1660071603e-02  3.1154596510e-02  7.0115487833e-02  2.9452952277e-02  -2.5014219844e-02  3.8676031917e-02  -3.9206204698e-03  3.2376491322e-02  
6.4206619263e+00  9.2341459822e-04  1.4756717428e-04  2.6647704929e-02  4.8472827983e-02  1.0494584979e-02  4.5233629837e-02  3.6662062250e-03  2.7872680845e-02  1.4540150259e-02  3.2100291246e-02  -6.9527775120e-03  3.5067544142e-02  -1.7092561313e-03  4.0296287938e-02  -1.3711913194e-02  3.3876635785e-02  -2.3824359162e-02  2.9872769890e-02  2.0071308357e-02  4.0215444811e-02  2.5619964324e-02  4.3679884749e-02  2.6456507417e-02  3.6233018335e-02  1.6639941686e-02  3.2885122470e-02  
6.5149149895e+00  5.4402172100e-04  1.0534549074e-04  -2.0927139944e-02  5.1996484705e-02  2.6208442500e-02  4.9373625881e-02  -5.0773283353e-02  3.5039025719e-02  -7.5204363929e-02  4.9255426501e-02  -4.3564939605e-02  3.3968609137e-02  -9.4789651356e-02  4.7064419193e-02  -1.8522474096e-02  5.6840867688e-02  -3.2783569861e-02  5.4588700573e-02  3.4892884330e-02  3.3974274888e-02  -4.0795885236e-02  4.3571844233e-02  1.8842479663e-01  6.2985123032e-02  9.2099148704e-02  5.6911020163e-02  
6.6127443314e+00  4.8433136544e-04  1.0995456250e-04  6.6074122846e-02  6.0874441186e-02  1.2876000932e-01  4.2786888415e-02  -1.5745720658e-02  6.0167083586e-02  -6.1310194338e-02  7.1448731657e-02  8.7368968816e-03  3.8485052800e-02  1.6518474858e-02  6.0598042513e-02  -8.6151572667e-02  7.3336510858e-02  -6.1170971344e-02  8.2037212052e-02  -2.8496775610e-02  4.6247552946e-02  -3.3435546204e-02  4.3949760123e-02  -1.1419492776e-02  5.1278409471e-02  -1.9468699735e-02  3.8420064055e-02  
6.7104415894e+00  3.3450115006e-04  8.9612251031e-05  8.0843603942e-02  8.6288892925e-02  -5.7947616478e-03  9.0183511553e-02  -2.2855040104e-02  5.7244507976e-02  -2.5624749317e-02  6.2307754365e-02  3.7039466563e-02  3.9478587936e-02  -1.5409362449e-02  3.6779848040e-02  -4.6242869944e-02  7.0693622491e-02  -7.6018358752e-02  9.1393452294e-02  9.5111171962e-02  5.3306838161e-02  3.6259075218e-02  4.4225926036e-02  5.3161597937e-03  6.5959876084e-02  -3.2804663759e-02  5.6590569086e-02  
6.8084578514e+00  2.9509299202e-04  9.1481160780e-05  4.0665116560e-02  1.0176330352e-01  1.0590531533e-02  1.1005846205e-01  -7.3263073472e-03  6.5450220627e-02  2.2890579685e-03  1.1883247011e-01  1.9840751575e-02  5.7768968855e-02  2.8319757052e-03  5.0075040879e-02  2.2273759049e-02  6.8672718059e-02  4.4033143327e-02  5.6360043505e-02  -8.3990568105e-02  3.9293992432e-02  -9.5328780309e-02  4.4188653809e-02  -2.6939778228e-02  7.8998178725e-02  -8.4677792021e-02  3.3777535515e-02  
6.9055657387e+00  2.2467221424e-04  8.8703258371e-05  2.9994357545e-01  1.4506290496e-01  1.4160698259e-01  2.1468940492e-01  -2.5487207342e-02  8.4430960516e-02  -5.7231017605e-02  7.6588725442e-02  -1.0720286001e-01  8.2305853679e-02  -1.2576883241e-01  3.7054098120e-02  -1.6288718125e-01  7.6458763837e-02  -1.8314514066e-01  9.6160973045e-02  9.8134250088e-03  1.1129004209e-01  -2.3262651870e-02  8.2383117536e-02  -5.4914427237e-02  4.9614072685e-02  -2.9088377962e-02  4.6987774622e-02  
7.0050144196e+00  1.6133498866e-04  6.0557027609e-05  5.5127851323e-02  9.9022154416e-02  -2.3207429640e-03  7.1053905768e-02  -1.5244417322e-01  1.1459117186e-01  -1.4554790620e-01  1.5364301570e-01  6.2333114787e-02  9.5043002951e-02  6.6593877629e-03  1.1323806755e-01  1.2094879903e-01  6.3255380603e-02  1.1155105234e-01  9.2296041980e-02  -5.7133459248e-02  8.4240814955e-02  4.7688212493e-02  1.0388990649e-01  8.4148011037e-02  7.8855487351e-02  -6.7320269095e-02  4.4609561224e-02  
