#pT  vn{4}  vn{4}_err
1.0904742777e-01  0.0000000000e+00  0.0000000000e+00  5.1076645338e-02  1.1158050207e-01  0.0000000000e+00  0.0000000000e+00  
2.0275002718e-01  0.0000000000e+00  0.0000000000e+00  6.2035298976e-02  6.9484328231e-02  0.0000000000e+00  0.0000000000e+00  
3.0164575577e-01  0.0000000000e+00  0.0000000000e+00  1.1052175881e-01  6.7012447917e-02  0.0000000000e+00  0.0000000000e+00  
4.0138927102e-01  0.0000000000e+00  0.0000000000e+00  1.0597978310e-02  7.1202068381e-02  0.0000000000e+00  0.0000000000e+00  
5.0102847815e-01  0.0000000000e+00  0.0000000000e+00  9.6138058511e-02  4.9085816424e-02  0.0000000000e+00  0.0000000000e+00  
6.0164058208e-01  0.0000000000e+00  0.0000000000e+00  6.2498206502e-03  7.0072169841e-02  0.0000000000e+00  0.0000000000e+00  
7.0067071915e-01  0.0000000000e+00  0.0000000000e+00  6.9820202885e-02  4.0849321997e-02  0.0000000000e+00  0.0000000000e+00  
7.9985487461e-01  0.0000000000e+00  0.0000000000e+00  4.1108613117e-02  3.7987047201e-02  0.0000000000e+00  0.0000000000e+00  
9.0044057369e-01  0.0000000000e+00  0.0000000000e+00  4.9803207292e-02  3.8196927226e-02  0.0000000000e+00  0.0000000000e+00  
1.0002710819e+00  0.0000000000e+00  0.0000000000e+00  9.5850727763e-02  3.7940358937e-02  0.0000000000e+00  0.0000000000e+00  
1.0997548103e+00  0.0000000000e+00  0.0000000000e+00  1.3968990172e-01  3.9188386540e-02  0.0000000000e+00  0.0000000000e+00  
1.2006403208e+00  0.0000000000e+00  0.0000000000e+00  1.0585521828e-01  3.9811241480e-02  0.0000000000e+00  0.0000000000e+00  
1.2996271849e+00  0.0000000000e+00  0.0000000000e+00  8.8109961609e-02  4.8735848201e-02  0.0000000000e+00  0.0000000000e+00  
1.3979139328e+00  0.0000000000e+00  0.0000000000e+00  7.9550999120e-02  5.1354223659e-02  0.0000000000e+00  0.0000000000e+00  
1.4998356104e+00  0.0000000000e+00  0.0000000000e+00  1.1261788551e-01  4.8786123492e-02  0.0000000000e+00  0.0000000000e+00  
1.5989578962e+00  0.0000000000e+00  0.0000000000e+00  1.2625177231e-01  4.8578740613e-02  0.0000000000e+00  0.0000000000e+00  
1.6987636089e+00  0.0000000000e+00  0.0000000000e+00  4.0830507906e-02  1.4300895186e-01  0.0000000000e+00  0.0000000000e+00  
1.7986690998e+00  0.0000000000e+00  0.0000000000e+00  9.4342499473e-02  5.1241619529e-02  0.0000000000e+00  0.0000000000e+00  
1.8996893167e+00  0.0000000000e+00  0.0000000000e+00  2.3356901968e-01  6.3942920428e-02  0.0000000000e+00  0.0000000000e+00  
2.0002813339e+00  0.0000000000e+00  0.0000000000e+00  1.1641311066e-01  6.4622787904e-02  0.0000000000e+00  0.0000000000e+00  
2.0995280743e+00  0.0000000000e+00  0.0000000000e+00  2.0429256476e-01  5.7894750473e-02  0.0000000000e+00  0.0000000000e+00  
2.1993436813e+00  0.0000000000e+00  0.0000000000e+00  2.6763708044e-02  1.8947196577e-01  0.0000000000e+00  0.0000000000e+00  
2.2991590500e+00  0.0000000000e+00  0.0000000000e+00  5.8847099541e-02  1.9340194872e-01  0.0000000000e+00  0.0000000000e+00  
2.3990690708e+00  0.0000000000e+00  0.0000000000e+00  1.9666016297e-01  7.0655365308e-02  0.0000000000e+00  0.0000000000e+00  
2.4994065762e+00  0.0000000000e+00  0.0000000000e+00  1.8488320337e-01  8.1457515331e-02  0.0000000000e+00  0.0000000000e+00  
2.5999002457e+00  0.0000000000e+00  0.0000000000e+00  1.9639988310e-01  6.9566973199e-02  0.0000000000e+00  0.0000000000e+00  
2.7000198364e+00  0.0000000000e+00  0.0000000000e+00  9.7125718639e-02  1.2280422341e-01  0.0000000000e+00  0.0000000000e+00  
2.8003897667e+00  0.0000000000e+00  0.0000000000e+00  3.8703150319e-02  3.8312486768e-01  0.0000000000e+00  0.0000000000e+00  
2.8990087509e+00  0.0000000000e+00  0.0000000000e+00  5.2171912163e-02  1.9786469350e+00  0.0000000000e+00  0.0000000000e+00  
3.0001783371e+00  0.0000000000e+00  0.0000000000e+00  2.6421851091e-02  1.9157394465e-01  0.0000000000e+00  0.0000000000e+00  
3.1008276939e+00  0.0000000000e+00  0.0000000000e+00  1.2203853931e-01  1.9968372236e-01  0.0000000000e+00  0.0000000000e+00  
3.1987750530e+00  0.0000000000e+00  0.0000000000e+00  8.2164029609e-02  1.2442818873e-01  0.0000000000e+00  0.0000000000e+00  
3.2988677025e+00  0.0000000000e+00  0.0000000000e+00  1.9792434305e-01  1.0836817450e-01  0.0000000000e+00  0.0000000000e+00  
3.3990705013e+00  0.0000000000e+00  0.0000000000e+00  4.5340591309e-01  1.3832256992e-01  0.0000000000e+00  0.0000000000e+00  
3.5008916855e+00  0.0000000000e+00  0.0000000000e+00  7.8993916097e-02  2.6370672217e-01  0.0000000000e+00  0.0000000000e+00  
3.6000747681e+00  0.0000000000e+00  0.0000000000e+00  7.8948582654e-02  4.5585631101e-01  0.0000000000e+00  0.0000000000e+00  
3.6964507103e+00  0.0000000000e+00  0.0000000000e+00  2.0843815247e-01  2.6147453468e-01  0.0000000000e+00  0.0000000000e+00  
3.7974174023e+00  0.0000000000e+00  0.0000000000e+00  1.3354832277e-01  1.2986047966e-01  0.0000000000e+00  0.0000000000e+00  
3.9005351067e+00  0.0000000000e+00  0.0000000000e+00  4.0153546361e-02  3.2570706535e-01  0.0000000000e+00  0.0000000000e+00  
4.0017805099e+00  0.0000000000e+00  0.0000000000e+00  2.7582267981e-02  1.0195231013e+00  0.0000000000e+00  0.0000000000e+00  
