#eta  rn(eta)  rn_err(eta)  rnn(eta)  rnn_err(eta)
-7.0000000000e+00  0.0000000000e+00  0.0000000000e+00  0.0000000000e+00  0.0000000000e+00  0.0000000000e+00  0.0000000000e+00  0.0000000000e+00  0.0000000000e+00  0.0000000000e+00  0.0000000000e+00  0.0000000000e+00  0.0000000000e+00  0.0000000000e+00  0.0000000000e+00  0.0000000000e+00  0.0000000000e+00  0.0000000000e+00  0.0000000000e+00  0.0000000000e+00  0.0000000000e+00  0.0000000000e+00  0.0000000000e+00  0.0000000000e+00  0.0000000000e+00  
-6.9000129700e+00  0.0000000000e+00  0.0000000000e+00  0.0000000000e+00  0.0000000000e+00  0.0000000000e+00  0.0000000000e+00  0.0000000000e+00  0.0000000000e+00  0.0000000000e+00  0.0000000000e+00  0.0000000000e+00  0.0000000000e+00  0.0000000000e+00  0.0000000000e+00  0.0000000000e+00  0.0000000000e+00  0.0000000000e+00  0.0000000000e+00  0.0000000000e+00  0.0000000000e+00  0.0000000000e+00  0.0000000000e+00  0.0000000000e+00  0.0000000000e+00  
-6.8000040054e+00  0.0000000000e+00  0.0000000000e+00  0.0000000000e+00  0.0000000000e+00  0.0000000000e+00  0.0000000000e+00  0.0000000000e+00  0.0000000000e+00  0.0000000000e+00  0.0000000000e+00  0.0000000000e+00  0.0000000000e+00  0.0000000000e+00  0.0000000000e+00  0.0000000000e+00  0.0000000000e+00  0.0000000000e+00  0.0000000000e+00  0.0000000000e+00  0.0000000000e+00  0.0000000000e+00  0.0000000000e+00  0.0000000000e+00  0.0000000000e+00  
-6.6999969482e+00  0.0000000000e+00  0.0000000000e+00  0.0000000000e+00  0.0000000000e+00  0.0000000000e+00  0.0000000000e+00  0.0000000000e+00  0.0000000000e+00  0.0000000000e+00  0.0000000000e+00  0.0000000000e+00  0.0000000000e+00  0.0000000000e+00  0.0000000000e+00  0.0000000000e+00  0.0000000000e+00  0.0000000000e+00  0.0000000000e+00  0.0000000000e+00  0.0000000000e+00  0.0000000000e+00  0.0000000000e+00  0.0000000000e+00  0.0000000000e+00  
-6.5999870300e+00  0.0000000000e+00  0.0000000000e+00  0.0000000000e+00  0.0000000000e+00  0.0000000000e+00  0.0000000000e+00  0.0000000000e+00  0.0000000000e+00  0.0000000000e+00  0.0000000000e+00  0.0000000000e+00  0.0000000000e+00  0.0000000000e+00  0.0000000000e+00  0.0000000000e+00  0.0000000000e+00  0.0000000000e+00  0.0000000000e+00  0.0000000000e+00  0.0000000000e+00  0.0000000000e+00  0.0000000000e+00  0.0000000000e+00  0.0000000000e+00  
-6.5000000000e+00  0.0000000000e+00  0.0000000000e+00  0.0000000000e+00  0.0000000000e+00  0.0000000000e+00  0.0000000000e+00  0.0000000000e+00  0.0000000000e+00  0.0000000000e+00  0.0000000000e+00  0.0000000000e+00  0.0000000000e+00  0.0000000000e+00  0.0000000000e+00  0.0000000000e+00  0.0000000000e+00  0.0000000000e+00  0.0000000000e+00  0.0000000000e+00  0.0000000000e+00  0.0000000000e+00  0.0000000000e+00  0.0000000000e+00  0.0000000000e+00  
-6.4000124931e+00  0.0000000000e+00  0.0000000000e+00  0.0000000000e+00  0.0000000000e+00  0.0000000000e+00  0.0000000000e+00  0.0000000000e+00  0.0000000000e+00  0.0000000000e+00  0.0000000000e+00  0.0000000000e+00  0.0000000000e+00  0.0000000000e+00  0.0000000000e+00  0.0000000000e+00  0.0000000000e+00  0.0000000000e+00  0.0000000000e+00  0.0000000000e+00  0.0000000000e+00  0.0000000000e+00  0.0000000000e+00  0.0000000000e+00  0.0000000000e+00  
-6.3000006676e+00  0.0000000000e+00  0.0000000000e+00  0.0000000000e+00  0.0000000000e+00  0.0000000000e+00  0.0000000000e+00  0.0000000000e+00  0.0000000000e+00  0.0000000000e+00  0.0000000000e+00  0.0000000000e+00  0.0000000000e+00  0.0000000000e+00  0.0000000000e+00  0.0000000000e+00  0.0000000000e+00  0.0000000000e+00  0.0000000000e+00  0.0000000000e+00  0.0000000000e+00  0.0000000000e+00  0.0000000000e+00  0.0000000000e+00  0.0000000000e+00  
-6.1999053955e+00  0.0000000000e+00  0.0000000000e+00  0.0000000000e+00  0.0000000000e+00  0.0000000000e+00  0.0000000000e+00  0.0000000000e+00  0.0000000000e+00  0.0000000000e+00  0.0000000000e+00  0.0000000000e+00  0.0000000000e+00  0.0000000000e+00  0.0000000000e+00  0.0000000000e+00  0.0000000000e+00  0.0000000000e+00  0.0000000000e+00  0.0000000000e+00  0.0000000000e+00  0.0000000000e+00  0.0000000000e+00  0.0000000000e+00  0.0000000000e+00  
-6.0998358727e+00  0.0000000000e+00  0.0000000000e+00  0.0000000000e+00  0.0000000000e+00  0.0000000000e+00  0.0000000000e+00  0.0000000000e+00  0.0000000000e+00  0.0000000000e+00  0.0000000000e+00  0.0000000000e+00  0.0000000000e+00  0.0000000000e+00  0.0000000000e+00  0.0000000000e+00  0.0000000000e+00  0.0000000000e+00  0.0000000000e+00  0.0000000000e+00  0.0000000000e+00  0.0000000000e+00  0.0000000000e+00  0.0000000000e+00  0.0000000000e+00  
-6.0000000000e+00  0.0000000000e+00  0.0000000000e+00  0.0000000000e+00  0.0000000000e+00  0.0000000000e+00  0.0000000000e+00  0.0000000000e+00  0.0000000000e+00  0.0000000000e+00  0.0000000000e+00  0.0000000000e+00  0.0000000000e+00  0.0000000000e+00  0.0000000000e+00  0.0000000000e+00  0.0000000000e+00  0.0000000000e+00  0.0000000000e+00  0.0000000000e+00  0.0000000000e+00  0.0000000000e+00  0.0000000000e+00  0.0000000000e+00  0.0000000000e+00  
-5.8997759819e+00  8.2531150080e-01  2.3612710256e+00  0.0000000000e+00  0.0000000000e+00  -2.6198848749e+01  5.4517494951e+01  0.0000000000e+00  0.0000000000e+00  -5.9398412318e+00  3.1466583306e+01  0.0000000000e+00  0.0000000000e+00  -5.6165449454e+00  1.0396139973e+01  0.0000000000e+00  0.0000000000e+00  -1.4605133176e+00  2.0408800489e+01  0.0000000000e+00  0.0000000000e+00  1.1386093487e+00  4.5804626725e+00  0.0000000000e+00  0.0000000000e+00  
-5.7997245789e+00  8.6209259863e+00  2.1524160701e+01  0.0000000000e+00  0.0000000000e+00  -4.5189247052e-01  6.5790594458e+00  0.0000000000e+00  0.0000000000e+00  -5.2726837619e+01  1.7558831901e+02  0.0000000000e+00  0.0000000000e+00  -2.6892081119e+00  4.7330255498e+00  0.0000000000e+00  0.0000000000e+00  -2.7196509638e+00  8.0312018927e+00  0.0000000000e+00  0.0000000000e+00  2.6086771924e-01  1.1233586969e+00  0.0000000000e+00  0.0000000000e+00  
-5.6988840103e+00  -4.5922593403e-01  2.3008583565e+01  0.0000000000e+00  0.0000000000e+00  4.2500410724e+00  3.2137632420e+01  0.0000000000e+00  0.0000000000e+00  1.0197828027e+01  1.6946019072e+01  0.0000000000e+00  0.0000000000e+00  2.0035729871e+00  5.7994497202e+00  0.0000000000e+00  0.0000000000e+00  -1.2661871029e+00  6.5366658686e+00  0.0000000000e+00  0.0000000000e+00  4.4577288891e-01  1.5338124926e+00  0.0000000000e+00  0.0000000000e+00  
-5.5989761353e+00  -2.1448755997e+00  1.9926745436e+00  0.0000000000e+00  0.0000000000e+00  -8.3031917304e-01  1.8620710752e+01  0.0000000000e+00  0.0000000000e+00  4.0802478789e+01  1.2378984439e+02  0.0000000000e+00  0.0000000000e+00  7.6497210914e-01  7.2043523045e-01  0.0000000000e+00  0.0000000000e+00  -2.4166945055e+00  5.9067132349e+00  0.0000000000e+00  0.0000000000e+00  4.4421728540e+00  6.6638005681e+01  0.0000000000e+00  0.0000000000e+00  
-5.4978022575e+00  5.1191495009e-01  7.8459365930e-01  0.0000000000e+00  0.0000000000e+00  3.7673640350e+00  8.5302429179e+00  0.0000000000e+00  0.0000000000e+00  -1.2464968903e+01  9.2714744213e+01  0.0000000000e+00  0.0000000000e+00  -2.5050038759e-01  1.7217796109e+00  0.0000000000e+00  0.0000000000e+00  -4.9853594812e+00  5.5925853280e+01  0.0000000000e+00  0.0000000000e+00  -2.7152694590e+00  4.2295952285e+01  0.0000000000e+00  0.0000000000e+00  
-5.3976430893e+00  -3.7701472080e+00  5.7688027438e+00  0.0000000000e+00  0.0000000000e+00  4.2823010547e+00  2.9000174243e+01  0.0000000000e+00  0.0000000000e+00  2.3110296622e+00  1.3423967625e+01  0.0000000000e+00  0.0000000000e+00  5.6947927727e-01  7.8200088916e+00  0.0000000000e+00  0.0000000000e+00  -2.0457007718e+00  7.3422706162e+00  0.0000000000e+00  0.0000000000e+00  8.5100872425e-01  8.5104665530e+00  0.0000000000e+00  0.0000000000e+00  
-5.2968959808e+00  1.4812480180e+01  9.1696843787e+01  -8.0901141688e-01  8.0901141688e-01  4.0868420591e+00  3.4602965105e+01  1.7438455587e-01  1.7438455587e-01  1.8273633798e+00  6.8269904175e+00  -4.1122582287e-01  4.1122582287e-01  -4.4324649940e+00  3.4875088679e+01  -1.7495277832e+00  1.7495277832e+00  -5.3943445231e+00  8.8121905594e+00  -1.5109416139e-01  1.5109416139e-01  4.7608254177e-01  8.6208632459e+00  -6.9807861027e+00  6.9807861027e+00  
-5.1961498260e+00  -1.0280247565e+00  9.9417301191e-01  0.0000000000e+00  0.0000000000e+00  -2.6398493453e+00  8.0062454127e+01  0.0000000000e+00  0.0000000000e+00  1.3259628513e+00  1.3223031777e+00  0.0000000000e+00  0.0000000000e+00  -1.0175697944e+00  5.5579522311e+00  0.0000000000e+00  0.0000000000e+00  -7.0476440655e+00  8.4649455701e+01  0.0000000000e+00  0.0000000000e+00  1.6460280669e+00  2.1879698039e+01  0.0000000000e+00  0.0000000000e+00  
-5.0943007469e+00  -4.0042975804e+00  3.6857532731e+01  2.0034677061e+00  5.2839300924e+00  8.4048702272e-01  1.2167701834e+01  1.5037119793e-01  4.2267696850e-01  4.2225380609e+00  1.6808481446e+01  -1.4111654088e+01  4.3104544595e+01  1.2910754493e+00  4.2632688731e+00  1.7830869923e+00  4.7849297406e+00  -8.9361312731e-01  1.2149776692e+00  -1.4174600329e+00  2.3434122701e+00  1.1667433943e+00  4.9548934271e+00  -2.0835833564e-01  1.8568146164e+01  
-4.9935812950e+00  -3.6351162039e+00  1.6416456079e+03  -3.2239062052e+00  4.6442162358e+00  -1.3759552261e+03  2.5829260443e+05  1.0297441485e-01  1.4525693777e+00  4.5927440126e+00  4.8910296854e+01  -3.1669017502e+00  4.1997226390e+00  2.2023161353e+00  1.0033317992e+02  -1.7302754054e-01  1.0941210788e+00  -4.5857060741e-01  1.4937450226e+00  -6.5251499603e-01  9.0916471327e-01  -1.7772162018e+00  1.3905291687e+00  7.6584585052e-01  1.2159183027e+01  
-4.8926033974e+00  -1.9389757692e+00  3.5377020810e+00  -3.8891175674e-01  1.1886562637e+00  4.0164369486e-02  2.3638266911e+00  2.4528018469e-01  6.1519490621e-01  4.2263954591e+00  6.0081744552e+01  -5.7567409394e-01  2.7636319760e+00  2.7434971118e+00  1.8907690189e+01  -1.0804440894e+00  3.3464138512e+00  -1.0604204586e+00  2.7675157924e+00  -3.5184312980e-01  1.5938428563e+00  9.4681524351e-01  1.6359256755e+00  -8.6706188624e-01  8.2613160956e-01  
-4.7918162346e+00  5.4845210905e-01  1.0752080276e+00  6.8079637110e-01  1.1369587187e+00  1.0352830087e+01  6.7925575349e+01  8.9774797587e-01  8.6601066589e-01  -7.0303328840e-01  3.3196825428e+00  6.0732640356e-01  2.8405385763e+00  7.5691170226e-01  9.8128765279e-01  4.1643874620e-01  3.2387969597e-01  2.0540273652e+00  3.9861172536e+01  5.7762648108e+00  6.7259039395e+01  -8.7997444628e-01  1.0367469895e+00  -9.8578254690e-01  2.9861125576e+00  
-4.6892104149e+00  4.2009871775e-01  7.1384634377e-01  -6.7198450129e-01  1.1083463687e+00  1.9948814500e+00  4.3942284870e+00  6.0523114568e-01  3.2001386115e-01  7.7592237510e-01  7.1989633285e-01  -6.3483807840e-01  4.9712504560e-01  9.7602198278e+00  1.8454747600e+02  1.2997705133e-01  4.8811183191e+00  -5.0895565553e+01  4.3626211019e+03  -3.1400726733e+00  9.7025346341e+00  5.7602326015e-01  6.9799617833e-01  5.3164733225e-01  1.1061645716e+00  
-4.5879077911e+00  2.4053194658e+00  5.5345830224e+00  1.1139986125e+00  2.4059669150e+00  6.4111794321e+00  1.4669404208e+01  1.1718488687e+01  5.4222207081e+01  4.4926134887e-01  6.5333974710e-01  -3.8670045403e-01  6.7830521998e-01  1.8647433966e-01  3.0959372488e+00  3.2864926053e-01  8.8438200426e-01  -4.9633978250e-01  1.1059719462e+00  -9.2636777153e-01  1.8234150489e+01  8.3515068924e-01  1.2707849322e+00  -2.4035560836e+00  6.7149131791e+00  
-4.4835491180e+00  -1.6279792573e+00  2.2044192578e+00  1.4624336089e+00  3.0322499982e+00  -7.9600903345e-01  6.8229887595e-01  -2.1168148348e+00  1.8352321191e+01  -1.7211516847e+00  5.3058570755e+00  -5.0083720403e-01  8.3636934852e-01  1.0604004676e+00  1.0207267115e+00  -9.9029691176e-01  1.0107588990e+00  2.6426042738e+00  1.6989322951e+01  -5.0150245996e+01  1.1198310021e+03  5.7215697006e-01  1.2026270563e+00  -6.9888516129e-01  1.0001746126e+00  
-4.3831562996e+00  -4.3689287233e+00  5.5369068098e+00  -2.3261661263e-01  1.9218124965e+00  1.4034004682e+01  3.4996268307e+03  3.4364607674e-01  6.4128658518e-01  4.4017122847e-01  2.0564918533e+00  3.3428115332e+00  8.1230997672e+01  1.3279781940e+00  6.4051768746e+00  -1.9155029364e+00  8.6832604450e+00  5.8749316828e+00  6.0675473335e+02  -6.2366877113e-01  8.7640871424e-01  1.1540444940e+00  4.0245422597e+02  6.0277745705e-01  6.1445291958e+01  
-4.2795057297e+00  -4.3638417333e+00  1.0483926437e+01  1.1316223973e+01  3.7745518315e+03  1.4727887781e+01  5.6343787408e+02  -9.6987099687e-01  2.5273750725e+00  1.9144492507e+00  2.9963053439e+00  3.5574020804e-01  9.1548012424e-01  1.4499744582e+00  1.6072010949e+00  -2.2792999881e+00  3.0237421846e+01  1.3267574941e+00  1.0062572214e+01  -1.8400250085e+00  6.1574548383e+00  -8.5291700005e+01  1.3799323356e+04  -4.8865364802e-01  7.1066396111e+01  
-4.1792383194e+00  3.1228959274e+00  4.9082911675e+00  -4.6347563128e-01  8.6419372887e-01  -9.7414353937e-01  2.0691468661e+00  1.2547146712e+01  3.4432172597e+02  -6.4624113948e-01  1.3014266679e+00  -7.2898268731e-01  3.8127280580e+00  4.5056243379e-01  1.8956942678e+00  1.4531337615e-01  6.3417316134e+00  2.2730344949e+00  4.2220446666e+00  1.5996633887e+00  3.3283824663e+01  1.5377885401e+00  3.8143605497e+00  -8.5821563193e-02  2.3283725984e+00  
-4.0744481087e+00  1.2955968259e+01  1.9698555445e+02  1.5182318700e+00  3.4221539971e+00  -6.1905031379e-01  2.2919794582e+00  2.3809018307e+00  2.3831315771e+00  1.8150737480e+00  2.6322120500e+00  3.5963808314e-02  6.0222560601e+00  -6.9245368351e-02  8.8539781681e-01  3.6429221005e-02  1.0957962339e+00  9.1513414544e-01  2.6651188118e+00  1.0036164789e-01  1.4520696501e+00  3.6539006611e+00  8.0898524396e+00  -1.8403804741e+00  5.2735611657e+02  
-3.9702432156e+00  -6.2798685853e+00  1.3149994421e+01  7.6873432114e-01  1.3192526560e+00  -4.6340776073e+00  1.1319715396e+01  1.6479068385e+00  9.1798798306e+00  8.3905944242e-01  2.2250007436e+00  9.5864188859e-01  3.7224142593e-01  -1.1349941349e+00  1.5198957607e+02  1.5970977136e-01  3.7639597790e+00  -2.2883475754e+00  4.6978804355e+01  -8.7296563692e+00  1.5870539385e+02  1.3051986626e+00  9.3990041492e-01  2.2511793644e-01  1.6084453079e+00  
-3.8656830788e+00  1.8786537582e+01  1.9040562825e+02  1.0223342598e+00  1.2616955627e+00  -1.2049815466e+01  1.5154330806e+02  -7.8995021616e-01  1.4243970946e+00  5.4176606534e+00  4.8832628028e+02  1.8406249694e+00  1.9972592283e+00  -3.7260200133e-01  8.9729000142e-01  8.3017099761e-01  5.1462409885e-01  4.4576379732e+00  3.7666328425e+01  -6.3630503265e-01  5.3848654201e+01  -1.6438961630e+00  4.0836694165e+01  8.4924299810e-01  2.4889527779e+00  
-3.7594568729e+00  -1.8314525246e+00  2.1028017676e+00  -4.7177489865e-01  4.9406004025e-01  4.2040645257e+00  6.2031472300e+02  1.5956460041e+00  1.4959888365e+00  1.3932208238e+00  2.1620008728e+00  -6.9767009712e+00  8.0419193037e+02  6.7720488125e-01  9.7691601235e-01  -1.8235682837e-01  5.0953543008e-01  4.1411945845e+00  7.9025745243e+00  -8.0501151138e+00  4.5768442470e+02  -7.3531448756e-01  1.1187660588e+00  8.6020873732e+00  3.1052357494e+02  
-3.6543483734e+00  5.2822882929e+01  1.6229492663e+04  6.5654469096e-01  1.3205194812e+00  3.2480211887e+00  8.2408657572e+00  -4.2512453386e+00  2.3155373192e+01  1.4182334167e-02  5.1015965280e-01  8.7963968178e-01  5.9960970162e+00  1.4778987390e+00  3.5514485484e+00  -2.7325403828e-01  7.1896626486e-01  1.6580593009e+00  1.1108374471e+00  1.3682553670e+01  1.6281491543e+02  1.8743134529e+00  3.2533546285e+00  1.7661482624e+00  6.5378060507e+01  
-3.5517838001e+00  4.0724019952e+00  4.6518436035e+00  8.7020311847e+00  6.0255716569e+01  1.1670559078e+01  3.6098839946e+01  -8.8772668921e-01  8.0562849159e-01  -4.4592916974e+00  6.1851473189e+00  -4.0008752955e+00  7.7386030891e+00  -2.7226810896e+00  2.7191769302e+02  -8.3845390596e-01  2.9831379494e+00  1.7854688131e+00  2.6602524908e+00  -1.4702975780e-01  1.2295514366e+01  9.7440736812e-01  9.3273968159e-01  6.0903409035e-01  9.4806223652e-01  
-3.4497780800e+00  -7.2393686163e+00  1.6958417757e+01  -1.4815987710e+00  2.1646967121e+00  1.9535835222e+00  3.7728345092e+00  -3.8209853500e-01  5.7685836875e-01  1.2247990170e+00  1.9060426790e+00  -2.7663161502e+00  6.6340010871e+00  1.6264657307e+00  1.3448083939e+00  -3.4134258516e-01  4.1832795983e-01  -7.4914540105e+00  1.3298033396e+02  -4.0697905936e-02  4.2733146144e-01  -2.4369482670e+00  2.3912919371e+00  -4.9500262107e-01  5.7377372635e-01  
-3.3481500149e+00  -1.7264822670e+00  8.1451681877e-01  1.1991900195e+00  1.9416508877e+00  -1.1156752184e+01  5.9683684803e+01  6.1329940269e-01  7.3125391797e-01  7.5677471008e+01  1.9563263177e+04  -1.4032281416e+00  2.5605986511e+00  1.0630723997e+01  3.5568287800e+02  -2.0441417771e+00  9.6618941828e+00  -1.7681168152e+00  1.7635091409e+00  8.4882342457e-01  2.6945788587e+01  1.5703118362e+00  3.2610322959e+00  -6.3772841180e-01  9.0444163596e-01  
-3.2478530407e+00  2.0745292895e+01  6.8884553953e+03  -1.9858365744e+00  3.1995427211e+00  3.3474912496e+00  1.9986883468e+00  1.5151443983e+00  1.0098074586e+00  6.1863171332e-01  6.7232796456e-01  8.6558102747e+00  5.8803435731e+01  -2.2245224106e+01  1.3232381678e+03  -9.1758064515e+00  6.7863422703e+01  -4.1911727230e-01  1.0205752872e+00  4.8482433000e+00  4.6564751811e+01  -1.8679002519e+00  1.5178588847e+00  -3.3991128239e+00  9.6474396018e+01  
-3.1473307610e+00  -2.7351598758e+00  1.5385940864e+00  -5.3176918920e+01  1.1596237531e+03  -3.5983727923e+00  3.2694919926e+00  2.4474932851e+00  3.5474425070e+00  -1.9717083604e+01  3.2297109884e+03  -2.3158865404e+00  2.8848456896e+00  1.4112382832e+00  1.0446991077e+00  8.8314234064e-01  3.2339023321e+00  1.5491843452e+00  1.1226176587e+00  -1.0570046691e+00  1.3814070471e+00  -2.6152441300e+00  2.9787646205e+00  1.4414665626e-01  3.7478079022e-01  
-3.0479638577e+00  -4.6558201879e+00  2.6161768889e+00  -1.2344625190e+01  3.5715784647e+02  3.5346527773e+00  1.8940892778e+00  4.7733957137e+01  7.3739108108e+03  -2.1551858324e+01  2.1848862771e+02  8.9441702819e+00  1.1485140463e+04  7.1181140936e+00  3.4207299740e+01  -9.3354174567e+00  2.9943531774e+02  -5.2381549595e+00  6.4247120661e+00  -8.5393516373e-01  1.3724895569e+00  -6.1308157481e+00  1.5988494884e+01  -3.2380948316e-01  4.5404004732e-01  
-2.9478917122e+00  -3.2128396378e+02  1.4325193490e+05  -4.0572706705e+00  4.1969345949e+00  3.4483879926e+00  1.7269921766e+00  6.7203564254e+00  4.1894571860e+01  4.5842233227e+00  4.5813676686e+00  2.2964046193e+00  2.2896425235e+01  7.0658988740e+00  1.3138816779e+01  1.3724940063e+02  3.2913176673e+04  -1.9929456564e+01  9.1629016384e+01  1.8415604533e+00  2.0039369732e+00  -3.8066419638e+00  3.6713703927e+00  -1.3584590821e+01  1.0468337863e+03  
-2.8485007286e+00  -6.8157798061e+00  4.3924927032e+00  -6.5725388653e+00  7.6638409433e+00  4.2271694064e+00  1.6952456979e+00  -2.7809562363e+00  1.7139873201e+00  1.7818875149e+01  4.6496152551e+01  -2.0257770464e+01  1.2364382236e+03  6.2927493939e+00  6.4684181846e+00  2.7725291529e+01  1.2294472953e+03  -1.7002650588e+00  5.7730639292e-01  -1.3551082797e+00  8.8631801146e-01  8.0334155874e+00  1.0717811281e+01  -1.1145586001e+01  1.2407338249e+02  
-2.7483901978e+00  -4.8400060056e+00  2.0361460190e+00  3.0486229486e+00  2.6741468830e+00  3.3613960111e+00  1.5723398804e+00  2.2920506469e+00  4.1612704608e+00  1.9740719758e+01  5.8810391023e+01  -4.9655432100e+00  3.0532475918e+01  2.9050743128e+02  4.7901757356e+04  -5.1178120986e+01  2.1125693259e+03  9.9063740133e+00  2.2896572602e+01  2.6898915579e+00  2.8969988541e+01  6.7934211117e+00  8.7831249358e+00  3.8031292077e+00  2.0142453430e+01  
-2.6486222744e+00  -4.7230754210e+00  1.5047764811e+00  -8.3676267767e+00  1.0440310919e+01  3.3806677497e+00  1.0638855171e+00  2.4303721101e+00  1.6630176947e+00  6.6064037099e+00  6.5822588697e+00  6.2606332651e+00  1.2491093461e+01  2.1007190800e+01  6.4373192035e+01  -4.3375315235e+01  8.4710204033e+02  -2.6214100666e+01  1.9061670469e+02  -4.0728508181e+00  1.4065985907e+01  -1.0003686971e+01  1.5612483838e+01  -1.3931790202e+01  8.3478785511e+01  
-2.5489087105e+00  -4.6324585548e+00  1.9714995286e+00  7.4139404539e+00  8.1639241224e+00  2.7446974235e+00  5.5217209766e-01  3.1133597427e+00  1.2557002069e+00  -4.3299431310e+01  6.7670488241e+02  1.7871875428e+01  1.1349838041e+02  6.6059912913e+00  5.5364713767e+00  9.9056554243e+00  1.6540543927e+02  4.2073916400e+00  2.3505354955e+00  3.8988291604e+00  6.1750724372e+00  4.4317257913e+00  2.2877584204e+00  5.4864992443e+00  5.9906166948e+00  
-2.4491040707e+00  -1.4774919468e+01  2.1361412187e+01  3.3118609627e+00  3.1739229480e+00  2.6099674759e+00  5.2699419405e-01  4.2740570700e+00  3.6690688163e+00  4.5160311708e+02  6.0292563976e+04  -2.5412734015e+00  4.0273165690e+00  5.9437768130e+01  1.9940148063e+03  -5.1668731010e+01  1.7790803687e+04  -7.1295673726e+00  6.1990536353e+00  -1.9951990768e+00  9.7691764089e-01  -5.4511210467e+00  3.9711705686e+00  -6.4509910145e+01  6.0064015238e+03  
-2.3493978977e+00  -9.0529479460e+00  1.2599556789e+01  -4.5155101503e+00  4.2835143723e+00  1.6414050832e+00  2.5088005232e-01  2.2412877819e+00  6.9764035535e-01  -1.3249159679e+01  3.2577763021e+01  3.4679214182e-01  6.0724114834e-01  7.7575245568e+00  1.7465609801e+01  -3.0395226663e-02  6.9676966310e-01  -6.0043290334e+00  7.6565962049e+00  8.5916142467e-01  2.0382386919e+01  -1.6709269066e+01  5.8609850030e+01  6.9845617917e-01  1.7790701439e+00  
-2.2493848801e+00  -8.1455102513e+00  2.8099399980e+01  3.4585278184e+00  6.2183582002e+01  1.8257312122e+00  2.8374515890e-01  1.9941544863e+00  5.4231298494e-01  1.4470831980e+00  7.2535761939e-01  1.2189505207e+00  1.6586379688e+00  -1.5356097157e+01  1.8288142180e+03  -7.2851576035e-01  7.2601340652e-01  -1.2091970504e+00  1.0836592362e+00  -2.3114771477e+00  5.4030981719e+00  -4.8993668670e-01  4.9490625667e-01  -2.8346535540e+00  8.2880288902e+00  
-2.1494278908e+00  -4.4039525426e+00  2.4074248161e+00  1.7323449617e+01  2.0429498277e+02  1.7980885871e+00  3.0131958208e-01  1.1744156268e+00  3.6792023662e-01  7.9528605567e-01  4.0460378287e-01  9.3237834212e-01  1.2010573840e+00  3.6944393241e-01  1.3008841165e+00  1.4719109359e+00  4.5671780272e+00  -3.9727982714e+00  9.6165533120e+00  -1.9883666656e+00  2.8121941887e+00  1.3237081395e+00  3.7673231169e+01  8.7745450376e-02  1.4929233539e+00  
-2.0496194363e+00  -1.2292717664e+01  1.8586668127e+01  2.1679548239e+00  1.6859300073e+00  1.8808135468e+00  2.6006469164e-01  2.0972370003e+00  6.1337378920e-01  5.5507263372e+00  1.2512997586e+01  1.3843047270e-01  7.5849018460e-01  5.2171535437e-01  1.4740621889e+00  -1.5042536776e+02  1.5627230208e+04  -5.7087730077e-01  1.5204082603e+00  1.3958293020e+00  7.8873923676e+00  9.9566766661e+00  8.3144670077e+02  -3.4269012501e-01  5.6792395748e-01  
-1.9497323036e+00  9.9958354410e+00  1.6682435879e+01  4.8470932750e+00  4.7602245870e+01  1.6090828421e+00  2.1098152721e-01  2.2963723579e+00  7.3594226394e-01  2.0089269144e+00  1.3457894560e+00  -4.1842611530e+00  2.8657597727e+01  -3.4725947132e-01  7.2961861414e-01  5.2669066393e+00  4.6574959273e+02  -1.2398533188e+00  1.9020974919e+00  -1.0546288582e+00  4.1718997157e+00  -4.6336339729e-01  1.0193803648e+00  1.0502689532e+00  2.7822320925e+00  
-1.8497706652e+00  2.8117419558e+00  1.8175238825e+00  4.2005421213e+00  1.2023897354e+01  1.6893501410e+00  1.9533598148e-01  2.0154383734e+00  4.9822359073e-01  5.4449253850e-01  1.0883311288e+00  1.3049332404e+00  2.3205817063e+00  -1.3102138162e-01  6.5851074230e-01  -3.3847711270e-01  9.3552531002e-01  2.3646426891e-01  9.6878929221e-01  -1.5774806171e+00  2.6714864500e+00  -1.3626241525e+00  2.0895680215e+01  3.7494075465e+00  2.6375486790e+01  
-1.7498875856e+00  2.0486880969e+00  1.3302946988e+00  -1.1378456793e+02  8.1807969637e+03  1.7771293793e+00  2.1646786417e-01  1.6421618724e+00  2.9666226762e-01  1.8746125882e+00  1.6533630270e+00  -9.9105969588e-01  1.5172251288e+00  1.9061734510e+01  1.1259714978e+03  6.3999498570e-01  5.7158821083e-01  8.8025112490e+00  1.0763847291e+03  -1.5589639289e+00  1.5237446469e+00  -1.1755206097e+00  1.3494470395e+03  2.9260261608e+00  6.1088134317e+00  
-1.6497753859e+00  7.2503951431e+00  1.7414623583e+01  -1.1139340725e+00  1.2864628710e+01  1.4588309582e+00  1.9177613748e-01  1.6336357664e+00  3.2541192433e-01  5.2508496723e+00  8.6016275965e+00  2.7973299499e+01  5.0537263491e+03  8.7267931716e-01  7.1088310195e-01  2.0111274237e+00  2.4857147978e+01  3.7282584918e-01  9.8632338017e+00  -9.3055321433e-01  9.1546098945e+00  5.1895431931e-01  1.2084094117e+00  -4.9397881465e-01  8.6831487030e-01  
-1.5498880148e+00  1.1027744648e+00  4.3912477257e-01  -3.2600289710e-01  8.8146767340e-01  1.5389980748e+00  1.9366785951e-01  1.7258315397e+00  4.1216287919e-01  3.0025639796e+00  2.4039760024e+00  -1.1028377698e+00  1.4370301127e+00  1.3157861478e+01  5.8458138375e+03  -4.2832502601e-01  7.0049407998e-01  2.6974270171e+00  4.1532100982e+00  -1.8139734407e+01  1.3617433769e+03  -4.3897902190e-01  1.2704130550e+00  2.2485797951e+01  1.8179391747e+03  
-1.4498023987e+00  8.6167640674e-01  6.4467945694e-01  5.4226906337e-01  5.3750117457e-01  1.7586589642e+00  2.0659015175e-01  1.8549415460e+00  4.8293495075e-01  2.6318277197e+00  4.3229487802e+00  4.9770684410e-01  2.6647478591e+01  1.0692795911e+01  1.0643834149e+03  -8.8666849414e-01  1.4645498353e+00  7.3296556284e-01  7.6178787710e-01  -6.1517521037e-01  1.6084552766e+01  7.5846276318e-01  1.1617083649e+00  -5.3621510112e-01  8.5384133631e-01  
-1.3497925997e+00  6.7197050834e-01  4.2784494410e-01  -1.2140039557e-01  5.8912409567e+00  1.5402666243e+00  1.5904070735e-01  1.4915051236e+00  2.5818963618e-01  2.6193521392e+00  4.5311180410e+00  1.7284738890e+00  3.9949618308e+01  6.6459891786e-01  1.5992757303e+00  1.3349169805e+00  1.8231094358e+03  5.5881705675e-01  5.7697961939e-01  -5.7348301589e-01  1.1327687342e+00  3.0061641700e-03  7.0244171305e-01  -5.4103476568e-01  1.5390186740e+00  
-1.2497713566e+00  1.2136802182e+00  7.5554219235e-01  8.9618285422e-01  7.6440811740e-01  1.5712123530e+00  1.6254133275e-01  1.6636180808e+00  4.0248668066e-01  6.4475562846e-01  6.9939863121e-01  1.0074601974e+00  1.1263955117e+00  1.0499912154e+00  2.4950817103e+00  -2.7162413302e+00  6.0372990632e+00  -1.3802915309e-01  6.0554196023e-01  8.8063713669e-01  1.8931476000e+00  -2.4874939722e+01  3.5309411303e+03  -3.3872167567e+01  3.5417546549e+04  
-1.1497827768e+00  5.0735844949e-01  4.5717954632e-01  -4.8085481253e-01  1.2595741826e+00  1.3674566635e+00  1.3024941815e-01  1.6088026511e+00  2.4688634787e-01  5.9548258333e+00  1.2051254464e+01  6.6310839140e-01  8.8186760611e+00  -1.2443663505e-01  5.2489794297e-01  5.7333046301e-01  3.0176629184e+00  -7.8709124454e-01  1.0786126356e+02  -1.8246778403e+00  4.0554625582e+00  -6.0020689988e-01  2.0949134358e+00  -5.4854085209e-01  8.8855308794e-01  
-1.0497052670e+00  6.0405890143e-01  4.5755372973e-01  4.7424165655e-01  9.2521925725e-01  1.4168277544e+00  1.4601367516e-01  1.6449890217e+00  3.0598265023e-01  2.2547902268e+00  1.6943680973e+00  -3.2133364682e+00  4.2403042158e+01  -1.5162199590e+00  1.6103377777e+00  5.8580348844e-01  1.0142135144e+01  -4.9566154295e+00  1.0136537437e+03  -2.2333746112e+00  3.3782969954e+00  8.5702648640e-01  2.3209800467e+00  -2.9718727385e+01  9.3430036126e+03  
-9.4979614019e-01  4.2265833646e-01  4.1106909189e-01  2.2120188139e-01  7.4254858554e-01  1.4062925504e+00  1.4604565779e-01  1.3193372915e+00  1.6497971674e-01  5.6614704478e+00  1.3409724106e+01  -5.0499133535e+00  1.8824615778e+02  8.4772057597e-01  1.1808428472e+00  -2.1833222961e+00  2.9744583960e+00  1.9488458758e+00  9.9997783364e+00  3.1536004628e-01  1.3943621685e+00  1.2769952590e+00  3.6043575500e+00  -2.6833991868e+00  1.2170107869e+02  
-8.4987449646e-01  1.3656174407e-01  6.3592176680e-01  1.1494348885e+00  1.5083725423e+00  1.4102727383e+00  1.2740454880e-01  1.5096189451e+00  2.2157021499e-01  2.2248332645e+00  1.3921031743e+00  8.2058813855e-01  6.6528335256e-01  8.2688078818e-01  7.4542489852e-01  2.6566287572e+00  5.9246503603e+01  -6.0782331587e-01  8.6079042525e-01  -5.6911760678e+01  9.2959164579e+03  -4.5569551094e-01  1.0110435983e+00  3.9796447959e+00  4.9575596992e+03  
-7.4992203712e-01  3.1979085234e-01  3.7898260867e-01  -1.4043550696e-01  1.3434069665e+00  1.3556630473e+00  1.3410598989e-01  1.5375617771e+00  2.8322007776e-01  2.7778256850e+00  3.5564471377e+00  1.0540952117e+00  5.1153508926e-01  -3.1737825155e-01  1.0390880615e+00  -1.6798343895e+00  3.1566286780e+02  -2.3114628023e+00  4.7164032366e+00  -4.1624499198e+00  2.4382319320e+02  -7.4229848016e-01  4.8839260552e-01  1.1978284330e+00  3.1903624162e+00  
-6.4976882935e-01  1.7355451102e-01  4.8710067577e-01  -5.2243081453e-01  1.1341747987e+00  1.2963270841e+00  1.0604917191e-01  1.2763864089e+00  1.4685348810e-01  2.7496485816e+00  3.0901147109e+00  4.7106451318e-01  3.3119240077e+00  -1.7177549894e-01  1.1160564723e+00  7.5118745216e-01  3.6468876332e+00  2.5566198751e-01  9.9406741597e-01  -4.8573478859e-01  8.2468634681e-01  6.3865004261e+00  5.6479401728e+02  -9.0208843927e-01  2.3037233697e+00  
-5.4979968071e-01  4.6907318984e-01  3.4974830651e-01  -1.3984376897e+00  5.6807952432e+00  1.3641606198e+00  1.3719344553e-01  1.4008382243e+00  2.0068454136e-01  1.4284970102e+00  1.2282277280e+00  7.0056585022e-01  4.1985737059e-01  -2.2996945068e-01  6.1740699328e+01  1.9567404385e+00  3.3484245406e+00  9.4701609145e-02  6.6694199275e-01  -2.0871038293e-01  1.2252790289e+00  1.5471768883e-01  1.9903609121e+02  -1.1799620028e+00  1.4605319940e+00  
-4.4987851381e-01  6.2397830168e-01  5.0681984927e-01  -2.4987569723e+00  4.0167158697e+01  1.2316377201e+00  7.5885125890e-02  1.4829945912e+00  2.2650486620e-01  8.2915345619e-01  8.1551723329e-01  8.1535364642e-01  6.1947479791e-01  9.2504550355e-01  1.1145375409e+00  8.7992145748e-01  1.0061898697e+00  -1.2529879463e+00  2.5251803550e+00  1.4687313800e+00  6.4600378335e+00  -7.3575969660e-01  1.1030970777e+00  -4.8433486870e-01  5.5049586690e+00  
-3.4988066554e-01  1.4648197812e+00  1.4301208533e+00  -4.3202637002e+00  5.3849236372e+01  1.2583887802e+00  8.9199669757e-02  1.2288930802e+00  1.3813890056e-01  4.0812700337e+00  9.7162790791e+00  1.0309209733e+00  5.4944055085e-01  -9.6470327893e-01  1.9789405367e+00  1.4505480740e+00  1.0494140509e+00  7.1871299465e-02  9.2357681686e-01  -4.2310494744e+00  1.5398101626e+02  -5.2440118375e+00  1.4732394295e+03  -2.3329181294e+00  3.2278545462e+02  
-2.4995951355e-01  6.2327255221e-01  5.4718997333e-01  3.5019485388e+00  7.6149390666e+01  1.1023275618e+00  5.2801602684e-02  1.1753703300e+00  1.1316483286e-01  1.3331710350e+00  9.7611517340e-01  5.4412867845e-01  7.4008284498e-01  -2.4745697061e-01  1.0374505517e+00  -1.4535623120e+01  3.9614189490e+02  -2.7095697212e+00  6.7060458867e+00  3.8856755354e-03  8.9510118643e-01  -2.5449002042e+01  3.4494932517e+03  -9.5416540390e+00  1.5013807304e+02  
-1.4996294677e-01  1.6911110264e+00  1.9203723287e+00  3.3738496774e+00  2.1806173684e+01  1.0926681228e+00  5.5672225184e-02  1.0962357812e+00  1.0295146001e-01  2.1209801123e+00  1.7983191461e+00  1.6817899550e+00  3.4833644140e+00  5.8294612878e-01  9.6002464470e-01  9.7163362600e-02  6.1701811068e-01  1.1564647706e-02  4.8125600322e-01  6.5329706200e-01  6.5575764657e-01  7.6371688781e-01  1.6021916004e+00  1.9179346390e-02  4.9912498472e-01  
-4.9909304827e-02  1.0767455474e+00  1.2805483001e+00  2.0792614910e+00  2.4618598608e+00  1.1151357241e+00  4.7236245059e-02  9.9870064333e-01  5.8246599100e-02  9.4265831205e-01  4.0505871728e-01  2.1098882232e+00  1.9940751878e+01  8.6360697469e-01  6.3332067673e-01  1.7471853572e+00  3.7387562857e+00  -3.7713653933e-01  2.0153314315e+00  -3.4738400684e+00  1.6855526057e+01  2.5309076685e+00  3.9578682105e+00  8.8052430375e-01  1.7090845464e+00  
4.9889925867e-02  1.0000000000e+00  0.0000000000e+00  1.0000000000e+00  0.0000000000e+00  1.0000000000e+00  0.0000000000e+00  1.0000000000e+00  0.0000000000e+00  1.0000000000e+00  3.3220291914e-16  1.0000000000e+00  0.0000000000e+00  1.0000000000e+00  0.0000000000e+00  1.0000000000e+00  0.0000000000e+00  1.0000000000e+00  0.0000000000e+00  1.0000000000e+00  0.0000000000e+00  1.0000000000e+00  0.0000000000e+00  1.0000000000e+00  0.0000000000e+00  
1.4988836646e-01  9.3541273854e-01  1.1110833733e+00  4.8397775075e-01  5.1108242141e-01  8.9676020081e-01  3.7947804908e-02  1.0013188054e+00  5.8468186435e-02  1.0618363677e+00  4.5068960697e-01  4.9780853811e-01  6.1333880538e-01  1.1612062804e+00  8.6257788320e-01  5.8173377876e-01  9.6860701930e-01  -2.6164499653e+00  4.5431015514e+01  -2.9323980335e-01  9.2239728216e-01  3.9915750348e-01  5.2445262682e-01  1.1564308886e+00  2.4250137741e+00  
2.4981270730e-01  5.9514614140e-01  6.5699745264e-01  3.1094022453e-01  5.8342937067e-01  9.1520334667e-01  4.6638570517e-02  9.1225325783e-01  8.3357725624e-02  4.7313543694e-01  3.7804299001e-01  5.8397982543e-01  1.2992865331e+00  1.7391739146e+00  2.8331519694e+00  3.4252722143e+00  1.1342398318e+03  5.1183309493e+01  8.2565230168e+03  1.5377792953e+00  1.4004412755e+00  1.3377621431e+00  2.7959387058e+00  1.8244123906e+01  2.2937380090e+03  
3.4979909658e-01  1.6110857763e+00  1.4680440649e+00  3.2595381742e-01  6.2287285620e-01  9.0718222235e-01  4.3517017094e-02  8.5083671031e-01  8.1851417850e-02  7.5215715674e-01  5.4543991079e-01  1.7528746289e+00  1.5388580462e+01  -4.4161015797e+00  2.1928890876e+01  -8.0696292992e-02  5.4427710138e-01  -3.8023361014e-01  9.3900540729e-01  2.3082539199e+01  3.5597154868e+03  -1.5210142397e-01  1.2444591890e+00  -1.2951086708e-01  2.4754505506e+00  
4.4974565506e-01  6.8590859005e-01  6.4333088820e-01  -2.4677995671e-01  8.5077735133e-01  7.9468776675e-01  5.6333594411e-02  8.1379359720e-01  9.0840848377e-02  2.5050933999e-01  4.7544135199e-01  9.7154377181e-01  5.6107161227e-01  -1.0561382750e+00  1.9497788942e+00  6.9140651083e-01  5.5116200142e-01  1.1727479973e+01  6.5051636444e+02  -2.6316638387e-01  1.8433591910e+00  -1.0887178677e-01  2.1734160458e+00  -3.1487309554e-01  6.8014427109e+00  
5.4964560270e-01  1.6078501662e+00  1.2499226077e+00  -4.2246181581e-01  1.6736622931e+00  8.1194310310e-01  4.9978831604e-02  6.7439510589e-01  1.0558266292e-01  1.2117982036e+00  1.1338763335e+00  1.2303183719e+00  1.0058411818e+00  1.0889091175e+00  1.2734331842e+00  1.1447069921e+00  1.4749408297e+00  -8.1394809759e-01  1.5893996144e+00  6.9969634815e-01  1.0887426621e+00  -1.3754655571e+00  2.2986573108e+00  -1.9885083760e+00  6.9252574663e+01  
6.4969593287e-01  2.1378412452e+00  1.5525300102e+00  -7.5179997413e-01  2.2748014098e+00  7.3309003077e-01  7.3569651459e-02  7.1393424416e-01  1.0186494723e-01  7.0259119264e-01  5.7510994781e-01  1.4309835756e+00  1.1839583351e+00  -2.9598046952e+00  1.5372227795e+02  5.1760208788e-01  8.1570462715e-01  2.9550431918e+01  2.9592541070e+03  -3.1159992936e+00  3.5128350232e+02  3.0498208219e+00  3.6458295754e+02  -8.5246165235e-01  8.2823366460e-01  
7.4973797798e-01  6.0606381581e+00  2.2838376093e+01  -5.8179703051e+00  7.3910317950e+02  7.7143720646e-01  6.3271760281e-02  7.8351657694e-01  9.1452495529e-02  3.6575018147e-01  3.6045212673e-01  2.0470912303e+00  3.2430578627e+00  -6.4432089932e+00  7.5780524014e+01  1.4279923582e+00  7.9115901306e+00  4.0901394083e+00  2.4556701407e+01  -2.0909566869e+00  4.0853009582e+00  3.3713227415e-01  2.1328451969e+00  -1.1518527305e+00  5.1506477420e+00  
8.4966814518e-01  3.1522243315e+00  4.1989266218e+00  -7.2950369450e+00  1.6773273562e+02  7.3768414096e-01  7.3228114582e-02  6.5049461451e-01  1.1923647375e-01  3.6275860049e-01  4.2343856620e-01  9.4976149502e-01  4.3043147460e-01  -3.4200591267e+00  2.1944579223e+01  -5.1968988339e-01  7.6422785487e+01  -4.4225686767e-01  9.4412179352e-01  -2.5864421585e-01  1.1165871618e+00  -1.3502195912e+00  8.9465713236e-01  8.5907611034e-01  1.9800806036e+00  
9.4956636429e-01  8.4065424850e+00  9.4664332715e+01  8.7745662009e-01  1.1555693318e+00  7.0911281777e-01  6.4021702065e-02  6.6249331345e-01  9.7509317104e-02  4.5039445102e-01  2.8420583265e-01  1.2229360295e+00  1.0354986752e+00  1.2143182354e+00  1.0691147676e+00  3.6583639615e-01  1.8972775594e+00  -1.6631497711e+00  2.4878053859e+00  -1.8175772570e-01  2.8623112293e+00  -2.2512193986e+00  5.1323233910e+00  -4.2747240570e-02  2.5983594054e+00  
1.0496377945e+00  2.3778999917e+00  2.3821678530e+00  4.9401755289e+00  6.1895836819e+01  7.1112926975e-01  7.3370159198e-02  7.5801821534e-01  9.5160165543e-02  1.8039835810e-01  3.3540148306e-01  -2.3904446442e-01  9.0726733769e+00  1.1919120310e+00  1.7336495368e+00  -4.6188175504e-01  5.6307745369e-01  5.6402221419e-01  2.4055415330e+00  3.1297509612e+00  8.2274547677e+01  8.1558773369e-01  2.5509677805e+00  -3.2409313953e-01  1.2519469377e+00  
1.1496431828e+00  1.6603672547e+00  1.2493645545e+00  2.1512091264e+00  4.7800216827e+00  7.0584113674e-01  7.2751743428e-02  6.0801821571e-01  1.1523758143e-01  4.4473438885e-01  3.1717093791e-01  -3.2503510026e-01  4.4811337532e+00  -6.6321553383e-01  6.7386073758e-01  1.9950093128e+00  5.2501991128e+01  -2.5281610659e-01  1.8738032455e+00  -4.5298931280e-01  6.9052269638e-01  1.2027809200e+00  2.7740784381e+00  4.6354795250e-02  6.1164817863e-01  
1.2496618032e+00  1.9793623705e+00  1.7996092357e+00  -2.1955871336e+00  1.3844489402e+01  7.3131900538e-01  6.9357874998e-02  6.2165743122e-01  9.6630894059e-02  1.7098536157e-01  3.0257589031e-01  1.2997556439e+00  7.5493199496e+01  -9.0398912701e+00  8.7301910026e+01  2.1136363265e+00  3.9934745901e+01  -9.3588857194e-01  1.0215089299e+02  -5.6114540975e-01  1.1965512828e+00  -1.7494411741e+00  5.3601614296e+00  -1.8374656653e+00  1.9348224847e+00  
1.3495137691e+00  8.2561485747e-01  5.1802464414e-01  1.1199268621e+00  9.2838845636e-01  6.3648683668e-01  6.6141747716e-02  6.0128548537e-01  1.4798312179e-01  1.5607305794e+00  1.7647610215e+00  9.9895713386e-01  1.1259102571e+00  9.7710425639e-01  2.1380330409e+00  -3.7657296153e-01  8.3312140102e-01  -7.9768957663e+00  6.8769429274e+01  1.1574975653e+00  2.2214785879e+00  -1.5008103202e-02  8.3065789692e-01  -1.7594244365e-03  9.3167754217e-01  
1.4496378899e+00  1.4912877817e+00  9.4827005402e-01  -4.4110825403e-01  1.1191154757e+03  6.4927441793e-01  6.7279603818e-02  6.7057061143e-01  1.1875508627e-01  3.8653362105e-01  5.5015116400e-01  5.1279171693e-01  2.3454072588e+00  1.5496944034e+00  3.8118945380e+00  -1.2355724285e-01  7.6220894738e-01  1.7993368721e+00  1.8474113158e+00  -1.8406559703e+00  1.5446087521e+01  7.3807127555e+01  1.4699086016e+04  -1.8737256380e+00  1.7696110346e+01  
1.5496268272e+00  1.1640880385e+00  9.2244481258e-01  1.8553477577e+00  2.2625098688e+00  5.6865619398e-01  6.7233146388e-02  5.3929797765e-01  1.4607627141e-01  3.8489080990e-01  5.9126698509e-01  6.5281127749e-01  1.1514098029e+02  7.1246584129e-02  4.3195245829e-01  -1.1445253511e+00  2.1328188086e+00  1.3721012068e+00  1.4634319614e+00  -4.7890506971e+00  5.3519928902e+02  1.3339564219e+00  2.0013629148e+00  -1.8828393056e+00  2.3561022482e+00  
1.6495865583e+00  9.0754716184e-01  3.5901941085e-01  -2.9921938370e+00  3.6922656186e+01  6.4982738716e-01  8.2417722630e-02  5.7961043535e-01  1.4477077011e-01  3.3408597267e-01  2.5162358403e-01  -9.1688939391e-01  1.7072373850e+00  6.9225249753e-03  1.0456467908e+00  -2.3743148198e+00  5.1550017817e+00  3.7519170453e-01  5.7055801177e-01  -6.6592771504e-02  2.7601620939e+00  -2.4994608020e+00  2.4885198335e+01  7.6833500629e-02  1.1476277001e+00  
1.7497460842e+00  1.4150888485e-01  3.1056164850e-01  -8.7585368062e-01  3.7738695359e+00  6.8554335428e-01  9.2067456910e-02  6.1225940211e-01  1.2343576613e-01  1.9279787435e-01  2.8254748407e-01  7.3392478096e-03  1.0367277035e+00  1.1498956108e+00  9.5380997736e-01  5.5295405229e-01  1.9026680664e+00  2.7494649282e+00  6.7970088275e+01  -1.1344882044e+00  6.3505236724e+00  1.9897100178e+00  5.4514614263e+00  -2.0562587884e+00  3.7826439387e+00  
1.8495470285e+00  4.8917284008e-01  3.1395021996e-01  -6.4447219497e-03  4.2422077263e-01  5.6274912592e-01  6.9209239483e-02  6.0905913353e-01  1.1252889307e-01  5.3548247697e-01  4.4766922726e-01  -1.0193042957e+00  1.3790038868e+00  1.1825049137e-01  1.4441630488e+00  1.5691383958e+00  1.4481652126e+00  5.4924557293e-02  6.9691638641e-01  -6.4437502431e-01  5.8256990695e-01  1.9227517108e-01  2.2044916702e+00  3.4700174614e-01  5.3545646602e-01  
1.9493092299e+00  3.5642524376e-01  2.3184918481e-01  2.4337131846e-01  4.1788610620e-01  5.9198470239e-01  6.8265829763e-02  4.9633768311e-01  1.3066860889e-01  1.8712233360e+00  3.5437859134e+00  7.7507754779e-01  1.0376214370e+00  1.1642504742e+00  2.2110839151e+03  -2.9653613163e+00  1.5274269613e+01  3.3587045066e+00  2.8539879905e+02  -6.4220009550e-01  9.7221354087e-01  -8.8559681305e-01  6.7396881215e+00  2.6472103943e-01  7.4094000628e-01  
2.0494539738e+00  1.0159645574e-01  1.9057134840e-01  1.9640280773e-01  3.1451578389e-01  6.2152811052e-01  8.2135731959e-02  4.3570168769e-01  1.3975003649e-01  4.9889473960e-01  3.2171131587e-01  -2.4714451987e-01  7.0315810391e-01  -2.9567449653e+00  7.5757309656e+00  1.5741323052e-01  6.4490838339e+00  -8.1683141229e-01  1.3175894995e+00  -9.9849024538e-01  3.5173171463e+00  -2.2195479949e+00  5.6967554235e+00  9.7542622841e-01  2.0046208607e+00  
2.1492879391e+00  -8.2260923627e-02  1.1921114561e-01  4.6241434025e-01  2.9444736683e-01  5.3173781630e-01  7.3611447540e-02  4.7702984872e-01  1.3956097497e-01  1.8387965753e-01  3.4074883765e-01  7.0473527739e+00  7.0560877869e+01  1.9998778048e+00  6.7846229161e+00  -1.2831712637e-02  7.1950175400e-01  -1.8287320383e+00  6.4504071141e+00  7.6191199353e-01  2.9453867487e+00  2.5850451048e-01  6.7126026399e+00  -2.9557456966e+00  4.7950494757e+00  
2.2492485046e+00  -2.2742357638e-01  1.2525035841e-01  5.5981682193e-02  2.4708193045e-01  5.5622870433e-01  9.4715502934e-02  8.5201937903e-01  3.2937875139e-01  1.2591490192e+00  6.5896774805e-01  1.0841132807e+00  1.9544007618e+00  2.9597789519e+00  1.8871523862e+01  6.9228751648e-01  9.4579719054e-01  -2.5780820561e-01  5.1514816850e-01  -5.0750360829e-01  6.4268607102e-01  8.2169377630e-01  5.8427805171e+00  -1.0092655254e+01  4.1161148500e+03  
2.3489601612e+00  -1.2491824361e-01  1.4333021763e-01  2.6367953019e-01  3.3931224454e-01  5.4779576874e-01  8.6565089358e-02  5.0166350982e-01  1.4007311058e-01  6.9195435335e-01  3.4914139807e-01  8.4997354435e-01  5.5472938540e+00  -9.9414655693e-02  9.0362755868e-01  -1.3804095936e+00  1.5270643840e+00  -8.3041450181e-01  7.3712826055e-01  -4.4115565843e-01  7.7288442930e-01  -2.0523040101e+00  2.1591350769e+00  -3.6224645410e-01  8.3828330087e-01  
2.4486658573e+00  -1.1129267731e-01  1.2094225843e-01  -2.2282421630e-01  3.0267991010e-01  6.0930841057e-01  9.3350880628e-02  4.4639863900e-01  1.4019038262e-01  -7.7450661672e-02  1.6500956170e-01  2.9059339518e+00  2.7475017834e+00  1.3137712957e-01  2.3225296589e-01  -9.7706668339e+01  1.4001742636e+04  -1.6784385783e-01  1.9831344551e-01  4.2306537600e+00  5.0437502192e+02  -6.2589191928e-02  1.6502251729e-01  1.4784141018e+00  4.3372591371e+00  
2.5484321117e+00  -6.8276577106e-02  8.1921333625e-02  3.0293733064e-01  2.0576383998e-01  3.8322853279e-01  7.8016095436e-02  2.3489996894e-01  2.1317474175e-01  1.0977113148e-02  1.0494375148e-01  -3.9669304249e-01  4.3215742868e-01  1.4689440654e-02  1.0544179412e-01  -2.1237432541e-02  4.1411243529e-01  -1.4078817423e-01  1.1752211136e-01  -5.0179185486e-01  2.3238931792e-01  -1.8395762307e-01  1.3501832502e-01  -2.5098485993e-02  3.7173482937e-01  
2.6484534740e+00  -2.1607180349e-01  9.2100639781e-02  1.3555306441e-01  1.2173135178e-01  3.6441596972e-01  7.3638164751e-02  3.2145423186e-01  1.2326764870e-01  -2.3655715733e-02  1.2891686984e-01  5.4850700067e-02  2.2776537886e-01  1.5191716684e-01  1.2444899600e-01  9.8550964990e-02  6.9198477866e-01  2.3805875265e-01  1.3164375275e-01  2.5872639319e-01  2.9763357726e-01  2.2595764955e-01  1.1631053408e-01  1.8331255023e-01  1.8980142515e-01  
2.7477204800e+00  -2.1183870002e-01  6.7728716983e-02  -1.2038253137e-01  1.4514884970e-01  2.9595262235e-01  9.3502640901e-02  4.1227539111e-01  2.3390504118e-01  1.5199834717e-01  1.2533453644e-01  1.6194658124e-01  2.3313272536e-01  4.9320783660e-02  1.1819776961e-01  -2.0670808491e-02  2.1540253599e-01  -4.3086300709e-02  1.7193653833e-01  -2.5456124340e-01  5.5717353759e-01  -1.0106528686e-01  1.3965857510e-01  -7.1899145064e-02  4.3243290841e-01  
2.8476357460e+00  -2.0680186691e-01  8.7160223798e-02  3.2892506481e-01  2.0515365308e-01  2.9789010685e-01  1.6486481261e-01  4.3971782259e-01  4.1528718345e-01  5.2267354421e-02  1.1585475356e-01  -2.1089653398e-01  4.3543805635e-01  1.2607521625e-03  2.1227295741e-01  -1.2198703621e-02  5.9506352103e-01  1.0338167399e-01  2.1378045104e-01  3.8075550289e-01  1.5725214955e+00  1.4839334960e-01  1.8103599724e-01  2.6863887604e-01  7.8535109206e-01  
2.9470605850e+00  -1.4703117695e-01  9.3583311426e-02  -1.5323119538e-01  1.9370941310e-01  2.3676872705e-01  9.7826143298e-02  -3.6024046787e-01  2.0587889543e-01  5.7794819299e-02  1.3052721211e-01  -4.1082848360e-02  6.5483763827e-01  1.5972289815e-01  1.5299840058e-01  4.7780592728e-02  5.6874702835e-01  -5.8849468120e-01  1.9874618528e-01  -7.3961502809e-01  4.9684920849e-01  1.2557743468e-01  1.6147416177e-01  -9.6448300155e-02  5.2206874402e-01  
3.0466659069e+00  -6.1731777178e-04  9.8647682173e-02  -2.4763201678e-01  2.2136223767e-01  2.9036011454e-01  1.4207501408e-01  1.5519982719e-01  2.8416760685e-01  2.1923097146e-01  2.1192399884e-01  4.4497119966e-01  1.1731425912e+00  1.4347623960e-01  2.1417710757e-01  -5.6471592984e-03  3.2574374794e-01  -5.4035216922e-02  1.8545865480e-01  5.4629085910e-01  5.9490720517e-01  -2.6385969118e-01  2.3457044577e-01  -4.5721013251e-02  8.9438791933e-01  
3.1463944912e+00  -2.1512690436e-01  1.1725368534e-01  -7.2018481482e-02  2.6971934927e-01  2.8332121816e-01  1.4715586415e-01  3.0535083573e-02  1.2593822814e+00  -5.3197091375e-02  2.1880265974e-01  -8.2965740326e-03  6.6263432131e-01  1.4869380994e-01  4.3016123635e-01  -1.3003008981e-01  6.5936384665e-01  -1.9225287679e-01  2.1558205869e-01  -1.1860621851e+00  1.8772828716e+00  -1.6662435343e-01  2.9883278784e-01  -3.1179735320e+00  4.2045895315e+00  
3.2456200123e+00  -3.6616297328e-01  1.9090266704e-01  -2.1840826701e-02  3.7556901255e-01  -2.7898610644e-01  2.3233456163e-01  4.1356837519e-01  7.1987598694e-01  -1.0826103103e-02  4.3316068014e-01  -4.3572259550e-01  6.3905820109e-01  7.1055502359e-01  5.1158869213e-01  1.2150490933e+00  8.8765030588e+00  6.4720620759e-01  4.5447093939e-01  -9.5394709403e-01  1.1846066064e+00  -3.8487611492e-01  4.2982739677e-01  7.4095809569e+00  4.8603859977e+01  
3.3443615437e+00  1.8122119892e-02  1.6619328849e-01  -5.0820298086e-01  6.9096520730e-01  2.9929761857e-01  1.8294403585e-01  6.6130953098e-01  3.8710985740e-01  1.6266931063e+00  1.8304650699e+00  1.2463452248e-01  3.7743280210e-01  -3.7797792556e-02  3.0660150405e-01  -1.1303853879e-01  7.0215825343e-01  -2.4719274517e+00  7.2262276962e+00  2.0766754765e-01  7.6398099050e-01  -5.3716417802e-01  4.2939233259e-01  -3.7566524030e-01  1.3200896743e+00  
3.4422304630e+00  -5.7986375600e-01  2.6583945395e-01  8.4437275378e-01  1.3381895504e+00  -9.6406231020e-02  3.1254142835e-01  1.6414044596e+00  1.8370204503e+00  1.1685914240e-02  4.3963305401e-01  -7.2147139975e-01  1.0537145936e+00  1.2348825941e-01  4.3525866843e-01  -5.0319767159e-01  8.0467417485e-01  -5.6842747471e-01  5.5671810323e-01  1.0168213403e+00  1.9596850000e+00  6.4897280524e-01  1.1761564021e+00  -1.6069775687e+00  6.8527959721e+00  
3.5405302048e+00  -1.4127320151e-01  2.6813146762e-01  -6.7903422216e-01  5.7524458524e-01  5.1731493400e-01  6.0316898819e-01  -2.6461625962e+00  3.9232237803e+00  8.2538050428e-01  1.1651278658e+00  -3.6806665431e-01  5.9612155121e-01  6.1694856476e-01  4.9621833313e-01  -2.9606427222e+00  5.3907590656e+00  -1.4103078396e-01  5.8764374207e-01  -4.2309831768e+01  3.6949640647e+03  -4.1239286198e-01  4.0357988524e-01  -2.0313578727e+00  1.9548457482e+00  
3.6365773678e+00  2.4737025443e-01  3.1483488292e-01  1.1657976813e-01  1.4869819817e+00  8.9255894935e-02  2.5502694679e-01  -1.1307742024e+00  9.3389852371e-01  -2.2638722221e-01  3.0118815314e-01  -2.5435480693e-01  4.8614259261e-01  -2.2730593263e-01  1.7614037594e+00  -1.2480392238e+00  4.7082428535e+00  5.6644697293e-01  8.6187816712e-01  1.4330147748e+02  2.6279314083e+04  1.0307907883e+00  9.1707137159e-01  1.6593145525e+00  2.3372832595e+00  
3.7343311310e+00  -3.5373294658e-02  4.3054572685e-01  1.5474673911e+00  2.6941905811e+00  3.1455406119e-01  5.8289603407e-01  -2.3531517407e-01  2.6181190965e+00  -8.6107395035e+00  7.5867791203e+03  1.2160910697e+00  3.8744867859e+00  6.9509720487e-01  1.5544302085e+00  -3.9490692388e+00  5.7107330077e+01  6.0454110252e-01  4.1103604447e-01  7.9284369381e-02  7.6872049030e-01  5.4088813078e-01  8.4439426611e-01  6.7219337782e-01  3.4388996842e+01  
3.8310883045e+00  -5.4947621418e-01  5.8732445211e-01  -2.1432713079e+00  5.0094890078e+00  1.1183812576e-01  8.2775728101e-01  6.2940006009e-01  5.7589574378e-01  7.2635507959e-01  1.0933034915e+00  -1.1861824695e-01  1.0138279113e+00  1.4926855246e+00  2.1781761938e+00  -5.5037980082e+00  2.3070720246e+01  2.4533933588e-01  4.0457829829e-01  -3.8853360514e-01  5.0037201970e+01  -1.3732131704e+00  1.7927393755e+00  1.1583261824e-01  1.2167866083e+00  
3.9269301891e+00  5.5226789863e-02  2.2473931812e-01  9.8904120294e-01  2.0013805668e+00  -8.5568165851e-02  3.3283772967e-01  -1.2968062534e+00  4.1585670284e+00  1.7606346647e-01  1.2194856709e+00  5.4638851921e-01  5.7191526272e-01  -2.8122180911e+00  1.4199782797e+01  1.2073871301e+00  8.9755865580e-01  2.6533861909e-01  1.2564476198e+00  -1.0092594467e+00  1.0127680020e+01  -7.7341156894e-01  3.4405127601e+00  1.2302402867e+00  6.1027330968e+00  
4.0226602554e+00  -1.6210628956e-01  2.7670265942e-01  1.3145558851e+00  1.7485383280e+00  -2.2103000371e-01  4.5775123845e-01  5.8990773438e-01  1.1904003099e+00  1.2972495752e+00  1.5230177601e+01  1.0439869721e+00  4.2251128709e-01  -1.7558616115e-01  5.8844767387e+01  6.7137535934e+00  9.3923345336e+01  -5.5319681305e-01  3.9572516869e+00  -1.3679623011e-01  6.3150847666e-01  7.6817106687e-01  5.3760450476e-01  3.6832101028e+00  1.4463732456e+02  
4.1201796532e+00  8.6470115283e-02  3.1745157757e-01  6.7684126682e-01  2.4651570216e+00  -2.5281053083e+00  1.7093574020e+02  4.2207121429e-01  4.1271943285e-01  5.5721128812e-01  8.7270568131e-01  1.3864700869e+01  1.2498136142e+03  -8.6494041972e+00  6.1939985749e+02  1.3282949407e+01  2.3157420196e+03  1.1280163914e+00  2.6328345321e+00  -4.3467775564e+01  9.8178804425e+03  2.7966313177e-01  6.0492450739e-01  4.1207172003e-01  1.9801122222e+01  
4.2196545601e+00  3.2360743021e-01  4.5424657113e-01  -2.1142542525e+00  4.8111619909e+00  -1.0606462735e+00  3.6322618759e+00  7.4018858343e-02  1.4488294680e+00  -1.5795229604e+00  3.2467551471e+00  -1.3737677691e+00  1.0733791028e+01  2.5006953044e+00  3.0350756851e+01  6.0096073050e+00  2.4976619879e+01  4.4788810723e-01  8.9445256575e-01  5.8813021431e-01  4.9097555082e+00  6.6694726624e-01  1.3982328377e+00  -1.0643388153e+01  2.6198471044e+02  
4.3155965805e+00  -2.3556541114e-01  5.7473023358e-01  -1.1182811813e-01  6.1316800068e-01  8.8098204667e-02  8.1161344461e-01  -1.0135137676e+00  1.9716338640e+00  5.2725760347e-01  6.5420717891e-01  2.7790884063e+00  2.5390376672e+01  6.9411377782e-01  7.8896294693e-01  -4.4663026720e-01  2.1726098634e+00  9.1449021695e-01  2.4889484780e+01  -5.3521272638e-01  1.0696887464e+00  -4.1176542472e-03  1.1805934554e+00  -1.1516476203e+01  1.7790006392e+02  
4.4124202728e+00  -2.3101490975e-01  3.6039176917e-01  -4.6023895117e+00  2.5654737392e+01  -4.1706951290e-02  1.7276346405e+00  3.0934666694e+00  3.2736848163e+01  2.4595925484e+00  2.4906930693e+01  2.6619667068e-01  4.2234223687e-01  7.9982457176e-01  2.6124581337e+00  -5.0982525718e-01  9.1064310097e-01  3.8184890562e-01  1.1699800121e+00  -1.6190057051e+00  2.4789262045e+00  -1.5518982722e+00  1.0186933245e+02  3.0264242432e+00  4.7245510045e+01  
4.5101990700e+00  -6.2030015432e-01  9.8749003814e-01  6.8097276110e-01  2.8690362134e+00  -1.2622235348e+00  1.3768354014e+00  -4.4810247917e-01  2.3238504660e+00  -6.0435289394e-01  1.7752856578e+00  -2.0238920808e+00  3.8657879067e+00  9.4945677496e-01  1.3687379217e+00  -1.0153459084e+00  1.0838923175e+00  4.0901412740e-01  2.0411755016e+00  -2.2455664677e-02  1.0819740637e+00  1.7874201298e+00  4.4023119603e+00  -1.4439520758e+00  1.9916270013e+00  
4.6102666855e+00  4.2662556804e-01  1.1232705609e+00  9.1829711335e-01  3.0130330788e+00  1.5899679035e-01  2.8910094826e-01  8.1211829117e-02  1.3757833551e+00  2.2691419858e+00  7.1038033080e+00  -2.6224173295e+00  4.9768217663e+00  4.1104562675e+01  7.0612836052e+03  3.0027974985e+00  6.7207102268e+00  -2.1373934231e+00  1.4132711648e+01  -9.7890868078e-01  1.5385934557e+00  1.2082951761e+00  1.4687743004e+00  -4.1564872023e-01  1.8725469581e+00  
4.7084984779e+00  2.5237753006e+00  2.4828843238e+01  -1.4475854384e+00  7.1920446220e+00  5.6687171744e-01  1.1474284083e+01  1.6549296297e+00  9.9919293783e-01  1.2949552456e+00  1.3145573883e+00  -1.5823562985e+00  1.9714079831e+00  1.0071961255e-01  1.4028557764e+00  7.0783768745e+00  4.6530364674e+01  -4.3136600104e-02  4.5387137847e-01  -3.1335595567e-01  6.7838816228e-01  1.7503815547e+00  2.3743435157e+00  1.8444171267e+00  8.1811740591e+00  
4.8090128899e+00  1.7881800307e+00  8.9492629952e+00  1.2869262390e+00  3.4716504187e+01  1.0298340682e-01  2.7902065414e-01  1.1177392990e+00  8.6136845924e-01  -2.8485278807e+01  5.2161032059e+03  1.6808392837e+00  1.4471985696e+00  1.6515072873e+00  6.3640382719e+01  2.4109289668e+00  2.5997590247e+00  3.8186083703e-01  8.7531847785e+00  1.6090229757e-01  5.5672353482e-01  -1.1454837708e+00  1.5795930832e+00  -1.1076860691e+00  2.3015360825e+01  
4.9052195549e+00  -5.2514746547e-01  1.2331381432e+00  -2.5301477078e+00  4.9165439677e+00  1.7928554841e+01  4.0791111585e+02  4.0128001132e+00  8.5217995196e+00  2.6837596519e-01  7.8163093131e-01  -1.6050922167e+00  8.4645207014e+00  3.7623271442e-01  1.9064666822e+00  -9.3721327984e-01  7.4331242379e-01  -9.8678242115e-01  4.9976490608e+00  -2.5086468299e+00  6.1990663151e+01  9.4767217630e-01  2.1853881245e+01  -1.1948925799e+00  8.8897895145e+00  
5.0057578087e+00  2.1597839463e-01  2.5791937881e+00  -3.0288309450e-01  1.7030170751e+00  -4.5755085375e-02  6.9606950940e-01  9.2323023606e+00  1.3249916221e+01  2.3591278671e-01  5.0568446327e-01  -3.0557626362e-01  1.6212825660e+00  4.6244894567e-01  2.0592416267e+00  -5.5986714463e+00  7.9175007266e+00  -2.2289404780e+00  1.0755875223e+01  -1.4919673496e+00  5.8822795792e+00  -5.6426682937e-01  3.9817080778e-01  1.2284038668e+00  5.9310911212e+00  
5.1027469635e+00  -2.5973223829e-01  7.2649413913e-01  4.8281931804e-01  2.1764260354e+00  8.4738021895e-01  7.0568510946e+01  6.2588417686e+00  5.3062007575e+01  2.3572581572e-01  5.7009545640e-01  -7.6952192606e-02  1.8603628213e+00  8.4154906493e-01  1.0268643597e+01  5.7057264837e-01  1.2231274262e+00  -1.1320953650e+00  2.0505572229e+00  -7.2829713147e-01  4.1550142909e+00  8.8581634645e-01  1.8980327738e+00  -7.8290974966e+00  1.6592889342e+01  
5.2027225494e+00  -9.7819053991e-01  1.1564644422e+00  0.0000000000e+00  0.0000000000e+00  -3.1570888511e-01  1.0669225264e+00  0.0000000000e+00  0.0000000000e+00  7.5832801154e-01  8.4057250135e-01  0.0000000000e+00  0.0000000000e+00  -9.7044142131e-01  2.6994101915e+00  0.0000000000e+00  0.0000000000e+00  -1.6599487466e-01  6.3371886878e-01  0.0000000000e+00  0.0000000000e+00  3.2502107567e-01  5.2013765948e+01  0.0000000000e+00  0.0000000000e+00  
5.3024983406e+00  6.7247383871e-02  4.7043295578e-01  -1.2233006005e+00  1.2233006005e+00  2.2435585293e-01  1.0729826104e+00  5.6751823413e+00  5.6751823413e+00  5.7637189600e-01  3.3687328570e+00  -2.4066196650e+00  2.4066196650e+00  -2.2423044623e-01  5.6100995821e-01  -5.6567501333e-01  5.6567501333e-01  -1.8709194399e-01  2.1819886099e-01  -6.5499827589e+00  6.5499827589e+00  1.8651411567e+00  1.1925858769e+02  -1.4176972872e-01  1.4176972872e-01  
5.4013676643e+00  -2.6959244241e-01  7.4955344140e-01  0.0000000000e+00  0.0000000000e+00  2.0794335600e-01  3.0393674400e+00  0.0000000000e+00  0.0000000000e+00  4.5006657359e-01  7.8608480396e-01  0.0000000000e+00  0.0000000000e+00  1.6976751729e+00  1.5347084496e+01  0.0000000000e+00  0.0000000000e+00  -5.0309123329e-01  9.5704189684e-01  0.0000000000e+00  0.0000000000e+00  1.0610417980e+00  1.1147608093e+01  0.0000000000e+00  0.0000000000e+00  
5.5010485649e+00  2.0956464261e+00  2.6638136517e+01  0.0000000000e+00  0.0000000000e+00  2.6969031278e-01  4.0991943249e-01  0.0000000000e+00  0.0000000000e+00  -7.7888121543e-02  3.1637094283e-01  0.0000000000e+00  0.0000000000e+00  -3.9254310047e+00  1.2137144552e+01  0.0000000000e+00  0.0000000000e+00  -1.9672316838e-01  8.6016276048e-01  0.0000000000e+00  0.0000000000e+00  -3.3205319928e-01  1.5193826466e+00  0.0000000000e+00  0.0000000000e+00  
5.6005659103e+00  -4.6851587458e-01  5.0988635039e-01  0.0000000000e+00  0.0000000000e+00  -1.1317036804e+00  9.8337763819e+00  0.0000000000e+00  0.0000000000e+00  2.3298319841e-02  1.8751779132e-01  0.0000000000e+00  0.0000000000e+00  1.3195491970e+00  2.9172419185e+00  0.0000000000e+00  0.0000000000e+00  -4.2644134642e-01  1.5079683715e+00  0.0000000000e+00  0.0000000000e+00  2.0308405377e-01  8.9553144836e-01  0.0000000000e+00  0.0000000000e+00  
5.7002482414e+00  -2.6615185309e+00  7.2050946691e+00  0.0000000000e+00  0.0000000000e+00  2.3753579933e-01  1.6133385668e+00  0.0000000000e+00  0.0000000000e+00  1.0302287366e-01  9.4805435682e-01  0.0000000000e+00  0.0000000000e+00  5.2303452742e-01  3.4999499169e+00  0.0000000000e+00  0.0000000000e+00  -7.3957273523e-01  5.5362162336e+00  0.0000000000e+00  0.0000000000e+00  2.4071711339e+00  2.7034126258e+01  0.0000000000e+00  0.0000000000e+00  
5.8006320000e+00  1.3751505289e-01  4.9085762545e+00  0.0000000000e+00  0.0000000000e+00  -2.1635733811e+00  6.7059090620e+00  0.0000000000e+00  0.0000000000e+00  -2.0507792750e-02  1.2291524086e+00  0.0000000000e+00  0.0000000000e+00  -3.7573359999e-01  5.2341888566e-01  0.0000000000e+00  0.0000000000e+00  -3.6304704075e-01  8.1081837383e-01  0.0000000000e+00  0.0000000000e+00  3.8248419375e+00  7.6787892596e+00  0.0000000000e+00  0.0000000000e+00  
5.9005031586e+00  1.1975760690e+00  2.9329331118e+00  0.0000000000e+00  0.0000000000e+00  -2.8778188575e-02  1.6709971244e+00  0.0000000000e+00  0.0000000000e+00  -1.7434284693e-01  5.1451617624e-01  0.0000000000e+00  0.0000000000e+00  -1.8635277661e-01  2.4589901561e+00  0.0000000000e+00  0.0000000000e+00  -6.4069988464e-01  1.5882296973e+00  0.0000000000e+00  0.0000000000e+00  8.7483824931e-01  2.1083494715e+00  0.0000000000e+00  0.0000000000e+00  
6.0000000000e+00  0.0000000000e+00  0.0000000000e+00  0.0000000000e+00  0.0000000000e+00  0.0000000000e+00  0.0000000000e+00  0.0000000000e+00  0.0000000000e+00  0.0000000000e+00  0.0000000000e+00  0.0000000000e+00  0.0000000000e+00  0.0000000000e+00  0.0000000000e+00  0.0000000000e+00  0.0000000000e+00  0.0000000000e+00  0.0000000000e+00  0.0000000000e+00  0.0000000000e+00  0.0000000000e+00  0.0000000000e+00  0.0000000000e+00  0.0000000000e+00  
6.0999884605e+00  9.3894195272e+13  2.9519224516e+14  0.0000000000e+00  0.0000000000e+00  -2.3982439034e+14  2.1152591893e+14  0.0000000000e+00  0.0000000000e+00  -1.0895018380e+14  8.7765708064e+13  0.0000000000e+00  0.0000000000e+00  2.1579841914e+14  1.5936757439e+14  0.0000000000e+00  0.0000000000e+00  -1.6941738747e+14  1.3985331762e+14  0.0000000000e+00  0.0000000000e+00  1.5988337705e+14  3.0944570913e+14  0.0000000000e+00  0.0000000000e+00  
6.2000002861e+00  3.0468730095e+14  3.0468730095e+14  0.0000000000e+00  0.0000000000e+00  -1.7158798841e+14  1.7158798841e+14  0.0000000000e+00  0.0000000000e+00  1.1468937639e+14  1.1468937639e+14  0.0000000000e+00  0.0000000000e+00  1.5397607196e+14  1.5397607196e+14  0.0000000000e+00  0.0000000000e+00  9.4259242344e+13  9.4259242344e+13  0.0000000000e+00  0.0000000000e+00  -1.3889099568e+14  1.3889099568e+14  0.0000000000e+00  0.0000000000e+00  
6.3000006676e+00  0.0000000000e+00  0.0000000000e+00  0.0000000000e+00  0.0000000000e+00  0.0000000000e+00  0.0000000000e+00  0.0000000000e+00  0.0000000000e+00  0.0000000000e+00  0.0000000000e+00  0.0000000000e+00  0.0000000000e+00  0.0000000000e+00  0.0000000000e+00  0.0000000000e+00  0.0000000000e+00  0.0000000000e+00  0.0000000000e+00  0.0000000000e+00  0.0000000000e+00  0.0000000000e+00  0.0000000000e+00  0.0000000000e+00  0.0000000000e+00  
6.4000124931e+00  0.0000000000e+00  0.0000000000e+00  0.0000000000e+00  0.0000000000e+00  0.0000000000e+00  0.0000000000e+00  0.0000000000e+00  0.0000000000e+00  0.0000000000e+00  0.0000000000e+00  0.0000000000e+00  0.0000000000e+00  0.0000000000e+00  0.0000000000e+00  0.0000000000e+00  0.0000000000e+00  0.0000000000e+00  0.0000000000e+00  0.0000000000e+00  0.0000000000e+00  0.0000000000e+00  0.0000000000e+00  0.0000000000e+00  0.0000000000e+00  
6.5000000000e+00  0.0000000000e+00  0.0000000000e+00  0.0000000000e+00  0.0000000000e+00  0.0000000000e+00  0.0000000000e+00  0.0000000000e+00  0.0000000000e+00  0.0000000000e+00  0.0000000000e+00  0.0000000000e+00  0.0000000000e+00  0.0000000000e+00  0.0000000000e+00  0.0000000000e+00  0.0000000000e+00  0.0000000000e+00  0.0000000000e+00  0.0000000000e+00  0.0000000000e+00  0.0000000000e+00  0.0000000000e+00  0.0000000000e+00  0.0000000000e+00  
6.5999870300e+00  0.0000000000e+00  0.0000000000e+00  0.0000000000e+00  0.0000000000e+00  0.0000000000e+00  0.0000000000e+00  0.0000000000e+00  0.0000000000e+00  0.0000000000e+00  0.0000000000e+00  0.0000000000e+00  0.0000000000e+00  0.0000000000e+00  0.0000000000e+00  0.0000000000e+00  0.0000000000e+00  0.0000000000e+00  0.0000000000e+00  0.0000000000e+00  0.0000000000e+00  0.0000000000e+00  0.0000000000e+00  0.0000000000e+00  0.0000000000e+00  
6.6999969482e+00  0.0000000000e+00  0.0000000000e+00  0.0000000000e+00  0.0000000000e+00  0.0000000000e+00  0.0000000000e+00  0.0000000000e+00  0.0000000000e+00  0.0000000000e+00  0.0000000000e+00  0.0000000000e+00  0.0000000000e+00  0.0000000000e+00  0.0000000000e+00  0.0000000000e+00  0.0000000000e+00  0.0000000000e+00  0.0000000000e+00  0.0000000000e+00  0.0000000000e+00  0.0000000000e+00  0.0000000000e+00  0.0000000000e+00  0.0000000000e+00  
6.8000040054e+00  0.0000000000e+00  0.0000000000e+00  0.0000000000e+00  0.0000000000e+00  0.0000000000e+00  0.0000000000e+00  0.0000000000e+00  0.0000000000e+00  0.0000000000e+00  0.0000000000e+00  0.0000000000e+00  0.0000000000e+00  0.0000000000e+00  0.0000000000e+00  0.0000000000e+00  0.0000000000e+00  0.0000000000e+00  0.0000000000e+00  0.0000000000e+00  0.0000000000e+00  0.0000000000e+00  0.0000000000e+00  0.0000000000e+00  0.0000000000e+00  
6.9000129700e+00  0.0000000000e+00  0.0000000000e+00  0.0000000000e+00  0.0000000000e+00  0.0000000000e+00  0.0000000000e+00  0.0000000000e+00  0.0000000000e+00  0.0000000000e+00  0.0000000000e+00  0.0000000000e+00  0.0000000000e+00  0.0000000000e+00  0.0000000000e+00  0.0000000000e+00  0.0000000000e+00  0.0000000000e+00  0.0000000000e+00  0.0000000000e+00  0.0000000000e+00  0.0000000000e+00  0.0000000000e+00  0.0000000000e+00  0.0000000000e+00  
