#pT  dN/(2pi dy pT dpT)  dN/(2pi dy pT dpT)_err  vn{SP}  vn{SP}_err
1.1018009616e-01  3.7760676327e+02  3.7706371350e+00  1.2277815350e-03  8.0390869025e-04  2.9598625468e-03  8.2360302700e-04  9.3836470125e-04  8.2318183390e-04  -2.7588170211e-04  1.4773611570e-03  1.7926165698e-03  1.5505786510e-03  -5.4710712150e-03  1.2722628520e-02  
2.0130153518e-01  3.6268398195e+02  3.6349699015e+00  1.1422530086e-03  1.0583257346e-03  8.6728173536e-03  7.5413884305e-04  1.7751107890e-03  6.3330451530e-04  -9.8808583590e-04  1.2366011771e-03  3.5872187278e-04  1.3148087155e-03  6.0332879667e-04  4.9504313163e-03  
2.9913958300e-01  2.4525779172e+02  2.4556698870e+00  2.8119425200e-03  8.3128026224e-04  1.5978113450e-02  1.2154132994e-03  4.2146744240e-03  6.2159332492e-04  1.4101129934e-03  1.0530255756e-03  1.1054467549e-03  9.9522598357e-04  3.9973995289e-03  1.3221787502e-02  
3.9842689235e-01  1.5790646175e+02  1.5937290123e+00  1.6363736627e-03  8.3321469997e-04  2.2087977127e-02  1.3788095441e-03  5.2179022893e-03  5.9591823137e-04  9.9037564696e-04  1.6564662053e-03  2.8207866864e-03  1.0952861076e-03  -6.8607995859e-04  5.3139240917e-03  
4.9813662223e-01  1.0296885722e+02  1.0513156003e+00  1.3749167657e-03  8.6154681353e-04  2.7188819866e-02  1.5736648280e-03  8.3898930160e-03  1.1804806903e-03  2.2435079238e-03  1.6968480208e-03  -5.8444705534e-04  1.2309580229e-03  -1.9045239989e-03  4.9499206937e-03  
5.9806106999e-01  6.8114144172e+01  7.1118067139e-01  1.5508381046e-03  8.8839766940e-04  3.2112164680e-02  2.2012312287e-03  9.3336743117e-03  1.1177369038e-03  3.6161111697e-03  1.4831925211e-03  6.6886835304e-04  1.4078582131e-03  2.9981306508e-03  1.0805431739e-02  
6.9789670110e-01  4.5818533550e+01  5.0265524909e-01  1.1265092406e-03  1.2459826912e-03  3.7155837353e-02  2.6317919574e-03  1.2302502789e-02  1.2718075925e-03  2.2871258730e-03  1.4911960364e-03  2.6574644002e-03  1.4925207244e-03  1.1794071257e-03  1.0832731717e-02  
7.9786804733e-01  3.1186294155e+01  3.4578134216e-01  7.5043749914e-04  8.9800099446e-04  4.0011467246e-02  2.3781434816e-03  1.4250757781e-02  1.1555864744e-03  3.5905178476e-04  2.2251399128e-03  -5.0555033531e-04  1.8996477612e-03  1.4883735347e-02  4.5342241943e-02  
8.9786868462e-01  2.1344928222e+01  2.4911015307e-01  1.9834420825e-04  1.3094466367e-03  4.4643708245e-02  2.6264896636e-03  1.3864061332e-02  1.6801316885e-03  7.4585711768e-03  3.3757956978e-03  4.7564485834e-03  2.1932584479e-03  4.1604535495e-03  1.0793375172e-02  
9.9773092285e-01  1.4726369422e+01  1.8083708121e-01  9.1644987147e-04  1.3368317524e-03  5.2770163972e-02  3.2289323189e-03  1.7161199094e-02  1.9144990675e-03  5.7630672736e-03  2.6722274990e-03  -2.5277214312e-03  2.5023495562e-03  6.6042334086e-03  2.0366397443e-02  
1.0976738757e+00  1.0218622069e+01  1.3060203577e-01  -1.6548443175e-03  1.6748459486e-03  5.2914841522e-02  3.6425126562e-03  1.9897961127e-02  2.9517536872e-03  7.0405002487e-03  3.1258032487e-03  2.1225331699e-03  3.0338036967e-03  8.8780678176e-03  2.6622579972e-02  
1.1976541846e+00  7.1153305415e+00  9.4420774741e-02  2.2949782559e-03  2.2202832402e-03  5.5093346361e-02  3.8659154931e-03  1.8065114877e-02  2.7856957840e-03  5.6703963956e-03  2.9610589735e-03  1.1960833683e-03  2.9970161201e-03  7.6604565221e-03  2.3157032853e-02  
1.2975371259e+00  4.9491207908e+00  7.3047385399e-02  -2.1474146602e-03  1.8227969836e-03  5.9369021085e-02  4.0706113821e-03  2.5200227461e-02  3.1830486322e-03  2.6419248969e-03  3.9207362014e-03  6.9910020984e-03  3.4615491694e-03  4.7535239451e-03  2.0778997858e-02  
1.3976255031e+00  3.4203025978e+00  5.5404213151e-02  -2.4989280722e-03  2.8545513184e-03  6.3073315530e-02  4.2100850861e-03  2.7752988746e-02  4.0268713630e-03  1.0184828630e-02  4.8599455385e-03  -1.7321263572e-05  4.0269416643e-03  3.2560978792e-02  1.0008076974e-01  
1.4975868165e+00  2.3822081706e+00  3.6725730755e-02  -2.3580317536e-03  3.3748157978e-03  6.5635720136e-02  5.1238502034e-03  2.4813564975e-02  3.1713165103e-03  1.9358225885e-02  6.9059554607e-03  -8.1793847681e-03  4.6425598744e-03  -7.0021715720e-03  3.2674232132e-02  
1.5975373058e+00  1.6454021546e+00  2.9228108779e-02  -3.8368309719e-03  3.8958290408e-03  6.9492337887e-02  5.2955708511e-03  2.8459983353e-02  4.4585380099e-03  2.4376169997e-02  7.5836094022e-03  9.1686772522e-03  5.1402563633e-03  2.6904952806e-02  6.7046697325e-02  
1.6973499124e+00  1.1467575882e+00  2.1843523941e-02  -1.3900847281e-02  6.0400425028e-03  6.8144226936e-02  5.1065774768e-03  2.7246747102e-02  4.4944784662e-03  3.9289885983e-03  8.4209293970e-03  5.8089956266e-03  7.2838783455e-03  4.0468210880e-02  1.2815201136e-01  
1.7973708712e+00  7.8358945078e-01  1.6160642573e-02  -2.0192631535e-02  5.9977205740e-03  8.3631588758e-02  7.1748429165e-03  3.4501543842e-02  5.6348250444e-03  6.5589029286e-03  1.5284234486e-02  1.4365623117e-02  8.1015205855e-03  3.3857981640e-02  7.7120811858e-02  
1.8972842879e+00  5.5281998505e-01  1.2834285612e-02  -1.1067501185e-02  5.4043769005e-03  7.9917435749e-02  6.8559556159e-03  3.1136490025e-02  5.2578214411e-03  -1.0553336247e-03  1.1401315905e-02  1.5012830652e-02  7.1511648036e-03  3.4481519706e-02  1.4668587330e-01  
1.9973192299e+00  3.7344777358e-01  8.6211498461e-03  1.2290513726e-05  7.5855411608e-03  8.6858672484e-02  8.3707128770e-03  4.1509635063e-02  5.6291947794e-03  3.6651975153e-02  1.4843559184e-02  9.1007890574e-03  1.0023611983e-02  3.1610206956e-02  1.0249607332e-01  
2.0970296755e+00  2.6276219876e-01  6.4629747808e-03  -1.6268961039e-02  6.8458674279e-03  8.3071054223e-02  7.3380341569e-03  2.3267494519e-02  6.9180967594e-03  1.8439059981e-02  1.4881572632e-02  2.7254112315e-02  1.2906274459e-02  6.7094694004e-02  1.9154907093e-01  
2.1971430356e+00  1.7770448692e-01  4.6327159701e-03  -1.7056647159e-02  1.1942541075e-02  8.8875610005e-02  9.6355874553e-03  3.8451538046e-02  1.1537737671e-02  4.1723331987e-02  1.6423091149e-02  4.7962890233e-02  1.5252122404e-02  9.0189343860e-03  7.0384728574e-02  
2.2973137786e+00  1.2248930430e-01  2.8515251504e-03  -5.6148224629e-03  8.1293693375e-03  8.8623417041e-02  9.2462192961e-03  3.9461337656e-02  1.0621588357e-02  -8.6708774699e-03  2.3418628327e-02  2.2707459372e-02  1.8322488634e-02  6.4534350157e-02  1.8132011748e-01  
2.3968878748e+00  8.4219607647e-02  2.4434761488e-03  -1.8833175569e-02  1.7827591934e-02  1.0108668561e-01  1.3316688954e-02  4.3151051939e-02  1.2078440882e-02  -1.3128248051e-02  2.6040506617e-02  2.4401834555e-02  2.0590738724e-02  8.1257949180e-02  2.3315384862e-01  
2.4974227444e+00  5.8200583505e-02  1.7881167416e-03  -2.8292500601e-02  1.6508878760e-02  1.0969791560e-01  1.5820819101e-02  6.6222515997e-02  1.3090722947e-02  2.3237779064e-02  2.0846681869e-02  9.6156026277e-03  2.2781927036e-02  -2.4900529495e-02  1.1881477437e-01  
2.5964962114e+00  3.9958739975e-02  1.3512407955e-03  3.6675819380e-03  1.5728189545e-02  1.3252406409e-01  1.5441002489e-02  3.3601279992e-02  1.7126645683e-02  3.5873980052e-03  2.6874767401e-02  -4.3786921201e-02  2.9118927068e-02  2.5393303874e-02  1.3486356126e-01  
2.6976975612e+00  2.6217504324e-02  1.3030913177e-03  -3.9091691619e-02  2.2587847331e-02  8.2911319147e-02  2.3223350298e-02  5.8156721287e-02  1.6278002044e-02  7.7366609958e-02  3.6074877955e-02  -2.3083329102e-02  4.2121913455e-02  1.0153314862e-01  3.4540015759e-01  
2.7975453628e+00  1.8937882343e-02  8.5308355950e-04  -3.3053992039e-02  2.1250522034e-02  1.1617423569e-01  2.7891916229e-02  4.6500268665e-02  1.8778199028e-02  -4.7978496221e-02  4.4994038789e-02  1.4113232733e-02  4.1066735675e-02  -3.6833172268e-02  2.2680990943e-01  
2.8965718835e+00  1.2651606226e-02  5.1840222965e-04  -5.0143387006e-02  3.2277377628e-02  1.4755818645e-01  2.5880866696e-02  2.7506930382e-02  2.5847514096e-02  4.4298495541e-02  4.9266541781e-02  7.6981899629e-02  4.7645315388e-02  6.8414308751e-02  3.0705159057e-01  
3.0000109969e+00  8.8083066719e-03  4.7756660868e-04  -1.0828780949e-01  3.8141608096e-02  1.1149806209e-01  2.8865313498e-02  5.2181633329e-02  3.8134810981e-02  9.3816068588e-02  6.3781767669e-02  2.8650822227e-02  6.6929064205e-02  -1.0412036368e-01  4.2771342429e-01  
3.0982687939e+00  5.2792144344e-03  3.4587629685e-04  7.7680676056e-02  4.5188401759e-02  1.4206471844e-01  4.1276726531e-02  8.4453520147e-02  3.3723834965e-02  2.8946757918e-02  6.6359490176e-02  3.5862521911e-02  6.7258728969e-02  4.9280659576e-01  1.5205356353e+00  
3.1977727572e+00  3.7224345924e-03  2.3157482975e-04  -1.1788743705e-02  4.1910571598e-02  1.6720025508e-01  4.6243904580e-02  9.9786624908e-02  3.8320390649e-02  4.0716544879e-02  9.0776228737e-02  1.1095501060e-01  9.1608000108e-02  2.5819279375e-01  9.3029995573e-01  
3.2975372806e+00  2.9435180430e-03  2.2731999144e-04  -9.0892300951e-02  6.2186407339e-02  6.8547806106e-02  5.8854970900e-02  7.5773077501e-02  5.8460541898e-02  -1.5672120748e-01  9.4872143365e-02  -7.4568614616e-02  9.3018526655e-02  5.4488308878e-01  1.8240053285e+00  
3.3968723934e+00  1.9076640110e-03  1.6711567303e-04  -5.6762356000e-02  6.4766471490e-02  1.8362720732e-01  6.9516780367e-02  6.5171836307e-02  6.1746733579e-02  1.0102537875e-01  1.4569356577e-01  3.7507427459e-02  1.1528876995e-01  -2.1928273723e-01  9.8009930991e-01  
3.5011036710e+00  1.2311579435e-03  1.0754657453e-04  -5.5649420041e-02  1.2148562152e-01  9.5815883554e-02  1.0151742733e-01  2.7527688725e-02  8.9204368231e-02  -1.0114139429e-01  1.8611679429e-01  -2.3892631940e-01  1.3524194272e-01  1.8283481741e-01  6.0213942462e-01  
3.6020355776e+00  8.8012677617e-04  1.1500819757e-04  9.1767148130e-02  1.0841055112e-01  1.4433120115e-01  8.7144820469e-02  8.0791805683e-02  8.9854889732e-02  -1.4925818334e-01  1.5943313847e-01  -1.0214998511e-01  1.4882509318e-01  -9.3776356343e-02  7.3333357167e-01  
3.6992552914e+00  5.9171601626e-04  8.7775465084e-05  -2.4777840646e-01  1.2650649532e-01  2.6512699654e-01  9.4011560654e-02  -6.2756032353e-02  1.1307131794e-01  1.5390710441e-01  1.9733586072e-01  2.4479722889e-01  1.6075199145e-01  8.2592451495e-03  8.0902007487e-01  
3.7973228492e+00  3.1663539791e-04  5.5446384015e-05  -3.0561603233e-01  1.3994831784e-01  5.8977467179e-02  1.3997382525e-01  3.1081490194e-02  1.1765231620e-01  -5.3553346972e-01  2.8950759625e-01  4.1041218316e-02  1.9765994872e-01  1.5784407661e-01  1.1374433931e+00  
3.8912553477e+00  3.0871359609e-04  6.1083810464e-05  -3.2446836659e-02  1.6087651555e-01  3.4456877384e-02  1.2752963867e-01  1.5371788382e-02  1.8059518517e-01  9.7476868896e-02  2.9855591877e-01  -3.5597154040e-02  2.2225508791e-01  1.8266290414e+00  5.3728473760e+00  
3.9883131821e+00  1.6316814761e-04  5.3202606492e-05  -3.8771429332e-01  2.2586079042e-01  1.7299939931e-01  1.6259872093e-01  3.0277733450e-01  2.9115877147e-01  3.8142960332e-01  2.9641552174e-01  -9.1523873128e-02  3.8017234329e-01  5.9142378582e-02  1.3684672393e+00  
