#pT  dN/(2pi dy pT dpT)  dN/(2pi dy pT dpT)_err  vn{SP}  vn{SP}_err
1.0497934665e-01  3.4432754471e+02  3.4281382648e+00  2.6708962235e-03  8.7797511406e-04  5.1503681081e-03  9.5445326729e-04  9.1174099090e-04  6.7971868406e-04  -7.1315723593e-04  9.4374333515e-04  1.6238830587e-03  1.3361000612e-03  -3.1961197788e-03  3.9374480576e-03  
1.9958913173e-01  2.2316630081e+02  2.2425151193e+00  1.9251487285e-03  1.2466741671e-03  9.8157894616e-03  8.8085239669e-04  1.2550126105e-03  7.9681210935e-04  -5.9332559437e-04  9.1778403691e-04  2.6398611672e-04  1.1505988835e-03  2.2363323160e-04  2.8358977835e-03  
2.9820727270e-01  1.2946994459e+02  1.3121134029e+00  2.2668373012e-03  9.9354138740e-04  1.8625156306e-02  1.6084511416e-03  4.6611351997e-03  8.6125708780e-04  2.7252176344e-04  9.7457290931e-04  2.0487388453e-03  1.2187808729e-03  5.5091354369e-04  2.3340496948e-03  
3.9774303034e-01  7.5393546057e+01  7.7745656594e-01  1.0838930217e-03  1.5081129733e-03  2.4397087515e-02  1.7257041881e-03  5.9849668120e-03  1.1083411259e-03  7.2875730027e-04  1.6996773023e-03  2.7261207886e-03  1.4383696634e-03  -4.2011918889e-03  4.6486630126e-03  
4.9749562129e-01  4.5136988930e+01  4.7339401159e-01  -1.9193099052e-03  1.2999047324e-03  2.9376941591e-02  1.9261404048e-03  7.8067292500e-03  1.5479298842e-03  9.3885808054e-04  1.6050941341e-03  -1.1697458122e-03  1.6996409570e-03  -7.0883131041e-03  5.5291574207e-03  
5.9739842000e-01  2.7654162072e+01  3.0257017168e-01  1.1421447569e-03  1.3368660258e-03  3.4695803223e-02  2.5232911553e-03  7.9296638544e-03  1.5322021138e-03  1.6671112447e-03  1.4219443346e-03  3.2959979155e-03  2.0091652895e-03  -4.5445988310e-03  4.2147194256e-03  
6.9727034229e-01  1.7260220027e+01  1.9403047577e-01  -1.0657235555e-04  2.2099417539e-03  4.0190140316e-02  2.7724313452e-03  1.4143859087e-02  1.8147538461e-03  8.5338537812e-04  1.9088700675e-03  2.2565584928e-03  2.5278705586e-03  2.0525512880e-04  3.6284243396e-03  
7.9726984140e-01  1.0901421124e+01  1.3142778322e-01  -1.7569476314e-03  2.3850448303e-03  4.2413309981e-02  2.6345867268e-03  1.7241312168e-02  2.0085209982e-03  2.0352424774e-03  1.9834372550e-03  -1.6440196202e-03  2.9774259091e-03  8.9346684590e-03  9.5936199249e-03  
8.9725435885e-01  6.8874287390e+00  8.8162709124e-02  -1.6410218223e-03  2.3367125610e-03  5.0593164210e-02  3.1327120275e-03  1.5600951870e-02  2.5402171322e-03  1.7401914352e-03  4.0491916510e-03  2.7338346186e-03  3.2528864057e-03  -1.7397646571e-03  5.6736666711e-03  
9.9697905094e-01  4.4138512434e+00  5.8384972489e-02  -2.2200201858e-03  3.5737052696e-03  5.2910435287e-02  4.0341968278e-03  2.2130898982e-02  2.9261766070e-03  5.5002973647e-03  3.2278346953e-03  -7.9948017971e-03  5.0283409474e-03  1.0984658327e-04  6.2446224352e-03  
1.0971552990e+00  2.8336711638e+00  3.8983397240e-02  -5.0865774906e-03  3.7145611291e-03  5.9072134290e-02  4.8955653727e-03  2.2355992252e-02  3.3788303630e-03  8.1523313343e-03  4.2189201924e-03  6.5366887415e-04  4.5163965828e-03  1.2409858222e-03  1.1569183246e-02  
1.1971224889e+00  1.8468727809e+00  2.8316249521e-02  1.4666493220e-03  4.4105923438e-03  5.7248531967e-02  4.9076448726e-03  1.7823406087e-02  3.7410591884e-03  -7.6175852200e-04  3.7842117482e-03  5.9326167082e-03  5.1728963725e-03  -5.4888537852e-03  1.2953774917e-02  
1.2968948640e+00  1.1952314537e+00  1.9817332634e-02  -1.0388048968e-02  5.7064036917e-03  6.1199138658e-02  4.6626597276e-03  3.4083426891e-02  5.2140516297e-03  8.3462652229e-04  5.2929697063e-03  9.1664159403e-03  5.4444914750e-03  1.3974498498e-02  2.0007234967e-02  
1.3971314204e+00  7.7084676325e-01  1.4876772716e-02  1.9060542127e-05  7.7064397687e-03  5.9361985206e-02  5.6599010250e-03  2.6494260459e-02  6.0662112356e-03  1.1163002638e-02  4.8452920101e-03  -4.0855223788e-03  9.2695480874e-03  1.1646735221e-02  1.6447640326e-02  
1.4974791267e+00  5.0666318897e-01  9.0000338373e-03  -6.5454702075e-03  8.7775744471e-03  7.5070058638e-02  6.5630541836e-03  2.9418689958e-02  6.0373945928e-03  9.0567399683e-03  8.4167303271e-03  6.6756740494e-03  1.1224681627e-02  -6.9166967457e-04  1.9312048037e-02  
1.5969495278e+00  3.3096617359e-01  6.8817478288e-03  -2.6993101043e-03  8.8110132023e-03  7.1356544340e-02  6.8540652926e-03  3.6170796009e-02  7.8501297901e-03  6.8508946188e-03  7.8312576813e-03  1.9484331358e-02  1.1132606922e-02  3.5123829396e-02  2.4985797652e-02  
1.6966799959e+00  2.1700957596e-01  4.8293641707e-03  -1.8564319822e-02  1.1026903822e-02  6.2116407866e-02  7.6206624640e-03  3.0099385120e-02  1.1369055554e-02  4.2021694796e-03  1.1751213927e-02  -6.7909276236e-03  1.4915304314e-02  3.1821438543e-02  3.9446383550e-02  
1.7971240558e+00  1.4151571294e-01  3.6240769516e-03  -1.9382746933e-02  1.5153498891e-02  7.4362696299e-02  9.9444886060e-03  2.6168366754e-02  8.7829388170e-03  2.5748910176e-03  1.7149515490e-02  1.9240521295e-02  1.8068519483e-02  -1.2848627371e-02  3.8653022627e-02  
1.8976497727e+00  9.5624740738e-02  2.8245771451e-03  7.6343319056e-03  1.5384210576e-02  8.3013926817e-02  1.2958315832e-02  2.5183958642e-02  1.1368055694e-02  -8.6281320850e-03  1.2076074438e-02  3.1163521266e-02  2.2140577659e-02  2.1863275459e-02  5.5422073639e-02  
1.9973805339e+00  6.2369261613e-02  2.1088950578e-03  1.5758325021e-02  1.7054110133e-02  8.8378341901e-02  1.4581059586e-02  3.3830293826e-02  1.2295112410e-02  5.6335309672e-02  2.3159973710e-02  9.9719592321e-03  2.3300851791e-02  -4.0255724677e-02  5.3242242878e-02  
2.0969612175e+00  4.2934760968e-02  1.3735763980e-03  3.1149293326e-02  2.4487516840e-02  9.5326455780e-02  1.7720213025e-02  2.2757911623e-02  1.8292257379e-02  4.7989261085e-02  2.3175683723e-02  3.1129380480e-02  2.6941805274e-02  9.2837093106e-02  8.5884948034e-02  
2.1979843500e+00  2.7189242712e-02  8.7643342644e-04  -2.4953006438e-02  2.7964305387e-02  9.0916942451e-02  1.7836907107e-02  6.1227028616e-02  2.4717077246e-02  5.5802843062e-02  2.2903683952e-02  5.9950302878e-02  3.5371010672e-02  -2.3831305283e-02  7.3346471854e-02  
2.2971721034e+00  1.8685076259e-02  6.1935676828e-04  1.8283190946e-02  2.9479120172e-02  1.1523189681e-01  2.4346162289e-02  1.0630697906e-02  2.5838386237e-02  -1.5442130138e-02  2.6813875669e-02  -1.5215244115e-02  4.8281720112e-02  9.0071552418e-02  9.2212566667e-02  
2.3966804989e+00  1.2812372084e-02  6.2704737984e-04  -2.2718511142e-02  4.5128848493e-02  8.1557717867e-02  3.2579425819e-02  6.9474536231e-02  3.5915910320e-02  -6.0534017017e-02  4.1462572363e-02  1.3150152516e-02  4.8837891813e-02  1.2576776625e-01  1.2994121109e-01  
2.4971604780e+00  9.3146733677e-03  4.4260642082e-04  -3.3343378542e-02  3.8248744340e-02  1.3067570087e-01  3.9808948748e-02  5.1250093870e-02  3.2345388286e-02  1.0129983430e-02  4.9320953100e-02  4.0818382531e-02  5.2819188066e-02  -7.7652917240e-02  1.1075465070e-01  
2.5960140406e+00  6.1732081446e-03  3.1959689844e-04  -1.0959749137e-02  4.9399299856e-02  1.2857112606e-01  3.6442711023e-02  -4.9906212380e-02  2.8576340092e-02  -1.6557601378e-03  4.7320324807e-02  9.2502983391e-03  7.1076047072e-02  1.1080338293e-03  1.7559034717e-01  
2.6982100346e+00  3.7821276137e-03  3.2187215309e-04  -1.3206360340e-01  8.0762217712e-02  1.7939441874e-02  4.7232516544e-02  3.2549817131e-02  5.0729481894e-02  8.1825852497e-02  5.4610847536e-02  7.6000782336e-02  7.7014954669e-02  -8.5391861697e-02  1.3799354725e-01  
2.7953059159e+00  2.6530646921e-03  2.1434126093e-04  -2.2694613779e-01  5.8769075175e-02  1.0856136422e-01  6.4117124702e-02  -4.6532955812e-03  4.6936915479e-02  -6.9134891261e-02  6.4975796549e-02  8.2052017253e-02  9.4694121955e-02  -2.0872102565e-01  2.3577373502e-01  
2.8995714299e+00  1.8864930597e-03  1.9283337053e-04  -6.2182657368e-02  9.0255989460e-02  1.9944954677e-01  8.1331507701e-02  4.7034158830e-03  6.6840419800e-02  4.8652519888e-02  7.3152859606e-02  2.2803517055e-01  1.4882154273e-01  -1.8482385404e-02  2.9632411269e-01  
2.9989701266e+00  1.1756421270e-03  1.3178093820e-04  -1.5202386068e-01  1.1176421210e-01  1.4648717202e-01  6.5742840995e-02  7.7595775552e-02  6.6673633854e-02  -2.1073246216e-02  1.5368439297e-01  -7.9622884814e-02  1.2407004187e-01  -3.5856916582e-01  2.7733373442e-01  
3.0954617053e+00  6.9421288714e-04  9.6427135727e-05  -1.3289629231e-01  1.1754199872e-01  2.1395027378e-01  1.1318934294e-01  5.3411602368e-03  1.2121730221e-01  -7.2292217610e-02  1.2801573670e-01  3.7459559668e-03  1.5211416049e-01  5.0485788262e-01  5.2492100980e-01  
3.2012106582e+00  4.5246571937e-04  8.8272210850e-05  -3.5243768040e-01  2.1854063661e-01  8.2240931834e-02  1.3429513562e-01  -1.5640587537e-01  1.2308744489e-01  -5.9862323998e-02  1.7112772225e-01  1.3916042109e-01  2.6336198773e-01  4.2308520709e-01  4.4998500936e-01  
3.2964585109e+00  3.4521071893e-04  7.1896121356e-05  2.5641091493e-01  2.4511170653e-01  -2.9791516864e-03  1.4295253849e-01  -8.6755165608e-02  2.0460853200e-01  -1.6478917239e-01  2.0065911360e-01  -7.5784551641e-02  2.8159971139e-01  2.6103743254e-01  5.1387627790e-01  
3.4021200137e+00  2.0372651345e-04  5.8430603674e-05  3.1866200599e-02  2.0876543760e-01  1.7562054018e-01  1.4939901924e-01  -2.2398193022e-02  2.2646533217e-01  3.9391594172e-02  3.4364186548e-01  2.2782050961e-01  3.3318056929e-01  5.3431415329e-01  6.8114706909e-01  
3.4981085224e+00  1.2504460599e-04  4.2425627831e-05  7.1778141837e-02  4.2446850485e-01  1.8032839978e-02  2.9046854249e-01  2.8754702996e-01  3.1873764950e-01  -5.4325627793e-02  1.8398839008e-01  -3.8766061266e-01  5.0937219884e-01  -1.1857717308e+00  1.1472184812e+00  
3.6085563403e+00  5.2838192786e-05  2.5211824601e-05  7.4554697852e-01  4.0138249985e-01  6.1989723086e-01  2.3184789509e-01  3.7014844616e-01  3.1757572666e-01  2.4761571214e-01  5.9071681654e-01  3.8162983853e-01  3.4446320225e-01  2.3022200253e-01  8.5048015934e-01  
3.7122210306e+00  6.6496883421e-05  2.8064913578e-05  1.5181562316e-01  5.0559498483e-01  -4.8785145625e-01  1.0947526078e-01  -3.7169669519e-01  2.2118538769e-01  1.0883940138e+00  3.4580196804e-01  4.4280446257e-01  6.6919492704e-01  2.4894899357e-01  1.2471044470e+00  
3.8236398773e+00  2.4220771883e-05  1.6775873611e-05  -1.5366719907e-01  5.2661076342e-01  1.4433367438e-02  3.8857344999e-01  1.5479194402e-01  8.6716706448e-01  -1.1391882338e+00  2.0324348617e-01  -7.1544735403e-01  1.3223732346e-01  7.9555188051e-02  1.5911200808e+00  
3.8998858985e+00  3.8872222373e-05  2.1678013135e-05  1.0986727402e+00  6.8300376395e-01  3.5726152703e-01  6.6687418809e-01  3.0857045363e-01  5.9056561491e-01  5.9527279119e-01  1.7641027232e+00  2.5726083020e-01  1.1955439823e-01  8.2728829014e-01  1.7109998041e+00  
3.9877714809e+00  2.3886606637e-05  1.6508030005e-05  -7.1363894475e-01  1.5614339472e+00  1.0873167410e+00  1.1470572876e-01  -5.6637853917e-02  9.1036039407e-01  6.0450024999e-02  4.1845391494e-01  -6.7799089904e-01  4.3354919355e-01  3.9946257523e-01  3.6530278048e-01  
