#pT  vn{4}  vn{4}_err
1.0808321089e-01  3.1672821460e-02  6.1714170969e-02  0.0000000000e+00  0.0000000000e+00  0.0000000000e+00  0.0000000000e+00  
2.0368078351e-01  4.5556916835e-02  5.8656158063e-02  0.0000000000e+00  0.0000000000e+00  0.0000000000e+00  0.0000000000e+00  
3.0214899778e-01  2.9180445127e-02  3.3960649869e-02  0.0000000000e+00  0.0000000000e+00  0.0000000000e+00  0.0000000000e+00  
4.0143525600e-01  1.1039031076e-02  3.2128377701e-02  0.0000000000e+00  0.0000000000e+00  0.0000000000e+00  0.0000000000e+00  
5.0081932545e-01  3.6989875031e-02  3.8494594783e-02  0.0000000000e+00  0.0000000000e+00  0.0000000000e+00  0.0000000000e+00  
6.0036975145e-01  8.5141857811e-03  1.6809961356e-01  0.0000000000e+00  0.0000000000e+00  0.0000000000e+00  0.0000000000e+00  
7.0003354549e-01  4.2724515890e-02  4.5660462887e-02  0.0000000000e+00  0.0000000000e+00  0.0000000000e+00  0.0000000000e+00  
7.9967242479e-01  2.7423812752e-02  3.1380992708e-02  0.0000000000e+00  0.0000000000e+00  0.0000000000e+00  0.0000000000e+00  
8.9951646328e-01  1.6661903982e-02  4.7971099439e-02  0.0000000000e+00  0.0000000000e+00  0.0000000000e+00  0.0000000000e+00  
9.9937951565e-01  6.5571591311e-02  6.4092949110e-02  0.0000000000e+00  0.0000000000e+00  0.0000000000e+00  0.0000000000e+00  
1.0993510485e+00  6.5636012221e-03  1.5538528744e-01  0.0000000000e+00  0.0000000000e+00  0.0000000000e+00  0.0000000000e+00  
1.1988778114e+00  4.1537789681e-02  7.7712013872e-02  0.0000000000e+00  0.0000000000e+00  0.0000000000e+00  0.0000000000e+00  
1.2990345955e+00  6.1514865169e-03  1.2319166136e-01  0.0000000000e+00  0.0000000000e+00  0.0000000000e+00  0.0000000000e+00  
1.3987846375e+00  3.0193469630e-02  6.4268666292e-02  0.0000000000e+00  0.0000000000e+00  0.0000000000e+00  0.0000000000e+00  
1.4989526272e+00  7.8060164531e-03  2.1609100338e-01  0.0000000000e+00  0.0000000000e+00  0.0000000000e+00  0.0000000000e+00  
1.5987216234e+00  4.3912675770e-02  8.1990572153e-02  0.0000000000e+00  0.0000000000e+00  0.0000000000e+00  0.0000000000e+00  
1.6987208128e+00  8.1023793297e-02  1.1762616333e-01  0.0000000000e+00  0.0000000000e+00  0.0000000000e+00  0.0000000000e+00  
1.7985494137e+00  6.6816113252e-02  1.0531869006e-01  0.0000000000e+00  0.0000000000e+00  0.0000000000e+00  0.0000000000e+00  
1.8987489939e+00  1.0215456821e-01  1.4244096371e-01  0.0000000000e+00  0.0000000000e+00  0.0000000000e+00  0.0000000000e+00  
1.9987096786e+00  2.0651315006e-02  8.3929900173e-02  0.0000000000e+00  0.0000000000e+00  0.0000000000e+00  0.0000000000e+00  
2.0992314816e+00  1.5159206691e-01  2.0665698376e-01  0.0000000000e+00  0.0000000000e+00  0.0000000000e+00  0.0000000000e+00  
2.1986863613e+00  7.6893439553e-03  1.3242867123e-01  0.0000000000e+00  0.0000000000e+00  0.0000000000e+00  0.0000000000e+00  
2.2984426022e+00  2.1181447264e-02  1.0725208900e-01  0.0000000000e+00  0.0000000000e+00  0.0000000000e+00  0.0000000000e+00  
2.3988780975e+00  1.0712242109e-02  1.9198764392e-01  0.0000000000e+00  0.0000000000e+00  0.0000000000e+00  0.0000000000e+00  
2.4992251396e+00  1.0103186781e-02  2.3090674576e-01  0.0000000000e+00  0.0000000000e+00  0.0000000000e+00  0.0000000000e+00  
2.5988924503e+00  9.7876569743e-02  1.7113464421e-01  0.0000000000e+00  0.0000000000e+00  0.0000000000e+00  0.0000000000e+00  
2.6989846230e+00  9.6002740475e-02  1.6630520001e-01  0.0000000000e+00  0.0000000000e+00  0.0000000000e+00  0.0000000000e+00  
2.7990541458e+00  2.9038962312e-01  4.1873627392e-01  0.0000000000e+00  0.0000000000e+00  0.0000000000e+00  0.0000000000e+00  
2.8987100124e+00  2.2774202209e-02  3.2668653353e-01  0.0000000000e+00  0.0000000000e+00  0.0000000000e+00  0.0000000000e+00  
2.9989433289e+00  1.9954207805e-01  3.1688107993e-01  0.0000000000e+00  0.0000000000e+00  0.0000000000e+00  0.0000000000e+00  
3.0991578102e+00  3.3926961337e-01  4.8354557788e-01  0.0000000000e+00  0.0000000000e+00  0.0000000000e+00  0.0000000000e+00  
3.1991457939e+00  2.1837396993e-01  3.2126005152e-01  0.0000000000e+00  0.0000000000e+00  0.0000000000e+00  0.0000000000e+00  
3.2991249561e+00  2.7387752758e-01  4.0985891405e-01  0.0000000000e+00  0.0000000000e+00  0.0000000000e+00  0.0000000000e+00  
3.3994951248e+00  3.1619647707e-01  4.6878320214e-01  0.0000000000e+00  0.0000000000e+00  0.0000000000e+00  0.0000000000e+00  
3.4988644123e+00  6.0186667068e-01  8.1983975992e-01  0.0000000000e+00  0.0000000000e+00  0.0000000000e+00  0.0000000000e+00  
3.5993738174e+00  5.4481921408e-01  7.7312907902e-01  0.0000000000e+00  0.0000000000e+00  0.0000000000e+00  0.0000000000e+00  
3.6990134716e+00  5.7616703840e-01  8.3126743548e-01  0.0000000000e+00  0.0000000000e+00  0.0000000000e+00  0.0000000000e+00  
3.7983286381e+00  5.1368240686e-01  7.2660248128e-01  0.0000000000e+00  0.0000000000e+00  0.0000000000e+00  0.0000000000e+00  
3.8984510899e+00  4.6228897387e-01  6.7975503436e-01  0.0000000000e+00  0.0000000000e+00  0.0000000000e+00  0.0000000000e+00  
3.9975774288e+00  7.5943620604e-01  1.0389137437e+00  0.0000000000e+00  0.0000000000e+00  0.0000000000e+00  0.0000000000e+00  
