#pT  dN/(2pi dy pT dpT)  dN/(2pi dy pT dpT)_err  vn{SP}  vn{SP}_err
1.0837350786e-01  1.2530091909e-02  3.2857884942e-04  6.8670492790e-03  8.2577317086e-03  -1.6514589969e-03  8.7727461445e-03  1.2652370652e-03  8.0482642425e-03  1.1025651506e-04  8.4608783034e-03  -1.4456562714e-02  1.1115457507e-02  3.2473300568e-02  1.0701345281e-02  
2.0395910740e-01  1.3126490004e-02  3.2368442004e-04  7.4113073793e-03  7.4091673173e-03  -3.6592650183e-03  6.5887541197e-03  1.0377775566e-02  6.5629051722e-03  -1.0301696001e-02  7.4368097481e-03  5.1013570226e-03  6.6258303964e-03  -7.0133149010e-03  5.9743316637e-03  
3.0211696029e-01  1.2699793236e-02  2.9515021389e-04  2.2948042540e-02  6.4059273175e-03  1.0668296132e-02  5.6120918809e-03  1.0532393021e-04  5.3119617441e-03  -1.0531026434e-02  5.3774606489e-03  7.6667596482e-04  6.0304711351e-03  -4.5513380645e-03  5.3347122718e-03  
4.0129035711e-01  1.1770890116e-02  2.5901209454e-04  2.4839705858e-02  5.1433453904e-03  1.9926380019e-02  4.8671583610e-03  4.6118340913e-04  4.5065899738e-03  7.7459274243e-04  4.0213430301e-03  -1.6988378822e-03  4.9414604535e-03  -1.3854344926e-03  5.6704206898e-03  
5.0079900026e-01  1.0912474189e-02  2.2905375754e-04  2.4110169845e-02  6.2160051382e-03  1.6551520406e-02  5.5099863215e-03  -4.2277221362e-03  5.2347389504e-03  1.3655812562e-03  4.6226594338e-03  -7.4696774084e-03  3.8240843650e-03  5.0410888194e-04  5.1260724552e-03  
6.0027754307e-01  9.9783171367e-03  2.1289601564e-04  2.0489723871e-02  5.6031079625e-03  3.4904725902e-02  4.5699429307e-03  7.7528019177e-03  4.4881031841e-03  2.6097582255e-03  4.4039367877e-03  -6.3013735197e-03  4.0950471619e-03  6.0306289579e-03  5.2943181953e-03  
7.0025467873e-01  9.0866298780e-03  1.8796062501e-04  2.2330153412e-02  6.3125785689e-03  4.6486871820e-02  4.3304507341e-03  8.1830291418e-03  4.5109575553e-03  1.6689163983e-03  4.7374143545e-03  8.8752558416e-04  4.3164092242e-03  -1.7788846813e-03  4.3085319055e-03  
7.9974383116e-01  7.9395329132e-03  1.4936469863e-04  3.2988819951e-02  6.0644819037e-03  5.6769647882e-02  4.3875188732e-03  1.0901252072e-02  4.5979145438e-03  6.4135498856e-03  3.8542350662e-03  -6.1980636140e-03  4.4322461327e-03  5.4409447475e-03  4.7562445177e-03  
8.9963871241e-01  6.9848081861e-03  1.2116971434e-04  2.9416100448e-02  6.6558171074e-03  7.2894988686e-02  5.5925459002e-03  2.1934454503e-02  4.5786804544e-03  -6.6511380509e-03  4.8263450769e-03  -1.3367492704e-03  3.9074969726e-03  -3.9671233998e-03  4.3476204251e-03  
9.9947714806e-01  6.0484857935e-03  1.0783480703e-04  4.1219360829e-02  6.2750022377e-03  7.9341299317e-02  5.9861850018e-03  2.5164175825e-02  4.8830698512e-03  5.3488007444e-03  4.2884108118e-03  3.1532025235e-04  4.2797591223e-03  -3.6298653623e-03  5.1048732034e-03  
1.0995881557e+00  5.2211707770e-03  8.2850203736e-05  3.2687583833e-02  6.1185543565e-03  8.8290291167e-02  6.2124592083e-03  1.8110237244e-02  4.6582947018e-03  8.1938804986e-03  4.4852220316e-03  -1.4867705207e-03  4.3821425854e-03  -2.2198684644e-03  5.5062230967e-03  
1.1993701458e+00  4.4552978916e-03  6.9977078617e-05  3.1698444709e-02  6.4940587493e-03  1.0511474674e-01  6.9973895869e-03  3.0439139927e-02  5.7210858166e-03  9.7986013878e-03  4.3769462850e-03  7.4085265724e-04  4.7706467647e-03  2.2419826211e-03  4.9490015419e-03  
1.2996438742e+00  3.8104569324e-03  6.0189591824e-05  3.1313716992e-02  6.3693542093e-03  1.1059733303e-01  7.5833692154e-03  4.3307744578e-02  5.5510734155e-03  9.2809210937e-03  4.9414351769e-03  -2.3171472638e-03  6.2055729714e-03  4.4092621012e-03  5.0546578536e-03  
1.3992304802e+00  3.2049291918e-03  5.0406977371e-05  3.8900246658e-02  6.7361512647e-03  1.1431949011e-01  7.5989127328e-03  4.0743626114e-02  5.7333122710e-03  2.5605963120e-02  5.9981268721e-03  7.0544100237e-03  6.1064378428e-03  -6.5370390847e-03  4.8890806876e-03  
1.4989349842e+00  2.6722850880e-03  4.3974779710e-05  2.1909114890e-02  6.8505171030e-03  1.3224581829e-01  8.8813977213e-03  5.6886746752e-02  7.5158894597e-03  2.3088072843e-02  6.5676775305e-03  4.7836789435e-03  5.6023644072e-03  4.1489565181e-03  6.2319660081e-03  
1.5988773108e+00  2.2317071997e-03  3.9889129984e-05  2.6271344171e-02  7.7329950980e-03  1.4813120621e-01  1.0611200211e-02  6.4355879473e-02  7.2908907019e-03  2.3684113150e-02  6.5019814042e-03  1.4091583119e-02  6.6590660845e-03  7.0837608451e-03  8.1485855843e-03  
1.6988677979e+00  1.8606980206e-03  3.4592821697e-05  1.7901334001e-02  7.6563836563e-03  1.5166003692e-01  9.9049845846e-03  7.0836804552e-02  7.3871958112e-03  4.1638537105e-02  7.5185204791e-03  1.1230643588e-02  6.2047023844e-03  -3.0358474422e-03  7.0652461244e-03  
1.7987344265e+00  1.5370591536e-03  3.0962835573e-05  3.5172225352e-02  7.5995861383e-03  1.6284276791e-01  1.1369936426e-02  7.3287385170e-02  8.3218854961e-03  3.9481768058e-02  6.7466529627e-03  7.2176496724e-03  5.8626050939e-03  4.2966244500e-04  7.4067863935e-03  
1.8982226849e+00  1.2700030018e-03  2.5799906668e-05  4.0495054662e-03  8.2880794789e-03  1.6576009999e-01  1.2214956002e-02  7.3657392067e-02  8.4222133456e-03  4.5122925129e-02  8.2385923573e-03  2.4225874264e-02  8.2876312419e-03  -3.4881450371e-03  8.0778431208e-03  
1.9991956949e+00  1.0459208973e-03  2.3455950218e-05  8.4735101678e-03  9.5907421350e-03  1.7005290869e-01  1.2284821270e-02  7.8518269386e-02  9.0813150552e-03  6.0236866910e-02  9.3433832093e-03  1.8583027743e-02  8.2466167059e-03  2.4511841412e-03  8.8657735609e-03  
2.0990362167e+00  8.6801155008e-04  2.1254128271e-05  6.5945881092e-03  1.0174076082e-02  1.6172055845e-01  1.2251701039e-02  1.0152174329e-01  1.0458437187e-02  4.5180661412e-02  1.0084578945e-02  1.0596921390e-02  9.7000721865e-03  1.6661884503e-02  1.0759361471e-02  
2.1988687515e+00  7.2518797007e-04  1.9835374763e-05  -4.8621864228e-03  1.0524994209e-02  1.7618827743e-01  1.3881287861e-02  7.3098034158e-02  1.0671572687e-02  3.8850203309e-02  1.1141865737e-02  5.8762146378e-03  1.1733233009e-02  4.3591907060e-03  1.0158198293e-02  
2.2987210751e+00  6.1504121556e-04  1.8206039627e-05  -1.9159998959e-02  1.3870985682e-02  1.9038634047e-01  1.3633833430e-02  8.1094022759e-02  1.2415573777e-02  5.8367228823e-02  1.0309888211e-02  3.5937813626e-03  1.0549734437e-02  2.5503487893e-02  9.1414698258e-03  
2.3992154598e+00  5.0006308202e-04  1.5079371512e-05  2.7444628495e-03  1.2674394742e-02  1.8548853012e-01  1.5306789681e-02  8.1621798884e-02  1.4852536164e-02  5.5786979801e-02  1.2363026633e-02  4.4806296322e-02  1.4064109457e-02  6.2015732030e-04  1.2630247540e-02  
2.4992687702e+00  4.1940106771e-04  1.5023027274e-05  -2.5410082811e-02  1.4371791036e-02  1.6217574757e-01  1.7182816639e-02  7.3190536990e-02  1.3551003650e-02  6.0582527596e-02  1.1347544828e-02  7.3123763101e-03  1.3571375981e-02  -2.3271208315e-03  1.3803086917e-02  
2.5988817215e+00  3.6297371411e-04  1.2593546144e-05  -1.4119180584e-02  1.4713271192e-02  1.7549797296e-01  1.9481180437e-02  9.6508168401e-02  1.4083078033e-02  6.3221557126e-02  1.4346197725e-02  1.1952107085e-02  1.4005400769e-02  1.4242457173e-02  1.2252255711e-02  
2.6993558407e+00  3.1625659853e-04  1.1835326436e-05  -2.6801961348e-02  1.4283285685e-02  1.8189008284e-01  1.7066577575e-02  7.8279784934e-02  1.6098444900e-02  9.6803160784e-02  1.5642137828e-02  3.8477497514e-02  1.4084031555e-02  3.1873946741e-02  1.3027501094e-02  
2.7989628315e+00  2.6393735703e-04  9.8690940423e-06  -1.4013813535e-02  1.6054363037e-02  1.7825943986e-01  1.8368269762e-02  1.0687000860e-01  1.6997662382e-02  7.8399761447e-02  1.6246732171e-02  2.5880244516e-02  1.2686379990e-02  -1.4057254582e-02  1.4998757681e-02  
2.8984906673e+00  2.3562627374e-04  9.9822530611e-06  -1.3326834390e-02  1.8946113458e-02  2.0615784404e-01  2.0407606976e-02  1.2219022794e-01  2.1183091929e-02  8.3820846222e-02  1.7458687948e-02  2.7279896567e-02  2.1102315338e-02  -2.4235179482e-02  1.7057441535e-02  
2.9990432262e+00  2.0621108789e-04  9.0377542349e-06  -1.6008077092e-02  1.7610584361e-02  1.6940138209e-01  1.8239719735e-02  1.0757407003e-01  2.0880434980e-02  6.8308499907e-02  1.8348215821e-02  3.4763601274e-02  1.4176770035e-02  -8.3019971513e-04  1.7104839229e-02  
3.1003403664e+00  1.8191644495e-04  8.5249712224e-06  -2.9125271728e-02  2.3200238292e-02  2.0021491490e-01  2.2074785697e-02  8.8533694090e-02  1.6095098776e-02  6.3804538967e-02  2.2523209433e-02  2.3111928667e-02  1.7926132856e-02  2.1376448559e-02  1.9664172485e-02  
3.2000274658e+00  1.5458483281e-04  7.5502426572e-06  -1.2772508431e-02  2.4584870424e-02  1.8482798757e-01  2.4677468036e-02  9.7984448893e-02  2.3518405959e-02  6.0001550830e-02  2.3282385591e-02  2.6193219096e-02  2.0660127915e-02  4.0788166439e-02  2.0206941772e-02  
3.3003354073e+00  1.4489149905e-04  7.6447636177e-06  -3.9796165822e-02  2.7698558747e-02  1.9550438214e-01  2.2525122600e-02  8.3724953977e-02  2.1138827956e-02  5.4701454506e-02  1.7874935141e-02  5.1454254515e-02  2.0581260274e-02  1.1258239371e-02  2.3865434813e-02  
3.3996717930e+00  1.3158262789e-04  6.3489180843e-06  -4.6304030621e-02  2.3740950416e-02  1.7987742617e-01  2.4130767810e-02  9.1467262095e-02  2.3928424014e-02  7.3373622384e-02  1.5704084625e-02  1.3773578033e-02  2.0768845196e-02  1.1388078014e-02  2.0373546802e-02  
3.4998779297e+00  1.1977428113e-04  6.8003559303e-06  -2.7945261970e-02  2.7926685843e-02  1.8623293722e-01  2.3995736606e-02  1.0197681176e-01  2.2712155145e-02  9.9965868314e-02  2.5457855350e-02  3.9996664375e-02  1.9489313528e-02  2.8883467707e-02  1.8141776449e-02  
3.5981032848e+00  1.1264684683e-04  6.6259960412e-06  -3.7808174696e-02  2.7119672755e-02  1.9210795172e-01  2.6961435413e-02  8.9198803337e-02  1.9943865682e-02  8.5032739398e-02  2.2382042996e-02  1.8192889259e-02  2.0165720108e-02  5.7655527191e-02  2.6633214532e-02  
3.7008728981e+00  1.0362555705e-04  5.8903147811e-06  -2.7704986881e-02  3.2209679456e-02  1.8071469870e-01  2.2757791738e-02  5.8409989664e-02  2.2570682500e-02  8.1437352114e-02  2.1153788417e-02  5.5299588745e-02  2.0259655954e-02  2.4741735872e-02  1.8542866927e-02  
3.7989671230e+00  9.6148863850e-05  6.0232181295e-06  -4.7320350591e-02  3.4377473989e-02  2.0253464291e-01  2.6950315475e-02  1.0982493378e-01  3.0235472462e-02  9.2089395143e-02  2.8329760198e-02  4.4049652109e-02  2.5613059855e-02  3.7244611675e-02  2.0026405830e-02  
3.8979268074e+00  8.4764683506e-05  5.2539320492e-06  -5.6120175502e-02  3.2626414587e-02  1.9650131261e-01  2.9663485258e-02  1.0103964316e-01  2.1092800605e-02  9.6215165577e-02  2.1246993403e-02  5.8630797014e-02  2.1422926941e-02  3.7402197707e-02  2.6483265571e-02  
3.9983515739e+00  7.6367399091e-05  4.8340882201e-06  -4.4881567217e-02  3.4976057626e-02  1.9901151161e-01  2.7983545473e-02  6.2680567554e-02  2.7055842005e-02  9.3570651143e-02  2.3881161716e-02  5.0131645905e-02  2.6255721407e-02  3.6510056822e-02  2.9106451134e-02  
