#pT  vn{4}  vn{4}_err
1.0837350786e-01  4.3734320688e-02  1.0791939392e-01  0.0000000000e+00  0.0000000000e+00  0.0000000000e+00  0.0000000000e+00  
2.0395910740e-01  2.7941424845e-02  1.1522380965e-01  0.0000000000e+00  0.0000000000e+00  0.0000000000e+00  0.0000000000e+00  
3.0211696029e-01  1.2066413231e-01  2.0706947698e-01  0.0000000000e+00  0.0000000000e+00  0.0000000000e+00  0.0000000000e+00  
4.0129035711e-01  6.1518418659e-03  1.3605516901e-01  0.0000000000e+00  0.0000000000e+00  0.0000000000e+00  0.0000000000e+00  
5.0079900026e-01  4.5443230211e-02  7.7842690780e-02  0.0000000000e+00  0.0000000000e+00  0.0000000000e+00  0.0000000000e+00  
6.0027754307e-01  1.6569493894e-02  2.2288172670e-01  0.0000000000e+00  0.0000000000e+00  0.0000000000e+00  0.0000000000e+00  
7.0025467873e-01  2.1467209339e-01  3.7771860219e-01  0.0000000000e+00  0.0000000000e+00  0.0000000000e+00  0.0000000000e+00  
7.9974383116e-01  3.6357894445e-02  5.7940922080e-02  0.0000000000e+00  0.0000000000e+00  0.0000000000e+00  0.0000000000e+00  
8.9963871241e-01  1.9289466772e-01  3.2912264089e-01  0.0000000000e+00  0.0000000000e+00  0.0000000000e+00  0.0000000000e+00  
9.9947714806e-01  1.1003695943e-02  4.5094729981e-01  0.0000000000e+00  0.0000000000e+00  0.0000000000e+00  0.0000000000e+00  
1.0995881557e+00  4.0628018388e-02  6.2793810197e-02  0.0000000000e+00  0.0000000000e+00  0.0000000000e+00  0.0000000000e+00  
1.1993701458e+00  1.0962237971e-01  1.7532966322e-01  0.0000000000e+00  0.0000000000e+00  0.0000000000e+00  0.0000000000e+00  
1.2996438742e+00  6.1562762142e-02  1.5801145414e-01  0.0000000000e+00  0.0000000000e+00  0.0000000000e+00  0.0000000000e+00  
1.3992304802e+00  7.6515465548e-02  1.9008155093e-01  0.0000000000e+00  0.0000000000e+00  0.0000000000e+00  0.0000000000e+00  
1.4989349842e+00  2.5779691822e-02  9.6012745433e-02  0.0000000000e+00  0.0000000000e+00  0.0000000000e+00  0.0000000000e+00  
1.5988773108e+00  7.3606482012e-02  1.2977958354e-01  0.0000000000e+00  0.0000000000e+00  0.0000000000e+00  0.0000000000e+00  
1.6988677979e+00  7.5973490600e-02  1.7966797890e-01  0.0000000000e+00  0.0000000000e+00  0.0000000000e+00  0.0000000000e+00  
1.7987344265e+00  5.1652194453e-02  8.9885137213e-02  0.0000000000e+00  0.0000000000e+00  0.0000000000e+00  0.0000000000e+00  
1.8982226849e+00  6.8576845291e-02  1.4980339467e-01  0.0000000000e+00  0.0000000000e+00  0.0000000000e+00  0.0000000000e+00  
1.9991956949e+00  6.6637491646e-02  1.5088389872e-01  0.0000000000e+00  0.0000000000e+00  0.0000000000e+00  0.0000000000e+00  
2.0990362167e+00  2.5095265754e-02  9.5740977908e-02  0.0000000000e+00  0.0000000000e+00  0.0000000000e+00  0.0000000000e+00  
2.1988687515e+00  9.5289911483e-02  1.7983144312e-01  0.0000000000e+00  0.0000000000e+00  0.0000000000e+00  0.0000000000e+00  
2.2987210751e+00  1.5158440674e-01  3.4451827570e-01  0.0000000000e+00  0.0000000000e+00  0.0000000000e+00  0.0000000000e+00  
2.3992154598e+00  1.0755948218e-01  2.2585692174e-01  0.0000000000e+00  0.0000000000e+00  0.0000000000e+00  0.0000000000e+00  
2.4992687702e+00  9.9834553844e-02  2.6432529893e-01  0.0000000000e+00  0.0000000000e+00  0.0000000000e+00  0.0000000000e+00  
2.5988817215e+00  6.4773773845e-02  2.3463974122e-01  0.0000000000e+00  0.0000000000e+00  0.0000000000e+00  0.0000000000e+00  
2.6993558407e+00  2.2801704048e-01  4.0091094875e-01  0.0000000000e+00  0.0000000000e+00  0.0000000000e+00  0.0000000000e+00  
2.7989628315e+00  2.4195015289e-01  5.4780051851e-01  0.0000000000e+00  0.0000000000e+00  0.0000000000e+00  0.0000000000e+00  
2.8984906673e+00  6.8296318664e-02  2.8282576317e-01  0.0000000000e+00  0.0000000000e+00  0.0000000000e+00  0.0000000000e+00  
2.9990432262e+00  3.6996757019e-02  8.6977689683e-01  0.0000000000e+00  0.0000000000e+00  0.0000000000e+00  0.0000000000e+00  
3.1003403664e+00  1.6553873838e-01  4.8465468070e-01  0.0000000000e+00  0.0000000000e+00  0.0000000000e+00  0.0000000000e+00  
3.2000274658e+00  3.4541440719e-01  7.2084804452e-01  0.0000000000e+00  0.0000000000e+00  0.0000000000e+00  0.0000000000e+00  
3.3003354073e+00  4.4428412237e-01  9.7664644302e-01  0.0000000000e+00  0.0000000000e+00  0.0000000000e+00  0.0000000000e+00  
3.3996717930e+00  7.4342316128e-02  4.0060661893e-01  0.0000000000e+00  0.0000000000e+00  0.0000000000e+00  0.0000000000e+00  
3.4998779297e+00  3.7004682516e-01  8.0370268922e-01  0.0000000000e+00  0.0000000000e+00  0.0000000000e+00  0.0000000000e+00  
3.5981032848e+00  3.5781346809e-01  7.7871251366e-01  0.0000000000e+00  0.0000000000e+00  0.0000000000e+00  0.0000000000e+00  
3.7008728981e+00  1.0887885134e-01  6.7495980452e-01  0.0000000000e+00  0.0000000000e+00  0.0000000000e+00  0.0000000000e+00  
3.7989671230e+00  3.9836922905e-01  9.3318548115e-01  0.0000000000e+00  0.0000000000e+00  0.0000000000e+00  0.0000000000e+00  
3.8979268074e+00  1.3343797450e-01  1.2767658559e+00  0.0000000000e+00  0.0000000000e+00  0.0000000000e+00  0.0000000000e+00  
3.9983515739e+00  8.8880429681e-02  4.1047128697e+00  0.0000000000e+00  0.0000000000e+00  0.0000000000e+00  0.0000000000e+00  
