#pT  vn{4}  vn{4}_err
1.0525941849e-01  3.4355672304e-03  1.4812924738e-02  0.0000000000e+00  0.0000000000e+00  0.0000000000e+00  0.0000000000e+00  
1.9981156290e-01  8.2502215625e-03  1.7368040437e-02  0.0000000000e+00  0.0000000000e+00  0.0000000000e+00  0.0000000000e+00  
2.9828447104e-01  4.3769825525e-03  1.4820339278e-01  0.0000000000e+00  0.0000000000e+00  0.0000000000e+00  0.0000000000e+00  
3.9777383208e-01  5.3867177234e-03  1.8774779155e-01  0.0000000000e+00  0.0000000000e+00  0.0000000000e+00  0.0000000000e+00  
4.9755361676e-01  6.4000953988e-03  1.9166969988e-01  0.0000000000e+00  0.0000000000e+00  0.0000000000e+00  0.0000000000e+00  
5.9752303362e-01  7.5464802392e-03  2.3273495992e-01  0.0000000000e+00  0.0000000000e+00  0.0000000000e+00  0.0000000000e+00  
6.9747275114e-01  2.1013907030e-02  4.5940372541e-02  0.0000000000e+00  0.0000000000e+00  0.0000000000e+00  0.0000000000e+00  
7.9747289419e-01  1.4603713804e-02  5.0578412869e-02  0.0000000000e+00  0.0000000000e+00  0.0000000000e+00  0.0000000000e+00  
8.9754408598e-01  2.3906528225e-02  5.3509274907e-02  0.0000000000e+00  0.0000000000e+00  0.0000000000e+00  0.0000000000e+00  
9.9750471115e-01  5.3019858721e-02  1.1231346617e-01  0.0000000000e+00  0.0000000000e+00  0.0000000000e+00  0.0000000000e+00  
1.0975887775e+00  1.0039053902e-01  2.3012151869e-01  0.0000000000e+00  0.0000000000e+00  0.0000000000e+00  0.0000000000e+00  
1.1977200508e+00  8.9115028372e-02  2.1277470535e-01  0.0000000000e+00  0.0000000000e+00  0.0000000000e+00  0.0000000000e+00  
1.2977237701e+00  1.2564715800e-01  3.0264734032e-01  0.0000000000e+00  0.0000000000e+00  0.0000000000e+00  0.0000000000e+00  
1.3977679014e+00  1.1977987089e-01  2.9464351806e-01  0.0000000000e+00  0.0000000000e+00  0.0000000000e+00  0.0000000000e+00  
1.4978997707e+00  1.7048004691e-01  4.2783637147e-01  0.0000000000e+00  0.0000000000e+00  0.0000000000e+00  0.0000000000e+00  
1.5979142189e+00  1.7939159289e-01  4.4997420433e-01  0.0000000000e+00  0.0000000000e+00  0.0000000000e+00  0.0000000000e+00  
1.6980189085e+00  2.1445513297e-01  5.4748125223e-01  0.0000000000e+00  0.0000000000e+00  0.0000000000e+00  0.0000000000e+00  
1.7981902361e+00  2.8876397840e-01  7.3829898178e-01  0.0000000000e+00  0.0000000000e+00  0.0000000000e+00  0.0000000000e+00  
1.8981231451e+00  2.8023392363e-01  7.2816414293e-01  0.0000000000e+00  0.0000000000e+00  0.0000000000e+00  0.0000000000e+00  
1.9981495142e+00  1.8001571915e-01  4.7483034621e-01  0.0000000000e+00  0.0000000000e+00  0.0000000000e+00  0.0000000000e+00  
2.0986464024e+00  2.4219995264e-01  6.2040010528e-01  0.0000000000e+00  0.0000000000e+00  0.0000000000e+00  0.0000000000e+00  
2.1988267899e+00  4.0861558239e-01  1.0511597593e+00  0.0000000000e+00  0.0000000000e+00  0.0000000000e+00  0.0000000000e+00  
2.2983899117e+00  2.5045345526e-01  6.6626071402e-01  0.0000000000e+00  0.0000000000e+00  0.0000000000e+00  0.0000000000e+00  
2.3986361027e+00  3.3132727852e-01  8.6964525473e-01  0.0000000000e+00  0.0000000000e+00  0.0000000000e+00  0.0000000000e+00  
2.4984304905e+00  2.4712522299e-01  6.6316049270e-01  0.0000000000e+00  0.0000000000e+00  0.0000000000e+00  0.0000000000e+00  
2.5984928608e+00  4.2265819564e-01  1.0960483579e+00  0.0000000000e+00  0.0000000000e+00  0.0000000000e+00  0.0000000000e+00  
2.6989529133e+00  4.1378979640e-01  1.0753472265e+00  0.0000000000e+00  0.0000000000e+00  0.0000000000e+00  0.0000000000e+00  
2.7983334064e+00  3.2320935620e-01  8.6293770535e-01  0.0000000000e+00  0.0000000000e+00  0.0000000000e+00  0.0000000000e+00  
2.8988876343e+00  3.9677032674e-01  1.0373634385e+00  0.0000000000e+00  0.0000000000e+00  0.0000000000e+00  0.0000000000e+00  
2.9980123043e+00  3.6658119124e-01  9.7503976896e-01  0.0000000000e+00  0.0000000000e+00  0.0000000000e+00  0.0000000000e+00  
3.0985512733e+00  1.9547856864e-01  5.5952443965e-01  0.0000000000e+00  0.0000000000e+00  0.0000000000e+00  0.0000000000e+00  
3.1991653442e+00  3.7374015380e-01  9.9073933069e-01  0.0000000000e+00  0.0000000000e+00  0.0000000000e+00  0.0000000000e+00  
3.2988278866e+00  4.5279648611e-01  1.1991293834e+00  0.0000000000e+00  0.0000000000e+00  0.0000000000e+00  0.0000000000e+00  
3.3977267742e+00  3.3016181995e-01  8.9971958873e-01  0.0000000000e+00  0.0000000000e+00  0.0000000000e+00  0.0000000000e+00  
3.4991431236e+00  3.3604810713e-01  9.0291143389e-01  0.0000000000e+00  0.0000000000e+00  0.0000000000e+00  0.0000000000e+00  
3.5988056660e+00  4.5017637714e-02  4.0940793909e-01  0.0000000000e+00  0.0000000000e+00  0.0000000000e+00  0.0000000000e+00  
3.6985857487e+00  5.1107984096e-01  1.3200515012e+00  0.0000000000e+00  0.0000000000e+00  0.0000000000e+00  0.0000000000e+00  
3.7980246544e+00  3.8237823896e-01  1.0812802629e+00  0.0000000000e+00  0.0000000000e+00  0.0000000000e+00  0.0000000000e+00  
3.8985548019e+00  5.8366451156e-01  1.5142781805e+00  0.0000000000e+00  0.0000000000e+00  0.0000000000e+00  0.0000000000e+00  
3.9992456436e+00  3.0384528975e-01  8.0674159575e-01  0.0000000000e+00  0.0000000000e+00  0.0000000000e+00  0.0000000000e+00  
