#pT  dN/(2pi dy pT dpT)  dN/(2pi dy pT dpT)_err  vn{SP}  vn{SP}_err
1.0999882966e-01  4.4617163083e+00  7.6823964856e-02  3.5754098676e-03  7.8224065322e-04  2.4792852711e-03  4.9700904422e-04  -7.1316611343e-06  4.8329462689e-04  -6.9558355734e-04  5.0758731781e-04  -5.1236663852e-04  4.1988423511e-04  -4.2189456422e-04  5.0510847196e-04  
2.0096226037e-01  4.1251469912e+00  7.1627167628e-02  5.8644060530e-03  1.4697271246e-03  6.9727273405e-03  6.0401584377e-04  1.7331510395e-04  3.0640762799e-04  2.5441667137e-04  3.1473417361e-04  -2.9546613453e-04  4.3881520400e-04  3.2132007714e-04  3.0638989431e-04  
2.9862642288e-01  2.6538719631e+00  4.6565411086e-02  9.2412580510e-03  2.0868387238e-03  1.5381960263e-02  1.0445157151e-03  1.1748967459e-03  4.0508651049e-04  3.7340085474e-04  3.7238843831e-04  -6.0257302357e-04  3.3839026513e-04  -6.1085159096e-04  4.3979056108e-04  
3.9786517620e-01  1.6084683756e+00  2.8466240107e-02  1.1182639284e-02  2.9946282798e-03  2.5453116907e-02  1.6769948484e-03  2.4645883420e-03  3.8017231207e-04  1.5773324810e-03  4.7697151894e-04  2.6151874558e-04  4.3561278984e-04  -9.0036782377e-05  4.2944738674e-04  
4.9756485224e-01  9.7450301896e-01  1.7290209443e-02  1.3562212145e-02  3.8296081489e-03  3.7328798429e-02  2.4669589092e-03  2.5341175182e-03  5.9652720159e-04  2.4515590548e-03  5.1576540297e-04  -3.3657123154e-04  4.6132564713e-04  -2.4665256631e-05  4.2794264796e-04  
5.9744179249e-01  6.0142765785e-01  1.0694797321e-02  1.4690835411e-02  4.3174774093e-03  4.9636978588e-02  3.3851947045e-03  4.5490102963e-03  7.9423924066e-04  3.9143118923e-03  7.6377134738e-04  7.2178928104e-04  6.2278418584e-04  1.2698564251e-03  6.3139452054e-04  
6.9741982222e-01  3.7870974739e-01  6.8605039145e-03  1.6210487153e-02  4.9025808757e-03  6.2520246418e-02  4.1746624362e-03  6.6517884731e-03  1.0544164247e-03  3.4274583330e-03  7.6569038500e-04  1.6546921195e-03  8.8844872937e-04  6.3811952169e-04  7.1910163223e-04  
7.9747647047e-01  2.4376292796e-01  4.5875561557e-03  1.5417337521e-02  5.0144754833e-03  7.5510911233e-02  5.1078929813e-03  9.0535837829e-03  1.4872904724e-03  6.7257266598e-03  9.2889551761e-04  2.5973228134e-03  8.7891015731e-04  1.9326640999e-04  6.9808707083e-04  
8.9754533768e-01  1.6012354174e-01  3.1652768785e-03  1.3822387956e-02  5.5834060471e-03  8.8688293606e-02  6.0785273022e-03  1.1344588230e-02  1.6022130928e-03  9.0215307174e-03  1.3486323279e-03  1.6139279958e-03  1.0860883426e-03  1.9142050614e-03  9.6927875657e-04  
9.9761939049e-01  1.0771371937e-01  2.2736336918e-03  1.5303559444e-02  6.1427581816e-03  1.0235189280e-01  7.1525164935e-03  1.4507083189e-02  2.0468234586e-03  1.3529963814e-02  1.8539152292e-03  5.1953831683e-03  1.4131043679e-03  3.5030926722e-03  1.2659255437e-03  
1.0976690054e+00  7.3825623119e-02  1.6674889142e-03  1.1073252068e-02  6.3962752305e-03  1.1100384410e-01  7.6063120373e-03  1.8162946768e-02  2.7829399906e-03  1.5742765032e-02  2.0526259943e-03  8.8703824838e-03  1.8616039872e-03  3.2654235820e-03  1.0537916963e-03  
1.1978478432e+00  5.1797532855e-02  1.2721772624e-03  1.2923179147e-02  7.4657941763e-03  1.2146885181e-01  8.5037263547e-03  1.8183361870e-02  2.5919052466e-03  2.0301674645e-02  2.7231117020e-03  6.9621195223e-03  2.2315395236e-03  4.4119363269e-03  1.8402765333e-03  
1.2978676558e+00  3.6985319045e-02  1.0025011710e-03  1.3102230906e-02  9.1098655259e-03  1.2826076515e-01  9.1530279821e-03  2.0976402807e-02  3.5590784137e-03  2.4694391368e-02  3.0584062797e-03  1.0727459391e-02  1.8885279341e-03  2.1015894236e-03  1.8132488914e-03  
1.3980838060e+00  2.7003655447e-02  8.0087548037e-04  8.4521516705e-03  9.9250007634e-03  1.3608905823e-01  9.5329982246e-03  2.2793301508e-02  3.5439914049e-03  2.9406430787e-02  3.8044500149e-03  1.2224333890e-02  2.3977367182e-03  6.4285893009e-03  1.7359054541e-03  
1.4981344938e+00  2.0054292052e-02  6.6153420822e-04  4.9562105941e-03  1.1410115849e-02  1.4155264217e-01  9.8878383344e-03  2.1499182526e-02  3.9607325618e-03  3.4134871883e-02  4.3945464673e-03  1.3125488198e-02  2.7073176465e-03  7.9416200057e-03  2.3677839153e-03  
1.5981423855e+00  1.5085490592e-02  5.5050548456e-04  2.5459948553e-03  1.3902287879e-02  1.4582184809e-01  1.0481747985e-02  2.2867425040e-02  4.5370548282e-03  3.3083449059e-02  4.8850839349e-03  1.8531214611e-02  3.7626808027e-03  9.9895251691e-03  2.5861231531e-03  
1.6982843876e+00  1.1595828877e-02  4.6465299980e-04  1.2790646721e-03  1.6909134259e-02  1.4570227868e-01  1.0790503581e-02  2.1508871533e-02  4.2754206489e-03  4.3083659964e-02  5.4475691477e-03  1.5584441239e-02  3.9812547026e-03  8.1046688947e-03  3.2609175735e-03  
1.7983775139e+00  9.0441480758e-03  4.0600707614e-04  -3.1326093949e-03  1.9477506389e-02  1.4578846866e-01  1.1210602249e-02  2.3011562183e-02  4.8107091798e-03  4.6239896129e-02  6.4729940011e-03  2.1947041074e-02  3.9728489797e-03  1.2207457549e-02  3.4902248952e-03  
1.8986741304e+00  7.1372851220e-03  3.5129973828e-04  -6.5763697415e-04  2.1759111166e-02  1.4252038188e-01  1.1284616580e-02  2.0981168033e-02  5.8960809764e-03  4.1065948306e-02  6.5603313216e-03  2.1674895480e-02  4.9578893297e-03  1.5386293952e-02  2.9275051720e-03  
1.9987405539e+00  5.7678511275e-03  3.1523451700e-04  -6.1674230893e-03  2.3796515922e-02  1.4659683556e-01  1.1662980066e-02  2.0847813632e-02  5.5994299191e-03  5.4721608713e-02  7.8591894748e-03  2.2252929904e-02  5.3394873258e-03  1.4443350688e-02  3.8486262171e-03  
2.0987012386e+00  4.6804946940e-03  2.8192421049e-04  -1.0866413267e-03  2.6849973007e-02  1.4352761266e-01  1.2383643197e-02  1.9564761720e-02  6.2807333224e-03  5.6070160388e-02  8.4541563096e-03  2.5432363241e-02  5.9676403198e-03  1.5535229246e-02  5.0870941271e-03  
2.1988248825e+00  3.8401208310e-03  2.5478180882e-04  -7.1326469618e-03  3.1104128718e-02  1.3269740752e-01  1.2292221389e-02  1.5411032551e-02  7.9521303075e-03  4.6243495801e-02  8.2697877895e-03  2.3197269449e-02  6.3608099466e-03  1.6537777902e-02  5.0083662789e-03  
2.2990126610e+00  3.2023103261e-03  2.2815172564e-04  -7.7301514826e-03  3.2335998504e-02  1.3373124768e-01  1.2037303588e-02  1.9748035003e-02  8.9649449103e-03  5.7937163648e-02  1.0233240467e-02  3.3222683963e-02  6.4520312146e-03  2.2960467994e-02  4.3147799651e-03  
2.3992297649e+00  2.6979964202e-03  2.0503997139e-04  -7.6088105083e-03  3.7730206619e-02  1.2872070453e-01  1.2000360999e-02  1.4198213099e-02  8.7252611404e-03  5.1089332349e-02  1.0391545188e-02  3.0717379372e-02  6.7531348923e-03  2.4779770676e-02  6.0215006458e-03  
2.4989361763e+00  2.2661671338e-03  1.9079676437e-04  -1.1994405884e-02  4.2046539146e-02  1.2999293271e-01  1.3539615637e-02  1.5626259150e-02  1.0670203610e-02  5.2798094560e-02  1.0617800564e-02  2.7053377874e-02  8.3956884204e-03  2.1177424700e-02  6.6406069790e-03  
2.5991179943e+00  1.9300090751e-03  1.6977505933e-04  -1.6776679649e-02  4.1733032744e-02  1.2732341070e-01  1.3831643997e-02  5.8728810953e-03  1.0233613006e-02  5.7738476451e-02  1.1721415480e-02  2.7389560986e-02  8.2201611134e-03  5.8256669604e-03  6.5585508924e-03  
2.6992900372e+00  1.6537314444e-03  1.6045719028e-04  -1.3063692791e-02  4.5791051136e-02  1.2557443518e-01  1.4202211457e-02  1.3621286663e-02  1.0473203103e-02  5.1401383055e-02  1.2177682770e-02  2.9399656199e-02  9.8636395622e-03  1.2415226864e-02  6.2156644035e-03  
2.7989664078e+00  1.4369967377e-03  1.4617834492e-04  -1.8247193620e-02  5.0977781855e-02  1.1896782153e-01  1.3987744651e-02  9.4498509627e-03  8.7689757094e-03  4.8449616421e-02  1.1776734972e-02  2.5343842816e-02  9.0143485250e-03  2.1125895724e-02  6.0940780277e-03  
2.8987505436e+00  1.2509697576e-03  1.3563074649e-04  -1.8937174986e-02  5.2794105255e-02  1.1240704928e-01  1.4023148269e-02  2.0732575766e-03  9.8680683139e-03  5.0737564481e-02  1.3980518592e-02  1.2370730450e-02  9.4545098962e-03  1.6581301917e-02  8.0196274513e-03  
2.9994485378e+00  1.0855046590e-03  1.2635506298e-04  -2.5677931340e-02  5.5844735223e-02  1.1328278743e-01  1.5243728856e-02  8.0394667895e-05  1.2209674265e-02  5.3949077595e-02  1.3599306294e-02  2.1916688510e-02  1.1047968970e-02  1.4357979461e-02  1.0004631347e-02  
3.0992500782e+00  9.5029915898e-04  1.1850497781e-04  -3.8159103711e-02  6.1632868690e-02  1.1642227321e-01  1.6655704316e-02  5.8027656545e-03  9.9014399352e-03  4.5653681735e-02  1.4580233083e-02  3.7153218201e-02  1.1997014742e-02  8.8717838840e-03  8.3270173159e-03  
3.1993629932e+00  8.3799267912e-04  1.1078029337e-04  -3.8866572613e-02  6.4925444476e-02  1.1199695443e-01  1.8855721517e-02  -4.4917596670e-03  1.4314750024e-02  3.6888615938e-02  1.4815522787e-02  3.4443886811e-02  1.0930424321e-02  2.1296182764e-02  7.1048713408e-03  
3.2987866402e+00  7.2625485175e-04  1.0142722460e-04  -3.1886510452e-02  7.2447212506e-02  1.1068089615e-01  1.8062578439e-02  -8.6336676487e-03  1.4273433436e-02  4.7992879982e-02  1.5638889288e-02  2.4761795051e-02  1.2291246985e-02  3.4402619196e-03  1.0607238482e-02  
3.3995308876e+00  6.4431622452e-04  9.5294452426e-05  -4.5538108838e-02  7.7206857925e-02  1.0862880491e-01  1.8038506651e-02  -1.9666122066e-03  1.4111634589e-02  3.6290206857e-02  1.8722899227e-02  2.9792676944e-02  1.3227499176e-02  2.0596989339e-03  1.3272287417e-02  
3.4988658428e+00  5.6720391618e-04  8.8510196593e-05  -5.7104045523e-02  7.8574758593e-02  1.1577505531e-01  2.0352557912e-02  -8.0249471099e-03  1.4430190932e-02  3.9400815417e-02  1.6459480062e-02  2.9704209149e-02  1.3353196558e-02  1.8216381434e-02  1.2438587271e-02  
3.5993444920e+00  5.0590427357e-04  8.3483902335e-05  -5.7626703152e-02  8.5348726285e-02  1.0903290161e-01  2.0510231295e-02  -1.2211498914e-02  1.6093542812e-02  3.6059288204e-02  1.8986689195e-02  3.0872191864e-02  1.4025741493e-02  9.7984626704e-03  1.1049314445e-02  
3.6990768909e+00  4.5884430123e-04  8.0338345556e-05  -4.5582930255e-02  8.7395262470e-02  1.1816390164e-01  2.1212021721e-02  -1.7995116114e-02  1.9176509379e-02  3.2934334493e-02  1.9679117623e-02  2.8413885190e-02  1.4408822001e-02  1.9497908685e-02  1.0943217271e-02  
3.7990391254e+00  4.0774955119e-04  7.2003201420e-05  -5.9710307179e-02  9.9183378059e-02  9.7929245854e-02  2.1928734508e-02  8.4270919169e-04  1.5217429470e-02  3.6752872062e-02  2.0906402437e-02  2.9242408529e-02  1.6215783920e-02  9.7367050137e-03  1.3451367465e-02  
3.8991491795e+00  3.7151586494e-04  7.2315118922e-05  -8.7878718101e-02  1.0045208786e-01  1.0881943309e-01  2.3668045009e-02  -2.5356073581e-02  2.2382070667e-02  4.7323354145e-02  2.4511067987e-02  3.7632731062e-02  1.6888111726e-02  -1.1750929929e-03  1.3727003623e-02  
3.9994087219e+00  3.3299084386e-04  6.5458125720e-05  -6.7144728870e-02  1.1180546341e-01  9.9954769460e-02  2.2948272854e-02  -1.4031554301e-02  2.1890782931e-02  4.3053126939e-02  2.8710945572e-02  3.2581074382e-02  1.9061028447e-02  -3.8998368830e-03  1.3417829639e-02  
