#pT  dN/(2pi dy pT dpT)  dN/(2pi dy pT dpT)_err  vn{SP}  vn{SP}_err
1.0743246973e-01  2.5616994174e-01  4.9352980375e-03  3.5561078482e-03  2.0930841308e-03  1.4746815623e-03  2.1555821262e-03  4.1305705396e-04  1.5599454503e-03  2.6778933082e-03  1.6458366677e-03  2.0966087752e-03  1.7403718874e-03  -4.3003469836e-04  2.1692948923e-03  
2.0226523280e-01  2.2872981680e-01  4.3593157704e-03  7.1143748866e-03  2.7281228494e-03  3.9547626244e-03  1.3005204646e-03  1.9171695124e-03  1.2395803483e-03  3.4270659037e-04  1.8417413157e-03  -2.0000682363e-03  1.4540382401e-03  8.3211593767e-04  1.4083409123e-03  
3.0029234290e-01  1.7803189545e-01  3.4627166493e-03  8.6599786619e-03  3.8096756221e-03  1.0036595659e-02  1.5169383478e-03  7.1638312640e-05  1.1472803002e-03  -5.6021479477e-04  1.2898676640e-03  6.0210244578e-04  1.3742773670e-03  2.7746877449e-03  1.7394983269e-03  
3.9913621545e-01  1.2816881346e-01  2.4623221099e-03  1.3770139839e-02  3.8255784979e-03  2.0775262955e-02  1.7152433362e-03  -4.0355456183e-04  1.2888601169e-03  1.2071103896e-03  1.6025623438e-03  -9.9540168667e-04  1.6678729037e-03  -3.8917883773e-03  1.5127479878e-03  
4.9845770001e-01  8.8013375114e-02  1.7181819300e-03  1.6488763778e-02  4.1375199848e-03  3.1593045666e-02  2.5936860597e-03  2.9657258254e-03  1.3924759602e-03  -3.1141475777e-04  1.4081884671e-03  2.4903076715e-04  1.4551295577e-03  -1.4414044776e-03  1.3620943485e-03  
5.9782159328e-01  5.8729005775e-02  1.1824022272e-03  1.7571897006e-02  4.5054476498e-03  4.5182760946e-02  3.5431510077e-03  4.6314179349e-03  1.6333296048e-03  2.2744950361e-03  1.7856410226e-03  -5.6872214801e-04  1.7083520285e-03  -1.0214799685e-04  1.6964928766e-03  
6.9757616520e-01  3.8578712391e-02  7.5651675603e-04  1.9604203715e-02  5.6178877798e-03  6.1563553612e-02  4.9487331084e-03  5.6882565444e-03  2.0416950270e-03  7.8849566580e-04  1.8849941335e-03  -9.1115684689e-04  2.4876012456e-03  -3.5615858704e-03  1.3846274872e-03  
7.9751551151e-01  2.4980799363e-02  5.0669153761e-04  1.9490513293e-02  5.9762090657e-03  7.8358459536e-02  6.2989003512e-03  7.9653966610e-03  2.7342760965e-03  8.6460304202e-03  2.4090689818e-03  4.6448301335e-03  2.4116607636e-03  -2.0216491985e-03  2.3116064232e-03  
8.9722758532e-01  1.6206592651e-02  3.4335209272e-04  1.8365581997e-02  5.5690320831e-03  9.0790686763e-02  7.0293529489e-03  1.0491848047e-02  2.5040173559e-03  9.2714749802e-03  2.4610488961e-03  3.4518963852e-03  2.6408126723e-03  3.4867635937e-03  2.5080533484e-03  
9.9724876881e-01  1.0494866418e-02  2.3640172332e-04  1.8087900094e-02  9.3609162137e-03  1.1026200228e-01  8.3710995539e-03  1.5071560573e-02  4.1133964080e-03  1.8513428727e-02  3.4473283899e-03  8.9925438248e-03  3.3213431370e-03  5.5088786176e-03  3.7567092747e-03  
1.0970619917e+00  6.8773381582e-03  1.6275417282e-04  2.0322297816e-02  8.4295998003e-03  1.2335970933e-01  9.8738440283e-03  2.0262683700e-02  4.3851889685e-03  2.0116881057e-02  4.8141040314e-03  4.4110451476e-03  3.8987088712e-03  6.2162278063e-03  4.1216561930e-03  
1.1975219250e+00  4.5749300878e-03  1.1684479890e-04  2.5966568638e-02  6.3329365490e-03  1.3167001181e-01  9.7785719165e-03  1.5168132520e-02  4.0348281969e-03  1.8662564793e-02  3.9872009375e-03  7.5919211102e-03  5.1613004846e-03  3.2969478452e-03  4.5544827444e-03  
1.2973772287e+00  3.1139461111e-03  8.3137812845e-05  2.9523509414e-02  8.4355057700e-03  1.4578859682e-01  1.1460582203e-02  2.3719053303e-02  5.4681638880e-03  2.2940673158e-02  4.9492312274e-03  7.8753052835e-03  4.6797553065e-03  -1.4463974173e-04  5.1652803227e-03  
1.3976073265e+00  2.1802559663e-03  6.1430637944e-05  1.8048384220e-02  8.5515993575e-03  1.4210788336e-01  1.1576040034e-02  2.4437328020e-02  5.7995295524e-03  2.5454445658e-02  6.2968068013e-03  2.1468180679e-02  5.8946124765e-03  2.6336429107e-04  5.1464713063e-03  
1.4974420071e+00  1.5811064622e-03  4.7361186254e-05  1.8345336418e-02  1.2821197645e-02  1.4455655266e-01  1.1432176486e-02  2.1514884611e-02  6.3418993683e-03  4.2355510525e-02  7.2334961519e-03  2.1224183937e-02  7.4373203221e-03  1.5841881660e-02  7.3555071395e-03  
1.5983928442e+00  1.1507164934e-03  3.6653730461e-05  1.4051424072e-02  1.2473614809e-02  1.6499277056e-01  1.2865423833e-02  3.4735115099e-02  8.8125028287e-03  5.2474275687e-02  1.0277222482e-02  1.8386245407e-02  6.5697254148e-03  1.3265256963e-02  8.7056260873e-03  
1.6978801489e+00  8.7424383007e-04  2.9876286047e-05  6.2275282929e-03  1.6025706272e-02  1.5178705854e-01  1.3210361662e-02  9.6220640772e-03  7.0687251359e-03  5.7802849754e-02  8.8225902593e-03  1.4192019579e-02  9.5605514044e-03  1.0544060655e-02  6.5870917466e-03  
1.7985891104e+00  6.8152586712e-04  2.7964523414e-05  5.4022525246e-03  1.4623878316e-02  1.4438955583e-01  1.2776110578e-02  2.7579487806e-02  7.9414706731e-03  4.9838996890e-02  1.1153759661e-02  2.8256056496e-02  1.0813720734e-02  2.4121774811e-02  9.2899235375e-03  
1.8979585171e+00  5.3081014410e-04  2.3253084241e-05  -3.8408850009e-03  1.7846479106e-02  1.6061552939e-01  1.4294724563e-02  1.4853195275e-02  9.3892051886e-03  5.8197109519e-02  1.1593121366e-02  9.5799154246e-03  1.0567493508e-02  1.0985869267e-02  8.9243968043e-03  
1.9982029200e+00  4.1857116736e-04  2.1478517675e-05  1.2341983625e-02  2.4808576980e-02  1.4584394521e-01  1.5642531594e-02  2.2481813014e-02  1.0521799203e-02  4.6756322421e-02  1.1718420385e-02  -2.4529004679e-03  1.2194834950e-02  2.1141288627e-02  1.1082787851e-02  
2.0983679295e+00  3.4584669662e-04  2.0094662446e-05  1.0840708742e-02  2.0774938834e-02  1.5838855146e-01  1.7752384738e-02  1.7141919523e-02  1.0129043824e-02  5.8116134609e-02  1.3359084015e-02  2.7413905139e-02  1.1617042274e-02  2.7619418148e-02  1.1205050329e-02  
2.1985898018e+00  2.6022159182e-04  1.7164104353e-05  1.8392169795e-02  2.7244284435e-02  1.2039143298e-01  1.5184184640e-02  6.8278088154e-03  1.0681932802e-02  4.4333135393e-02  1.3954921209e-02  1.9371297362e-02  1.4814038423e-02  3.4308254273e-02  1.3118218242e-02  
2.2990915775e+00  2.2325548987e-04  1.4729045563e-05  3.1519645659e-05  3.7050361062e-02  1.5221755433e-01  1.6103990636e-02  1.6951176840e-02  1.4517281845e-02  7.1535423770e-02  1.3860567656e-02  3.8437342910e-02  1.3788693926e-02  4.6655799243e-02  1.3325402916e-02  
2.3986425400e+00  1.8098331467e-04  1.3188441166e-05  3.5915035315e-03  4.0953212059e-02  1.3374210457e-01  1.7549059444e-02  3.8069610957e-02  1.3353029315e-02  4.5682641338e-02  1.4826012372e-02  5.0486073723e-02  1.3597623819e-02  3.4489455151e-02  1.8663281631e-02  
2.4998760223e+00  1.5151004084e-04  1.2232881652e-05  4.0854378098e-02  4.7495384773e-02  1.2633029751e-01  2.0325181957e-02  4.3146042067e-03  1.8204729128e-02  4.8628306163e-02  1.5111177006e-02  3.5626103333e-02  1.8302713381e-02  -1.0146669178e-02  1.5918124600e-02  
2.5991528034e+00  1.2867938255e-04  1.1194859900e-05  1.8226576572e-02  3.0006602798e-02  1.3072066344e-01  2.0481144066e-02  -1.5588824809e-02  2.1837403291e-02  5.1118768437e-02  1.8152948655e-02  1.6830561164e-02  1.7063402925e-02  -2.9679478144e-03  1.7766380469e-02  
2.6986591816e+00  1.0793385694e-04  9.6861794017e-06  -1.1908255130e-02  5.2027353126e-02  9.4015033708e-02  2.3582262174e-02  -1.0075307963e-03  1.2982543970e-02  9.0872201545e-02  2.1713033965e-02  1.8315624602e-02  1.7666027111e-02  1.6048247586e-02  2.0361086334e-02  
2.7984981537e+00  9.0473380385e-05  8.9707160561e-06  -1.3638719290e-02  6.1697963989e-02  1.0793932885e-01  1.8817442238e-02  6.0885809397e-03  1.7352330808e-02  2.7082229012e-02  1.7826488323e-02  2.7886636144e-02  1.7483438950e-02  2.0589865880e-02  2.0836600337e-02  
2.8979425430e+00  8.4327148433e-05  9.4060835793e-06  -2.4169047876e-02  5.4079729485e-02  9.5601108601e-02  2.3731211841e-02  -2.5378872167e-03  1.8714830818e-02  4.2227757622e-02  2.2803858524e-02  -2.5261584198e-02  1.8248451968e-02  3.6597860095e-02  2.3968801090e-02  
2.9994940758e+00  6.4987574845e-05  8.1417460196e-06  -1.2966706000e-02  6.2549936916e-02  1.1387768503e-01  2.5174489713e-02  1.3313687380e-02  2.3091041580e-02  3.4025374190e-02  2.1785896799e-02  4.4098246812e-02  1.9282272025e-02  2.8456142106e-02  2.0299931852e-02  
3.0996632576e+00  5.9995191585e-05  8.3689033485e-06  4.1209329293e-03  6.9966767769e-02  1.1569192654e-01  2.7908251747e-02  -2.6039354808e-02  3.1795167052e-02  2.5639834281e-02  2.6235188077e-02  2.6624872792e-02  2.1023974123e-02  -2.4179623496e-02  2.4779858258e-02  
3.2002377510e+00  4.9440696929e-05  6.7315353070e-06  -4.0456005997e-02  7.7175977803e-02  1.4586221410e-01  3.4480278365e-02  -8.6226732575e-03  2.5693949238e-02  3.2988431041e-02  2.1751566420e-02  4.4086390085e-02  2.5171331102e-02  2.8919441045e-02  2.8024021331e-02  
3.2987236977e+00  4.5451850825e-05  6.7998495105e-06  -7.5491119872e-03  8.4087338363e-02  1.0833549043e-01  2.7024045393e-02  5.3831037185e-03  2.9358721409e-02  3.8122551075e-02  3.0521626045e-02  -4.5379182492e-03  2.4703976381e-02  1.4898485130e-02  2.3355020460e-02  
3.3982727528e+00  4.1326528787e-05  6.4676334163e-06  -7.8901148354e-02  8.2521646449e-02  8.3489595564e-02  3.4841173536e-02  2.1295283116e-02  3.2052710964e-02  4.0310722615e-02  2.7496525969e-02  7.8912403920e-02  3.2845098455e-02  3.8309893648e-03  2.7497096548e-02  
3.4972269535e+00  3.4283876612e-05  5.7455066758e-06  -6.4959632299e-02  5.7983142104e-02  9.1390251576e-02  2.9814756969e-02  2.6248173739e-02  2.7951255617e-02  9.9621796280e-02  3.4151367540e-02  1.9337036436e-03  3.9455443892e-02  5.2898967189e-02  2.6551057766e-02  
3.6022515297e+00  3.1696744291e-05  5.7494960084e-06  -4.5678944165e-02  8.4378277721e-02  1.0514203937e-01  3.9545002261e-02  3.7023761378e-02  2.6923654449e-02  5.0241600937e-02  3.7051057070e-02  3.3151722616e-02  3.0266323663e-02  4.2380078574e-02  2.8681163237e-02  
3.6990277767e+00  2.8732110087e-05  5.0417042426e-06  -1.1384104953e-01  9.3168571947e-02  1.4534914204e-01  3.5170168219e-02  2.9681788690e-02  3.6280336094e-02  2.4107410589e-02  2.5309633312e-02  3.4240042615e-02  3.5843304247e-02  3.0981308689e-02  3.2427529352e-02  
3.7981703281e+00  2.5034200304e-05  4.8712772776e-06  -3.8173541224e-02  9.6726119080e-02  9.9313061576e-02  3.3176184439e-02  3.8149495673e-02  2.4496940763e-02  4.1415204257e-03  3.9826828189e-02  9.8741244224e-03  3.9672196972e-02  -1.6127552343e-02  2.9165183108e-02  
3.8984453678e+00  2.3503230860e-05  4.8134906985e-06  -1.0183524936e-01  9.2355132738e-02  1.1771711162e-01  4.4675779001e-02  -5.8272531948e-02  2.9157348083e-02  9.7778076914e-03  4.1254339993e-02  2.5694982670e-02  4.3046217528e-02  2.5066817210e-02  3.2839144721e-02  
3.9999544621e+00  2.1239935330e-05  4.6390436812e-06  -3.7313649413e-02  1.2640540840e-01  1.2912601089e-01  4.7583024788e-02  -8.4402632683e-02  4.4604536918e-02  5.0053183798e-02  4.7972545836e-02  5.7029011836e-03  3.3233512121e-02  1.0606576283e-03  2.6608321643e-02  
