#pT  vn{4}  vn{4}_err
1.0802434196e-01  0.0000000000e+00  0.0000000000e+00  8.8821241249e-03  1.1661044689e-02  0.0000000000e+00  0.0000000000e+00  
2.0404543720e-01  0.0000000000e+00  0.0000000000e+00  6.4808028484e-03  8.6076317737e-03  0.0000000000e+00  0.0000000000e+00  
3.0226449531e-01  0.0000000000e+00  0.0000000000e+00  3.6179789132e-03  4.7718127317e-02  0.0000000000e+00  0.0000000000e+00  
4.0142587562e-01  0.0000000000e+00  0.0000000000e+00  2.2410437651e-02  7.9674697707e-03  0.0000000000e+00  0.0000000000e+00  
5.0058882886e-01  0.0000000000e+00  0.0000000000e+00  4.0325543494e-02  9.8355372883e-03  0.0000000000e+00  0.0000000000e+00  
6.0020559228e-01  0.0000000000e+00  0.0000000000e+00  4.2650451779e-02  9.7674283214e-03  0.0000000000e+00  0.0000000000e+00  
6.9957599964e-01  0.0000000000e+00  0.0000000000e+00  4.8311886149e-02  8.4507362895e-03  0.0000000000e+00  0.0000000000e+00  
7.9903143032e-01  0.0000000000e+00  0.0000000000e+00  5.3907885176e-02  1.0138949651e-02  0.0000000000e+00  0.0000000000e+00  
8.9845404277e-01  0.0000000000e+00  0.0000000000e+00  8.1594078288e-02  1.0797742347e-02  0.0000000000e+00  0.0000000000e+00  
9.9875364569e-01  0.0000000000e+00  0.0000000000e+00  7.5107017400e-02  1.1796353398e-02  0.0000000000e+00  0.0000000000e+00  
1.0980908174e+00  0.0000000000e+00  0.0000000000e+00  9.5563575013e-02  1.5136740345e-02  0.0000000000e+00  0.0000000000e+00  
1.1977486070e+00  0.0000000000e+00  0.0000000000e+00  1.0744106829e-01  1.5695956954e-02  0.0000000000e+00  0.0000000000e+00  
1.2977812995e+00  0.0000000000e+00  0.0000000000e+00  1.4048104859e-01  2.3719798645e-02  0.0000000000e+00  0.0000000000e+00  
1.3977241392e+00  0.0000000000e+00  0.0000000000e+00  1.2164183433e-01  1.4616536325e-02  0.0000000000e+00  0.0000000000e+00  
1.4976389172e+00  0.0000000000e+00  0.0000000000e+00  1.5869509634e-01  2.6907988885e-02  0.0000000000e+00  0.0000000000e+00  
1.5976535106e+00  0.0000000000e+00  0.0000000000e+00  1.0500753207e-01  3.0841312289e-02  0.0000000000e+00  0.0000000000e+00  
1.6972097388e+00  0.0000000000e+00  0.0000000000e+00  9.5945063706e-02  2.3104010790e-02  0.0000000000e+00  0.0000000000e+00  
1.7967374859e+00  0.0000000000e+00  0.0000000000e+00  1.9471147415e-01  2.6987639891e-02  0.0000000000e+00  0.0000000000e+00  
1.8979218231e+00  0.0000000000e+00  0.0000000000e+00  1.1690632345e-01  3.1315346370e-02  0.0000000000e+00  0.0000000000e+00  
1.9980324092e+00  0.0000000000e+00  0.0000000000e+00  1.1041297953e-01  7.2177496385e-02  0.0000000000e+00  0.0000000000e+00  
2.0967729187e+00  0.0000000000e+00  0.0000000000e+00  1.6158703418e-01  5.4361969129e-02  0.0000000000e+00  0.0000000000e+00  
2.1962521105e+00  0.0000000000e+00  0.0000000000e+00  1.1661439143e-01  5.1598782073e-02  0.0000000000e+00  0.0000000000e+00  
2.2969595716e+00  0.0000000000e+00  0.0000000000e+00  6.5336340223e-02  7.3330163597e-02  0.0000000000e+00  0.0000000000e+00  
2.3958269975e+00  0.0000000000e+00  0.0000000000e+00  2.0161451902e-01  8.0591522786e-02  0.0000000000e+00  0.0000000000e+00  
2.4941805891e+00  0.0000000000e+00  0.0000000000e+00  2.0962153275e-01  8.5020631303e-02  0.0000000000e+00  0.0000000000e+00  
2.5946693995e+00  0.0000000000e+00  0.0000000000e+00  2.4383387486e-01  8.8227887495e-02  0.0000000000e+00  0.0000000000e+00  
2.6965647007e+00  0.0000000000e+00  0.0000000000e+00  3.5845756255e-01  1.4543578751e-01  0.0000000000e+00  0.0000000000e+00  
2.7910995927e+00  0.0000000000e+00  0.0000000000e+00  5.7007859869e-02  2.7612796867e-01  0.0000000000e+00  0.0000000000e+00  
2.8934652623e+00  0.0000000000e+00  0.0000000000e+00  2.0520134246e-01  2.6265627871e-01  0.0000000000e+00  0.0000000000e+00  
2.9976679756e+00  0.0000000000e+00  0.0000000000e+00  4.2963544181e-02  2.8949963493e-01  0.0000000000e+00  0.0000000000e+00  
3.0922463359e+00  0.0000000000e+00  0.0000000000e+00  3.4937130596e-01  3.9603569420e-01  0.0000000000e+00  0.0000000000e+00  
3.1979463949e+00  0.0000000000e+00  0.0000000000e+00  9.8814945368e-02  5.5018281086e-01  0.0000000000e+00  0.0000000000e+00  
3.3005717092e+00  0.0000000000e+00  0.0000000000e+00  4.9386589123e-01  5.8262177053e+00  0.0000000000e+00  0.0000000000e+00  
3.3986873048e+00  0.0000000000e+00  0.0000000000e+00  3.3243617881e-01  2.9120903001e+00  0.0000000000e+00  0.0000000000e+00  
3.4931330462e+00  0.0000000000e+00  0.0000000000e+00  1.5412464797e-01  3.0094877040e-01  0.0000000000e+00  0.0000000000e+00  
3.6378836583e+00  0.0000000000e+00  0.0000000000e+00  1.8627012395e-01  3.7066376427e+00  0.0000000000e+00  0.0000000000e+00  
3.7210341900e+00  0.0000000000e+00  0.0000000000e+00  1.9168860200e+00  6.1727099109e-01  0.0000000000e+00  0.0000000000e+00  
3.7500000000e+00  0.0000000000e+00  0.0000000000e+00  0.0000000000e+00  0.0000000000e+00  0.0000000000e+00  0.0000000000e+00  
3.8500000000e+00  0.0000000000e+00  0.0000000000e+00  0.0000000000e+00  0.0000000000e+00  0.0000000000e+00  0.0000000000e+00  
3.9500000000e+00  0.0000000000e+00  0.0000000000e+00  0.0000000000e+00  0.0000000000e+00  0.0000000000e+00  0.0000000000e+00  
