#pT  dN/(2pi dy pT dpT)  dN/(2pi dy pT dpT)_err  vn{SP}  vn{SP}_err
1.0813374817e-01  2.2152610290e-02  3.6085650053e-03  -1.3844176484e-01  1.1758944493e-01  -1.5455331135e-01  8.8011302001e-02  -7.5631945944e-02  9.8003189390e-02  -1.9896419724e-01  1.0123039273e-01  1.2572081444e-01  1.3654919949e-01  1.6930753326e-01  2.0111926610e-01  
2.0563782752e-01  2.2902835870e-02  2.5010949543e-03  -4.8502061761e-02  7.4550653810e-02  -4.2715687869e-02  6.2961258150e-02  6.2015424654e-02  8.8495768838e-02  -3.4506060284e-02  9.7605298721e-02  5.3559344686e-02  9.4514958403e-02  2.6924554308e-01  1.3629436592e-01  
3.0633187294e-01  2.2973340398e-02  1.7454062189e-03  1.0365599147e-01  6.6816876660e-02  -4.0949556063e-02  6.0992768188e-02  1.8593946465e-02  6.3842008484e-02  -2.6549614461e-02  5.9433617749e-02  -1.9916995195e-02  6.9619025901e-02  -1.0714938335e-01  1.1559028168e-01  
4.0262740850e-01  2.3831745773e-02  1.6188860126e-03  -4.1207878975e-02  5.2436658007e-02  5.3465302942e-02  5.5787956389e-02  1.1760241028e-01  4.5622678076e-02  4.9715722648e-02  5.1711115496e-02  2.5366981506e-02  6.4445612718e-02  -1.5199561060e-01  9.8800403022e-02  
5.0548082590e-01  2.3105690620e-02  1.5833451029e-03  1.7001175170e-02  4.7042202376e-02  4.6556177196e-02  4.3921646887e-02  4.7361843962e-02  5.3145038814e-02  -5.4589713012e-02  4.2731335067e-02  6.5209607560e-03  5.9004063744e-02  3.3223610377e-02  7.4336142726e-02  
6.0310935974e-01  2.1250391363e-02  1.2586016440e-03  5.8427129902e-03  4.9983527810e-02  1.7197604573e-02  4.0654741900e-02  -8.2438045424e-02  3.8240470224e-02  1.1851364396e-02  4.9189714030e-02  9.9325885781e-02  4.9349669504e-02  -1.2779856905e-01  8.2151999937e-02  
7.0083516836e-01  2.1705180096e-02  1.1060148083e-03  -4.7529342579e-03  4.5040009178e-02  -7.8619236375e-02  3.9718664808e-02  7.2945558687e-02  4.4271597748e-02  6.6449973482e-02  4.0719054393e-02  1.8282017881e-02  4.4545504179e-02  -1.2118046925e-01  9.0797169750e-02  
8.0073231459e-01  2.1279007149e-02  1.2535295165e-03  2.9300340735e-02  3.4903396518e-02  6.5166910596e-02  4.4372663795e-02  -4.5955495383e-02  3.8742905593e-02  3.9455203237e-02  3.4391635746e-02  5.8294686943e-02  4.4152846563e-02  -7.6175806037e-02  7.1911927892e-02  
9.0210068226e-01  2.1108240361e-02  1.0230752915e-03  2.6681452481e-02  3.1388649097e-02  4.0276177116e-02  4.1897192819e-02  9.9896246359e-02  3.4349377281e-02  9.6499427372e-03  3.6909769203e-02  1.9149776142e-02  3.7267642707e-02  8.6369879315e-02  7.1585530742e-02  
1.0008577108e+00  1.8511605963e-02  8.9315823686e-04  5.7675518888e-02  4.6223091509e-02  -4.9884814332e-03  3.7894559354e-02  1.1138021226e-03  3.7280251822e-02  7.7199003356e-02  3.9902767335e-02  1.2539687647e-03  4.0974814527e-02  5.0747511007e-02  6.7350135864e-02  
1.1019628048e+00  1.9490497769e-02  9.4441176297e-04  9.1908221580e-02  3.5839853095e-02  8.9270706313e-02  3.3584552081e-02  4.7873075831e-03  3.4076572441e-02  5.8062135027e-03  3.2377756088e-02  -2.2634440203e-02  3.8180842898e-02  -3.7794721623e-02  6.1515215326e-02  
1.2026246786e+00  1.7780334826e-02  9.9708501541e-04  2.4861869348e-02  3.2304552626e-02  7.7931703794e-02  3.6677868361e-02  3.0812247252e-03  3.1653839644e-02  3.7676870132e-02  4.5478603277e-02  4.9858080941e-02  3.2816524250e-02  -5.7231616656e-02  7.8090136907e-02  
1.2996394634e+00  1.4682809074e-02  7.2320341464e-04  5.6180373898e-02  4.3046592381e-02  9.1750299292e-02  4.5961398721e-02  4.0687695439e-03  3.4958636866e-02  -3.8651862407e-03  3.0530939388e-02  -1.0635944134e-02  3.5485101011e-02  3.9931935475e-02  5.9947424194e-02  
1.3979034424e+00  1.4793098275e-02  6.7794800565e-04  1.5300805537e-02  4.6044309674e-02  1.2810137382e-01  3.7842907332e-02  3.4514975008e-02  3.4142421714e-02  -7.3882909489e-03  4.7446951750e-02  -8.5490716311e-03  4.1260675389e-02  -1.0692312076e-01  6.2854704857e-02  
1.5020269156e+00  1.2596285372e-02  7.3349451121e-04  -4.2429320299e-02  3.9624398619e-02  7.2001083048e-02  4.0505901441e-02  4.4295547349e-02  3.9038423678e-02  7.0764735876e-02  4.5239218102e-02  -3.2767863199e-03  3.7341396174e-02  -3.6869741338e-02  6.9258257652e-02  
1.5995677710e+00  1.1853553158e-02  6.0908283858e-04  6.5648930629e-02  4.0596281950e-02  5.5782766034e-02  3.0682516745e-02  5.7664497862e-02  4.1045534429e-02  5.5028526628e-02  3.5496249443e-02  -2.0468491907e-02  3.9723667552e-02  1.5584524426e-02  6.4372808761e-02  
1.7005894184e+00  9.8601781593e-03  5.2803524985e-04  -2.1665973529e-02  3.7753969941e-02  4.9946459870e-02  3.6783093749e-02  5.9401304410e-02  3.7170628912e-02  2.6127983109e-04  3.9406703600e-02  -5.2020020908e-02  4.2151596971e-02  1.1886422713e-01  6.9961603808e-02  
1.7991175652e+00  9.1847884226e-03  5.5084607902e-04  -2.5277744598e-02  3.9917826750e-02  1.4321690404e-01  3.2735238777e-02  3.4984739332e-02  4.2430331801e-02  4.1793002181e-02  4.3208740999e-02  3.1295998256e-02  5.8080799633e-02  -3.4544157902e-02  6.8884085676e-02  
1.9035260677e+00  8.5956838562e-03  4.9236634408e-04  6.2468145952e-02  3.8809264264e-02  8.4624423717e-02  4.7646356402e-02  3.3188010781e-02  3.5960803331e-02  -1.9900071444e-02  3.8673965694e-02  7.2922116725e-02  4.9455073831e-02  -2.9263746086e-02  7.0626695658e-02  
2.0017149448e+00  6.8759334279e-03  4.4494489572e-04  1.3766195438e-02  4.4802796908e-02  7.2792488000e-02  4.9484304080e-02  2.0243179360e-01  4.4139498388e-02  6.3378067369e-02  4.5365472309e-02  2.2983782210e-02  4.8287891214e-02  1.2830782735e-01  7.7375041298e-02  
2.1044793129e+00  5.9356725099e-03  4.4738765870e-04  3.7719848071e-03  5.5687251981e-02  1.6983020555e-01  4.4653574554e-02  1.0195858523e-01  6.0372295187e-02  5.8264641686e-02  4.8236224806e-02  -3.3864573855e-02  5.1662574203e-02  -2.1639929771e-02  8.7410472819e-02  
2.2003407478e+00  5.2096249906e-03  3.5877477106e-04  -4.9543823770e-02  4.9366473118e-02  1.4730942162e-01  5.0462085770e-02  -6.7408667353e-03  4.9437560522e-02  4.0998298189e-02  5.0740038701e-02  8.1359037505e-03  5.3843506285e-02  3.3004178260e-02  8.9077012859e-02  
2.2984216213e+00  4.1865177573e-03  2.9029653923e-04  -5.2249950302e-02  5.7315256570e-02  1.7883600878e-01  4.8499020718e-02  8.6673074617e-02  3.9814144674e-02  8.6603628157e-02  5.2947983148e-02  3.6081792810e-02  5.3544479094e-02  3.6751103085e-02  1.0045074634e-01  
2.3995757103e+00  3.3614343631e-03  3.0169194459e-04  -1.2348542024e-02  5.9515296449e-02  1.0201077125e-01  5.9578533909e-02  1.7542069761e-01  5.4540494529e-02  2.1403662659e-01  3.9608956810e-02  1.2649706350e-01  6.2880746435e-02  -8.4713953522e-02  9.3726180801e-02  
2.4949865341e+00  2.5711241339e-03  2.0378288083e-04  -3.1982552856e-03  6.9383391129e-02  1.6835768066e-01  6.5511139503e-02  1.7740815975e-01  6.3980261778e-02  4.6718837353e-02  6.0204262759e-02  9.0931302895e-02  7.8070560532e-02  -3.0085505655e-02  1.3648102325e-01  
2.6013224125e+00  2.6220995944e-03  2.6741464597e-04  3.4377721973e-02  7.6498939667e-02  2.1801347388e-01  5.2670020345e-02  9.8263826446e-03  5.1843264201e-02  1.9712403921e-02  6.6505482789e-02  1.8859351420e-02  6.3822993014e-02  6.8271677050e-02  1.0953360475e-01  
2.7007312775e+00  1.9042117338e-03  1.7478051423e-04  -1.0223541025e-01  7.5780306228e-02  3.1553074890e-01  7.2642024459e-02  9.7354642794e-02  7.5122484564e-02  1.2982896740e-01  6.7318831303e-02  8.4026942950e-02  8.8908584844e-02  -1.2432500449e-01  1.4822639876e-01  
2.7960336208e+00  1.6263347997e-03  1.7638819437e-04  -9.3073547930e-02  8.3497605621e-02  3.5798668651e-01  7.1926138063e-02  1.8715796784e-01  8.0034511012e-02  1.7556584055e-01  7.0253620350e-02  3.1780588150e-01  7.5245463414e-02  9.0058106030e-02  1.4538685062e-01  
2.9003705978e+00  1.3438535132e-03  1.6107589844e-04  -1.4797146241e-01  8.2013694501e-02  2.1471139439e-01  8.0666082167e-02  2.2622008354e-01  7.7383736994e-02  1.7552505399e-01  9.1162333180e-02  9.7832097208e-02  8.1588001553e-02  1.8108764242e-02  1.8290278617e-01  
2.9993796349e+00  1.3626629754e-03  1.6733524810e-04  -2.0359111681e-01  8.4697321305e-02  1.7445549670e-01  8.2741936047e-02  1.3114812704e-01  7.6296808533e-02  2.0871374572e-01  1.0218939212e-01  2.1538641839e-01  9.3285983687e-02  7.6005936847e-02  1.6000509298e-01  
3.0961370468e+00  1.0097288701e-03  1.4086265506e-04  -5.6713901053e-02  9.3804122828e-02  3.0813168471e-01  1.1678418708e-01  3.5245381260e-01  8.1177156276e-02  1.4764572996e-01  8.7951447618e-02  -3.7276425936e-02  1.2798681964e-01  -2.9263331751e-02  1.3155523806e-01  
3.1943986416e+00  7.0328579782e-04  9.5753831122e-05  -1.5793142348e-01  9.1336575516e-02  3.2701772216e-01  1.0044319058e-01  1.4093052972e-01  9.3302770459e-02  1.2878181414e-01  1.0329553818e-01  2.1480367987e-01  1.1313119549e-01  -2.9075842940e-01  2.3847186994e-01  
3.3085148335e+00  7.3220521363e-04  1.0945910667e-04  -1.1301388663e-01  1.1081766533e-01  2.8761534691e-01  9.1898663868e-02  1.1178894181e-01  8.3356334397e-02  1.1006322560e-01  9.6298507014e-02  2.6719842560e-01  1.2514109782e-01  1.4147772136e-01  1.7407099784e-01  
3.3961012363e+00  5.0609949618e-04  8.8609339533e-05  1.4959606318e-01  1.3713912544e-01  4.1381203140e-01  1.3738067014e-01  -2.3625624656e-02  1.5847765398e-01  2.6477676930e-01  1.0745509799e-01  -1.7733631414e-01  1.6159948687e-01  -7.1664699330e-02  2.2531563946e-01  
3.4947042465e+00  5.2667334220e-04  9.7144726611e-05  -1.2932589019e-01  1.2710172190e-01  1.8859988945e-01  1.5285590038e-01  1.7598813726e-01  1.3838952219e-01  3.2565044432e-01  1.1924422249e-01  9.4778418590e-02  1.7261330591e-01  -1.5853620509e-01  2.7751029728e-01  
3.6007573605e+00  4.1719771322e-04  7.3004272154e-05  -1.6521474433e-02  1.1725038556e-01  2.3105334544e-01  1.2064343442e-01  2.3553434905e-01  1.4070879367e-01  1.7562645772e-01  1.3112643194e-01  2.6044209428e-01  1.3624690374e-01  5.6214220590e-01  2.6456656525e-01  
3.6906313896e+00  2.7502575158e-04  5.8855490498e-05  -7.0599808166e-02  1.4519307544e-01  2.5095232866e-01  1.3246609158e-01  5.8943156825e-02  1.8647871753e-01  1.8493502133e-01  1.8006650574e-01  -1.3448818692e-01  1.6806806883e-01  1.5438220095e-01  3.6077096742e-01  
3.7931768894e+00  2.4261551116e-04  5.2048972981e-05  -1.1980991020e-01  1.4056138942e-01  4.5589659979e-02  1.6972306110e-01  3.3762951987e-02  1.8586230498e-01  2.5790338681e-03  1.5320096231e-01  -9.8839509752e-02  1.9390550116e-01  1.7740910199e-02  4.0292959301e-01  
3.9056158066e+00  1.6632767319e-04  4.7573741805e-05  9.6399986854e-03  4.0342109819e-01  8.8246962850e-03  1.5645676098e-01  1.5048899370e-01  1.9160422317e-01  -2.1663006593e-01  2.2621314447e-01  2.0888575237e-01  2.1964017039e-01  -1.4697045793e-01  3.7011963524e-01  
3.9986650944e+00  1.8276436352e-04  5.1578743343e-05  -1.5979446926e-02  1.8168421052e-01  4.8911068508e-01  2.4641159060e-01  3.1480255314e-02  1.6410564146e-01  7.3596244461e-02  1.0504537268e-01  7.6811219425e-02  2.6363329812e-01  -3.4267891386e-01  3.3786718247e-01  
