#pT  vn{4}  vn{4}_err
1.0699153692e-01  0.0000000000e+00  0.0000000000e+00  1.0711092952e-01  7.2947718524e-02  1.3721629859e-02  8.0333336007e-02  
2.0382446051e-01  0.0000000000e+00  0.0000000000e+00  8.9276420860e-02  5.3355575511e-02  2.3007040967e-02  6.4974872243e-02  
3.0212125182e-01  8.5373758120e-02  2.1034779522e+00  8.4898034672e-02  4.4370780369e-02  7.3843528670e-03  2.2543498775e-02  
4.0213298798e-01  4.4313968440e-02  1.5524529159e+00  2.7108110381e-02  2.8688429997e-02  1.7307968193e-02  4.4011496961e-02  
5.0107997656e-01  0.0000000000e+00  0.0000000000e+00  1.5996943416e-02  4.2206380893e-02  5.8372440312e-02  3.0236850297e-02  
6.0083454847e-01  4.6723981830e-02  3.7172258875e+00  9.5907625690e-03  3.2927404378e-02  3.8079066959e-02  2.1171539235e-02  
7.0026385784e-01  0.0000000000e+00  0.0000000000e+00  4.2272572706e-02  2.2864677973e-02  3.6798693253e-02  2.1251648477e-02  
7.9990231991e-01  0.0000000000e+00  0.0000000000e+00  1.6422617838e-02  2.5385949548e-02  3.6462401091e-02  2.3491424642e-02  
8.9984244108e-01  5.5586622863e-02  1.4509736144e+00  1.1157083081e-02  2.6669160521e-01  1.0350875493e-02  3.0528153972e-02  
9.9892324209e-01  5.2324937839e-02  1.2820722707e+00  1.2242665483e-02  6.2877072165e-02  2.0099398399e-02  2.2431373153e-02  
1.0982012749e+00  0.0000000000e+00  0.0000000000e+00  9.8057848175e-02  3.9883159470e-02  4.0141427315e-02  2.1875194908e-02  
1.1977587938e+00  0.0000000000e+00  0.0000000000e+00  8.6093714457e-02  4.0065569973e-02  2.7516199373e-02  2.5051182200e-02  
1.2983955145e+00  7.5753123323e-02  1.8570513907e+00  5.7031211446e-03  7.9728286195e-02  4.5463540112e-03  5.4602171565e-02  
1.3972591162e+00  7.1715738463e-02  1.7704746428e+00  1.0637285308e-01  4.6807508752e-02  3.5230534626e-02  4.3539639496e-02  
1.4977619648e+00  1.4477690924e-01  3.5470759706e+00  1.1363720530e-01  6.9041407618e-02  4.0034883744e-02  4.9008285022e-02  
1.5973148346e+00  6.4635894379e-02  1.5844224063e+00  5.7389239262e-02  4.7475697160e-02  9.7401409118e-02  5.2597715834e-02  
1.6984422207e+00  3.8540503963e-01  1.0739370022e+01  1.1956080902e-01  6.1621032651e-02  5.4383629585e-02  8.3571069908e-02  
1.7966802120e+00  4.9880339601e-02  1.2389275207e+00  1.4186551585e-02  7.0961157326e-02  1.3767833248e-02  8.0364578973e-02  
1.8969407082e+00  4.2447517553e-01  1.0736999344e+01  2.0346951932e-01  1.0693957861e-01  1.4333000471e-02  1.4629614829e-01  
1.9972785711e+00  0.0000000000e+00  0.0000000000e+00  4.9867379384e-02  1.8007906593e-01  3.6598396479e-02  1.5201641932e-01  
2.0957567692e+00  5.0892027737e-01  2.0630496149e+01  4.8481821050e-02  8.7992140806e-01  4.8701257350e-02  4.2583323579e-01  
2.1939597130e+00  4.0851439087e-01  1.0340870986e+01  6.6045677514e-02  1.8462345498e-01  5.0479439650e-02  8.7429923101e-01  
2.2974877357e+00  3.1785766811e-01  7.9137126031e+00  1.0524949417e-01  2.0638627914e-01  3.6117411245e-02  4.1244646053e-01  
2.3932342529e+00  2.7809413574e-01  7.1180514889e+00  9.7615891230e-02  6.1727881247e-01  3.8570455292e-01  2.9443708492e-01  
2.5039935112e+00  1.1365120961e+00  3.3382183522e+01  2.2920249477e-01  2.7493064454e-01  1.0881597409e-01  4.6159548050e-01  
2.5961425304e+00  3.0964155273e-01  9.7844196091e+00  5.8754400772e-01  3.0071714172e-01  7.0955791419e-02  4.4972537543e-01  
2.7008974552e+00  1.3772100532e+00  3.5111734101e+01  6.8250767989e-01  6.0550162171e-01  3.0030058833e-01  4.5050206566e-01  
2.7845180035e+00  1.4081303239e+00  3.5921054776e+01  1.3035828512e+00  8.9978324189e-01  7.9484404216e-01  5.7448108105e-01  
2.9079763889e+00  7.8850653346e-01  2.0933082166e+01  2.8801918437e-01  1.4179218267e+00  7.0696832501e-01  1.2376148252e+00  
2.9739382267e+00  1.0956354166e+01  2.7561211032e+02  1.5743269153e+00  2.8249774593e+00  5.5895594770e-01  9.9735453015e+00  
3.0856463909e+00  5.4349213213e+00  1.3611971454e+02  2.3557173023e+00  8.6550470592e-01  6.1486402925e-01  1.0803324201e+01  
3.2201197147e+00  3.0548481468e+00  7.8250575840e+01  7.4883467898e-01  3.0047274220e-01  2.3494727154e+00  7.7858909010e-01  
3.2500000000e+00  0.0000000000e+00  0.0000000000e+00  0.0000000000e+00  0.0000000000e+00  0.0000000000e+00  0.0000000000e+00  
3.4014627934e+00  9.9701757127e+00  2.4912382589e+02  1.9955734270e-02  7.9131383270e-02  1.0572394900e+00  3.5059839931e-01  
3.4500007629e+00  0.0000000000e+00  0.0000000000e+00  0.0000000000e+00  0.0000000000e+00  0.0000000000e+00  0.0000000000e+00  
3.5932073593e+00  4.5007126182e+00  1.1569484639e+02  1.8938738208e+00  7.6702056935e-01  4.0551821253e-01  1.3559943945e-01  
3.6500000954e+00  0.0000000000e+00  0.0000000000e+00  0.0000000000e+00  0.0000000000e+00  0.0000000000e+00  0.0000000000e+00  
3.7894444466e+00  1.1183664916e+00  2.9429289385e+01  1.9088744460e+00  7.3950331025e-01  2.0777670234e+00  6.8815152935e-01  
3.8499999046e+00  0.0000000000e+00  0.0000000000e+00  0.0000000000e+00  0.0000000000e+00  0.0000000000e+00  0.0000000000e+00  
3.9716358185e+00  4.7397041037e+00  1.2229719665e+02  1.4731452142e+00  5.8749353281e-01  1.4931303100e-01  5.1662411209e-02  
