#pT  vn{4}  vn{4}_err
1.0790955275e-01  4.0711745346e-02  2.5921452623e-02  1.5019909070e-02  1.3129769117e-02  0.0000000000e+00  0.0000000000e+00  
2.0338883996e-01  2.2951197469e-02  1.8144964696e-02  5.1090560851e-03  6.6347209524e-03  0.0000000000e+00  0.0000000000e+00  
3.0184999108e-01  2.9545828298e-02  2.1040229877e-02  1.8677355023e-03  6.0071231793e-03  0.0000000000e+00  0.0000000000e+00  
4.0092158318e-01  3.9256125177e-02  2.8905500995e-02  2.3364826406e-03  8.8762857865e-03  0.0000000000e+00  0.0000000000e+00  
5.0000053644e-01  2.7105148509e-03  1.0588860423e-02  1.8747292118e-02  8.2342882449e-03  0.0000000000e+00  0.0000000000e+00  
5.9952574968e-01  1.0117655007e-02  1.7663407212e-02  1.1467088855e-02  6.8583663364e-03  0.0000000000e+00  0.0000000000e+00  
6.9891667366e-01  5.9225019917e-03  2.3911610876e-02  1.9350909947e-02  8.8164620366e-03  0.0000000000e+00  0.0000000000e+00  
7.9854887724e-01  2.4942665627e-02  1.7583262324e-02  5.9876353877e-03  1.3932718062e-02  0.0000000000e+00  0.0000000000e+00  
8.9809644222e-01  1.6051096028e-02  2.3164957221e-02  1.5431297559e-02  1.9117020128e-02  0.0000000000e+00  0.0000000000e+00  
9.9801921844e-01  3.6743891172e-03  2.2486378311e-02  3.9152808995e-02  9.8835438043e-03  0.0000000000e+00  0.0000000000e+00  
1.0982480049e+00  2.7605175366e-02  2.3552426360e-02  5.3774809618e-02  1.2348655076e-02  0.0000000000e+00  0.0000000000e+00  
1.1981084347e+00  3.3955145898e-02  3.2591217872e-02  4.0620231474e-02  1.5251746345e-02  0.0000000000e+00  0.0000000000e+00  
1.2981373072e+00  1.7252146253e-02  2.5991816724e-02  3.2654610019e-02  1.7045306401e-02  0.0000000000e+00  0.0000000000e+00  
1.3981167078e+00  4.4941020545e-02  4.3501247496e-02  4.5984674743e-02  1.5999343799e-02  0.0000000000e+00  0.0000000000e+00  
1.4974857569e+00  1.6368058116e-02  3.3916571289e-02  5.5257749979e-02  2.4936338222e-02  0.0000000000e+00  0.0000000000e+00  
1.5978642702e+00  2.4110380715e-02  4.3136252442e-02  4.2631212642e-02  2.3244686522e-02  0.0000000000e+00  0.0000000000e+00  
1.6979331970e+00  2.8552935641e-02  4.6533711224e-02  7.9866549699e-02  2.6807857896e-02  0.0000000000e+00  0.0000000000e+00  
1.7973446846e+00  2.9078932668e-02  4.1615369786e-02  8.5459699714e-02  2.9036393593e-02  0.0000000000e+00  0.0000000000e+00  
1.8976472616e+00  6.6018855223e-02  7.2585721605e-02  3.6106055357e-02  2.2821406167e-02  0.0000000000e+00  0.0000000000e+00  
1.9979418516e+00  1.0557225794e-01  7.2907489985e-02  1.0885549686e-01  3.9291053774e-02  0.0000000000e+00  0.0000000000e+00  
2.0985348225e+00  8.7758105910e-02  1.2151377450e-01  4.9429690708e-02  3.7813734838e-02  0.0000000000e+00  0.0000000000e+00  
2.1982839108e+00  5.7047393365e-02  5.7921734505e-02  1.3823632253e-01  4.7123737312e-02  0.0000000000e+00  0.0000000000e+00  
2.2972323895e+00  1.6276066823e-02  1.0768690243e-01  1.6803420512e-01  6.7353895578e-02  0.0000000000e+00  0.0000000000e+00  
2.3990511894e+00  7.8112165301e-02  1.1987407585e-01  5.1668202626e-02  8.0433698157e-02  0.0000000000e+00  0.0000000000e+00  
2.4984767437e+00  1.4000622690e-01  1.7120370879e-01  3.0657279967e-02  9.0499719051e-02  0.0000000000e+00  0.0000000000e+00  
2.5996406078e+00  7.3527734349e-02  1.4949731589e-01  7.5628564930e-02  1.1110077105e-01  0.0000000000e+00  0.0000000000e+00  
2.6995549202e+00  2.3175455902e-02  7.1193671017e-02  1.0224175569e-01  7.8628914952e-02  0.0000000000e+00  0.0000000000e+00  
2.7996485233e+00  1.3819052658e-01  2.5062995535e-01  2.2141251538e-01  8.9700653767e-02  0.0000000000e+00  0.0000000000e+00  
2.8972415924e+00  6.2544843461e-02  2.1138495822e-01  1.3676409156e-01  8.3048089238e-02  0.0000000000e+00  0.0000000000e+00  
3.0004007816e+00  2.4728943610e-01  2.6896163215e-01  3.3105497038e-01  1.6368164028e-01  0.0000000000e+00  0.0000000000e+00  
3.0989952087e+00  8.7567861684e-02  3.0100959902e-01  1.3327432319e-01  1.3618514936e-01  0.0000000000e+00  0.0000000000e+00  
3.1951341629e+00  1.1517905427e-01  2.1148977603e-01  3.1008349086e-01  1.4881491699e-01  0.0000000000e+00  0.0000000000e+00  
3.2970893383e+00  5.1426712842e-01  4.3678878695e-01  9.2097138982e-02  1.5455389013e-01  0.0000000000e+00  0.0000000000e+00  
3.3963255882e+00  2.3849053618e-01  3.0857775342e-01  4.9564087463e-02  3.6336510933e-01  0.0000000000e+00  0.0000000000e+00  
3.4982306957e+00  3.3597144453e-01  3.5147763063e-01  2.1195362578e-01  1.5967287520e-01  0.0000000000e+00  0.0000000000e+00  
3.5958559513e+00  8.7307786190e-02  6.5804064099e-01  1.6839674549e-01  1.8710743241e-01  0.0000000000e+00  0.0000000000e+00  
3.6987566948e+00  5.0690169512e-01  5.8536579949e-01  1.3919609334e-01  1.9265741039e-01  0.0000000000e+00  0.0000000000e+00  
3.8055291176e+00  9.5441263903e-01  7.6979704943e-01  2.4966769520e-01  1.7838555664e-01  0.0000000000e+00  0.0000000000e+00  
3.9040472507e+00  2.5631153338e-01  4.3298123262e-01  5.2684999265e-01  2.7769631386e-01  0.0000000000e+00  0.0000000000e+00  
4.0022306442e+00  7.5587519492e-02  3.7718810245e-01  6.0227263566e-01  3.4025200645e-01  0.0000000000e+00  0.0000000000e+00  
