#pT  dN/(2pi dy pT dpT)  dN/(2pi dy pT dpT)_err  vn{SP}  vn{SP}_err
1.0742785037e-01  4.2724701953e-01  2.6663516018e-02  9.6805154042e-04  1.6713880644e-03  1.5759971516e-03  1.7009132624e-03  2.9505282262e-03  1.6107164176e-03  -5.5601797800e-04  1.9159104240e-03  -3.0815329540e-03  2.1529243550e-03  1.9580721886e-03  2.1468751894e-03  
2.0251779258e-01  3.8712714592e-01  2.4512232190e-02  5.2346878157e-03  2.4363551436e-03  7.1319002728e-03  1.5449947978e-03  1.2512720573e-03  1.4991720652e-03  3.0423406229e-03  1.2483767534e-03  2.6029284937e-04  1.7773667626e-03  -7.9305883596e-04  1.0837777116e-03  
3.0049505830e-01  3.1014160452e-01  2.0515904040e-02  5.5804850508e-03  3.0778718642e-03  1.3858597265e-02  1.4701024723e-03  1.3378380447e-03  1.4408258328e-03  1.7097050950e-03  1.2998004600e-03  8.6195130871e-04  1.2214728335e-03  8.4521191723e-04  9.6643554630e-04  
3.9956292510e-01  2.3121160665e-01  1.5997056636e-02  1.0936298356e-02  3.3360542897e-03  2.5053557341e-02  1.7739213770e-03  1.2898044515e-03  1.6443827984e-03  2.1260905632e-03  1.6347482375e-03  4.7054319440e-04  1.6765905688e-03  -8.5549577104e-04  1.1366804918e-03  
4.9872094393e-01  1.6763903093e-01  1.2477870300e-02  1.1285798693e-02  4.1714062442e-03  3.9301667726e-02  2.6593168068e-03  4.6895707492e-03  1.3513303326e-03  1.1959631331e-03  1.1615035343e-03  8.7034065059e-04  1.4387625698e-03  2.9160886317e-03  1.5691016733e-03  
5.9831893444e-01  1.1657083703e-01  9.0997045913e-03  1.3874947620e-02  4.3679580859e-03  5.6196629000e-02  3.6638018882e-03  3.8093128848e-03  1.6990340383e-03  3.5248103875e-03  1.4084001173e-03  5.9154086197e-04  1.0639479712e-03  2.0518999567e-03  1.3321905930e-03  
6.9815844297e-01  8.0605081423e-02  6.6952531150e-03  1.2995575840e-02  5.2195339526e-03  7.4495471076e-02  4.4916904659e-03  1.1666901483e-02  1.9406379595e-03  4.3332067853e-03  1.9524409004e-03  1.7460175283e-04  1.6715084175e-03  1.8279542413e-03  1.5486313551e-03  
7.9770606756e-01  5.5262148043e-02  4.8776783125e-03  1.3310725740e-02  5.1962905846e-03  9.5177981822e-02  5.3161709804e-03  1.6648894815e-02  2.8320237569e-03  5.7475641916e-03  1.9964548761e-03  3.2949988443e-03  2.3871522121e-03  -6.0514035818e-04  1.9891243897e-03  
8.9780783653e-01  3.7820192089e-02  3.5064501316e-03  1.1133584821e-02  6.2737093968e-03  1.0667017503e-01  6.4166314000e-03  2.5443624189e-02  4.0166482794e-03  1.1888275050e-02  1.9206254168e-03  5.2840965048e-03  2.1154421385e-03  2.7387176486e-03  1.7916087747e-03  
9.9766618013e-01  2.5721047901e-02  2.5301683690e-03  1.3039021980e-02  6.9625912042e-03  1.3173406589e-01  6.9524827043e-03  2.2694903085e-02  2.8259083120e-03  1.4240546885e-02  3.5618315544e-03  7.0333841351e-03  3.3340567942e-03  2.2141521951e-03  2.3500654648e-03  
1.0974438190e+00  1.7494974216e-02  1.7839132284e-03  9.4492162786e-03  6.7085497927e-03  1.4734273099e-01  8.9793850653e-03  2.6125414505e-02  3.9927108971e-03  2.0776773372e-02  4.1491642337e-03  -8.9622972634e-04  4.5355670837e-03  -1.2775252529e-03  3.0374972022e-03  
1.1974302530e+00  1.1954130895e-02  1.2994995631e-03  1.0924665648e-02  5.3715971162e-03  1.6267539612e-01  8.7288334991e-03  4.2043228857e-02  5.2831731036e-03  2.8643581952e-02  4.8230583101e-03  8.1296433540e-03  3.2227093799e-03  4.2242286809e-03  3.0783583257e-03  
1.2973942757e+00  8.2499744506e-03  9.0507581915e-04  1.3530144932e-02  7.0711159729e-03  1.7689070284e-01  1.1334887490e-02  4.7676718477e-02  5.8754928871e-03  2.4981361184e-02  3.9212555256e-03  1.1576578712e-02  3.9218789042e-03  -1.5653283159e-03  3.1933895430e-03  
1.3976868391e+00  5.7666015179e-03  6.5887451398e-04  1.8865426321e-03  7.4429708404e-03  1.8353101048e-01  1.1878532405e-02  4.2899283119e-02  6.5624648892e-03  3.5887449707e-02  6.8329076071e-03  1.6398266379e-02  4.9747126533e-03  6.1282011184e-03  5.7424225595e-03  
1.4976453781e+00  4.0337989581e-03  4.6543866899e-04  -2.1259415982e-03  7.0622995242e-03  1.8823840359e-01  1.0666098646e-02  4.7856200308e-02  9.1103021103e-03  3.6017016369e-02  6.6396535781e-03  1.5453618317e-02  4.5753403129e-03  3.8943938635e-03  8.2231680670e-03  
1.5978528261e+00  2.9013116752e-03  3.2418055439e-04  -2.6231841228e-04  9.6958880664e-03  1.7833646008e-01  1.2583240172e-02  6.1338025156e-02  8.0878156791e-03  3.7425844439e-02  6.5499239487e-03  1.3780772103e-02  6.3069519629e-03  1.2539241319e-02  7.8802454282e-03  
1.6978110075e+00  2.1209294194e-03  2.2237331227e-04  -3.8748696834e-04  1.2982386233e-02  1.9013490997e-01  1.2556411965e-02  5.7226651945e-02  8.4518954054e-03  5.9143634717e-02  1.0554769887e-02  3.2251009491e-02  1.0028890469e-02  1.1334447282e-03  6.5523591895e-03  
1.7987886667e+00  1.6087667226e-03  1.7860446619e-04  -1.7078216071e-02  1.4101913637e-02  1.8838454133e-01  1.5425082829e-02  5.4793334380e-02  1.0961929142e-02  5.8475693897e-02  1.2041510269e-02  1.9741696481e-02  6.8871545855e-03  2.0493359759e-02  6.0062912078e-03  
1.8976180553e+00  1.2169647232e-03  1.2838432660e-04  -7.5037864354e-03  1.4765933708e-02  1.8645917320e-01  1.4765538336e-02  4.3337432033e-02  1.2638269218e-02  5.0470513829e-02  1.2176117381e-02  2.4010872987e-02  1.0845393051e-02  1.8098533875e-02  9.8000778047e-03  
1.9977717400e+00  9.2002399141e-04  9.0742516735e-05  -2.7879777598e-02  2.0271016999e-02  1.7758463188e-01  1.7061649896e-02  4.8017698592e-02  1.8014374624e-02  6.7272510865e-02  1.2906912923e-02  2.3696043125e-02  1.1551915948e-02  2.1916557578e-02  7.5449467397e-03  
2.0977671146e+00  7.5458133893e-04  7.2980598537e-05  -2.2974520597e-02  2.2504053861e-02  1.5345233113e-01  1.3947583042e-02  4.8515289426e-02  1.5420848418e-02  5.3895048653e-02  1.2803168891e-02  1.9533984723e-02  1.0883858918e-02  1.2578814721e-02  8.6663475497e-03  
2.1982498169e+00  5.8349948519e-04  5.6945942286e-05  -4.6530652938e-02  3.3205182815e-02  1.7383828979e-01  1.8326380182e-02  3.0923825467e-02  2.1165535518e-02  6.5928626774e-02  1.3550769203e-02  1.4878098046e-02  1.1832226227e-02  4.1778128847e-03  1.0780839957e-02  
2.2986233234e+00  4.7216149243e-04  4.2776028026e-05  -4.5365313858e-02  3.6804859311e-02  1.3909492638e-01  2.0996450965e-02  1.0546052609e-02  1.9981793931e-02  6.6817314793e-02  1.2940778878e-02  2.3761480709e-02  1.0190562865e-02  -2.1310453430e-03  1.3012890750e-02  
2.3989508152e+00  4.1217367038e-04  4.3492035129e-05  -6.1997897133e-02  5.3280541717e-02  1.4405394736e-01  1.6809561196e-02  3.5854335007e-02  1.3107344687e-02  5.4008801246e-02  1.8426274783e-02  1.1922505790e-02  1.2365924634e-02  1.0024131199e-02  2.4926043877e-02  
2.4977807999e+00  3.4426614508e-04  3.5440038694e-05  -5.2666925577e-02  4.9342307038e-02  1.2327147694e-01  2.0021856125e-02  1.5798294290e-02  3.1886912348e-02  3.3558164323e-02  1.3844074258e-02  2.7094674617e-02  1.4315696959e-02  1.7813805387e-02  1.3203162943e-02  
2.5980715752e+00  2.8769775463e-04  2.7380413901e-05  -8.5117173543e-02  4.8877904891e-02  1.4621299067e-01  2.3491883037e-02  -1.4984894171e-02  3.4725784454e-02  3.1938974378e-02  1.8943443947e-02  2.1880719042e-02  1.6745188757e-02  3.0002393566e-02  1.7679130809e-02  
2.6986737251e+00  2.4882924845e-04  2.5357591405e-05  -9.9506965186e-02  5.6198214061e-02  1.1425330016e-01  2.1953902980e-02  2.5114388550e-02  1.5209183096e-02  4.1518493846e-02  1.7349698315e-02  1.0389364099e-02  1.5570654456e-02  4.1656983872e-02  1.5476858477e-02  
2.8001945019e+00  2.1342505843e-04  2.1801990147e-05  -9.9553873527e-02  5.2633488486e-02  1.3550559363e-01  2.4663436766e-02  -1.1245682139e-02  2.5792191618e-02  6.7635414227e-02  1.7298697384e-02  4.8487783537e-02  3.1266888534e-02  -1.5587235075e-02  3.2830267267e-02  
2.8985836506e+00  1.9029893781e-04  2.0514972649e-05  -8.8049612627e-02  5.7681076353e-02  1.2633882316e-01  2.4708582925e-02  -1.1704071861e-02  3.2834141780e-02  6.5561783234e-02  1.9648450985e-02  -3.4739040743e-03  2.3128108941e-02  -1.9909701518e-02  2.6854527352e-02  
2.9987802505e+00  1.6078491210e-04  1.8152144052e-05  -1.1871158598e-01  7.0390979119e-02  1.2224005286e-01  2.7683607472e-02  -1.1183128807e-02  3.8650242725e-02  4.3365842365e-02  2.1160475434e-02  1.9023289637e-02  4.1912336666e-02  -1.8554601871e-03  4.1605941866e-02  
3.0995330811e+00  1.4904676363e-04  1.8299651013e-05  -9.7560296695e-02  5.9644150650e-02  7.4811654120e-02  2.3729884482e-02  -1.3558359547e-02  3.3274925748e-02  3.2741265144e-02  2.5913463726e-02  2.4409172405e-02  1.5639012234e-02  -8.2460652857e-03  2.8042792007e-02  
3.1996927261e+00  1.2623818114e-04  1.5895240900e-05  -1.3252835175e-01  9.4900444007e-02  7.0846413922e-02  2.2025143714e-02  -4.1606939005e-03  1.5994561893e-02  4.4086601822e-03  2.4632108774e-02  3.2133240166e-03  1.9047145753e-02  -3.1296211342e-02  6.6654638002e-02  
3.3000676632e+00  1.2329587613e-04  1.5718070942e-05  -1.2350728892e-01  7.6971766211e-02  8.8747172384e-02  3.2026137789e-02  7.7741948415e-03  3.4909324164e-02  2.6167578529e-02  2.1843850083e-02  8.3257185246e-04  2.5826878145e-02  -1.8906286189e-02  3.2465509043e-02  
3.4004511833e+00  1.0969700574e-04  1.3973945412e-05  -1.3839280678e-01  7.3014847985e-02  1.1575712173e-01  3.0391338274e-02  -4.8731249573e-02  6.1839110205e-02  3.4794515236e-02  2.5576872662e-02  -2.3385535914e-02  2.2805709330e-02  -2.5522331464e-02  4.0263728439e-02  
3.5001223087e+00  9.8808433710e-05  1.3767989752e-05  -1.8336311653e-01  1.0076654350e-01  8.5678781041e-02  3.9034070113e-02  4.8176429613e-03  3.5788986157e-02  4.2943348541e-02  3.0848847210e-02  -1.0822918898e-02  2.4478822635e-02  3.5346729530e-02  1.8427589730e-02  
3.5988860130e+00  8.8557447788e-05  1.2548814364e-05  -1.4925797782e-01  1.0047795889e-01  7.2465191786e-02  2.2158358160e-02  -9.8938666473e-02  9.8208593502e-02  5.1186600135e-02  3.3975240629e-02  -3.1183867451e-02  2.3448377390e-02  1.5396444647e-02  2.4206805740e-02  
3.6993553638e+00  8.2043330100e-05  1.1414247158e-05  -1.5833306276e-01  8.2031654054e-02  8.8931176854e-02  2.9320591996e-02  2.9954243569e-03  5.0802339186e-02  1.5722008408e-02  2.0810674248e-02  2.6254968277e-02  3.5119875413e-02  -4.1963854620e-02  3.4211348968e-02  
3.7990200520e+00  7.6788224226e-05  1.2316446979e-05  -2.0199106626e-01  1.1864135015e-01  7.7775880769e-02  2.9115195515e-02  -3.1889673109e-02  7.7868686175e-02  1.7113168596e-02  2.1919673697e-02  2.2079066359e-02  4.2103097630e-02  -4.8693337794e-02  3.2447375371e-02  
3.8991796970e+00  6.9874964564e-05  1.0951826486e-05  -1.6478227568e-01  1.1265171736e-01  8.6122118348e-02  3.7029027157e-02  -3.2465934725e-02  4.2499047743e-02  3.4281617994e-02  3.6301660313e-02  2.9881992171e-03  2.7905470908e-02  -1.8662788093e-02  4.2906736447e-02  
3.9983305931e+00  6.5792846020e-05  1.0742224390e-05  -2.1248293580e-01  1.2021263515e-01  1.0095133196e-01  3.6331596568e-02  -6.0039798227e-02  7.2768361743e-02  3.5854703810e-02  2.8410373086e-02  -6.1804397090e-03  2.7204102974e-02  -5.5998615326e-03  3.9237529485e-02  
