#pT  dN/(2pi dy pT dpT)  dN/(2pi dy pT dpT)_err  vn{SP}  vn{SP}_err
1.0794026405e-01  1.2581496350e-02  4.4574826008e-04  1.3640447353e-02  1.7974084728e-02  -2.8761725338e-02  1.6352238664e-02  1.7814648590e-02  2.3935753998e-02  1.4234181080e-02  2.8272561773e-02  -5.6339122164e-02  7.8752120639e-02  nan  nan  
2.0323474705e-01  1.3131178901e-02  3.7973104450e-04  -3.2281117521e-03  1.3195805194e-02  8.6440933549e-04  1.5218095625e-02  1.9194680608e-03  1.4937967041e-02  -1.9758923310e-02  2.2192280254e-02  -2.0165845649e-02  3.6227679663e-02  nan  nan  
3.0247017741e-01  1.2417554430e-02  3.5455570396e-04  -2.2469043804e-02  1.3398067744e-02  -6.2326258457e-04  1.1474336129e-02  -1.3081549037e-02  1.5484420316e-02  -1.9318039920e-02  2.3321610912e-02  2.3534144689e-03  2.9651100302e-02  nan  nan  
4.0177977085e-01  1.1537164247e-02  3.1551187757e-04  9.6352980786e-05  8.6338878010e-03  -2.0399407517e-02  1.0049385972e-02  4.5999623141e-03  1.4198132160e-02  1.8231866721e-02  1.8484702925e-02  3.9207449091e-02  4.6031188038e-02  nan  nan  
5.0110924244e-01  1.0564079989e-02  2.9753116621e-04  -6.3217716445e-03  1.1299152507e-02  3.9345042687e-03  7.9508119481e-03  -5.6877479795e-03  1.1047374845e-02  -1.1977842771e-02  1.6112396101e-02  2.5181875169e-02  3.2506143686e-02  nan  nan  
5.9978502989e-01  9.2772299618e-03  2.5626543329e-04  5.5891570610e-03  1.0215483008e-02  7.2228364032e-04  9.8355021556e-03  5.3616232466e-03  1.1964276181e-02  -1.4177015895e-02  1.6601172896e-02  -5.0983792284e-02  4.2983650798e-02  nan  nan  
7.0057469606e-01  8.0753169982e-03  2.2597681872e-04  1.7219224628e-02  1.1226870441e-02  3.6370155137e-02  8.2644181689e-03  -2.4173256600e-02  1.0035640146e-02  2.5390014715e-02  1.4635910487e-02  -1.9028287378e-02  3.1500953879e-02  nan  nan  
8.0042821169e-01  7.0341295633e-03  2.0037343706e-04  7.5798586613e-03  1.1265557510e-02  3.6523306890e-04  8.7862567862e-03  1.0500500592e-02  1.0220794099e-02  -1.8329177718e-02  1.5256911728e-02  -1.5049516067e-02  2.9473212785e-02  nan  nan  
9.0032172203e-01  6.1792036067e-03  1.8330975782e-04  9.8537921234e-03  7.6729508893e-03  2.6380167012e-02  9.7065499318e-03  1.4641053228e-02  1.0470671315e-02  1.9242729006e-02  1.4814168400e-02  -7.1832583957e-03  3.3268694720e-02  nan  nan  
9.9997115135e-01  5.2239292454e-03  1.5033806506e-04  1.5855677167e-02  1.1868042603e-02  3.1082725259e-02  9.4465238823e-03  4.7376697199e-03  1.2633940690e-02  -2.0050575884e-02  1.5743537623e-02  -7.1618864892e-03  2.5092205391e-02  nan  nan  
1.0990846157e+00  4.2291267107e-03  1.3796647915e-04  5.3217662054e-03  8.5796973110e-03  3.4308271449e-02  1.2674469477e-02  1.9869702719e-03  1.3779471774e-02  6.6286675251e-03  1.8277320969e-02  -2.9393654268e-03  3.2779127331e-02  nan  nan  
1.1987838745e+00  3.5764141930e-03  1.2939569921e-04  1.1371789184e-02  1.3670095099e-02  2.9181782526e-02  1.1125073535e-02  2.0721809708e-02  1.2817231842e-02  1.8220836609e-03  2.0842933427e-02  1.4656589594e-02  2.9594051243e-02  nan  nan  
1.2989187241e+00  2.9904934408e-03  1.1877197361e-04  1.9359386982e-02  1.1173504844e-02  5.1150583580e-02  1.2642647491e-02  5.6024849732e-03  1.3746579744e-02  -1.4936487106e-02  2.0850391219e-02  -1.1974263727e-02  3.8255269392e-02  nan  nan  
1.3985048532e+00  2.3696197006e-03  9.5256506245e-05  8.5551385498e-03  1.1946822685e-02  6.9678672166e-02  1.2248127148e-02  6.1120687745e-03  1.4014485550e-02  -3.8442424997e-02  2.5293696019e-02  1.0217851554e-01  5.6513175253e-02  nan  nan  
1.4986886978e+00  1.9215149762e-03  8.4759282741e-05  2.4047121344e-02  1.6315230486e-02  8.0193500224e-02  1.6333722346e-02  4.5462090112e-02  1.4191800232e-02  4.3694692254e-03  2.1585040226e-02  -3.2792982262e-02  3.5493419791e-02  nan  nan  
1.5990011692e+00  1.4788133600e-03  7.1043437456e-05  3.4008079658e-02  1.5411269229e-02  9.1590191280e-02  1.6760362318e-02  6.0562247076e-02  1.5607365549e-02  1.9991198838e-03  2.9937081458e-02  1.1332097719e-02  4.5260517170e-02  nan  nan  
1.6992117167e+00  1.1848953665e-03  6.7440544915e-05  1.2171489922e-02  1.4996040894e-02  1.1730010594e-01  1.4473962329e-02  2.6670977132e-02  1.7404563942e-02  1.8209752178e-02  2.6406147505e-02  6.6350467345e-02  6.7880139605e-02  nan  nan  
1.7986553907e+00  9.3901411632e-04  5.3860590901e-05  7.7398215218e-02  1.6859334984e-02  8.6629642104e-02  1.3736159244e-02  -6.7828530801e-04  1.8715769477e-02  5.2734350477e-02  3.0026145260e-02  4.2302690397e-02  5.5032560270e-02  nan  nan  
1.8974561691e+00  6.8390878726e-04  4.4597839647e-05  3.2583809958e-02  1.8628578315e-02  1.1924735800e-01  2.2829750307e-02  4.9475825195e-02  2.3340543842e-02  -9.1453151591e-03  3.6238827103e-02  -9.0593658858e-02  7.0022453638e-02  nan  nan  
1.9973262548e+00  5.3664053453e-04  3.7086634782e-05  3.7625415294e-02  2.6552826055e-02  1.2663119607e-01  2.4952529311e-02  4.6324110886e-02  3.2251829565e-02  -1.0126099500e-02  3.3035653670e-02  -2.1167270179e-02  6.0494340960e-02  nan  nan  
2.0973269939e+00  3.5276258204e-04  2.5711668067e-05  5.4866269467e-02  2.6648693211e-02  1.4563360684e-01  3.2889438981e-02  5.6693437376e-02  3.3888909851e-02  -7.2574034619e-03  5.2755213647e-02  1.2469883244e-02  7.4076906286e-02  nan  nan  
2.2000498772e+00  2.8028356159e-04  2.3557970938e-05  4.6976979244e-02  4.3970164452e-02  1.5389003949e-01  4.0429023139e-02  5.3518283787e-02  3.8905561259e-02  1.5197517360e-01  5.1744301814e-02  3.1847474014e-02  9.5396195124e-02  nan  nan  
2.2972090244e+00  1.8908583772e-04  1.6324200047e-05  6.8207211172e-02  3.2613214315e-02  1.7174675832e-01  3.6789732589e-02  1.2837711655e-02  3.5439121747e-02  7.5941189453e-03  6.8989534265e-02  -2.7319782764e-02  9.1073782259e-02  nan  nan  
2.3967044353e+00  1.5481176366e-04  1.5406942353e-05  7.8410206892e-02  3.5419545689e-02  1.4362457597e-01  4.1880629580e-02  3.7882893005e-02  4.0284492162e-02  1.0129246772e-01  6.5072535269e-02  4.7576900291e-02  1.0274227170e-01  nan  nan  
2.4975037575e+00  9.9686045386e-05  1.1964377515e-05  -4.0260682548e-03  4.5546486035e-02  2.1398152718e-01  5.0137575591e-02  3.9757692226e-02  5.3855214284e-02  1.1849984232e-01  8.7171488145e-02  -4.6653570829e-02  1.4496435761e-01  nan  nan  
2.5960636139e+00  6.1502644690e-05  7.2851088304e-06  -1.2938493774e-02  7.1311013906e-02  1.5557523740e-01  5.2745968507e-02  9.3565934462e-02  6.0092947577e-02  1.8303714261e-01  1.1905955874e-01  -2.1374943360e-02  2.2729017509e-01  nan  nan  
2.6979470253e+00  4.1701726648e-05  6.0186055462e-06  -1.7448548715e-02  5.3160027227e-02  1.9006799748e-01  7.1053779697e-02  7.8212932370e-02  8.3449399250e-02  5.2814532605e-02  1.0755204566e-01  2.5715968542e-02  3.0699269835e-01  nan  nan  
2.7979187965e+00  3.1574286912e-05  4.6433110615e-06  1.3006691413e-01  6.7925588858e-02  2.0519630698e-01  9.9175549591e-02  -9.1094654503e-02  8.1212944870e-02  3.6664508562e-01  2.0675647472e-01  -3.3347237065e-02  2.5068275317e-01  nan  nan  
2.8921108246e+00  1.3018619635e-05  2.3505729497e-06  1.0239574431e-01  9.6467471941e-02  2.9813389331e-01  1.2363348243e-01  2.2855322546e-02  1.2197329821e-01  -2.0383438234e-01  1.6202359313e-01  2.1971680480e-02  3.5734491988e-01  nan  nan  
3.0004580021e+00  1.2004442039e-05  2.2660942542e-06  -5.7453029245e-03  9.1796397728e-02  1.9136363254e-01  1.0168622457e-01  -2.5724726576e-04  1.3355146270e-01  -1.1095294674e-02  2.5095003041e-01  3.5549444153e-02  4.4095919590e-01  nan  nan  
3.1001551151e+00  7.7470150626e-06  1.6609639444e-06  4.4754935964e-02  1.3693527403e-01  9.7903411930e-02  2.1020595201e-01  7.7197776746e-02  2.1121339196e-01  -1.2544907427e-01  3.5066637320e-01  -7.7763005057e-01  7.8688339418e-01  nan  nan  
3.2002336979e+00  5.7576314010e-06  1.3315678560e-06  2.4511097396e-01  1.6538592904e-01  4.4407880719e-01  2.1453981919e-01  1.0981568646e-01  2.5723113809e-01  2.0002819455e-01  3.6006862217e-01  -6.9940712558e-01  7.0683226619e-01  nan  nan  
3.2921671867e+00  3.6724105646e-06  1.1221826834e-06  1.7231448059e-01  1.9997211744e-01  7.5250901641e-01  3.1408959948e-01  3.4586915940e-01  3.3662375058e-01  1.4376923394e+00  2.8099841006e-01  8.1029968316e-01  8.8807958370e-01  nan  nan  
3.4067289829e+00  2.6666167401e-06  9.8528257362e-07  -8.7808798595e-02  1.6702955563e-01  5.6664623252e-01  1.5240837156e-01  -3.7577282394e-01  4.3623765809e-01  -5.6493025970e-01  4.0058956958e-01  -3.1907183442e-02  8.1264882239e-01  nan  nan  
3.5258014202e+00  1.9555820390e-06  9.2097509386e-07  -1.8193812392e-01  2.6340017388e-01  -6.7435429037e-02  1.3089590807e-01  1.9308683061e-01  3.3773582546e-01  3.1462116393e-01  3.2709175603e-01  -1.2935708356e+00  1.3959844182e+00  nan  nan  
3.6283633709e+00  4.5076634494e-07  3.1739408504e-07  -7.1037729904e-01  6.3449955026e-01  -6.1999289984e-02  5.0059250330e-01  -1.2985060316e+00  1.3815414288e+00  -1.8899433953e+00  7.7655542119e-01  1.1439710364e-01  2.6956299582e-01  nan  nan  
3.7084414959e+00  2.7893497244e-07  2.7750821340e-07  nan  nan  nan  nan  nan  nan  nan  nan  nan  nan  nan  nan  
3.7603368759e+00  2.7508546723e-07  2.7367839850e-07  nan  nan  nan  nan  nan  nan  nan  nan  nan  nan  nan  nan  
3.8871967793e+00  4.5968900885e-07  3.2281677648e-07  1.1139509025e-01  3.8865378714e-01  5.3037729853e-01  2.1424986736e-01  -1.3658813354e-01  1.7641195252e-01  4.1810271782e-01  6.1649048896e-01  -9.9477514112e-01  4.7662476323e+00  nan  nan  
3.9805040359e+00  2.5341368786e-07  2.5211757846e-07  nan  nan  nan  nan  nan  nan  nan  nan  nan  nan  nan  nan  
