#pT  dN/(2pi dy pT dpT)  dN/(2pi dy pT dpT)_err  vn{SP}  vn{SP}_err
1.0828386247e-01  4.2100220909e+00  5.8817939251e-02  -1.9896721959e-03  4.4961898354e-03  6.6819650326e-03  4.2739464968e-03  -3.6545641605e-03  3.5945009454e-03  -7.6276304694e-03  5.1161700057e-03  -2.8936696689e-03  4.8461644629e-03  6.0496347079e-03  4.6923914193e-03  
2.0397162437e-01  4.3685146093e+00  5.7799877987e-02  -7.7158378806e-03  3.5809036783e-03  7.8686795603e-04  3.0566651107e-03  1.4945966406e-03  2.6277377618e-03  -1.0647323130e-02  3.7502609743e-03  -4.5697712936e-03  3.7580206679e-03  3.9717547196e-03  3.7808976362e-03  
3.0229523778e-01  4.2237329007e+00  5.4637929534e-02  -7.7813736705e-03  3.6225431329e-03  9.7515611163e-03  2.5912738570e-03  7.2431543583e-05  2.5548239783e-03  -2.4925873554e-03  3.2431280744e-03  2.9467121568e-03  2.6298472164e-03  4.6941046116e-03  3.0436681263e-03  
4.0140742064e-01  4.0011683126e+00  4.7777466998e-02  -1.2546573296e-02  3.4663583108e-03  1.5317494293e-02  1.9360335342e-03  2.8957932142e-03  1.9249056469e-03  1.3934243006e-03  2.3165594754e-03  3.5882949936e-04  2.2545044440e-03  -1.0473217524e-03  2.9768418178e-03  
5.0097364187e-01  3.7011629942e+00  4.7487267682e-02  -9.5452359958e-03  4.1302618528e-03  1.8083421951e-02  1.9382386496e-03  -1.3830441673e-03  2.5087717030e-03  6.1713650592e-03  2.4676592961e-03  2.0254833338e-03  2.2401012518e-03  4.1506419389e-03  2.3865464141e-03  
6.0034620762e-01  3.3089060138e+00  3.9306346215e-02  -1.0018943823e-02  4.6648909671e-03  2.7215784518e-02  2.6215834743e-03  5.0018981034e-03  2.0356955009e-03  2.6287992829e-04  2.3755232417e-03  1.3572740741e-03  2.2504489001e-03  1.0171391947e-03  2.3148359566e-03  
6.9982218742e-01  2.8855916685e+00  3.6591450698e-02  -9.7128927418e-03  4.5836079675e-03  3.8501050128e-02  2.4770794558e-03  7.6110261302e-03  1.7697258126e-03  -3.0436773935e-03  2.2218832167e-03  2.6201369135e-03  2.3784598313e-03  -1.2305960870e-03  2.7795727379e-03  
7.9956495762e-01  2.4543271693e+00  3.0727879836e-02  -6.8573562329e-03  4.3429093448e-03  4.9806320319e-02  2.6299075121e-03  8.5626648201e-03  2.3403175656e-03  2.0243401619e-03  2.1849843346e-03  2.0018983927e-03  2.5371279487e-03  7.4829265623e-04  2.3710383614e-03  
8.9913958311e-01  2.0227780349e+00  2.4872943008e-02  -4.6404356096e-03  4.1129683237e-03  6.4948341836e-02  3.3539900055e-03  1.0965386547e-02  2.5671204084e-03  -2.6141707950e-03  2.1862459740e-03  1.6418211753e-04  2.1349770528e-03  -1.3725969693e-03  2.4921526982e-03  
9.9876415730e-01  1.6373983513e+00  2.1992768940e-02  -9.1562719772e-04  4.2022802392e-03  7.4837658068e-02  3.3612115679e-03  1.9321207728e-02  3.0461951605e-03  1.0438503319e-03  2.3543064677e-03  -3.2851440190e-03  2.6698340138e-03  -4.0397247128e-03  2.8416145822e-03  
1.0986993313e+00  1.2790148991e+00  1.6796280046e-02  1.0346731303e-03  4.7942611060e-03  8.4927296296e-02  3.7890692984e-03  2.0308670468e-02  2.8590557931e-03  -1.4012440301e-03  2.9922119961e-03  8.2206784768e-03  2.9383829993e-03  1.0391839999e-02  3.4448359699e-03  
1.1984953880e+00  9.7199152790e-01  1.4318141176e-02  8.1828224356e-03  5.4301531366e-03  9.5191078606e-02  4.3387574381e-03  2.1407407651e-02  3.9671731708e-03  5.0596944568e-03  3.3134576973e-03  1.5906277002e-03  2.8521337290e-03  2.6456906550e-03  3.0282518938e-03  
1.2978855371e+00  7.3369947039e-01  1.1168515358e-02  8.4537643099e-03  6.3096272663e-03  1.1193665680e-01  4.5150615928e-03  2.5860557908e-02  3.6548123717e-03  2.1021643361e-03  3.3098530024e-03  8.6201556585e-04  3.1153956366e-03  1.1679858399e-02  4.2135328267e-03  
1.3981566429e+00  5.4384214877e-01  9.1948605383e-03  1.1391217986e-02  6.8908436269e-03  1.1100396938e-01  4.9596038617e-03  2.5517327678e-02  4.0850300650e-03  2.5687449905e-03  4.0614684136e-03  7.9681970500e-03  4.0931516864e-03  9.3660576937e-03  4.2150158403e-03  
1.4980013371e+00  3.9381784200e-01  6.7821243881e-03  1.9630955026e-02  6.0660995967e-03  1.2767833788e-01  4.7732077989e-03  3.0002685344e-02  4.1331694346e-03  6.4103185448e-03  4.3467442894e-03  5.4269269336e-03  4.6484116809e-03  1.8365341103e-02  4.3798664519e-03  
1.5978901386e+00  2.8027560874e-01  5.2141480203e-03  1.2235875207e-02  6.4873612622e-03  1.3615765654e-01  5.7655293162e-03  3.8329909791e-02  5.3468348722e-03  3.1371453238e-03  5.0924955929e-03  1.3188465482e-02  4.2774792583e-03  5.2110563478e-03  4.6717162758e-03  
1.6975643635e+00  1.9786866436e-01  3.6968945114e-03  3.1991435212e-02  7.7439508030e-03  1.4124478435e-01  6.6575059101e-03  3.8312674194e-02  5.6588616606e-03  5.0870156468e-03  5.8029966628e-03  1.2439628145e-02  5.0061640734e-03  2.3368823379e-02  5.8899929630e-03  
1.7972872257e+00  1.4137920617e-01  3.0231016837e-03  2.8371329371e-02  7.0393271332e-03  1.4769094898e-01  6.4694764528e-03  3.1935773758e-02  6.7391713429e-03  1.8503180341e-02  7.6159500703e-03  1.4558345903e-02  5.8566473177e-03  9.9552581496e-03  6.5480339285e-03  
1.8971986771e+00  9.7738176205e-02  2.1111832469e-03  2.3565469065e-02  8.1679113434e-03  1.6656979192e-01  7.8526300831e-03  3.3667910028e-02  6.9209514916e-03  1.8592670976e-03  9.1552165678e-03  2.0246991231e-02  7.5966529556e-03  2.2000177394e-02  8.5586708142e-03  
1.9973317385e+00  6.5122000918e-02  1.4892126992e-03  3.7497727389e-02  1.0538392134e-02  1.6355603788e-01  8.5256471762e-03  4.5882587460e-02  8.4116719694e-03  -9.5138176393e-03  1.0220928449e-02  9.8466201642e-03  8.0672799983e-03  2.4460975522e-03  1.0340190425e-02  
2.0971152782e+00  4.5450725897e-02  1.1078488671e-03  4.2315536587e-02  1.0063142247e-02  1.6063140017e-01  9.9038752469e-03  6.0558936555e-02  9.4876085054e-03  7.7634363004e-03  1.3302462770e-02  2.0648360407e-02  9.1282045994e-03  1.9620236956e-02  1.3080804840e-02  
2.1966104507e+00  3.1616520285e-02  9.0606607110e-04  4.2640879041e-02  1.4529687668e-02  1.8184496402e-01  1.1132117323e-02  1.9898989985e-02  1.1871890405e-02  3.1998553808e-02  1.5310437375e-02  1.9044081409e-02  1.0177740784e-02  4.1179427880e-02  1.3234135932e-02  
2.2966873646e+00  2.0850902055e-02  6.0565535144e-04  2.4851115474e-02  1.5148177800e-02  1.8037383672e-01  1.2746226208e-02  5.5662674335e-02  1.2123413561e-02  2.1527859822e-02  1.5909855589e-02  3.1946566998e-02  1.6698267075e-02  2.0438353329e-02  1.4495358300e-02  
2.3971009254e+00  1.4478993853e-02  4.2135083574e-04  1.5127204618e-02  1.5895789708e-02  1.7090244804e-01  1.5536275839e-02  4.1012048966e-02  1.2707268116e-02  2.3499238149e-02  1.5446999475e-02  4.4260847081e-02  1.3152929212e-02  3.5704126077e-02  1.7915570068e-02  
2.4960119724e+00  9.7117352255e-03  3.0149674402e-04  7.6687055708e-02  2.3747995926e-02  1.8730444295e-01  1.6670219033e-02  3.2538529434e-02  1.6817623852e-02  2.9886426832e-02  1.7055507170e-02  1.7012806753e-02  2.3158829801e-02  1.4646886004e-02  1.8221117317e-02  
2.5966472626e+00  6.4200255761e-03  2.3090246917e-04  8.0191348143e-03  2.2911782133e-02  1.9068396309e-01  1.9893868867e-02  4.3331035830e-02  1.6118781921e-02  4.4029263138e-05  2.3591450396e-02  1.2204304222e-02  1.9706699123e-02  5.6783208750e-02  2.3757352784e-02  
2.6974544525e+00  4.3492086513e-03  1.8372553654e-04  4.3806849338e-02  2.6493429074e-02  1.7431014333e-01  2.2370854019e-02  7.0339318304e-02  2.0855579704e-02  2.5584494867e-02  2.8900589308e-02  2.3100687848e-02  2.2175772201e-02  -1.1412277996e-02  3.1036580161e-02  
2.7983372211e+00  3.1290275014e-03  1.4427426706e-04  6.4212628645e-02  3.2423038383e-02  2.0166975462e-01  2.6779063232e-02  3.4676473946e-02  3.0338002515e-02  2.8193108525e-02  2.9507814097e-02  3.5591576863e-02  3.1245275226e-02  7.6468497727e-02  4.2380093945e-02  
2.8966076374e+00  2.0495854058e-03  1.1785244521e-04  6.2400112225e-02  4.2886082203e-02  2.0240573946e-01  3.7732603829e-02  9.3893256633e-02  3.9456903324e-02  6.5280251468e-05  4.2540342588e-02  -7.0306374073e-03  3.5776935345e-02  6.6947216000e-02  3.9547312469e-02  
2.9991879463e+00  1.4400945263e-03  9.3297623331e-05  2.1625551866e-02  3.8173843223e-02  2.6033926056e-01  3.7124208383e-02  5.3119374385e-02  4.0824205526e-02  -4.4494476747e-02  4.9807745871e-02  -8.9160919790e-03  5.3557654801e-02  6.1146152458e-02  4.6486875754e-02  
3.0975329876e+00  8.9841785148e-04  6.4490637752e-05  -1.5529265606e-02  5.1438588592e-02  2.5602935996e-01  5.0921741692e-02  7.3503185615e-02  5.4924357605e-02  3.9856390306e-02  5.9579140313e-02  4.9168324899e-03  5.2165241717e-02  -2.7994861963e-02  8.0653855711e-02  
3.1986188889e+00  6.7590003325e-04  5.7838320415e-05  1.2001997428e-01  7.1472119273e-02  1.9363702426e-01  4.9706331794e-02  1.3890510716e-03  6.5660448616e-02  6.5324199136e-02  7.6382259240e-02  1.4411095647e-01  8.6748358479e-02  4.9362154292e-02  7.0732778191e-02  
3.2939794064e+00  4.2231095358e-04  3.9701477535e-05  5.0928794076e-03  7.4179034096e-02  2.2174299340e-01  6.7979286291e-02  1.0428010264e-02  6.1372122238e-02  -2.4456342296e-02  7.2305954118e-02  -5.0087669125e-02  6.6103583322e-02  -1.4959588393e-02  9.2993016977e-02  
3.3955328465e+00  2.7492526279e-04  3.4648534328e-05  1.5348315746e-01  9.7618540198e-02  2.4342229123e-01  6.8907133685e-02  -2.5496972774e-02  9.8877728069e-02  1.4088555002e-01  9.9305472395e-02  1.7366405289e-02  1.0030851660e-01  1.3133966545e-01  1.0615873931e-01  
3.4958801270e+00  1.3963414403e-04  2.0223382057e-05  -2.0669569194e-01  1.3030845109e-01  1.9837016994e-01  1.2980868183e-01  5.8570684209e-02  1.2769462474e-01  9.8483131472e-02  1.5543746286e-01  8.7596770497e-02  1.4814250076e-01  1.4274010380e-01  1.5339851448e-01  
3.5973944664e+00  1.5344578507e-04  2.4441815891e-05  -9.3376286391e-02  7.8654772284e-02  8.9969584854e-02  1.0609987274e-01  1.0222843353e-01  1.4278969074e-01  -9.9550205485e-02  1.6165794221e-01  2.9253699962e-01  1.3323588469e-01  2.8248865885e-01  1.9447216467e-01  
3.7037742138e+00  7.9771091674e-05  1.9550573768e-05  1.8388504512e-01  9.6435530822e-02  3.1778275990e-01  1.6251451476e-01  -1.4081238984e-01  1.0829772510e-01  3.3398802379e-01  2.0372325918e-01  -9.9047985256e-02  1.7876456948e-01  1.4728365764e-01  1.4598158930e-01  
3.8052108288e+00  6.0368363632e-05  1.3742270075e-05  1.3286684170e-01  1.7527296378e-01  4.7073775047e-01  1.4147997058e-01  -7.9348771400e-02  1.7099614442e-01  3.5230751407e-01  2.4511542821e-01  1.5539320208e-02  1.7742918182e-01  -7.1661907501e-02  1.8534359171e-01  
3.9117932320e+00  2.9450719789e-05  9.4049071319e-06  6.8646601020e-02  3.5485107842e-01  4.4473323666e-01  2.1729799570e-01  -5.3667106259e-01  3.4629386217e-01  -1.8383024345e-01  2.2027415893e-01  7.8022904828e-01  2.8142761254e-01  -7.2577474714e-02  2.9598673005e-01  
3.9941682816e+00  4.2115027858e-05  1.0942489757e-05  2.1180359536e-01  1.2335852993e-01  3.9327264267e-01  2.4782265423e-01  -3.0785344515e-03  2.4902326573e-01  1.5369187036e-01  1.9632408279e-01  -7.5230631309e-02  1.9933189709e-01  -4.2144301026e-01  2.4274495494e-01  
