#pT  dN/(2pi dy pT dpT)  dN/(2pi dy pT dpT)_err  vn{SP}  vn{SP}_err
1.0878949612e-01  1.9270547867e-02  4.8264339801e-04  -4.0028883262e-03  1.0811739549e-02  -1.5595266799e-02  1.2019072127e-02  7.3441219405e-03  1.1353810344e-02  1.1117379347e-02  1.0561270042e-02  4.9533271437e-03  1.0084437747e-02  5.0354346276e-03  1.3189289790e-02  
2.0355336368e-01  1.9972837674e-02  4.0941837385e-04  -2.0413814890e-03  8.0392684718e-03  2.1957212947e-02  8.9487374074e-03  2.6175596353e-03  7.9356671334e-03  -3.6651497291e-03  9.6631049855e-03  -7.7327152594e-05  9.1486094492e-03  1.9328168836e-02  1.1075870476e-02  
3.0231395364e-01  1.9125813365e-02  3.8598440508e-04  6.3473325325e-03  8.0278339135e-03  1.9172986455e-02  6.8292155634e-03  -2.0768752605e-03  6.6171474942e-03  6.0942942998e-03  7.2270709674e-03  -6.1012972428e-03  7.5474235787e-03  -8.4671713982e-03  8.9092021708e-03  
4.0158155560e-01  1.8249451190e-02  3.4058839987e-04  9.7769736722e-03  6.7255778028e-03  4.1392520632e-03  6.1603437341e-03  -4.2117444220e-03  5.5357584654e-03  3.3141442877e-03  6.2347212943e-03  2.8661650668e-03  5.2579459833e-03  2.7294364380e-03  7.6264130157e-03  
5.0124782324e-01  1.6598343617e-02  2.8563320047e-04  1.4881874785e-02  6.4437498181e-03  3.2282015414e-02  5.2175179623e-03  -1.8647166390e-03  5.4864049630e-03  -2.3804589052e-03  5.2845710270e-03  -1.6980818293e-03  6.0237672862e-03  2.1488141318e-02  6.9893793887e-03  
6.0040861368e-01  1.5081994300e-02  2.6737169930e-04  2.2876800201e-02  7.6435253003e-03  3.0842991752e-02  5.4820618332e-03  1.1249552738e-02  5.5428712024e-03  7.6391852065e-03  5.8283874226e-03  2.2193842682e-03  5.3450960230e-03  5.9527624690e-04  7.1404911959e-03  
6.9983375072e-01  1.3486040992e-02  2.0919906674e-04  1.7989629700e-02  6.2342613926e-03  5.0121602391e-02  5.4410528099e-03  1.8154790848e-03  5.1268906723e-03  5.7001618173e-03  5.2744142667e-03  -1.9059993120e-03  6.3080438923e-03  7.3271740107e-03  6.0791907169e-03  
7.9996871948e-01  1.1866801154e-02  1.9489577476e-04  3.6952535549e-02  7.6057514794e-03  6.1448995499e-02  6.1269058100e-03  1.5367603094e-02  4.6541479110e-03  1.5939067546e-03  5.0778762808e-03  9.8974045761e-03  5.8385767397e-03  -3.7733860664e-03  7.1233383442e-03  
9.0007007122e-01  1.0291004472e-02  1.5640771415e-04  2.4263075374e-02  7.3307606204e-03  7.2303362193e-02  6.1369440299e-03  1.3621398923e-02  5.2998452576e-03  6.7994733707e-03  5.7725256058e-03  -5.2390289829e-03  6.5371127347e-03  4.8356029092e-03  6.3239907117e-03  
9.9929630756e-01  8.9321294558e-03  1.3662990932e-04  4.6897627491e-02  7.3533378300e-03  9.9834621390e-02  6.4040637483e-03  1.2337139904e-02  5.3169245316e-03  1.5921196053e-03  6.2135208681e-03  5.6499668570e-04  4.9249275481e-03  -6.7209361814e-04  6.8962000046e-03  
1.0993535519e+00  7.6131653364e-03  1.1331102146e-04  3.2998504497e-02  7.2890024413e-03  1.1329414469e-01  7.7761081734e-03  2.5329745873e-02  5.2272815377e-03  1.3638916855e-02  5.1774458589e-03  -8.7583484790e-04  7.0464011344e-03  8.6277795524e-03  8.0908364221e-03  
1.1990399361e+00  6.4757960261e-03  9.6727691830e-05  3.7382968617e-02  7.7603943693e-03  1.0864753507e-01  7.3564768433e-03  4.0159116691e-02  7.7784405996e-03  1.9099258036e-02  6.3340919821e-03  1.0585293126e-02  9.4926447823e-03  -1.0375277155e-03  7.9471615516e-03  
1.2990847826e+00  5.3978105773e-03  8.1345490853e-05  3.5910687693e-02  7.7199828555e-03  1.2564705202e-01  8.3806091092e-03  3.9302907222e-02  7.6047114611e-03  1.5784573137e-02  6.1813892252e-03  5.8970388802e-03  7.0601027435e-03  1.2943116607e-03  8.1270078720e-03  
1.3994134665e+00  4.5448067690e-03  6.9045654038e-05  3.7500167233e-02  8.3618444486e-03  1.4605734737e-01  8.7933702555e-03  4.2248739083e-02  7.5571756848e-03  3.1082800013e-02  7.0359344412e-03  4.6725534047e-03  8.0853378519e-03  6.4960926091e-03  8.4950086440e-03  
1.4992606640e+00  3.7785902971e-03  6.1722705908e-05  4.1554237367e-02  8.2899798139e-03  1.6822517335e-01  9.5012750114e-03  5.2317895624e-02  6.9267359161e-03  3.0930276155e-02  6.5355447354e-03  2.4052769350e-02  7.0135953094e-03  -2.5421399534e-03  9.4423774149e-03  
1.5983302593e+00  3.0928708244e-03  5.6378059840e-05  5.0352386328e-02  8.6436953116e-03  1.7245426825e-01  1.1650254425e-02  6.1271405847e-02  9.8859734116e-03  3.4005983614e-02  7.8002104959e-03  1.9034234183e-02  7.5386556207e-03  -8.8423331880e-04  1.0357458453e-02  
1.6989365816e+00  2.6204884437e-03  4.5607883045e-05  3.2917651590e-02  9.3422906168e-03  1.7535947107e-01  1.0667158250e-02  5.2764626902e-02  9.2175324111e-03  3.1747209645e-02  8.4543432434e-03  -7.2891617540e-03  8.9097528198e-03  7.1162315047e-03  9.5134391969e-03  
1.7991994619e+00  2.1939597220e-03  4.0694153213e-05  3.9321711908e-02  9.9843968247e-03  1.8528449977e-01  1.1593778750e-02  8.1230933190e-02  1.0432064921e-02  6.0017951172e-02  1.0075526541e-02  3.2721692357e-03  8.9583844536e-03  6.8826795642e-03  1.1625015476e-02  
1.8993895054e+00  1.7504874265e-03  3.5447270523e-05  3.2220559405e-02  1.1977219954e-02  2.0113868117e-01  1.2918145733e-02  8.7315455077e-02  1.1394880983e-02  3.4526220501e-02  9.0090620945e-03  1.9694474306e-02  1.0197683729e-02  1.6105011343e-02  1.1981379802e-02  
1.9987618923e+00  1.4467227901e-03  3.2377381532e-05  4.3142974475e-02  1.2513182095e-02  2.2600792121e-01  1.3029531326e-02  7.2145308665e-02  1.1878167086e-02  4.3219181463e-02  1.2422505957e-02  1.3097073122e-02  1.0780642905e-02  2.1864382698e-02  1.4644254204e-02  
2.0987751484e+00  1.2146307693e-03  3.0031468180e-05  2.5791600266e-02  1.1629464693e-02  2.0891894542e-01  1.4388745208e-02  8.5932148932e-02  1.3119511405e-02  6.4195610835e-02  1.1622865144e-02  3.4718712415e-02  1.0560626453e-02  6.2190750085e-03  1.4306914016e-02  
2.1986424923e+00  1.0104857965e-03  2.6757292816e-05  2.2736811921e-02  1.4292570395e-02  1.9540632566e-01  1.7276034554e-02  8.2002006014e-02  1.1129486593e-02  7.2692903444e-02  1.2899615876e-02  1.7614936442e-02  1.2739512221e-02  -1.4413999401e-03  1.6929404018e-02  
2.2987110615e+00  8.5326474787e-04  2.1259589401e-05  2.3821434644e-02  1.4683249663e-02  2.2026870166e-01  1.5161821417e-02  9.0643278843e-02  1.2486820168e-02  5.8857803891e-02  1.1937960187e-02  2.8432592754e-02  1.2533937212e-02  -2.5615985964e-02  1.6975399354e-02  
2.3990952969e+00  6.9887271471e-04  2.1205068652e-05  3.0602941241e-03  1.4719989993e-02  2.1019208821e-01  1.6094822068e-02  1.0672180217e-01  1.5883741094e-02  4.5432843036e-02  1.4438734965e-02  3.4249926184e-02  1.5583624234e-02  7.6158848160e-03  1.7634361201e-02  
2.4986095428e+00  5.9692131309e-04  1.9597001926e-05  4.5003553590e-02  1.6783967491e-02  2.2664967983e-01  1.8291423374e-02  9.5053062787e-02  1.2853426289e-02  1.1887290529e-01  1.4671158450e-02  1.2515201876e-02  1.5465763039e-02  -1.8654528153e-03  1.8635782474e-02  
2.5991089344e+00  4.9296230246e-04  1.5217103684e-05  -9.5590742833e-03  1.6435451043e-02  2.1613505986e-01  2.1095741029e-02  1.2214972193e-01  2.1959271795e-02  4.2350939009e-02  1.8298407613e-02  1.9530859326e-02  2.6721225270e-02  7.1691765497e-03  1.9905359337e-02  
2.6997377872e+00  4.4248582738e-04  1.5808542676e-05  3.2332249633e-02  1.7116902115e-02  2.4213190380e-01  2.5591380394e-02  1.3156775595e-01  2.3407403974e-02  6.6332121985e-02  1.8118241552e-02  4.0074747252e-02  2.3883458236e-02  3.3867802981e-02  2.3468085696e-02  
2.7995183468e+00  3.8621501940e-04  1.3990512592e-05  -9.0269486955e-03  1.9902462759e-02  2.2506678761e-01  1.7568576236e-02  1.0984453407e-01  1.9137187398e-02  7.9957796024e-02  2.4021809947e-02  5.1867593019e-02  1.6865726952e-02  2.9719220631e-02  2.3574355461e-02  
2.8992047310e+00  3.2236942930e-04  1.2560789531e-05  3.1209550935e-02  1.9180384718e-02  2.1358409331e-01  2.4297357051e-02  1.0363690294e-01  2.6528481666e-02  7.3797685113e-02  2.1096505323e-02  5.1195563551e-02  2.5396744100e-02  3.5901539946e-02  2.8668587660e-02  
3.0004699230e+00  2.8082572842e-04  1.2281112662e-05  2.5949999440e-02  2.2206557062e-02  1.8513879501e-01  3.1980474107e-02  1.2026207803e-01  3.4251919339e-02  6.3149877748e-02  2.2552411093e-02  4.6278103622e-02  2.6092369634e-02  6.8074129627e-02  2.6967972271e-02  
3.0998187065e+00  2.5510999324e-04  1.0816508625e-05  -2.3175208838e-02  2.0547099185e-02  2.0549024197e-01  2.5135010490e-02  9.7984889687e-02  2.5748180838e-02  9.7954321982e-02  2.9070629889e-02  5.4372475876e-02  2.9951024318e-02  2.1850896701e-02  3.1844417757e-02  
3.1994209290e+00  2.3822756656e-04  9.9787430696e-06  1.4650985036e-02  2.2058799184e-02  1.6501752133e-01  2.6920437333e-02  1.4675147332e-01  3.1318181235e-02  5.2017287036e-02  1.9224910447e-02  7.7792150107e-02  2.1823752713e-02  1.7804035209e-02  4.1872676058e-02  
3.2990694046e+00  1.9607027758e-04  9.7324683078e-06  -1.0173844522e-03  2.3924646385e-02  1.8169079069e-01  2.7262329289e-02  7.8607906212e-02  1.9962342288e-02  1.1883650966e-01  2.6200441216e-02  4.0945929524e-02  2.6628471277e-02  1.6784731864e-03  2.2237378094e-02  
3.3995473385e+00  1.8443424836e-04  9.3976627605e-06  2.5266730718e-02  2.6329410827e-02  1.3703273664e-01  2.5604829758e-02  1.4880676777e-01  2.8690170109e-02  9.4798069683e-02  2.5182700696e-02  2.6335543322e-02  2.4613175226e-02  5.5684808553e-02  2.8378147495e-02  
3.5011370182e+00  1.7235529945e-04  9.0980023577e-06  4.2853926710e-02  2.2956748270e-02  1.9273834881e-01  2.9824173385e-02  1.2878042292e-01  2.8776303515e-02  9.8293432540e-02  2.9768192617e-02  4.9830207743e-02  2.8991584783e-02  4.6465337482e-02  3.1556124579e-02  
3.5994689465e+00  1.5873273089e-04  8.3270700608e-06  2.1570833718e-02  2.3971926563e-02  1.2985004549e-01  2.7726295157e-02  1.4849446823e-01  3.7498394304e-02  1.6668946631e-02  2.3182504254e-02  7.7178536994e-02  3.5398152253e-02  -3.8970111777e-02  3.6078980888e-02  
3.6994366646e+00  1.4973150078e-04  7.9127330244e-06  4.1257131923e-02  2.6040549590e-02  1.7259193407e-01  2.9096983046e-02  9.8292377093e-02  3.3492982221e-02  7.5459951109e-02  2.8754072096e-02  6.9048949511e-02  2.9287804289e-02  3.8916849723e-02  3.2353011149e-02  
3.7988626957e+00  1.4123221166e-04  7.6178592488e-06  3.4692965848e-02  2.7935676854e-02  1.6627221310e-01  3.2599310574e-02  1.5305351042e-01  5.1580007131e-02  7.3406410627e-02  2.8165857618e-02  7.0258865356e-02  5.0773449787e-02  5.2126117025e-02  3.0434628349e-02  
3.9004979134e+00  1.2656441491e-04  6.9085845196e-06  5.3149136498e-02  2.5012369187e-02  1.8550275209e-01  3.5657735498e-02  1.1277940555e-01  3.8143026832e-02  6.5117283526e-02  2.6833273381e-02  4.5470235486e-02  2.8717967754e-02  9.1552535232e-03  3.4604132915e-02  
3.9988064766e+00  1.1898103775e-04  7.7669565377e-06  -9.2536245479e-03  3.0838309003e-02  1.3274131395e-01  3.0501285697e-02  1.5117934840e-01  3.5151775523e-02  9.3694319303e-02  3.2017205793e-02  7.8310969697e-02  2.7840696748e-02  5.3029793289e-02  3.0920661451e-02  
