#pT  dN/(2pi dy pT dpT)  dN/(2pi dy pT dpT)_err  vn{SP}  vn{SP}_err
1.0805946589e-01  7.6516358539e-01  9.3719542782e-03  -5.3086703649e-03  4.6246738913e-03  2.0261883587e-03  4.7950670108e-03  4.0028635628e-03  4.4479324625e-03  -1.2536803112e-04  5.5555089894e-03  3.0489748757e-03  1.8201329504e-02  nan  nan  
2.0391596854e-01  7.9045105476e-01  8.6118226504e-03  -2.1917902920e-03  3.4850303440e-03  1.3152040697e-03  3.4370854865e-03  1.1330284787e-03  3.4975731600e-03  -2.9420886082e-03  4.1347412109e-03  3.4481574862e-03  1.2548879766e-02  nan  nan  
3.0247280002e-01  7.5965955495e-01  8.1411185888e-03  -3.5470466770e-04  3.3771183996e-03  1.0978056911e-02  2.8539927924e-03  -2.4371115740e-04  2.8266389837e-03  -5.4588381123e-03  3.6044996571e-03  1.8432467145e-04  1.1462000668e-02  nan  nan  
4.0144565701e-01  7.1158151786e-01  7.4318052493e-03  -4.3355611103e-03  2.6884515475e-03  1.2597030813e-02  2.7200969373e-03  3.3603447567e-03  2.9473946665e-03  2.1552410793e-03  2.6426193696e-03  -9.9269018114e-04  9.2048342281e-03  nan  nan  
5.0072276592e-01  6.4986464278e-01  6.8169522254e-03  -5.1425620338e-03  3.0146956481e-03  2.4968567678e-02  2.5509934683e-03  4.2725911900e-03  2.5899726152e-03  -6.6856468248e-04  2.9332933549e-03  1.1117801903e-02  1.0570302607e-02  nan  nan  
6.0049277544e-01  5.7796971929e-01  5.8219699067e-03  -2.2174748871e-03  3.1558670975e-03  3.2272902289e-02  2.5371249454e-03  7.9227278192e-03  2.4093686332e-03  -5.3872166344e-03  2.6083548796e-03  2.4531073099e-05  8.4559098515e-03  nan  nan  
7.0008486509e-01  5.0646274416e-01  5.2150622904e-03  -3.6283103789e-04  3.0146590503e-03  4.6319018852e-02  2.8347628122e-03  8.5249355135e-03  2.0335294238e-03  2.0124232228e-03  2.8938371366e-03  -8.5500321968e-03  9.8259550699e-03  nan  nan  
7.9968559742e-01  4.3056340037e-01  4.6504270406e-03  -4.2577530762e-03  2.9869936065e-03  6.0818737513e-02  2.9946387926e-03  1.4450696622e-02  2.6490472179e-03  3.2989332226e-03  2.6565820644e-03  -3.2722466459e-03  8.6040863260e-03  nan  nan  
8.9917343855e-01  3.5802373345e-01  3.9420362570e-03  -9.2583283400e-04  3.3284252767e-03  7.4486710875e-02  3.1392684932e-03  1.7090426060e-02  2.5973911891e-03  7.2621096401e-03  3.0568222461e-03  9.8709198364e-03  8.9377542690e-03  nan  nan  
9.9887496233e-01  2.9290459002e-01  3.3605366185e-03  -6.3619643632e-04  3.4236854115e-03  9.0480979234e-02  3.5308041647e-03  2.3535513238e-02  2.7775463378e-03  7.2406832224e-03  3.0734272307e-03  6.8587690243e-04  1.0042381457e-02  nan  nan  
1.0988377333e+00  2.3186094087e-01  2.7310011355e-03  2.2766528437e-03  3.9227358334e-03  1.0121568067e-01  3.6213397974e-03  2.8608116485e-02  2.8844109561e-03  1.4564786550e-02  3.6118278238e-03  -1.2017025285e-02  1.1083758913e-02  nan  nan  
1.1983580589e+00  1.7916787780e-01  2.1938530240e-03  -8.0743003420e-04  4.3631376661e-03  1.1310706209e-01  4.0512941102e-03  3.5537166674e-02  3.1332533212e-03  1.7268363155e-02  3.4458166251e-03  4.4295990270e-03  1.2196412687e-02  nan  nan  
1.2983993292e+00  1.3854539665e-01  1.8749864748e-03  3.2984981272e-04  4.7030465635e-03  1.3391718562e-01  4.9365152732e-03  3.6391146328e-02  3.7478764919e-03  1.9564460677e-02  4.3085383224e-03  7.2142478810e-03  1.1602293537e-02  nan  nan  
1.3979270458e+00  1.0327649079e-01  1.4166976936e-03  -2.1257152902e-03  4.9547451675e-03  1.5077339363e-01  5.0302439923e-03  4.3481165864e-02  4.2437825497e-03  2.2701918954e-02  4.7481256670e-03  4.6478227647e-03  1.3786148129e-02  nan  nan  
1.4982779026e+00  7.7406015579e-02  1.1768663305e-03  5.4332265815e-04  5.8432180955e-03  1.5984237515e-01  5.8220762015e-03  6.0443414055e-02  4.7333664186e-03  1.6441990992e-02  5.1717885866e-03  8.9239446021e-04  1.5027252616e-02  nan  nan  
1.5979481936e+00  5.6065958632e-02  9.4136321369e-04  2.2584191605e-03  6.9103332998e-03  1.7883995495e-01  6.2270139014e-03  5.5896892840e-02  5.2671382272e-03  3.2864146315e-02  6.1834773939e-03  9.2457984840e-03  1.4898237203e-02  nan  nan  
1.6978816986e+00  4.0273948765e-02  6.9282042608e-04  7.2505893020e-03  6.7400561319e-03  1.8847141609e-01  7.6248704315e-03  6.0276266833e-02  6.2336556663e-03  3.8051176367e-02  6.5961070870e-03  -1.4924918138e-02  1.6780630388e-02  nan  nan  
1.7977404594e+00  2.9122871263e-02  4.8665403092e-04  -1.0136942248e-02  6.9880457767e-03  1.8809964536e-01  8.7089516618e-03  6.7209795522e-02  5.9959473066e-03  3.6183361151e-02  8.0840065231e-03  -1.3035004949e-02  2.3008554953e-02  nan  nan  
1.8974986076e+00  2.0195627300e-02  4.1661986673e-04  6.0895673150e-03  1.0129841072e-02  2.0331623735e-01  9.3068743402e-03  7.0051699629e-02  6.9325446384e-03  4.9984129414e-02  8.9012324592e-03  -6.8768650440e-03  2.6671558101e-02  nan  nan  
1.9975693226e+00  1.3844777719e-02  2.9505894867e-04  -1.1921007801e-02  1.0906284539e-02  2.2229939308e-01  9.6138742781e-03  8.3129330539e-02  8.5825524384e-03  3.3041229742e-02  9.6253863566e-03  2.1881413183e-02  3.2705076890e-02  nan  nan  
2.0968699455e+00  9.5881763927e-03  2.1957885510e-04  -4.0692363547e-03  1.2909468951e-02  2.1559680263e-01  1.1488618580e-02  6.9727789804e-02  9.5998606651e-03  4.4497772603e-02  1.2711131908e-02  1.0260533044e-02  3.5129271135e-02  nan  nan  
2.1975474358e+00  6.7787563759e-03  1.6621901237e-04  1.1711460587e-02  1.4528565461e-02  2.3628753513e-01  1.2353542222e-02  6.6357634437e-02  1.1067123119e-02  5.6457467216e-02  1.3664704377e-02  -1.1747467681e-02  4.2805333483e-02  nan  nan  
2.2965819836e+00  4.5671349197e-03  1.3157944930e-04  -1.2531177257e-02  1.5476493874e-02  2.3485130397e-01  1.4014536271e-02  9.2898895737e-02  1.4820115271e-02  2.8414635043e-02  1.5331091086e-02  6.3751436423e-02  4.6593462182e-02  nan  nan  
2.3978538513e+00  3.0532286772e-03  9.9571729241e-05  3.7413930857e-03  1.7783507439e-02  2.3987443824e-01  1.8433839524e-02  8.0887663079e-02  1.8643476725e-02  5.5516633257e-02  2.0940908929e-02  2.5342430775e-02  6.0081144671e-02  nan  nan  
2.4967002869e+00  2.2885016176e-03  7.8411693650e-05  8.2654565728e-03  2.1251706540e-02  2.5966904273e-01  1.8087234690e-02  6.0409168728e-02  2.1744861207e-02  4.8762477220e-02  2.4486150000e-02  9.4288892840e-03  7.0050577227e-02  nan  nan  
2.5955133438e+00  1.3873521358e-03  5.3308718816e-05  -2.9328203987e-03  2.3880353198e-02  2.4494021909e-01  2.3251095953e-02  1.2143541441e-01  2.2082495897e-02  9.0613606369e-02  3.2380993739e-02  -7.1923997820e-02  8.4370161295e-02  nan  nan  
2.6954858303e+00  9.7313234370e-04  4.6171074519e-05  1.4130444221e-02  3.4185808606e-02  2.6710484295e-01  2.8338348219e-02  1.2282463692e-01  3.0107746374e-02  2.2077502282e-02  3.3611318812e-02  8.1948240053e-02  9.5206132599e-02  nan  nan  
2.7961461544e+00  6.2029827589e-04  3.3039350573e-05  -6.8942841798e-03  3.5148029101e-02  2.4712966580e-01  3.4824709701e-02  1.0286657687e-01  3.3978566905e-02  -4.1831478837e-02  4.7568779321e-02  -1.1093589201e-03  9.9122731684e-02  nan  nan  
2.8958966732e+00  4.3335682479e-04  2.3641830046e-05  -2.0941531931e-02  3.8476878110e-02  3.0076147434e-01  3.2771541718e-02  1.1188007406e-01  3.6341888457e-02  1.6191876338e-02  5.3541457504e-02  2.1810121104e-01  1.5719426730e-01  nan  nan  
2.9988019466e+00  2.9168279011e-04  1.8880936210e-05  3.1396233183e-02  4.6874653334e-02  3.2424600809e-01  3.9713584408e-02  1.2868404263e-01  5.1010873891e-02  3.2826498934e-02  4.8242547220e-02  1.3005156756e-01  2.1784363623e-01  nan  nan  
3.1001660824e+00  1.7611998016e-04  1.4534118674e-05  -4.0461197628e-02  6.2927060083e-02  3.2290467014e-01  4.9924383606e-02  1.0276027650e-01  6.1661290501e-02  6.9546058479e-02  6.5872124945e-02  -7.0428656883e-03  1.8693370602e-01  nan  nan  
3.1993901730e+00  1.2375680979e-04  1.2130420699e-05  4.6392074738e-04  8.9033619481e-02  2.9715822360e-01  6.6352967244e-02  2.2387671730e-01  6.2516530597e-02  1.4655263019e-02  8.7597352786e-02  -3.1861773991e-01  2.8870413505e-01  nan  nan  
3.2963039875e+00  1.1764291211e-04  1.2531519320e-05  7.9391988179e-03  7.1297848496e-02  2.4756880744e-01  6.3147833458e-02  4.9596308840e-02  7.8955113127e-02  9.7678474819e-02  8.5673997928e-02  3.5331285867e-02  2.6973323554e-01  nan  nan  
3.4015915394e+00  7.9714029289e-05  9.1612530128e-06  3.6941863447e-02  9.3029349607e-02  2.6918270337e-01  7.2979560033e-02  1.4025153994e-01  8.2351879802e-02  8.6308731002e-02  1.3122874521e-01  2.9660479221e-01  3.1286413189e-01  nan  nan  
3.4978005886e+00  5.3935983676e-05  7.8559371680e-06  -1.4685714903e-02  1.2084576794e-01  1.0364203295e-01  9.8568164675e-02  2.4685622996e-01  9.4640852057e-02  1.3393889244e-01  1.1306991319e-01  8.6947296980e-02  3.3667712357e-01  nan  nan  
3.5996701717e+00  2.9568095890e-05  5.8474392672e-06  -2.3444192867e-01  1.3166196102e-01  2.8961390979e-01  1.5440832389e-01  1.4303836697e-01  1.2235753317e-01  3.5123906891e-02  1.7944229992e-01  -9.2087511679e-01  5.6558373573e-01  nan  nan  
3.6973540783e+00  2.5016256915e-05  4.7220048438e-06  -1.5930430917e-01  1.4045137196e-01  1.2305180027e-01  1.1639076503e-01  -2.3218086585e-01  1.4273088809e-01  -2.3873261647e-01  2.1881683084e-01  -5.0910836341e-01  5.8740889385e-01  nan  nan  
3.7837023735e+00  9.7008614606e-06  3.0278849133e-06  1.9321241961e-01  2.8231018694e-01  2.5780646852e-01  2.1737776214e-01  -1.4950914739e-01  3.0565005166e-01  1.6240818650e-02  2.1989131569e-01  4.7167806440e-01  9.3256925186e-01  nan  nan  
3.8926103115e+00  7.3005642120e-06  2.5559924048e-06  2.7451150829e-02  3.0773701233e-01  4.2055726724e-01  2.5416387218e-01  -3.3236931765e-01  3.8791236887e-01  -1.8094746940e-02  2.4504781271e-01  1.0638722958e+00  1.0790241160e+00  nan  nan  
3.9879581928e+00  8.9901510733e-06  2.6621710884e-06  2.0052627911e-01  2.2881630008e-01  4.9258999277e-01  2.7694738526e-01  1.9716168209e-02  2.4618007320e-01  5.1166933884e-01  3.4591756590e-01  -1.1828029471e+00  1.1246547699e+00  nan  nan  
