#pT  dN/(2pi dy pT dpT)  dN/(2pi dy pT dpT)_err  vn[2]  vn[2]_err
1.0989875346e-01  1.8795576325e+01  5.3210312228e-01  1.1690647341e-02  9.2287897132e-04  3.6718444899e-03  1.3257900719e-03  0.0000000000e+00  0.0000000000e+00  2.6602372527e-03  1.1961803539e-03  0.0000000000e+00  0.0000000000e+00  1.3494384475e-03  2.5842222385e-03  
2.0110724866e-01  1.7447191292e+01  4.9873384918e-01  2.1103052422e-02  1.5415751841e-03  9.8741445690e-03  7.8868999844e-04  1.5790516045e-03  1.3037400786e-03  0.0000000000e+00  0.0000000000e+00  0.0000000000e+00  0.0000000000e+00  0.0000000000e+00  0.0000000000e+00  
2.9894846678e-01  1.1489799169e+01  3.3930698753e-01  3.1562395394e-02  2.2781125735e-03  2.0508321002e-02  1.2873987434e-03  3.7980701309e-03  8.6650095182e-04  2.2823882755e-03  9.4875169452e-04  2.8633144684e-03  9.5205998514e-04  9.1823685216e-04  1.9551506266e-03  
3.9819422364e-01  7.2440213182e+00  2.2399619572e-01  3.9757709950e-02  2.6878339704e-03  3.2945718616e-02  2.2087167017e-03  8.2593690604e-03  1.0149186710e-03  2.6152532082e-03  1.0312123923e-03  0.0000000000e+00  0.0000000000e+00  2.9184476007e-03  1.0855514556e-03  
4.9800521135e-01  4.6185604767e+00  1.4843184573e-01  4.8425752670e-02  3.2618015539e-03  4.4915743172e-02  2.9029420111e-03  1.3711624779e-02  1.2404761510e-03  4.7195940278e-03  9.4875559444e-04  2.5431441609e-03  1.5212149592e-03  4.2194157140e-04  7.0980153978e-03  
5.9791058302e-01  3.0098046360e+00  1.0066302638e-01  5.4032333195e-02  3.7724708673e-03  5.9135809541e-02  3.6571098026e-03  1.8170675263e-02  1.7246570205e-03  6.5616001375e-03  1.1250210227e-03  0.0000000000e+00  0.0000000000e+00  0.0000000000e+00  0.0000000000e+00  
6.9786125422e-01  2.0034034357e+00  7.1065570909e-02  5.9960119426e-02  4.4241957366e-03  7.1949340403e-02  4.4432319701e-03  2.7802292258e-02  2.0880545489e-03  8.2581285387e-03  1.2540353928e-03  3.5127063747e-03  1.5599421458e-03  3.7297937088e-03  1.3433886925e-03  
7.9784315825e-01  1.3565343081e+00  5.0859976694e-02  6.2719821930e-02  4.4991946779e-03  8.4876239300e-02  5.2494569682e-03  3.5639509559e-02  2.8894001152e-03  1.0039485060e-02  1.1993302032e-03  3.5570359323e-03  1.6871186672e-03  0.0000000000e+00  0.0000000000e+00  
8.9788508415e-01  9.3392928789e-01  3.6953388361e-02  6.3146963716e-02  4.4033103622e-03  9.6650987864e-02  5.9753567912e-03  4.2449079454e-02  3.0953101814e-03  1.3273720630e-02  1.6174052143e-03  3.5273304675e-03  3.0436776578e-03  4.3068109080e-03  1.8252653535e-03  
9.9788892269e-01  6.5387618462e-01  2.6693316163e-02  6.5229199827e-02  4.5648659579e-03  1.0785624385e-01  6.5525402315e-03  5.0477240235e-02  4.1240262799e-03  1.7121264711e-02  1.6330623766e-03  8.0526517704e-03  1.6086369287e-03  5.4112751968e-03  2.3710522801e-03  
1.0980522633e+00  4.6299601678e-01  1.9898130616e-02  6.8085022271e-02  4.4887010008e-03  1.1767041683e-01  7.0756771602e-03  5.9979215264e-02  5.3425123915e-03  2.0879475400e-02  2.2053115536e-03  8.9830765501e-03  2.4186675437e-03  4.8800022341e-03  3.0325758271e-03  
1.1980232000e+00  3.3101995005e-01  1.5127779549e-02  7.1664996445e-02  4.4075325131e-03  1.3098755479e-01  7.9705445096e-03  6.8481959403e-02  5.5515053682e-03  2.7687571943e-02  2.5269091129e-03  1.0484901257e-02  3.2417378388e-03  1.1858968996e-02  2.0191473886e-03  
1.2979919910e+00  2.3932941697e-01  1.1321356633e-02  7.0508643985e-02  4.4054179452e-03  1.3781768084e-01  8.8081751019e-03  7.4896372855e-02  6.6661126912e-03  3.1484585255e-02  3.1168207061e-03  1.8818616867e-02  2.7757245116e-03  9.9861463532e-03  2.6245610788e-03  
1.3979735374e+00  1.7447830239e-01  8.4488122603e-03  7.1011565626e-02  4.2925919406e-03  1.4047807455e-01  8.4065385163e-03  8.6816333234e-02  6.6367648542e-03  4.1167996824e-02  3.7682217080e-03  1.7940307036e-02  2.7763594408e-03  1.4550829306e-02  2.8270008042e-03  
1.4982663393e+00  1.3022190867e-01  6.3991681930e-03  7.7721804380e-02  4.7703082673e-03  1.5460677445e-01  1.0399891995e-02  9.8074957728e-02  7.3162517510e-03  4.3918825686e-02  4.0365094319e-03  2.6280058548e-02  2.6316100266e-03  1.8594048917e-02  4.2812838219e-03  
1.5981458426e+00  9.6640978713e-02  4.8990759305e-03  7.8937761486e-02  5.8922450989e-03  1.5876638889e-01  1.0390692391e-02  9.9307872355e-02  6.8431841210e-03  4.6727314591e-02  4.3829460628e-03  2.6493359357e-02  3.7804073654e-03  2.1891754121e-02  4.2566992342e-03  
1.6981744766e+00  7.3586965754e-02  3.7673961268e-03  8.9736282825e-02  6.9140759297e-03  1.6061145067e-01  1.0826455429e-02  1.1040236801e-01  8.2716336474e-03  5.6051485240e-02  4.4255359098e-03  3.5578239709e-02  4.3902080506e-03  2.7519347146e-02  5.0807385705e-03  
1.7981669903e+00  5.5834968276e-02  2.8820456106e-03  9.7403287888e-02  7.3953750543e-03  1.6690340638e-01  1.2200296856e-02  1.1807764322e-01  6.9235246629e-03  6.1846520752e-02  5.2518066950e-03  4.2058151215e-02  4.8942291178e-03  3.6201938987e-02  3.7874327973e-03  
1.8983581066e+00  4.3573361141e-02  2.2190396594e-03  1.1461205781e-01  8.6412746459e-03  1.7092870176e-01  1.1563188396e-02  1.3019047678e-01  9.6401181072e-03  6.4748801291e-02  4.8147826456e-03  5.5298171937e-02  4.8837619834e-03  3.7322185934e-02  4.8500238918e-03  
1.9983080626e+00  3.4134848470e-02  1.7526535829e-03  1.2905821204e-01  9.6754860133e-03  1.8012349308e-01  1.2421385385e-02  1.4220756292e-01  9.5140943304e-03  7.7654972672e-02  5.6902505457e-03  4.6261489391e-02  4.7478554770e-03  4.5375719666e-02  7.3101795278e-03  
2.0986161232e+00  2.7086018021e-02  1.4546328777e-03  1.3687929511e-01  1.1096586473e-02  1.7308922112e-01  1.3104980811e-02  1.4726689458e-01  9.1030970216e-03  8.5656769574e-02  7.3895617388e-03  5.7178381830e-02  6.3563846052e-03  4.3015647680e-02  7.0763686672e-03  
2.1985306740e+00  2.1736437740e-02  1.1232615658e-03  1.5687651932e-01  1.1294888332e-02  1.8935754895e-01  1.5126007609e-02  1.4934484661e-01  1.0107465088e-02  9.6026375890e-02  9.0746935457e-03  6.5269932151e-02  7.4137272313e-03  4.5641001314e-02  5.6792455725e-03  
2.2982814312e+00  1.7640749584e-02  9.8372218589e-04  1.6649691761e-01  1.4329940081e-02  2.0513087511e-01  1.4593004249e-02  1.6498146951e-01  1.0531872511e-02  1.0743885487e-01  8.6992066354e-03  6.3807688653e-02  7.0041068830e-03  5.2608251572e-02  8.0725131556e-03  
2.3985214233e+00  1.4942677668e-02  8.2513877300e-04  1.7783293128e-01  1.6198284924e-02  1.8731154501e-01  1.5132267028e-02  1.7194256186e-01  1.0500275530e-02  1.1142199486e-01  1.0383306071e-02  6.1469536275e-02  1.0462892242e-02  5.7384453714e-02  7.7113155276e-03  
2.4986577034e+00  1.2392084473e-02  7.2978004396e-04  2.0117525756e-01  1.6408385709e-02  2.0348709822e-01  1.3575393707e-02  1.6945408285e-01  1.3658963144e-02  1.1273724586e-01  8.6001744494e-03  8.1087350845e-02  9.1272089630e-03  7.9884469509e-02  8.7440600619e-03  
2.5990264416e+00  1.0199135481e-02  5.6072220423e-04  2.1227070689e-01  1.7783585936e-02  2.0838408172e-01  1.5324844979e-02  1.8729132414e-01  1.4369704761e-02  1.2174382061e-01  1.2268008664e-02  8.6134210229e-02  9.4754183665e-03  8.9668400586e-02  9.4169182703e-03  
2.6990523338e+00  8.9080067184e-03  5.1096488371e-04  2.3534587026e-01  1.7559019849e-02  2.1792094409e-01  1.7481375486e-02  1.8821877241e-01  1.6416016966e-02  1.2698078156e-01  1.1860293336e-02  9.8780907691e-02  1.0491723195e-02  8.8868781924e-02  8.7400441989e-03  
2.7992837429e+00  7.7454502407e-03  4.7667342523e-04  2.4435701966e-01  1.8708840013e-02  2.1792960167e-01  1.7962962389e-02  1.9396026433e-01  1.6509380192e-02  1.3727955520e-01  1.2560868636e-02  9.8210960627e-02  1.6005279496e-02  9.8273821175e-02  1.1662929319e-02  
2.8989021778e+00  6.5687064480e-03  4.0121952926e-04  2.5573465228e-01  2.3277711123e-02  2.3181891441e-01  1.8145242706e-02  1.9934156537e-01  1.6277607530e-02  1.4149519801e-01  1.2986782007e-02  1.1042975634e-01  9.4152437523e-03  8.9582838118e-02  1.3120683841e-02  
2.9995632172e+00  5.9109069929e-03  3.8549962913e-04  2.7451157570e-01  2.2840078920e-02  2.4029509723e-01  1.8860306591e-02  2.1372091770e-01  1.7815962434e-02  1.3790166378e-01  1.3842251152e-02  1.2032280117e-01  1.4284933917e-02  9.6732415259e-02  9.4659542665e-03  
3.0997991562e+00  5.2386629668e-03  3.5351544259e-04  2.8422585130e-01  2.0561866462e-02  2.2409901023e-01  1.9971013069e-02  2.0043322444e-01  1.8916433677e-02  1.5674462914e-01  1.4521621168e-02  1.1443573982e-01  1.5980647877e-02  9.7993075848e-02  1.1571945623e-02  
3.1992840767e+00  4.6172069632e-03  3.2044322707e-04  3.0843478441e-01  2.4364320561e-02  2.5349342823e-01  2.2269463167e-02  2.1902547777e-01  1.9638383761e-02  1.5058854222e-01  1.5834785998e-02  1.5286354721e-01  1.5056286007e-02  1.2121381611e-01  1.2434736826e-02  
3.2993032932e+00  4.1392497784e-03  2.7692413659e-04  3.2533600926e-01  2.3328324780e-02  2.4609860778e-01  2.0392665640e-02  2.2346462309e-01  2.0109837875e-02  1.7012697458e-01  1.7735835165e-02  1.4610035717e-01  2.0850533620e-02  1.1498995870e-01  1.8633980304e-02  
3.3993232250e+00  3.7282199185e-03  2.6939123085e-04  3.3280602098e-01  2.7242805809e-02  2.5538364053e-01  2.4410301819e-02  2.2946342826e-01  2.0287744701e-02  1.7509260774e-01  1.8485093489e-02  1.2260539085e-01  1.5503006056e-02  1.1597890407e-01  1.4631635509e-02  
3.4997797012e+00  3.3094028329e-03  2.3567150924e-04  3.3796292543e-01  2.4709559977e-02  2.6571041346e-01  2.4880064651e-02  2.4889101088e-01  1.9624836743e-02  1.8784785271e-01  2.0847164094e-02  1.4761523902e-01  2.2494388744e-02  1.2964215875e-01  1.2284939177e-02  
3.5995411873e+00  3.1557274718e-03  2.5539959248e-04  3.5987776518e-01  2.7869846672e-02  2.8524041176e-01  2.9086874798e-02  2.5142973661e-01  2.3291051388e-02  1.9474910200e-01  2.3605162278e-02  1.4414383471e-01  2.1575074643e-02  1.1687223613e-01  1.4303877950e-02  
3.6995055676e+00  2.7979289661e-03  2.2912741364e-04  3.6257863045e-01  2.6634022593e-02  2.8436559439e-01  2.4206386879e-02  2.4180980027e-01  1.9710820168e-02  1.6709189117e-01  1.9322382286e-02  1.4451813698e-01  1.7918178812e-02  1.4335247874e-01  2.1177204326e-02  
3.7998437881e+00  2.5576522177e-03  1.9833854746e-04  3.8130319118e-01  2.7946671471e-02  2.9040798545e-01  2.3904597387e-02  2.4807603657e-01  1.9960401580e-02  1.9716197252e-01  2.2436443716e-02  1.5875908732e-01  2.7984617278e-02  1.3858003914e-01  2.1120944992e-02  
3.9001004696e+00  2.3384436995e-03  1.9231199754e-04  3.9581283927e-01  2.8840681538e-02  3.1071054935e-01  2.6781169698e-02  2.6153543591e-01  1.9391644746e-02  1.8485899270e-01  1.9963212311e-02  1.6550941765e-01  2.4733735248e-02  1.4028327167e-01  2.1360939369e-02  
3.9989714622e+00  2.1366788340e-03  1.7275055806e-04  4.1674312949e-01  2.7010014281e-02  3.1567510962e-01  3.0268561095e-02  2.6823389530e-01  2.5344749913e-02  2.2404870391e-01  2.5531949475e-02  1.7731967568e-01  2.7179971337e-02  1.5098382533e-01  2.6144463569e-02  
