#eta  rn(eta)  rn_err(eta)  rnn(eta)  rnn_err(eta)
-6.9860162735e+00  -1.5383432777e-03  2.0931622496e-03  -9.6762594765e-01  9.6762594765e-01  -9.1905546190e-03  1.3045822432e-02  9.7024937492e-01  9.7024937492e-01  1.6685270831e-03  2.3100369390e-03  -9.0845269484e-01  9.0845269484e-01  1.7611564474e-02  3.7918849312e-01  -6.9900554350e-01  6.9900554350e-01  1.3891190591e-02  9.4165928817e-02  9.8227572237e-01  9.8227572237e-01  -2.9735296398e-02  6.0169156206e-02  6.1883030409e-01  6.1883030409e-01  
-6.8522586823e+00  2.2840668192e-02  1.4316511738e-01  -1.5553410936e+00  1.5553410936e+00  -5.7349703824e-02  8.7289996390e-01  9.0274122447e-01  9.0274122447e-01  9.9444605870e-03  1.2988421369e-02  1.6367296406e+00  1.6367296406e+00  -1.0642031661e-02  2.1191078739e-02  -1.4422796135e+00  1.4422796135e+00  -2.7240998022e-03  3.3484692746e-03  5.3126192821e-01  5.3126192821e-01  -3.9298306446e-02  1.8641774389e-01  -1.1569988186e-01  1.1569988186e-01  
-6.7493038177e+00  -6.8322210151e-02  8.5903798726e-02  6.3170603561e-01  1.9348141092e+00  -7.6872865186e-05  2.3274253478e-02  2.0584859479e+00  2.6217179673e+00  -5.4021591930e-01  8.7519123343e+00  7.6301681872e-01  5.6034142989e+00  2.4320053076e-02  6.3173857847e-02  -6.4350373762e-02  1.7010426328e+00  -2.6157973752e-02  8.8363105496e-02  3.6931470402e+00  2.2084666465e+00  9.2188151075e-02  1.9151426852e-01  2.1569147054e+00  4.4485161107e-01  
-6.6485538483e+00  -1.0126373295e-02  4.6820783039e-02  9.9896886736e-01  8.5346194692e-01  3.9986746417e-03  1.0220752131e-02  4.6590299472e+00  1.0352288311e+01  5.9932945051e-04  4.4115678439e-03  1.6169313476e+00  1.1771232666e+00  -1.0770010155e-02  2.7846153927e-02  5.8848259815e-01  5.1484454908e+00  4.4242730587e-02  2.9208410222e-01  1.3741358258e+00  3.1751976601e+00  -2.2445372156e-03  1.5649287304e-02  -1.4334159533e-01  3.1635143204e+00  
-6.5496821404e+00  1.4556354842e-01  5.4652893689e+00  2.3913043319e+00  3.7397651273e+00  6.0558437367e-03  2.3726628887e-02  1.1211041554e-01  6.4119095228e-01  -9.4926388985e-03  2.5428470784e-02  -7.4584039225e-02  8.6451103518e-01  8.1679287591e-03  5.6281918195e-02  2.1987574743e-01  1.6107627967e+01  -1.8483754803e-02  2.8445986671e-02  2.7669786061e-01  3.8737626532e+00  3.2993101346e-02  3.1906753975e+00  1.3406233327e+00  5.2954857642e+00  
-6.4478569031e+00  -6.1972049777e-03  8.6526014523e-01  6.1708418878e-01  1.6572860549e+00  -6.6642870590e-03  1.4212717324e-02  -2.7141048164e-01  7.6725601395e-01  -8.5861957326e-03  3.5106385158e-02  -3.9476910435e-01  1.2943574952e+00  -1.7547452489e-01  8.9210921918e+00  -2.9515462764e+00  5.3068368713e+00  -3.5399846286e-02  1.2487524756e-01  5.7148524853e-01  2.4867300566e-01  -2.3357960383e-01  7.6798863965e-01  1.0288066997e+00  1.4244466725e+00  
-6.3487734795e+00  5.7447219751e-02  4.2931712686e+00  4.8462639726e-01  3.2151983092e+00  -2.6487749422e-03  7.2488492686e-03  4.0966837508e-01  4.1642560718e+00  8.4173225512e-03  2.4507998443e-02  -1.7725097721e+00  7.4542592719e+00  1.0648559928e-02  1.7838771658e-02  1.8538085618e+00  3.5253454428e+01  -2.9064669230e-02  3.4019983577e-02  2.0901257464e+00  3.0841473331e+00  -7.9204371198e-02  2.4384338521e-01  2.8730607094e-01  7.5108111630e-01  
-6.2477755547e+00  2.1312849522e-02  9.5861144023e-02  2.3240392971e+00  1.5648456349e+00  -1.2131824393e-02  1.9392355948e-02  -2.0076104852e+01  3.5599530481e+01  1.7391650733e-05  7.7150500513e-02  -4.2232689991e+00  4.3576637559e+01  -7.2008677736e-02  2.5560179538e+00  5.0145282320e-01  3.0576667512e+00  -2.6812705120e-02  4.1462699998e-02  1.8461645859e+00  1.1191186068e+01  1.8477676553e-02  3.5237218950e-02  -6.1280610618e+01  2.2482314651e+03  
-6.1481838226e+00  -1.7812006278e-01  2.0709514749e+00  5.0056743818e-01  4.7949071906e+00  8.8339567996e-03  2.0627119202e-02  -1.8261906300e-01  1.0039990739e-01  -4.9420439357e-01  1.3335316437e+01  8.8410419866e-02  4.6310549685e-01  -2.5312166493e-02  2.2986066300e-01  1.2096184403e+00  5.1754772520e+00  -4.6626025700e-02  2.9251657637e-01  5.6689371797e+00  1.6992384826e+01  -2.2056761943e-01  9.5148595083e-01  -1.3461241480e+00  1.6177522101e+00  
-6.0477576256e+00  9.5696365281e-02  7.1450280291e-01  1.0960769595e+00  1.9902735428e+00  5.4307205766e-02  1.3541415769e-01  -5.2306893744e+00  5.9079252057e+01  4.3483786925e-02  4.6922833025e-02  -2.8108181504e+00  1.0522802282e+01  4.8541431259e-03  3.8339607524e-02  7.5012440360e-01  2.5867642464e+00  5.1782291471e-03  8.0952841206e+00  2.9187252288e+00  6.5562552130e+00  -1.3911806970e-02  4.5071868814e-02  -1.0174370284e+00  3.3610380917e-01  
-5.9478716850e+00  -4.1887005488e-02  5.9236889917e-01  1.6308531812e+00  3.9542976606e+00  -5.9191824532e-02  6.9763436723e-02  1.4869793625e+00  3.4724533478e+00  1.5956513923e-01  4.2657364894e+00  1.1438751653e+00  1.6673930150e+00  2.2246260239e-02  5.7104375637e-02  1.6825124315e+00  8.6392388099e+00  2.2682871712e-04  3.6141558781e-02  -1.2436494013e-01  6.5467525492e+01  -2.1483830461e-01  4.1828804566e+00  -3.9041648484e-01  1.0803219701e+01  
-5.8482160568e+00  6.5536690835e-02  1.3369192553e-01  8.5046291263e+00  5.4154498583e+01  -1.0484643655e-01  3.1028215468e-01  -5.0186651696e-01  2.1715261987e+00  -6.6395729358e-02  8.4154747397e-02  -4.3531007192e-02  2.8155121036e+00  2.1868172746e-01  1.7724063050e+01  -1.1061424868e+00  1.9522524255e+00  1.7724241368e-02  3.3535298421e-02  -1.1551715857e+00  7.1523739884e-01  2.1192074726e-02  4.3989029370e-02  2.1671189766e+00  5.2479011957e+00  
-5.7482786179e+00  -1.1200788333e-01  2.0798236391e-01  2.7460871352e+00  7.9357296220e+00  2.0612921856e-02  9.9977655837e-02  -6.3947701545e-01  4.5161377602e+00  -5.6278011160e-03  5.5785846031e-02  -1.6135290134e-01  5.8271382804e-01  8.8335026494e-02  2.1709979769e-01  2.5872803305e-01  3.2333406733e+00  -2.7681490162e-02  2.3840389877e-01  -4.3418462865e-01  8.1368235057e-01  4.0689384182e-01  8.6730278103e-01  1.8109122059e+00  6.7160784555e+00  
-5.6484069824e+00  1.4551295707e-01  4.7278054134e-01  3.8260656765e+00  1.5535331303e+01  2.6929356462e+00  1.3701016997e+02  -1.4235945171e+01  3.9632809851e+02  2.2177866567e-02  5.8594697392e-02  1.0637784073e+00  2.3979830605e+00  2.7262650336e-02  7.5302256327e-02  1.1957038598e+00  5.7706333045e-01  -8.5288610299e-02  1.5379077819e-01  -3.0281492045e-01  1.0922135634e+00  1.9940688027e-01  2.0804729237e-01  7.7899112282e+00  1.7781168892e+02  
-5.5479345322e+00  -1.7043723361e-01  6.5321651643e-01  -1.1689616256e+00  8.5651165921e+01  -1.4093566340e-01  5.0337717065e-01  -5.3254708292e+00  5.0118730975e+01  4.3157273663e-02  7.5693119705e-02  2.5298026418e+00  2.3634446311e+00  -1.9640976600e-01  2.3019126581e+00  1.6911157050e+00  2.6189443703e+00  -8.2895866377e-04  6.9668915041e-02  4.0766909832e-01  2.6775267059e+00  -1.8847763687e-02  1.0338227920e+00  -9.1768640608e-01  1.7748351785e+00  
-5.4482164383e+00  -4.1779399433e-01  1.1414633075e+00  -1.0654519582e+00  1.6160806152e+00  -5.8145129872e-01  5.7953867156e+00  -4.4135345288e-01  2.9009089583e+00  -7.7026987013e-02  6.8532846649e-02  4.1695392611e-01  9.0575401979e-01  -7.5470463431e-01  9.0452049237e+00  -8.6179586730e-01  1.0746025926e+02  -3.7874108165e-01  5.3431971338e-01  -1.0035215190e+01  2.8561086226e+02  3.2155155709e-02  2.1460969063e-01  3.5987386043e-01  9.1890896192e-01  
-5.3483595848e+00  -2.8497150945e-01  3.9140475146e-01  1.1201223517e+00  6.8321603964e-01  5.0354640160e-02  2.1497432598e+00  3.9872342653e-02  6.8633349644e-01  -1.1719693017e-01  5.3239837038e-01  8.1937954495e+00  4.1123336174e+01  -1.9229330157e-01  4.8901614191e-01  4.1789932785e+00  6.0472378154e+00  5.6018996663e-02  2.7314222078e-01  -2.3651423654e+00  1.0741765823e+01  1.2585122814e-01  5.9417899308e+00  1.4240786653e-01  1.3222183566e+00  
-5.2484860420e+00  -2.4295899490e-01  3.1575462062e-01  -3.2433495167e+00  7.1218427717e+00  -7.6249280202e-01  9.4482616535e+01  1.0107291029e-01  5.4082088715e-01  4.2862858124e-01  9.9046757364e+00  -4.8669720482e-01  5.0146280279e+00  5.5076723233e-02  7.0757289950e-02  -6.8695459287e-02  1.1466525379e+00  7.7837220872e+00  2.3565661950e+02  5.9523110044e+00  4.3459869905e+01  -4.2419145604e-02  5.3695810820e-02  -3.5777264264e+00  4.2526237814e+00  
-5.1485848427e+00  -4.4588163198e-01  8.6362037642e-01  3.7731560604e-02  1.0691644050e+00  6.4221895871e-01  7.0626339006e+00  8.7340697435e-01  1.4574899939e+00  8.7677580213e-02  5.6317255891e-01  -9.1690441266e-01  1.6720299850e+00  1.3929135942e+00  2.0920203031e+01  -1.5241952345e+00  6.5045485039e+00  -6.5370873121e-02  8.1046745918e-02  1.0038879373e+00  7.4051334680e+00  -1.3793140985e+00  1.1124608007e+01  -3.8640096282e-01  4.4555036792e-01  
-5.0485644341e+00  -9.6743724834e-01  8.3937269076e+00  -6.8686934749e-01  4.2267801071e+00  3.4404841626e-01  5.1010514690e+00  -9.1532014162e-01  1.0029208221e+00  -6.3870040457e-01  1.3919893148e+00  -1.7382375219e-01  1.6264200732e+00  5.6109535639e-02  9.1725009127e-02  2.8113742968e-01  4.5016410221e+00  -2.9447339887e-01  3.6079140857e+00  -3.8138490826e-01  7.0727258614e-01  -1.8189994519e-01  9.5831736896e-01  4.1672716374e+00  1.6827230901e+01  
-4.9487066269e+00  -4.0203624819e-01  7.5473690533e-01  8.0567216972e-02  3.1238373270e+00  7.5521922061e-02  8.4214045109e-02  -1.1290563763e+00  3.9961767414e+00  3.1671884382e-01  7.0622337510e+00  4.7139672756e-01  4.2216178767e-01  -1.2020301685e-01  2.9171115045e+01  9.2626535031e-01  5.3137611304e+00  -4.4570367649e+00  1.4443996283e+02  1.2964294100e+00  1.3823976269e+00  -2.5214091728e-02  1.1362706146e-01  1.2565904471e+00  8.0465515862e+00  
-4.8487248421e+00  -6.8740139656e-01  4.5697053488e+00  3.8225344814e-01  2.0285827579e+00  2.2446129029e-02  1.7069284186e-01  2.8904185923e-01  1.5845851153e+00  3.5131105733e-02  1.0920365526e-01  1.0423600066e+00  3.1111465254e+00  -5.4799894854e-02  2.0827011734e-01  -8.7435369437e-01  1.3340049903e+00  3.4029510710e-01  6.0437318925e+00  2.7437974860e-01  1.6880797106e+00  -1.3356398399e+00  2.1693322228e+01  -1.2397575232e+00  1.5392722637e+00  
-4.7488827705e+00  -4.0030226922e-01  6.9320771145e-01  4.8611663823e+00  1.4211941463e+01  -4.3768871952e-02  8.9482022737e-02  -1.0050070470e-01  2.1238842899e+01  -2.8876851236e-02  8.3421067653e-02  1.6086070999e-01  3.9448576401e-01  -3.5118088592e-01  2.0138604787e+00  -3.3962766506e+00  5.2832987771e+00  -4.6729254291e-01  3.7787144646e+00  2.8721432886e+00  2.5294964257e+02  2.9089871467e-01  1.3563835819e+01  6.2266827699e-02  9.5923923898e+00  
-4.6488485336e+00  -5.6335101848e-01  1.9030423836e+00  1.3468211604e+00  2.6552831203e+00  1.2619559297e-01  1.8141894470e-01  3.2999249867e+00  4.2210673505e+01  1.6493537137e-01  4.8041825422e-01  1.6640409169e+00  1.1534399677e+00  -7.7917521172e-01  2.0180188486e+00  -2.3978044730e+01  6.7628077628e+02  -3.3959760264e-01  4.4372912122e+00  -5.4652154645e+00  1.6116776977e+01  -2.9359493411e-01  1.6722818195e-01  -4.1149193938e-01  4.3907357306e-01  
-4.5489702225e+00  -1.4173258280e+00  2.1575410341e+01  1.8704778607e-02  2.4312206286e+00  1.7487806921e-01  2.0075154436e-01  -2.3602221967e+00  1.0848027830e+01  -2.7574500255e-01  5.1837124527e-01  -3.0203355570e+00  1.1310328053e+01  -1.6547455861e-01  1.1203457230e+00  -5.5544853008e-01  4.0562579629e-01  4.3375646600e-01  9.3353307140e+00  5.8024168008e+00  5.2803706738e+01  1.2188088308e-01  3.1513251753e-01  -6.5302610797e-01  7.5636150866e-01  
-4.4490280151e+00  7.9565221602e+00  2.0774656645e+02  -2.2190286210e+00  1.1162767055e+01  5.9290156326e-02  7.1580589193e-02  -2.4047395890e+01  1.0161157436e+03  2.7394155361e-01  1.5046909155e+00  -1.1745454915e-01  4.4164862371e-01  8.3983413516e+00  3.1510801359e+02  5.8255088345e-01  2.0094706820e+00  -8.9076635222e-02  1.9301929981e-01  -3.9477836125e-01  3.2786500570e+00  2.3245194501e-01  2.4348839721e-01  -8.5068783411e-01  2.0700607404e+00  
-4.3491334915e+00  -7.4033840439e-01  5.9743885097e+00  -4.0248733580e+01  4.1326311381e+02  6.5825710666e-02  7.1920898523e-02  -9.5816228790e-01  8.2992326532e-01  1.6031563454e-01  1.6342333907e+00  -1.7573586231e+00  1.3707610593e+02  3.0893626155e-02  9.7427443170e-01  5.6808137320e-01  1.1375382916e+00  5.9008330797e-02  2.1759030170e-01  -4.9046711961e-01  1.4019143535e+00  -6.3427328827e-02  5.6815251273e-02  -2.1937419611e+00  3.6438765493e+01  
-4.2491116524e+00  -1.0366203123e+00  8.0964375685e+00  1.7836240153e+01  9.1763424967e+01  8.6520186518e-02  4.6056209481e-02  1.9415496637e+01  1.3473029801e+03  -9.3143869761e-03  5.5112650435e-02  -3.0174463096e-01  5.5306438211e+00  5.4595882745e-02  2.3507827476e-01  4.7925710703e+00  1.8553502747e+02  2.2980839530e-01  7.0280281777e-01  -6.8204313091e+02  3.5411669278e+04  1.1163088344e+00  1.0726966749e+01  3.1615771485e+00  4.3364988711e+02  
-4.1492590904e+00  2.9068452800e+00  2.5227622320e+01  3.6956852613e+00  2.8568027761e+01  1.8500944244e-01  1.5875551886e-01  -3.5709576769e+00  7.9109107494e+00  -1.2965986671e+00  1.0294951549e+02  -1.9413498177e-01  1.3015250362e+00  2.4479642337e-01  5.9415852792e-01  1.7658979852e+00  1.7002462452e+00  -6.1900684333e+00  2.5448779257e+02  1.1652031822e-01  8.1340819883e-01  3.1757889235e-02  1.2588345048e-01  9.7653312382e-02  8.2056142367e-01  
-4.0492205620e+00  5.7132230030e+00  1.5985161732e+02  -5.7697169719e+00  1.6162733201e+01  1.8623148110e-01  1.6239048992e-01  -1.8320727511e+00  1.2102908372e+00  -9.2316885115e-01  2.0107867405e+01  -4.9044745563e+00  2.4919971568e+01  -5.8614235315e-02  1.4684195990e-01  -2.3080176937e-01  8.9460824701e-01  -2.3839974311e-01  4.3268734066e-01  -5.2662059980e+00  8.2513544073e+01  -2.6101274816e+00  7.3521968042e+01  -3.3808868971e+00  1.5484236022e+01  
-3.9493896961e+00  6.8868263737e-01  4.7310196759e+01  -6.0343539233e+00  1.9852107919e+01  3.7683494781e-01  7.2291625444e-01  -2.0451843217e+00  1.2423722681e+00  9.5774764985e-01  1.3415200264e+01  7.4365302861e-01  9.5904828036e-01  2.3610704486e-01  2.5246953649e-01  -2.2812510226e+02  2.2190013829e+04  1.8472981203e-01  3.0345249284e-01  -1.2552344614e+01  1.6268744235e+02  2.1880297810e-02  1.7103729901e-01  -2.1700826080e+00  5.3072445887e+00  
-3.8493113518e+00  3.2249913623e+00  4.8990289569e+01  -3.8019407103e+00  4.3353785358e+01  3.0196143982e-01  3.2952208277e-01  -1.7450571667e+00  7.9904455739e-01  7.1119494181e-01  8.4622057805e+00  2.4345023594e+00  7.0954869525e+00  -3.4824409808e+00  2.0612782147e+02  -7.4089595791e-01  2.3413424905e+00  4.9209669948e-02  1.1276208426e-01  5.1381074172e+00  9.7724690634e+01  3.4915743255e-02  6.7601301071e-01  -1.7054123224e-01  5.8532015929e+00  
-3.7494311333e+00  1.6415485832e+00  3.1347168894e+00  -9.7223710529e+00  3.4582958105e+02  4.4990286734e-01  7.1707942946e-01  -3.4140773154e+00  2.0730631152e+00  5.7396021204e-01  1.0587579776e+00  1.5116309307e+00  1.2441168325e+00  3.5245397113e-01  5.3165574848e+00  -1.0361578518e-01  4.2216805540e-01  -2.8622204136e-01  1.2064919423e+00  -4.5909553885e-01  6.5189598874e-01  2.5707946760e+00  1.1105219243e+02  6.2291493391e-01  2.1385659855e+00  
-3.6495130062e+00  2.4534336283e+00  4.4370064729e+00  -7.5061112860e-02  1.3744329139e+02  4.5142206451e-01  5.9586563450e-01  -3.5548580567e+00  2.8709949348e+00  5.7772071232e-01  9.1217276607e-01  -8.9678425216e+00  4.4177867120e+01  7.7913969887e-01  7.5558426053e+00  1.0965721233e+01  5.3836286432e+01  8.0460642961e-02  5.1287739542e+01  -4.4434174881e+00  3.4680506069e+01  2.0649348477e-01  9.4281450148e+00  -1.1213389455e+00  7.4666032954e+00  
-3.5495669842e+00  4.1679411244e+00  1.3594565962e+01  -3.4100196852e+00  9.7048887158e+00  3.8450936044e-01  3.3594147227e-01  -2.7946894994e+00  1.5771311351e+00  5.7013482755e-01  8.3020456855e-01  -1.7072085465e+00  1.4480823840e+00  4.5688472817e-01  7.2808268313e-01  -1.0280718408e+00  3.4974590651e+00  1.1783901868e+00  2.4240962826e+01  -2.1394767380e+00  1.0341149165e+01  -9.0023620767e-01  2.3617709543e+00  -7.5958871107e-01  1.2457061364e+00  
-3.4494805336e+00  1.0406602853e+01  1.0271946561e+02  -1.9961327125e+00  1.2567084808e+00  4.2736030089e-01  3.4194326290e-01  -4.6797650367e+00  5.8463118895e+00  6.5666350342e-01  9.8047695978e-01  -8.2658990052e+00  1.2867628046e+02  9.3683038694e-01  4.5632858170e+00  -2.3631685231e+00  5.5190496854e+00  5.9387646396e-01  1.7363751625e+00  3.7037827427e+00  3.8567064742e+01  -1.7665099813e+00  7.5804760746e+00  -1.1722692636e+00  7.3745141308e-01  
-3.3495965004e+00  2.5660828774e+00  1.0079568616e+02  -2.7967575501e+00  2.3659644626e+00  4.1748052362e-01  3.1158476461e-01  -3.4354286201e+01  2.4405372621e+02  1.6260031981e+00  1.3330412989e+01  -1.5070863097e+00  7.1517210681e-01  3.0232063134e-01  2.7683053333e-01  -1.3200836849e+00  3.4351672597e+00  6.4545135834e-01  2.0387311504e+00  -8.0628665805e-01  3.8051697497e-01  -8.5416893755e-01  4.7250854475e+00  -9.9569172794e-01  5.3564055212e-01  
-3.2496457100e+00  2.6566256613e+00  5.0309693773e+00  -2.9666924614e+00  2.2812538751e+00  5.0858760478e-01  4.7228946263e-01  -1.0305882221e+01  2.4293851272e+02  -1.0277317102e+01  1.6811018146e+02  -3.1621261374e+00  1.0892978699e+01  4.0899282861e-01  8.5804744112e-01  -7.1095761181e-01  7.9681360699e-01  -1.5672273567e+00  1.1136804729e+01  -7.6820486685e+00  1.8065822161e+01  1.9989658144e+00  1.6042875017e+01  -6.1019094195e-01  1.6877270594e+00  
-3.1498074532e+00  3.6009141232e+00  6.7535083039e+00  -3.8890906965e+00  3.0851287509e+00  5.4345448266e-01  4.8793222300e-01  1.3097060052e+01  5.4216536484e+01  -1.3940610846e+00  3.4472923769e+00  -6.2515861678e+00  1.5743740306e+01  5.8965867080e-01  8.0699705418e-01  -2.6794194130e+00  3.3664783062e+00  3.7096414948e+00  3.0151818747e+01  -2.9425485126e+00  4.6462402984e+00  -1.0215153097e+00  7.4031666718e+00  -1.4000108159e+00  9.5131260945e+00  
-3.0498344898e+00  5.6015385817e+00  2.0402518540e+01  -4.0176540704e+00  2.7208446256e+00  6.3295471263e-01  6.2140222127e-01  -8.7429866982e+00  2.1690530254e+01  -1.1836447952e+00  2.3773265663e+00  6.0965558032e+00  1.2834397917e+01  8.4544452328e-01  3.1111119729e+00  -1.3603756001e+00  6.0218646676e-01  1.7594373570e+01  5.5295742626e+02  -2.4382774531e+00  1.3001027810e+00  -1.9101958641e+00  2.5680327484e+02  4.8408711644e+00  1.2287368947e+01  
-2.9497494698e+00  3.2634129920e+00  4.0052408233e+00  -3.6703827669e+00  1.8234957040e+00  7.9839758518e-01  7.7709846869e-01  -9.6434638872e+01  1.1637135387e+03  -1.7830734608e+00  5.6082954171e+00  -1.2366400847e+01  3.2999380069e+01  6.2080260669e-01  1.2281178337e+00  -1.6576904785e+00  2.6596461634e+00  -2.9351819140e+00  4.6521990140e+01  4.8471804523e+00  2.1491466573e+01  5.5288329284e-01  4.1956981109e-01  8.2703143717e-01  1.1179457099e+00  
-2.8497171402e+00  7.6916177795e+00  6.2169991672e+01  -5.2932926714e+00  8.4417802481e+00  6.6551477524e-01  4.5851283959e-01  -8.8988328037e+00  2.6829584874e+01  -2.8084897385e+00  2.6820823170e+01  4.6029689299e+00  2.1022907427e+01  1.0495426809e+00  1.9478535144e+00  -1.6606377996e+00  1.0750769759e+01  -3.2086985259e+00  4.4095084929e+02  -3.4782398541e+00  7.5094907884e+00  1.0404787913e+00  1.7115450717e+00  1.2452453683e+00  4.9219086967e+00  
-2.7498817444e+00  5.7707330917e+00  1.4919834430e+01  -1.4704972686e+00  2.2673300167e+02  7.6564599206e-01  5.0741121924e-01  -1.4075938826e+01  4.6532467583e+01  -9.8938898325e+00  6.9429275970e+02  -8.8246659769e+00  1.1570389470e+02  1.8130298825e+00  1.1243462409e+02  -7.3622686096e-01  5.2950799554e+01  6.3974309225e+00  9.5885125240e+01  -4.0361705694e-01  5.0715615266e-01  -1.2466648484e+00  1.4541235315e+00  -2.3647092686e+00  1.8706850905e+00  
-2.6499369144e+00  4.3816588835e+00  7.2627355595e+00  -4.9939649295e+00  1.2593698463e+01  7.9192689612e-01  5.2000224381e-01  -4.4949262400e+00  4.8378944192e+01  -2.2534694995e+00  6.5064918226e+01  -1.5393115593e+01  6.4978098029e+01  -1.3285974369e+01  3.4123689938e+02  -1.9662696227e+00  6.5127549073e+00  -6.8160786295e+00  1.0332869883e+02  1.5880413663e+00  2.5453724481e+00  -2.3704481521e+00  6.6502034299e+00  -1.1409058524e+00  1.8317133757e+00  
-2.5499560833e+00  2.5005456311e+00  2.1921892844e+00  -7.7366278089e+00  2.3283816398e+01  7.9250235713e-01  4.7634731672e-01  -7.4097603247e+00  2.3942826965e+01  -1.0509091551e+02  2.8870301173e+03  6.8236577606e+02  2.6791330790e+04  -3.6933312638e+01  1.5394795649e+03  -1.2604023219e+00  1.6086207900e+01  1.6407485748e+00  1.2327542907e+00  -1.3936915108e+00  1.2395618526e+01  -4.2734222980e-01  2.4925201601e+02  -1.2536353262e+00  5.0885180243e-01  
-2.4499464035e+00  1.7571006371e+00  1.1291101414e+00  -1.6785540891e+02  1.8281065063e+03  1.0840618482e+00  8.3020853023e-01  -1.1190127163e+01  6.6298184801e+01  -6.8679468771e+00  7.6482704329e+01  -4.7360428700e+00  6.0047444221e+00  4.8551171054e+00  5.4737249759e+01  -9.6369860155e+00  3.4609367146e+01  3.6809054513e+00  4.3651042088e+00  -8.6083749291e-01  3.1756315373e-01  -1.3857325382e+00  3.7709972583e+00  -2.3046735051e+00  2.7344852772e+00  
-2.3499710560e+00  1.4301503677e+00  9.8481372313e-01  3.2553279215e+02  2.3790735989e+04  8.9309089345e-01  6.5004856438e-01  1.2494753940e+02  1.5208410847e+03  6.3952421254e+00  2.0308265252e+02  1.1191973897e+01  1.8924599285e+01  2.6389676641e+01  1.1618432048e+03  2.0780104429e+00  3.7519332289e+00  -1.0695761638e+01  2.0181369128e+02  -9.1074941550e-01  3.7561157810e-01  3.0502966743e+00  7.1541005470e+00  2.9125572955e+00  2.1075197445e+01  
-2.2500224113e+00  1.2446292990e+00  6.5273507134e-01  1.2172725272e+01  4.4283440432e+01  9.1381837550e-01  6.0016489100e-01  3.1562965475e+01  3.8219787493e+02  -1.7832327978e+00  1.7678685788e+02  -8.7094101977e+00  2.0270360774e+01  2.3822884487e+00  1.8595612378e+01  8.7091393426e-01  1.4428604588e+00  -6.5244157104e+00  1.1308442056e+02  -7.3679364398e-01  8.5614820852e-01  -9.9963891011e-01  7.2062241228e+00  -1.4383221150e+00  1.1960643184e+01  
-2.1500017643e+00  1.0003502658e+00  4.6065921340e-01  -3.5904781646e+00  3.6214146060e+00  7.8519530562e-01  4.4831061996e-01  1.2454290837e+01  6.5029566304e+01  -2.0884545694e+00  4.2122899621e+01  -1.0272521085e+01  1.7290264516e+01  1.3131152573e+00  3.5163576313e+01  2.1921520778e+00  4.6914216881e+00  7.9519089835e-01  1.2390404945e+01  -7.9646625663e-01  9.7136709914e-01  -3.3912664511e+00  1.7593042170e+01  -3.7684275254e-01  5.9130613652e-01  
-2.0501239300e+00  9.9944931945e-01  4.5995443176e-01  -9.3262025352e+00  8.9607030368e+02  8.1620444650e-01  4.3734961765e-01  6.8547526412e+01  6.0634539669e+03  -3.8044140779e+00  3.5816470890e+01  -2.2031023364e+00  6.7736901044e+02  2.1331694243e+01  5.0091985002e+02  4.3397740343e-01  1.4263444596e+00  1.6149769643e-01  4.5591365565e-01  -1.8948605231e+00  3.7924233009e+00  -2.0634659984e-01  5.5012538465e-01  -1.4950800842e+00  2.1607989614e+00  
-1.9500778913e+00  8.4141442811e-01  3.9128592839e-01  1.2118741715e+01  9.6615254151e+01  8.8234975080e-01  4.7851356758e-01  1.5892143916e+01  2.0608820292e+02  -2.0882744877e+00  1.0960574243e+01  9.7369681049e+00  5.1634704372e+01  2.3950858596e+00  2.4570635724e+02  -1.6229066361e+00  8.8419986483e-01  -2.3186616541e-01  1.9750304761e-01  -7.5586734391e-01  1.0226439401e+00  -2.8751777790e-01  4.5192785960e-01  -1.1596700717e+00  8.9477612610e-01  
-1.8501037359e+00  7.3809338487e-01  4.5363317982e-01  1.3813169798e+00  1.4052975712e+00  9.4259870871e-01  6.0646910825e-01  1.5932791667e+01  1.0144599985e+02  -1.7740825247e+00  1.9689397380e+01  1.6210955440e+01  2.7839239507e+02  6.8128736675e-01  4.3271310128e+00  3.6490154722e+01  6.7919461349e+02  -3.9154855376e-01  4.6589866358e-01  -2.3394603335e+00  2.6439168261e+01  3.2127534394e-02  2.3557512751e+00  2.0949334864e+00  2.2103169635e+01  
-1.7501089573e+00  8.0498154107e-01  6.4501652351e-01  -1.0214125602e+00  2.2609737409e+02  1.0757621657e+00  6.5084969867e-01  3.9051417180e+01  7.6734687933e+03  -4.4033711628e+00  5.7872777130e+01  2.4598841721e+01  5.0326430775e+02  -2.0864660216e-01  9.9060927783e+00  -6.2891725247e+00  1.1620473521e+02  5.2433828378e-01  1.5184042313e+00  3.9060685760e-01  1.6365116501e+00  -1.7876797435e-01  5.3403596007e-01  -7.9663066440e-01  1.2565621954e+00  
-1.6500896215e+00  -7.4716391999e+00  4.9220527343e+02  1.0427633768e+00  1.7831498172e+01  8.3209524651e-01  4.0717294619e-01  -2.1400537350e+01  2.2620809682e+02  3.3946476843e+00  3.2573904320e+02  2.3869316273e+00  1.7473968678e+00  8.1792638399e-02  3.5107693174e+00  7.0447005646e-01  8.3013040688e+00  2.0793404217e+00  7.7878329893e+01  -2.5214579664e+00  1.0286925778e+01  -4.2364847860e-02  1.2923832982e+00  -5.9763275307e-01  2.7797194239e+00  
-1.5501252413e+00  9.9226597979e-01  1.3443657962e+02  -1.2170763345e+00  4.6882798194e+00  8.6181347535e-01  4.1581563225e-01  1.3697863200e+00  6.9662824682e+02  -2.5489279863e+01  1.4177942238e+03  1.6011902423e+00  1.3519370731e+00  7.7949368013e-01  1.8266080712e+00  -1.1090437519e-01  6.4997940371e-01  1.5109946582e+00  1.1870989046e+02  6.6803508963e-01  6.4916553375e+00  -1.1999901366e-01  4.8258384852e-01  5.2152545327e+00  1.2421692019e+02  
-1.4500641823e+00  8.0260685520e+00  2.2186318571e+02  -1.7800153368e+00  7.2460787658e+01  9.3051801963e-01  4.7629386889e-01  5.3372763645e+00  2.4718769843e+01  3.9657704605e+00  3.8149736979e+01  1.7573405988e+00  1.0043851770e+00  -6.4937412419e-01  7.9843625499e-01  5.6415001724e-01  1.6493295494e+00  -1.5636614281e+00  6.6407423930e+00  -6.5705036398e-01  1.4163761535e+00  -1.6780632918e+00  4.6834982197e+01  -8.6267968062e-01  5.0786019120e-01  
-1.3501754999e+00  7.4727452556e+00  4.5393460724e+02  1.1616974311e+00  1.5231431581e+00  1.1496906042e+00  6.1301545951e-01  7.9627033310e+00  4.9608416562e+01  1.7683606184e+00  6.4491626980e+00  8.9976666233e-01  7.3433256970e-01  -9.6904175382e-01  1.1509610201e+00  -3.3328544752e-02  4.7310214955e-01  1.1062006151e+00  1.2678315676e+02  -7.6488644686e+01  3.2085325998e+03  -1.0537369726e+00  1.9466504244e+01  -2.2664911264e+00  1.4645229274e+01  
-1.2501534224e+00  8.3787829425e-01  2.4156625917e+02  6.8276793577e+00  2.9284786338e+02  1.1644583939e+00  7.3219194369e-01  3.2894101810e+00  4.2151468946e+00  1.4314443554e+00  1.3877792291e+00  2.4517312959e+00  4.8512960296e+00  1.0348487219e+00  1.1182482130e+00  3.7542966873e-01  1.0869609486e+00  -4.2886653053e-01  6.2295867336e-01  -6.3680131317e-01  5.1073091335e+00  5.6285011315e-01  4.3820550425e-01  -1.2322037757e+00  1.0407458522e+00  
-1.1501439810e+00  -1.6908258874e+00  2.4024204939e+00  -7.9412947149e-01  2.0697184385e+00  1.0965312613e+00  4.7226524777e-01  5.1880575523e+00  1.4674493873e+01  -2.2203494285e+00  2.8777456431e+02  4.9531521885e-02  1.0593629496e+00  -7.1094603710e-01  2.4725515151e+01  -2.6017945761e+00  5.0982867987e+00  -1.0550761518e+00  6.0880685105e-01  -1.7493522899e-01  9.1122107278e-01  2.6641542687e+00  4.1823538453e+00  -9.5823586941e-01  5.6080032130e-01  
-1.0501420498e+00  -3.2435251089e+00  1.0961301790e+01  -1.3273336000e+00  4.7715121525e+00  1.2122730834e+00  5.0919430206e-01  4.3510008391e+00  9.8784803461e+00  2.8855953642e+00  5.3479885992e+01  4.9070267050e-01  1.8046464785e+00  8.7923523691e-01  2.2335926387e+01  3.9774998876e-01  1.6653931349e+00  -5.0758163398e-01  6.2226818322e-01  -5.1164472457e-01  1.2443035737e+00  -3.7043799557e+01  1.8880281539e+03  1.5002033201e-01  1.1322982537e+00  
-9.5014733076e-01  -1.8312059357e+00  4.4416609638e+00  -1.3122272923e-01  1.5041813882e+00  1.0733920212e+00  3.0783652452e-01  1.9159884555e+00  1.0503185089e+00  4.0542001243e+00  4.0275461529e+01  5.4737775771e-01  1.9961926564e+00  2.2776683808e-01  8.4570091799e-01  -1.9624022019e+00  3.4533682613e+00  8.1545360584e-02  4.8896701393e-01  -6.5977363559e-01  4.9262605177e-01  -4.9893098021e-01  8.7007667009e-01  2.8126192913e+01  7.1829336078e+02  
-8.5014104843e-01  -1.6411151779e+00  2.8650944303e+00  5.5843042570e-02  7.0717979018e+00  1.0613862469e+00  4.2031092342e-01  2.7175880981e+00  2.6251332654e+00  2.3538644901e+00  4.8879301710e+00  -6.2857041179e-01  1.1254177700e+00  1.8197514776e-01  6.6725848368e-01  -1.3896683195e-01  3.9089080698e+00  1.1195942268e+01  1.6175871232e+02  -2.9534220782e-01  4.1381911658e-01  -5.5748226651e-01  1.0104299191e+00  -1.2293686955e+00  1.4023118991e+01  
-7.5017780066e-01  -2.1383730296e+00  6.3433513344e+00  -1.4200125976e+00  2.8089222773e+01  1.2196828726e+00  4.0527125069e-01  3.6598912824e+00  5.1560948716e+00  2.6289476024e+00  3.6219392966e+00  3.7544683510e-01  1.0297824872e+01  8.9499120773e-01  2.6710670375e+00  3.2317858636e+00  6.7126963968e+01  8.7613976454e-01  1.0461401251e+00  -1.0530544709e+00  4.3559527837e-01  6.1087828372e+00  1.1071766672e+02  -4.2124250990e-01  1.2716194040e+00  
-6.5013760328e-01  -1.0596374840e+00  2.1306782341e+00  7.4147650878e-02  4.8489633789e+01  1.1200087518e+00  3.0467770571e-01  1.8327401761e+00  1.0389201665e+00  7.5767957914e-01  4.6380582647e-01  -6.1229199946e+00  1.7780688303e+01  9.7079224345e+00  1.1098341188e+03  6.6993547546e-01  1.8715359179e+00  7.7178642821e-01  4.1635544848e+00  -6.3115406014e-01  3.9692815442e-01  8.7792014709e-01  1.8163195628e+00  4.6901848340e-02  8.8479179747e-01  
-5.5022335052e-01  -1.6731512191e+00  3.7216032005e+00  5.1793446170e-01  1.5832121871e+01  1.1483198429e+00  2.7371250802e-01  1.8360921657e+00  1.0206556821e+00  1.0951240632e+00  3.8586280434e-01  -2.4422107914e-02  6.3904832268e+00  -3.4614275410e+00  2.2793262753e+01  -2.8706423788e+00  6.1477157170e+00  -1.8672000792e-01  7.1938474823e-01  1.5914191041e+00  2.3249584041e+01  -3.2181218575e+00  4.0821595172e+01  5.2249414137e+00  3.4715071143e+01  
-4.5009875298e-01  1.7534590718e+01  9.8335676772e+02  3.9113715556e-01  1.6110647361e+00  1.0669709126e+00  2.5742931852e-01  2.3067630366e+00  2.0131869989e+00  9.1277016275e-01  2.7131616610e-01  2.6788109390e+00  1.0414966183e+01  -1.7070814721e+01  3.2885373614e+02  -7.8310824374e-01  1.0941756329e+00  -1.7610767900e-01  4.7568297529e+01  2.3815918015e+00  6.2580104666e+00  -2.0305772208e-02  3.6877662851e+00  -4.7830427433e+00  2.4583530061e+01  
-3.5013240576e-01  -2.8290716440e+00  2.1452621476e+01  -3.8778820906e-02  3.6237421095e+00  1.1312725686e+00  1.9935621356e-01  1.1140110666e+00  3.7403691151e-01  8.5494942841e-01  2.4779313770e-01  7.4742946957e-01  2.0937347977e+00  -1.4508793843e+00  1.6566782343e+00  2.0789509136e-01  8.7154150422e-01  3.0594148570e-01  6.8845545459e-01  1.0970408562e-01  1.1882023710e+00  2.3406843893e-02  1.0600388910e+00  1.4021402056e+00  3.0010522961e+00  
-2.5011765957e-01  5.6401274165e+00  1.0005536113e+02  1.6884175919e-03  2.1274903472e+00  1.2017267638e+00  2.7599418010e-01  1.7936632848e+00  1.4678257130e+00  6.3201741505e-01  2.8313812774e-01  -1.2744124483e-02  3.7625204133e+00  2.7254236374e+00  1.2917971355e+01  1.4882828358e+00  1.3508265196e+00  2.0753136503e+00  9.1346022587e+01  -5.6268970330e-01  9.5070303694e-01  2.2300017053e-01  2.0222086842e+00  7.7592420790e-04  3.0401879981e+00  
-1.5012714267e-01  -5.0851347409e+00  7.9448683897e+01  6.2608352296e-01  8.1211324108e-01  1.1410691899e+00  2.0799749057e-01  1.5976094306e+00  8.7028113053e-01  1.0188493121e+00  5.0279227163e-01  -9.9980764774e-02  4.6164217225e+00  -3.1435053391e+00  4.9143094251e+00  -5.3232573152e-01  1.4114202960e+00  -1.8837574395e-02  1.1558752442e+00  -1.4999573459e+00  2.2897463366e+00  -1.7927955701e+01  3.7949844704e+02  2.0611691543e-01  1.4612878167e+00  
-5.0177130848e-02  -1.5725822806e+01  6.3952914714e+02  8.1109876125e-01  1.3890538048e+00  9.2970694188e-01  7.9774219415e-02  9.0779528919e-01  1.5916043337e-01  7.3689227744e-01  3.3160303559e-01  1.6084081415e+00  1.7913531337e+00  1.0017932099e+00  1.5882529666e+00  -1.5026166498e+00  2.0216618431e+00  4.8007173889e-01  7.8317902479e-01  6.8839127652e-01  1.4545844302e+00  4.3978074281e+00  5.9202416068e+01  -1.1548568872e+00  6.3060630691e-01  
4.9864690751e-02  1.0000000000e+00  0.0000000000e+00  1.0000000000e+00  0.0000000000e+00  1.0000000000e+00  0.0000000000e+00  1.0000000000e+00  0.0000000000e+00  1.0000000000e+00  0.0000000000e+00  1.0000000000e+00  0.0000000000e+00  1.0000000000e+00  0.0000000000e+00  1.0000000000e+00  0.0000000000e+00  1.0000000000e+00  0.0000000000e+00  1.0000000000e+00  0.0000000000e+00  1.0000000000e+00  0.0000000000e+00  1.0000000000e+00  0.0000000000e+00  
1.4981286228e-01  -8.5619385698e-02  7.6572777140e+00  1.1351550352e+00  3.1981584222e+00  1.0757724433e+00  9.2146847527e-02  1.1022594164e+00  1.8907506898e-01  1.3622880357e+00  5.7172657028e-01  6.4555920942e-01  1.1618126703e+00  1.0452452962e+00  1.4929618924e+00  -5.0798312892e-01  7.4394962825e+00  2.2337261763e+00  4.9112462959e+00  1.7393943905e+00  1.0093670564e+01  2.1212463669e-01  1.0460594988e+00  -8.7212581159e-01  5.6720307037e-01  
2.4982172251e-01  -5.2787337303e+00  2.4053585915e+02  1.6822473361e+00  4.0962667270e+00  8.7693349827e-01  1.4849355507e-01  6.2982635987e-01  3.5474883716e-01  9.8647629566e-01  4.9138322471e-01  -5.3116885645e+00  5.1754067099e+01  -3.3459379601e-01  5.7007479373e-01  -1.7248369037e+00  2.9287313102e+00  -1.3093657799e+01  4.9238303374e+02  -6.0659368327e-01  2.1329967912e+00  -1.2827780097e-01  6.1371821015e-01  2.9942323025e+00  7.1217930096e+01  
3.4980839491e-01  1.1407523820e-01  4.0997058308e+00  3.2306986411e+01  9.1024830919e+02  8.3303641608e-01  1.8889703096e-01  5.6501239302e-01  4.6129568479e-01  1.5907122863e+00  9.2500829042e-01  2.5256194797e+01  7.7592095438e+02  4.0761773062e-01  5.3358870392e-01  6.8359284598e-01  6.4731642024e-01  1.4771193990e+00  4.5970837983e+01  -1.8950552484e+00  3.8045089654e+00  1.4099537497e+01  4.3065160361e+02  5.7076552121e+00  6.0172643368e+02  
4.4978463650e-01  -5.8207243707e-01  3.6328381514e+00  -3.5417002472e+01  1.3658532817e+03  8.8453429570e-01  1.5659073341e-01  8.9977825900e-01  3.0810677276e-01  1.1716997459e+00  3.3895440366e-01  1.4677137533e+00  2.7575092973e+00  -7.1325140962e-01  1.1030066101e+00  -2.6465239701e+00  3.5749426428e+02  3.2188110782e+00  1.2361811987e+01  9.5213086641e+00  4.3900292672e+01  -2.1770463591e+00  3.1894803752e+02  7.6408708879e-01  1.5142276802e+00  
5.4976344109e-01  -1.8629185237e-01  2.9747659961e+00  2.7985409573e+00  1.2903439564e+01  9.3834210430e-01  2.2115326525e-01  4.4037387697e-01  4.0404683409e-01  1.0976014354e+00  3.2992899691e-01  8.9599761291e-01  2.2558518675e+01  -5.0438134423e-02  4.9961765779e-01  -1.3043189028e+00  9.7578534051e-01  -7.2381203640e-01  1.4369178749e+01  2.9063425362e-01  7.2048899856e+00  -9.5891791962e+00  9.4994041279e+01  -2.4438863387e-01  1.2829066968e+00  
6.4975106716e-01  -6.7651088245e-01  2.4201116079e+00  1.8073593118e+00  1.9970945833e+01  8.7187803575e-01  2.0999968827e-01  5.4815198306e-01  3.1079909880e-01  9.1553351098e-01  3.2748811008e-01  -5.3422182462e+00  1.3765414377e+02  -3.0106240534e-01  8.3762835573e-01  -2.6198629849e-01  4.4854729506e+00  -5.5730179193e+00  2.2337675934e+01  9.7081096884e-01  6.1618229255e+00  -2.8344352637e-01  1.0709350416e+00  2.0457724711e-01  1.0946032047e+00  
7.4975842237e-01  -1.0456823490e+00  3.3189950566e+00  3.6765617697e-01  1.5590460948e+01  8.9420549347e-01  2.4003619568e-01  5.4907598223e-01  2.9840992225e-01  1.3320939814e+00  9.9324521605e-01  -1.6529132500e-01  5.6815349919e-01  -8.2935672587e-02  3.5414661130e-01  9.7783761147e-01  2.3466921678e+01  3.9058254120e+00  1.1090681614e+02  -1.5952161127e+00  8.4729137311e-01  1.2174911669e+00  2.1518266425e+00  1.4400332227e+01  2.0562682359e+02  
8.4966015816e-01  -5.5202627659e-01  1.8849881120e+00  -8.5593061862e-01  7.2006690703e+00  8.2170452309e-01  2.6450467582e-01  2.8221855072e-01  3.3435691281e-01  3.9365620625e-01  5.0808034270e-01  6.6972971033e+00  1.7784955404e+02  4.2975768000e-01  3.7808578166e+01  4.6663161228e-01  4.2260591560e+00  1.1775129983e+00  1.5412449602e+00  -9.5283653167e-01  3.7672196976e-01  1.3137744334e-01  7.1448703092e-01  -2.5169449126e+00  2.6248469909e+00  
9.4975405931e-01  -6.5635402934e-01  1.4774640506e+00  3.7130709075e+00  4.7835984995e+01  9.4490239632e-01  3.3545787467e-01  3.7472060698e-01  3.5290516123e-01  4.4748750570e-01  6.0993278717e-01  -1.6942546393e+00  3.4061917460e+00  4.8650919466e+00  3.6853025082e+01  -6.7984747549e+00  6.2493198196e+01  1.0551125136e-01  1.2245150127e+00  -3.6010868088e+00  8.3691596023e+00  -1.9379866078e+00  4.6375742161e+00  -8.0544960991e-01  2.9286975414e+00  
1.0496262312e+00  -6.2214281012e-01  1.9478891938e+00  -4.7875608209e+00  8.8883421627e+01  9.3319087874e-01  2.6292021081e-01  5.2505250441e-01  2.7982381692e-01  2.4146528011e-01  6.2700467638e-01  1.8618772419e+00  6.3026796283e+00  3.5589016877e+00  5.1832229643e+01  -4.5166115350e-01  2.6762237454e+00  1.2116270256e+01  1.3025640471e+02  -1.5296414289e+00  9.1840999516e-01  -2.2667380786e+00  1.0393203940e+01  9.0376676383e-02  2.0126136651e+00  
1.1496769190e+00  -3.7606963142e-01  1.3798799011e+00  -5.1778918976e-01  1.7697429923e+01  8.2765430665e-01  3.1755174186e-01  2.4356624593e-01  3.2198188640e-01  5.7357137251e-01  1.0215422575e+00  2.1071632435e+00  1.1675135348e+01  2.7875925437e+00  2.8312253871e+01  3.2136832036e+00  1.2417286347e+01  -2.1233138143e+00  7.3753842993e+00  -1.9431686041e+00  1.1072268944e+01  4.7437157155e-01  1.1086799488e+00  4.0806624479e+00  1.0417287261e+02  
1.2496384382e+00  -6.2375989219e-01  1.1910481918e+00  -1.3863004600e+00  3.1572167388e+00  9.1516223805e-01  3.5900157716e-01  2.0946640719e-01  3.3403799614e-01  2.9998714290e-01  8.6528356101e-01  2.2309845764e+01  8.2708012216e+02  -8.1454284059e-01  1.1839182448e+00  -4.0235517022e-01  4.8536957501e-01  -9.5451319657e-01  5.6461394703e-01  -5.2636197587e+00  9.6952791145e+00  3.9039613876e-01  5.0144386229e-01  -1.0511652445e+00  6.3880595725e-01  
1.3496539593e+00  -2.0115538342e-01  2.1815228253e+00  -4.3463731696e-02  2.4437122949e+00  8.6442479431e-01  4.4158179500e-01  3.1210850764e-01  3.3465032465e-01  7.1344879124e-01  7.5956345045e-01  4.2350301448e-01  4.3202829043e-01  9.8585935394e-01  9.2528099222e-01  2.6218037116e+00  9.4245364616e+00  -3.1659785404e+00  3.9001265654e+01  -1.4309157857e+00  5.4220265190e+00  1.8001348270e+00  1.4747302885e+00  -8.2212741148e-01  6.2937433967e-01  
1.4496130943e+00  1.1069948830e-01  1.6063493266e+00  8.9119405051e-01  1.2125016619e+00  8.7447309951e-01  4.2628817994e-01  1.2583580627e-01  3.0368481868e-01  6.5727336076e-01  1.5527649821e+00  1.1264441125e+00  9.0827825898e-01  -1.0583354696e+00  1.0911643750e+00  -3.3527454852e+01  4.7636670231e+02  3.0534398680e-01  1.2338915016e+00  -1.1467306263e-01  1.0456616046e+00  4.0778389721e+00  1.8962790625e+02  -3.9766250574e-01  1.1724013846e+01  
1.5495617390e+00  1.7481908138e-01  1.4324289502e+00  -2.8961589890e-01  8.4478589854e-01  1.0801580215e+00  5.1944772419e-01  2.1043442625e-01  3.5152381272e-01  3.0182114239e-01  1.1036881473e+00  5.7331766819e-01  3.6548815033e-01  -1.5853405147e+00  1.8679883439e+00  1.9275607704e+00  4.2585295634e+00  -5.1406742750e-01  9.5890598932e+00  -1.0209670120e+00  3.0470626484e+01  -7.3230314705e-02  7.8486764659e+00  -1.1659576591e+00  5.6380801188e-01  
1.6495829821e+00  2.1401082717e-01  1.0399471331e+00  -9.5180657685e-01  2.2669124191e+00  1.1656072744e+00  5.2769485934e-01  4.2872879231e-02  3.7869410465e-01  3.0973134494e-01  1.0368074335e+00  6.3318705968e-01  5.0957072456e-01  1.1675751602e+00  1.0718015979e+01  -8.7773587456e+00  2.8751133789e+01  3.9369513887e-01  1.2711684420e+00  1.7090113162e+00  8.1475266271e+00  -1.0700102175e+01  2.3458182561e+02  9.7653628807e-01  3.3033821008e+01  
1.7496936321e+00  3.7201299014e-01  7.0801724966e-01  1.5904826826e+00  1.1014827364e+01  1.2075357505e+00  5.6877716242e-01  -5.5368401050e-02  3.6010892778e-01  -1.5897860363e-01  9.5375475257e-01  4.2329227283e-01  2.9435657242e-01  1.3906641153e+01  2.7598085780e+02  1.9069538820e+00  3.6616038266e+00  3.7814632835e+00  6.5114366918e+01  -3.2421059919e-01  2.7968235677e+00  -1.8141861393e+01  9.5855776849e+02  -9.4261767591e-01  5.8564690869e+01  
1.8496018648e+00  1.2563907122e+00  8.6789752132e-01  2.1761732910e-02  3.0566757218e+00  9.3617771947e-01  5.2866302336e-01  -2.4522951241e-03  3.3638696295e-01  -2.8625346008e-01  1.2941331631e+00  7.5498571944e-02  3.1943385152e-01  2.5665498999e+01  1.3370365777e+03  -8.6300699621e-02  1.1109427782e+00  1.5368009658e+00  1.5611916335e+01  2.6664595452e+00  9.0757183273e+00  -4.4298367535e+00  5.4690702360e+01  -1.3256501590e+00  2.4238560988e+00  
1.9495365620e+00  1.3649970869e+00  8.0174561873e-01  7.4116803426e-01  8.5907129950e-01  1.0693194495e+00  6.3553856870e-01  5.1454176369e-02  4.2622878886e-01  -4.7118939237e-01  1.3303904514e+00  8.1938953686e-02  3.4374745311e-01  1.2039111934e+00  2.2017700054e+01  8.6906266288e-03  1.2656146680e+00  -2.6305987396e+00  3.2430777509e+00  -1.2318502338e-01  1.3686275263e+01  -3.5127166954e+00  2.7382434713e+02  -2.6318257989e+00  1.4741252381e+02  
2.0495648384e+00  1.1935123373e+00  5.2311389293e-01  8.3997512228e-02  2.3106389775e-01  1.1399789527e+00  5.9315865285e-01  8.7925692927e-02  3.5888719638e-01  -5.7118984620e-01  1.1055981992e+00  9.5322847667e-02  3.0926793079e-01  1.4320826588e-01  2.1445591012e+00  -6.1892185003e-01  2.4494198253e-01  -4.3953672365e+00  4.8261337385e+00  -1.4009487368e+00  3.1641391974e+00  -3.6595785348e+00  5.8052945367e+00  -8.7327957608e-01  7.0759080021e-01  
2.1492271423e+00  1.0048188673e+00  4.4727122192e-01  -2.6693371486e-02  2.2569399929e-01  1.2321423996e+00  6.2885210504e-01  5.6934563504e-03  2.8994759145e-01  -2.7526137593e-01  8.7526815151e-01  -6.1542163875e-02  1.9744680884e-01  3.0327098902e-02  1.3634774582e+00  2.1953498286e+00  4.2858790499e+00  6.1393861492e+00  1.9048394600e+01  -4.9210957244e-01  1.2129939562e+00  -4.8840824819e+00  2.2390233859e+01  -6.8484220461e-01  6.1144864024e-01  
2.2494320869e+00  1.0038769649e+00  4.4301833565e-01  -2.8344186291e-01  2.4705801879e-01  1.2817420420e+00  6.9491802260e-01  8.6045742770e-02  2.3708687003e-01  -2.5860076330e-01  1.1886605518e+00  -1.0075429149e-01  1.0637433304e-01  5.2835014666e-01  2.5043639892e+00  4.7905378828e-01  6.9704653724e-01  1.1662680015e+00  5.3315393931e+00  -1.3093785631e+00  2.5630196023e+00  -3.1321795303e-01  8.0906209215e-01  -2.7645804672e+00  3.8675219394e+00  
2.3494229317e+00  8.0780877350e-01  4.0170763376e-01  8.5248429792e-02  2.7179631299e-01  1.1035336835e+00  6.8507816947e-01  2.2942037344e-02  2.6673940345e-01  -1.0089570740e-01  1.1945617450e+00  -1.0887554063e-01  2.6688141738e-01  5.1937714518e-01  1.0199342760e+00  1.4965915681e+00  1.6821747485e+01  -1.8921841147e-01  1.9942106794e+00  -1.0914680406e+00  1.1342120331e+01  -1.3465351245e+00  1.0784260295e+01  -7.0989974765e-01  1.4667570343e+00  
2.4492893219e+00  7.0558193039e-01  4.4839540455e-01  2.7461513030e-03  2.2750155922e-01  1.1314946165e+00  7.9597629846e-01  5.1892461918e-03  2.1652375733e-01  1.7258820729e-01  1.1068107898e+00  9.3725208359e-02  1.4416440463e-01  -4.8868670443e-03  1.1836656955e+00  4.9797888052e-01  5.3774805145e-01  -7.0685275588e-02  5.5766902222e-01  -1.1022102808e+00  4.9799810921e-01  3.6724481537e-01  9.7296148579e-01  2.9160948324e+00  1.2605202993e+02  
2.5492861271e+00  5.7361960684e-01  3.4082899570e-01  -3.5383678968e-03  2.1072589326e-01  9.3347163371e-01  7.0463829971e-01  -7.6170655965e-02  2.3277873675e-01  -1.7392862748e-01  9.0922365946e-01  -2.1527514846e-01  1.6791272014e-01  1.9776103368e-01  7.2938963326e-01  -1.0507754811e-01  4.1432295527e-01  2.8075867372e-01  4.0575739139e-01  -1.1653683281e+00  4.8716146818e-01  -7.8360649341e-01  1.2367205499e+00  -4.4560694727e-01  5.3996980816e-01  
2.6491901875e+00  4.0577168052e-01  3.2831183625e-01  -1.2045714067e-01  2.2703162523e-01  1.2713815741e+00  7.7409503814e-01  -1.2814095118e-01  2.7160144113e-01  -3.9707370108e-02  9.9134801392e-01  -6.4562137029e-03  1.8566859052e-01  -5.7284805970e-02  7.0580046107e-01  -6.1373879676e-01  7.0812856884e-01  6.1766380194e-01  5.4294440363e-01  -5.9186362717e-01  6.9736792308e-01  -1.6265958557e-01  6.3556517886e-01  -8.0087852774e-01  3.8443031102e-01  
2.7490909100e+00  2.3797682111e-01  3.0764170551e-01  -2.0913098093e-01  1.8679627120e-01  1.2741149464e+00  8.4501796710e-01  -2.8270185832e-01  3.0201182271e-01  -3.6725985855e-01  9.7765942123e-01  -5.9864705363e-02  2.2571359368e-01  -5.4126860963e-02  7.9913326238e-01  -4.6417590404e-01  7.3546355142e-01  -1.0752154146e-01  7.5598908030e-01  6.5663015995e-01  9.7596096268e-01  -4.5924625757e-01  7.2488314271e-01  -8.9608512260e-01  6.0540819716e-01  
2.8490631580e+00  1.8863081385e-01  3.3639838163e-01  -1.6013963296e-01  2.1051778701e-01  1.3183057538e+00  8.9839587472e-01  -7.0692449734e-02  3.0817455731e-01  -3.1310231063e-01  9.5765278992e-01  -7.9458529450e-02  2.6831599293e-01  2.1156239665e-01  8.9320066155e-01  -5.3506676667e-01  6.3179708423e-01  2.1217630894e-01  9.1155446203e-01  -1.3100872934e+00  5.4849984840e+01  -8.2115937263e-01  8.1101727263e-01  -4.2854090378e-01  3.8898771180e-01  
2.9490144253e+00  1.6876618335e-01  3.8109333054e-01  -1.9392969613e-01  1.6612373560e-01  1.5176984821e+00  1.0697732176e+00  -1.0685543240e-01  2.3533062270e-01  -4.5547197465e-01  1.3132707776e+00  2.4103966290e-01  3.5565971115e-01  9.8873778573e-01  1.0766224680e+00  -5.1937062342e-01  6.7722808556e-01  2.2478173151e-01  1.2745276734e+00  -2.6637935989e-01  1.0870403034e+00  1.0077011948e+00  1.4367220807e+00  8.9435532192e-01  2.1502823287e+00  
3.0490176678e+00  3.1583972238e-01  3.8517195787e-01  -2.7367431606e-01  1.1933120939e-01  1.2762799712e+00  1.2098387707e+00  -8.2280255337e-03  2.2385062167e-01  -6.1904053781e-01  1.0779183827e+00  -7.9390627681e-02  3.3515361614e-01  1.6858266198e+00  2.1258292917e+00  -5.5229938444e-01  1.8910585828e+00  -5.4744436237e-01  1.1256306599e+00  2.1724655671e-01  1.3081660852e+00  1.8272000320e+00  1.1906832889e+00  1.2351760251e+00  1.0463301402e+00  
3.1489217281e+00  2.0619708099e-01  4.7011617133e-01  -2.5077284890e-01  1.3557377331e-01  1.6094415091e+00  1.5102615300e+00  -1.0799555043e-01  2.4092432918e-01  -8.9600251577e-01  1.3549458348e+00  1.7406580593e-01  2.6490454411e-01  1.2839145023e+00  1.6893894243e+00  -7.3799265228e-01  3.2112656882e-01  1.3570676312e-01  1.0518153913e+00  -4.1215190646e-01  1.8551945587e-01  3.0027808316e-01  1.8773049145e+00  2.2523265778e-01  5.2563373127e-01  
3.2487487793e+00  2.9376409210e-01  4.6982567998e-01  -2.5980391468e-01  1.6528851231e-01  1.8680247616e+00  1.5434217033e+00  7.8433701470e-02  2.1218767850e-01  -7.8454288346e-01  1.4370011719e+00  -1.5179113359e-01  3.5123950707e-01  1.7401294060e+00  1.6894767014e+00  -3.8107444728e-01  3.2038875857e-01  2.6823312673e-01  1.3268704409e+00  -3.4932847022e-01  3.2666502024e-01  -9.0888619651e-01  2.2249858499e+00  -6.1619783782e-01  8.6391687198e-01  
3.3487484455e+00  3.9416373097e-01  5.1838496087e-01  -3.4009504906e-01  1.9494401403e-01  1.9984552308e+00  1.7220343855e+00  -6.7803537730e-02  2.9883176027e-01  -6.2355508616e-02  1.6203670822e+00  -2.8961545715e-01  4.8220765416e-01  2.5669521176e+00  3.2372956011e+00  -1.4307926462e+00  1.1259142101e+00  -7.4358612244e-01  2.4355214236e+00  -1.3318721716e-01  9.3534853195e-01  5.9068263841e-01  1.6526341922e+00  -1.7331716058e+00  2.1871233844e+00  
3.4485759735e+00  2.3171072511e-01  5.5933226467e-01  -3.6125664864e-01  2.1901574583e-01  2.4222063989e+00  1.7651517468e+00  -3.1813330324e-02  2.6603474178e-01  8.0206848763e-01  1.9012089736e+00  -6.6644126020e-01  2.9929788990e-01  3.3548906834e+00  2.5634418389e+00  -7.9208520659e-01  7.0699828778e-01  1.6872006560e+00  2.8038453180e+00  -1.2487311655e+00  8.8436681855e-01  -1.3656014977e+00  2.4222408902e+00  -1.0103861498e+00  5.5777111982e-01  
3.5489470959e+00  1.4407983400e-01  6.2979241711e-01  -5.0407450032e-01  2.4194096721e-01  2.3710108041e+00  1.9106167635e+00  -2.1920263111e-01  2.3795530897e-01  1.5807281630e+00  2.0092951797e+00  -1.4003289819e-01  3.2447904183e-01  1.2172174076e+00  2.0364269813e+00  -4.4468775152e-01  5.1355219273e-01  1.8584521313e+00  3.4406989598e+00  5.1894523094e-01  1.1095814887e+01  -6.3732034673e-01  2.5234098080e+00  -8.5826713479e-01  4.0547979731e-01  
3.6487202644e+00  2.7511688505e-01  6.7209072675e-01  -3.0959063948e-01  3.2246512599e-01  2.6414217246e+00  2.3005487145e+00  -3.6011380963e-01  1.9855150000e-01  1.8297509456e+00  2.6111634492e+00  -5.9389532206e-01  4.8913944841e-01  2.2589561788e+00  2.3035733063e+00  -9.3738256934e-01  3.5624254051e+00  5.1659210675e-01  3.0334020729e+00  -5.2252514226e-01  7.2461973049e-01  -1.2064031128e+00  2.1361504250e+00  -1.3587940967e+00  1.5102317066e+00  
3.7488486767e+00  4.3242458439e-01  7.4315052344e-01  -3.3669797921e-01  4.3542784027e-01  2.2777500895e+00  2.4477279073e+00  -2.8482587606e-01  2.2464519474e-01  1.8196214345e+00  2.8806879210e+00  -1.0986312689e-01  2.5157122116e-01  1.7085481230e+00  5.5510918208e+00  9.1223004443e-02  1.1757889874e+00  4.4499972704e-01  2.5332519912e+00  -2.4561244842e-01  9.7726771230e-01  3.1665112017e+00  1.2182090749e+01  -9.0544285538e-01  4.8780563470e+00  
3.8486776352e+00  6.3965449382e-01  8.7833658695e-01  -3.9450009523e-01  5.0785443721e-01  2.3156366312e+00  3.1328650757e+00  -2.9525385198e-01  1.9074327552e-01  1.8230020354e+00  2.3932205391e+00  6.6920062432e-01  4.6079769719e-01  3.8550838145e+00  1.0661909793e+01  -1.3862256930e+01  2.1366113614e+02  -3.9654479526e+00  9.0786834933e+00  -2.2658207574e+00  3.4882819417e+00  4.5974714363e+00  1.5330400723e+02  1.4717032264e+00  2.4153469480e+00  
3.9489197731e+00  4.8797888316e-01  1.0938431655e+00  -3.5197023675e-01  5.4419153033e-01  3.3925607349e+00  3.7468097158e+00  -5.7560809978e-01  2.7430548810e-01  1.2849145044e+00  3.7324823127e+00  3.9357215327e-01  9.0411525430e-01  1.3634067730e+00  7.2165843182e+00  -1.4462158945e+00  1.8713591021e+00  2.8060161633e+01  4.7584861773e+02  6.7307790805e-01  1.0597210166e+01  -8.8459259591e+00  9.5261478478e+02  -2.3086624618e+02  1.0313084419e+04  
4.0485763550e+00  6.3265760012e-01  1.3405801476e+00  -1.4881883353e-01  5.9581325333e-01  2.8079537179e+00  4.4315878816e+00  -4.9272411330e-01  3.0639747140e-01  1.1396114571e+00  6.8410748917e+00  1.3800407365e+00  1.4915567225e+00  4.3251873200e+00  4.1915226587e+00  1.9141113783e-02  1.9211506498e+00  5.6433916319e+00  7.5268024373e+00  -1.2823128970e-01  2.3176078599e+00  5.7059320123e+00  1.8609920635e+03  -4.8379001511e-01  5.6354768043e-01  
4.1481628418e+00  1.0706379549e-01  1.8283539203e+00  -1.6074154889e-01  9.2251119495e-01  5.4553719935e+00  4.9184817550e+00  -5.5027339349e-01  3.3793357300e-01  -2.3919416548e+00  7.3855180681e+00  -1.6487003575e-01  2.5460146551e+00  -1.3673309846e+01  2.9157257737e+02  3.8441943370e-01  2.0634557285e+02  -4.6040716021e+00  1.3045256693e+01  -1.4095053036e-01  2.5521856034e+00  -2.2734862550e-01  3.3778514311e+00  -3.2501760280e-01  1.6612900173e+00  
4.2481327057e+00  2.9372805457e-01  2.1067426210e+00  2.7283848196e-01  3.3941582389e+00  5.4885409637e+00  4.7573190981e+00  -2.9414287130e-01  3.7251117445e-01  1.6481659181e+00  6.8552310774e+00  -3.6814848651e+00  8.2144544870e+01  4.8287474714e+00  2.3592625131e+01  5.7446187066e-01  4.3676769124e-01  4.0290466232e-01  3.7905383334e+00  9.1796823102e-01  2.3986342521e+02  -9.4051396990e-01  1.7632455469e+03  1.3528177880e+01  2.0131805888e+02  
4.3477625847e+00  -9.0219792569e-01  3.1510194407e+00  3.3528710915e-02  1.5569039389e+00  1.1623650925e+01  5.9672532998e+00  -7.1994902532e-02  4.8383287490e-01  -8.1573519453e+01  1.2538171938e+03  -5.4939893701e+00  3.3264127723e+01  2.5809139061e+01  1.8136227891e+02  1.4432682253e+00  1.2480801780e+01  5.7626552922e+00  4.1466219777e+01  5.3601326583e-02  2.9395978687e+00  1.2202837894e+00  2.8898387708e+00  6.6096663595e-02  1.8766722978e+00  
4.4475345612e+00  -1.1489811492e+00  3.4252387513e+00  -2.5292524975e-02  1.1436365618e+00  1.5638909137e+01  2.0765669189e+01  -1.0605011660e+00  9.7118075534e-01  1.0991745871e+01  8.1962102064e+01  5.2078223964e-01  7.6967231689e+00  4.1363797768e+01  1.0285173699e+03  1.3678616595e+00  2.5151871909e+01  1.6275517059e+01  1.2122154369e+02  -1.3475052645e+00  2.7200082818e+01  -1.6087862221e+01  1.7977629734e+01  -5.1036771794e-01  2.6480730913e+00  
4.5475296974e+00  5.4283060852e-02  3.4935698669e+00  -4.7424587419e-01  1.9464037869e+00  1.7322196546e+01  1.9352296463e+01  -3.6966935147e-01  8.4616545260e-01  3.3798160657e+00  7.1275016365e+00  -8.6983151199e+00  2.7888900151e+01  1.2414415835e+00  1.3221530398e+01  1.5976321731e+00  2.8241885261e+00  -1.0940531629e+01  4.1708275750e+01  -2.1350663811e+00  1.5828934353e+01  4.3926004772e+00  4.2403632735e+00  -1.1501046917e+00  6.3958318296e+00  
4.6473631859e+00  -7.6479977932e-01  5.6075571613e+00  2.2549985251e+01  4.5313183175e+02  5.8711220689e+00  6.6133077790e+00  -3.8587766866e-01  6.5041691481e-01  -3.7990300398e+00  5.0057757680e+00  -3.6674968057e-01  6.5283028156e-01  -6.6420483891e+00  3.0199487565e+01  -1.8189408129e+00  1.2667223190e+00  1.2751629183e+00  8.7216150203e+00  2.0141920202e-01  3.1539518481e+00  8.4149677454e+00  5.4420071867e+01  -1.6935951556e+00  8.4237371588e+00  
4.7471003532e+00  -1.9955271693e+00  4.4136498275e+00  7.8862664896e-01  1.4947422472e+00  8.1735929196e+00  9.0724628132e+00  2.5494088798e-01  1.3089160748e+00  6.8666165136e+00  1.6955560106e+01  6.0691428120e-01  4.2085191789e-01  -1.3999280214e+00  2.4755061758e+00  -8.9549161203e-02  1.9662293043e+00  -4.1060760750e+00  6.8628787231e+00  -1.6074964670e-01  6.4131959757e-01  -3.4278763048e+00  1.8536077700e+00  -2.5111399744e+00  3.9564230906e+00  
4.8464174271e+00  -2.6455048836e+00  4.9309137224e+00  2.1257730926e-01  2.3267144360e+00  -2.6490920770e+01  1.0112601878e+02  -6.0275018009e-01  4.0591631406e+01  -3.4232961081e+01  9.7400364397e+01  6.1044222568e+00  2.0727503863e+01  -7.9135799445e+00  2.4752139395e+02  -2.1554663393e-01  3.8583772520e+00  -1.7537698937e+00  6.9909625990e+00  -2.5530078100e-01  4.1492852502e+00  6.1807457081e+00  5.5456416002e+02  3.0983060559e+00  1.6787450387e+01  
4.9461140633e+00  -1.9181154866e+00  7.6845882320e+00  2.9907436877e+00  6.0599003629e+00  4.1452113871e+01  1.5551757210e+02  3.2809269168e+00  1.2244432016e+01  -2.7305388681e+01  2.8104047394e+03  9.6230291894e-01  3.9350473543e+00  -2.6910447695e+01  4.1219890586e+02  -1.4279354106e+00  1.2632537495e+01  4.4206535346e+00  1.0395600732e+02  2.6166494024e+00  4.6344133222e+01  -1.1636778781e+00  5.1094691444e+00  -8.2127908133e-01  6.1520029676e-01  
5.0454874039e+00  -2.7691311837e+00  1.0817337347e+01  4.9872498963e+00  5.6538645877e+01  1.4445242768e+01  6.2433135164e+01  -3.0610451082e-01  1.7130623844e+01  1.2063969990e+01  3.0712087564e+02  2.1736299914e+00  3.0425730023e+00  -6.8681053926e-01  9.5602845944e+00  1.4734486005e+00  7.5334894752e+00  -5.7092690081e-01  4.7135829713e+00  7.8561068568e-01  6.7885833103e-01  -6.1191100850e+01  6.3106060723e+02  7.0455999415e-01  1.3211603482e+00  
5.1459898949e+00  -1.4110781049e+00  4.1273145680e+00  -6.9167333426e-01  8.9805297519e+01  3.0283759928e+00  2.3401960014e+01  -1.1203005683e+00  1.3854502926e+00  -1.6870568361e+00  3.0681134216e+00  -6.5185945328e+00  5.6703800463e+01  1.9000683683e+01  3.7035427204e+01  3.7350237924e+00  6.0683148975e+01  -4.6786449370e+00  9.8063112425e+00  -2.7942732429e+00  5.9010114625e+00  -4.3485132001e+00  8.2322297654e+01  2.5066691284e-01  8.6416416201e-01  
5.2419447899e+00  -2.6596221081e+00  1.7032156658e+01  4.2692371360e+01  4.7202465928e+02  2.5664090295e+00  1.4108412946e+01  1.1968475675e+00  1.7546521534e+00  1.6132750547e+01  7.5678667880e+01  -1.1616951447e+00  2.5561207985e+00  1.6147909292e-01  8.2664556505e+00  -8.3471440083e-01  5.3350260561e+00  -1.5747818724e+01  1.9291393081e+01  1.8837819969e+00  2.3805725670e+01  -1.0273832069e+00  3.1305590166e+00  -2.8698557760e+00  1.4182693601e+01  
5.3419609070e+00  -4.3627747942e+00  1.1669617833e+01  -3.2885153201e-01  6.6920235558e-01  -4.0214904505e-01  1.1738079314e+01  8.5479701514e+00  3.6329199908e+01  3.9610040483e+00  1.7200918386e+01  -2.2509488726e+00  4.5195718268e+00  1.9131809907e+01  4.0815751990e+01  -1.3689958281e+01  1.8874482530e+02  1.5462653670e-01  4.2716916866e+00  1.9212624305e-01  1.1700809384e+00  -2.4471615312e+01  3.6002479555e+01  -2.8592491539e-01  2.7430994871e-01  
5.4387145042e+00  -3.7365004887e+00  9.9796517731e+00  8.9871306723e-01  4.8779505320e-01  -1.3407537023e+01  9.0441687197e+02  2.9832784961e+01  4.2875733681e+02  -8.0566815567e+00  3.0903769903e+01  1.0937873359e-01  9.7334479955e-01  -5.8056424239e+00  1.3117862999e+01  1.8794601685e-01  2.4434995706e+00  1.8252978695e+01  9.6480926935e+01  -8.0489749888e-01  2.2519854036e+01  2.1393912195e+00  8.4638548267e+01  4.8618382954e+00  8.8504834640e+01  
5.5361509323e+00  -3.6027069658e+00  5.1823891885e+01  -8.5422962518e-01  2.8982578152e+00  -1.7166006840e+00  5.2280975690e+00  -1.9039889903e+00  1.1627448012e+01  -1.3191722600e+01  1.1902273792e+01  2.6861241130e+00  9.8657273615e+00  -1.5936531256e+00  6.3012602355e+00  -3.2134266435e-01  1.4881734204e+00  -2.7535806099e+00  4.7878617156e+00  -1.1119383207e+00  4.8995202766e+01  4.1209146578e+01  3.8888174820e+02  2.6629588107e+00  1.0047332276e+01  
5.6332583427e+00  -6.1825301835e+00  2.2734479929e+01  5.3388827820e-01  1.2747463020e+01  -7.7208585127e+00  1.1416527779e+01  -1.3008794942e-01  2.4270214606e+00  2.4880455362e+01  6.0477302757e+01  3.9995842169e-01  2.4826363385e-01  -6.8774339227e+00  1.2457344324e+01  6.5572424234e-01  2.9153400578e+00  -2.6475451942e+02  2.2161241273e+04  2.7531034732e+00  9.0539386799e+00  -2.3925751626e+01  6.9120174831e+01  -1.1331632606e+00  1.4577174720e+00  
5.7302265167e+00  6.4804390360e+00  4.5150806037e+01  2.5449322160e-01  6.4701468135e-01  -3.7501574978e+00  2.1710636341e+01  -1.8916781136e-01  7.8081844551e-01  3.5691196471e+01  6.0375118112e+02  8.8867210594e-01  4.0782016760e+00  3.6072939071e+01  1.0038817602e+02  8.4062761713e-01  4.3796639535e-01  -1.2360366622e+01  1.9207430077e+01  -3.0998695710e+00  2.4422027216e+01  5.1218142957e+00  5.0439350558e+00  3.1828522309e-01  3.8610782897e+00  
5.8290877342e+00  -8.2284496532e+00  3.5647485616e+01  5.8617818263e-01  9.1621515851e+00  4.7152775157e+01  2.0885700290e+02  -1.4973816624e+00  7.1572540090e+00  -1.3387030229e+02  1.9313105444e+03  -5.8393500301e+00  1.2024054537e+01  1.2298083650e+01  2.2042300271e+01  5.3840516024e+00  3.0214420819e+01  -4.3935065448e+01  2.3440734897e+02  -2.1181162701e+00  7.5647269213e+00  2.7448801532e+00  1.0096357567e+01  5.0224634800e-01  7.9201541849e-01  
5.9284439087e+00  1.4308713073e+01  4.0198955857e+01  9.3970505701e-02  8.7039562970e-01  -1.1496006418e+01  5.3212540190e+01  -2.0239464494e+00  5.4470618592e+00  -1.5611298537e+01  2.1972932870e+01  2.7002796877e+01  4.8322995854e+02  -3.7846995164e+00  1.8766507343e+01  -1.1017138105e+00  9.3846365847e+00  5.2473088574e+01  1.4188802959e+02  -8.7344650538e-01  6.1766260961e-01  4.6074457439e+01  2.3790588357e+02  4.6864340315e-01  1.9992127358e+00  
6.0231499672e+00  -3.2190293773e+01  4.3412325003e+02  7.0895245456e-01  3.2743818169e+00  -1.7369904070e+01  2.1215905955e+01  6.2674213897e-01  1.3411206612e+00  1.3164611040e+00  1.1442540950e+02  7.8436659117e-01  3.6501890752e+00  7.5841132025e+01  9.6735550618e+02  6.5501816597e-01  5.9410096810e-01  2.9856957550e+03  2.1744860140e+04  7.9793590333e-01  1.0095636045e+00  -7.5481130046e+00  2.2539277681e+01  -1.5919481586e+00  1.7451870162e+00  
6.1184048653e+00  2.3489417234e+01  3.2694393933e+02  9.4779966806e-01  1.0720062408e+00  2.0026646246e+01  4.1057823142e+01  -1.9074462428e-01  1.7179610795e+00  2.3780733687e+01  4.1105296492e+01  -3.7989319007e-01  3.1834813121e-01  1.6731053127e+02  7.1774922202e+02  1.4152461344e+00  1.2022207087e+00  6.4341394114e+00  3.9662022488e+01  3.1674187047e-01  2.2916496212e+00  -7.4593941830e+01  6.3906903846e+02  -9.8516922835e-01  3.4246990285e-01  
6.2141385078e+00  -7.1433013241e+00  4.2252918095e+01  1.6334969518e+00  1.9681675801e+00  3.4238641097e+02  1.1446297947e+04  -5.5178229411e+00  3.8348933495e+00  -5.0282460192e+00  2.4609675294e+01  1.0241334744e+01  1.7562630442e+01  -3.5436443491e+01  1.1413530043e+02  1.1194846214e+00  1.1841246925e+01  -2.2061353543e+01  1.6936852508e+02  1.7088780833e-01  1.2364607988e+00  -4.6801597368e+00  4.0597336358e+01  -7.6036090086e-01  8.2525265114e-01  
6.3139281273e+00  5.5810907929e+01  1.8070691674e+02  4.4129733576e-01  7.9437938098e-01  -8.7174334563e+01  1.7585804806e+02  -1.0644003541e-02  1.3719137037e+00  5.2986901344e+02  1.4979835440e+03  -2.3562753179e-01  4.5727916973e-01  -4.3717820386e+01  2.0701256114e+02  2.3780982987e+00  7.1755256818e+00  -3.9577533688e+01  9.9966857121e+01  4.7172027345e-01  6.5869202509e-01  5.0476342822e+01  1.6429973406e+02  -2.3324869517e-01  1.0396239133e+01  
6.4080886841e+00  -3.3599691858e+01  6.9322431464e+01  1.7740533321e+00  2.2238335913e+00  -3.1549901598e+02  1.8584367779e+03  3.0710181079e+00  4.1614290325e+00  1.2956153837e+02  3.3005669228e+02  -4.7661069629e-01  1.5239516453e+00  1.2662544838e+02  1.5340868157e+03  8.7638420805e-01  8.6965107352e-01  -3.6271168668e+01  9.4333632000e+01  4.3902108619e-01  2.4846082514e+00  -1.2425775485e+01  3.4477958988e+01  3.2467602373e+00  6.7780295269e+00  
6.5048303604e+00  5.6371838336e+01  2.2748696856e+02  1.5611636305e+00  4.7603301200e+00  -1.5739986016e+02  2.2263461380e+02  -3.8554019952e+00  2.9180222651e+00  -1.3908086222e+02  7.5881118463e+02  -2.3612301110e+00  5.5741997785e+00  4.8609297095e+00  8.4257415511e+01  -4.4153012472e-01  6.8035761695e+00  -3.0983137899e+01  4.8462966230e+01  1.7547724875e+00  5.4760861333e-01  -4.4964004383e+00  2.5241920682e+01  8.7093292120e-01  3.8201253789e+00  
6.6059150696e+00  -1.2241307981e+01  2.0458597318e+02  3.8765614763e-01  1.6073495954e+00  2.0979400403e+02  1.3842952405e+03  9.0351322637e+00  1.7953390308e+01  -1.1113211769e+02  1.3294622860e+02  -1.8551247032e+01  2.5975416210e+01  1.0936902267e+02  2.9875747675e+02  1.7642859491e+00  1.8661776315e+00  -5.6708515538e+01  1.0489293501e+02  5.0721488912e+00  7.3255792563e+00  -1.2414795041e+01  3.0150010586e+02  6.7422617336e-01  9.7097593673e-01  
6.7028322220e+00  -9.9170537067e+01  5.5686889970e+02  1.1037074469e+00  5.7686733006e+00  2.6698300393e+02  4.9373758956e+02  1.9841501629e-01  7.2459751597e-01  1.5878942582e+03  2.5668611523e+03  6.4316093368e-01  1.6291419295e+00  -8.4019471055e+01  5.2296688805e+02  2.0394728232e+00  1.8725867247e+00  2.7174593263e+01  8.6430939841e+01  6.6880941442e-01  1.2241031092e+00  -4.4341491076e+02  8.3965769660e+02  -1.2879553246e+01  1.4795385513e+01  
6.8024859428e+00  -1.5097129553e+01  1.8469614119e+01  1.4459485245e+00  2.2624939350e+00  -2.6569439130e+04  5.3123765372e+04  4.9974394777e-01  6.9893549567e-01  -1.6185730109e+00  4.0133588365e+01  1.1094955582e+00  1.3201936586e+00  4.3376632696e+01  5.2910322530e+01  -1.1167294569e+01  5.6994661574e+01  -3.5226841980e+01  2.0997790722e+02  2.7538341128e-01  3.7300139810e-01  1.4185110656e+01  1.4824437064e+02  4.6405814159e-01  1.0149352806e-01  
6.9033451080e+00  -1.8037723341e+16  8.6581072037e+17  -6.1697088217e-01  6.1697088217e-01  1.2160596690e+15  5.8370864112e+16  1.0629847631e+00  1.0629847631e+00  1.2777260823e+16  6.1330851951e+17  5.8629118873e-01  5.8629118873e-01  2.2527134334e+15  1.0813024481e+17  -6.6533573492e-01  6.6533573492e-01  -5.5653644897e+15  2.6713749550e+17  1.8062656397e+00  1.8062656397e+00  7.2967721113e+14  3.5024506134e+16  -8.2938733483e+00  8.2938733483e+00  
