#pT  dN/(2pi dy pT dpT)  dN/(2pi dy pT dpT)_err  vn[2]  vn[2]_err
1.0814681649e-01  6.3586924621e-01  8.4175876163e-03  0.0000000000e+00  0.0000000000e+00  4.1474122554e-03  6.4198896289e-02  1.8855398521e-02  1.5326292254e-02  0.0000000000e+00  0.0000000000e+00  2.4074902758e-02  1.3652661815e-02  0.0000000000e+00  0.0000000000e+00  
2.0385630429e-01  6.4988792495e-01  8.3600318435e-03  2.5964776054e-02  6.7108059302e-03  1.9442737103e-02  9.2920009047e-03  0.0000000000e+00  0.0000000000e+00  0.0000000000e+00  0.0000000000e+00  0.0000000000e+00  0.0000000000e+00  1.0573375970e-02  1.7281660810e-02  
3.0225896835e-01  6.2157857799e-01  7.4358128530e-03  1.1744461022e-02  9.7679635510e-03  1.9683243707e-02  5.8116163127e-03  0.0000000000e+00  0.0000000000e+00  1.2905810028e-02  9.6761053428e-03  2.1044477820e-02  5.6308214553e-03  0.0000000000e+00  0.0000000000e+00  
4.0145599842e-01  5.8595382487e-01  6.7900762718e-03  3.0525458977e-02  3.6679010373e-03  2.0644906908e-02  4.6458323486e-03  1.3151493855e-02  7.2078281082e-03  1.0426726192e-02  8.9503573254e-03  3.9431191981e-03  2.1404106170e-02  0.0000000000e+00  0.0000000000e+00  
5.0106316805e-01  5.3933987554e-01  6.1047838155e-03  4.2641930282e-02  3.2524932176e-03  3.4134257585e-02  3.3688319381e-03  1.7070719972e-02  4.2055295780e-03  0.0000000000e+00  0.0000000000e+00  8.9906863868e-03  9.0339090675e-03  3.2093243208e-03  2.2579148412e-02  
6.0041940212e-01  4.8756185370e-01  5.4846437240e-03  4.6379510313e-02  2.9709949158e-03  4.3133977801e-02  3.1944001094e-03  0.0000000000e+00  0.0000000000e+00  8.3151580766e-03  7.9780137166e-03  0.0000000000e+00  0.0000000000e+00  1.5732381493e-02  4.9374350347e-03  
6.9994312525e-01  4.3025127869e-01  4.7036499011e-03  5.5128689855e-02  3.2488373108e-03  5.4785773158e-02  2.7039579581e-03  2.2227317095e-02  3.9018276148e-03  1.9510481507e-03  3.8404516876e-02  1.0389340110e-02  5.9270793572e-03  2.1151462570e-03  3.0825791880e-02  
7.9966586828e-01  3.7155384992e-01  3.8278151206e-03  5.5028669536e-02  3.1701284461e-03  7.0692516863e-02  3.0909562483e-03  1.7746722326e-02  4.6998150647e-03  1.6411745921e-02  4.2900564149e-03  4.8079290427e-03  1.3979698531e-02  5.8838170953e-03  1.1234813370e-02  
8.9963382483e-01  3.1753942514e-01  3.1272421679e-03  5.6973256171e-02  3.1829730142e-03  8.0038644373e-02  3.1593060121e-03  2.1456480026e-02  3.8685444742e-03  1.1805775575e-02  6.5745003521e-03  0.0000000000e+00  0.0000000000e+00  1.3982917182e-02  5.2150441334e-03  
9.9923425913e-01  2.6851270096e-01  2.6224204356e-03  5.7964835316e-02  3.3886530437e-03  9.9525690079e-02  3.5329365637e-03  3.3881902695e-02  3.4564814996e-03  1.8312403932e-02  4.6081282198e-03  0.0000000000e+00  0.0000000000e+00  0.0000000000e+00  0.0000000000e+00  
1.0991953611e+00  2.2381222386e-01  2.1072934076e-03  6.2893867493e-02  3.5840871278e-03  1.2259038538e-01  3.9679305628e-03  3.9323143661e-02  3.4486996010e-03  3.0954442918e-02  3.7990857381e-03  1.0366878472e-02  7.6979054138e-03  1.0745639913e-02  7.6546985656e-03  
1.1991035938e+00  1.8358604298e-01  1.8216416899e-03  6.2660127878e-02  3.7587317638e-03  1.3879314065e-01  4.5958380215e-03  4.9797330052e-02  3.7278158125e-03  2.6888025925e-02  4.2508873157e-03  1.4832729474e-02  6.6889324225e-03  1.2551179156e-02  7.7362819575e-03  
1.2989345789e+00  1.5015986459e-01  1.4511848384e-03  6.2001518905e-02  3.5252643283e-03  1.4680059254e-01  4.7827260569e-03  5.1228206605e-02  3.9945282042e-03  3.3240973949e-02  3.9490233175e-03  1.5529668890e-02  7.0348358713e-03  0.0000000000e+00  0.0000000000e+00  
1.3989650011e+00  1.2048334398e-01  1.1691491574e-03  5.7355266064e-02  3.7542115897e-03  1.6596603394e-01  5.4048984312e-03  6.8318799138e-02  4.3913815171e-03  3.5790156573e-02  4.0029310621e-03  2.5906534865e-02  5.4441867396e-03  0.0000000000e+00  0.0000000000e+00  
1.4987157583e+00  9.6915946443e-02  1.0297146190e-03  6.3905298710e-02  4.8483889550e-03  1.8357653916e-01  5.9528090060e-03  7.6819196343e-02  4.2587369680e-03  4.3497197330e-02  4.6851588413e-03  2.6572348550e-02  5.9627578594e-03  0.0000000000e+00  0.0000000000e+00  
1.5985940695e+00  7.7775364152e-02  8.8268718860e-04  6.9295629859e-02  4.7332607210e-03  1.8818676472e-01  5.7245297357e-03  8.7547361851e-02  4.6459799632e-03  4.9145482481e-02  5.0601959229e-03  4.3971925043e-03  3.9275269955e-02  2.6421381161e-02  7.6284655370e-03  
1.6987349987e+00  6.2516872781e-02  7.3378804114e-04  7.7411934733e-02  5.2020358853e-03  2.0467835665e-01  6.5901018679e-03  8.7802961469e-02  4.7527384013e-03  6.3871398568e-02  5.2165924571e-03  4.9148660153e-02  5.9564961120e-03  2.1627251059e-02  9.3058152124e-03  
1.7986778021e+00  4.9796406551e-02  6.2964723412e-04  8.2598708570e-02  6.2774708495e-03  2.1153083444e-01  6.6637243144e-03  1.0016168654e-01  5.2719810046e-03  5.9924669564e-02  5.3971633315e-03  4.4576682150e-02  6.9241658784e-03  2.5827141479e-02  8.9605608955e-03  
1.8985906839e+00  3.9879077104e-02  6.0270094481e-04  9.1799661517e-02  5.7939528488e-03  2.2889538109e-01  7.7055296861e-03  1.1651997268e-01  6.9347303361e-03  8.0732412636e-02  5.7669617236e-03  4.2375348508e-02  8.1601282582e-03  2.5560151786e-02  1.1860572733e-02  
1.9982903004e+00  3.1857003608e-02  4.8352943446e-04  9.8908796906e-02  6.4679724164e-03  2.2130820155e-01  7.8295636922e-03  1.2443677336e-01  7.0335362107e-03  7.5626626611e-02  6.9481534883e-03  4.7508109361e-02  8.0970562994e-03  0.0000000000e+00  0.0000000000e+00  
2.0984601974e+00  2.5653590037e-02  4.2347294261e-04  8.9980222285e-02  8.3540650085e-03  2.2974817455e-01  8.3507457748e-03  1.2600596249e-01  6.2447870150e-03  8.4713682532e-02  7.2194128297e-03  6.2735989690e-02  7.8286807984e-03  0.0000000000e+00  0.0000000000e+00  
2.1986207962e+00  2.0686485719e-02  3.5643643287e-04  1.2145790458e-01  8.2254586741e-03  2.5251764059e-01  9.1817108914e-03  1.3911323249e-01  7.5755640864e-03  9.5718689263e-02  8.7540335953e-03  6.3423603773e-02  9.8892748356e-03  4.9422062933e-02  1.0043662041e-02  
2.2985656261e+00  1.6904456845e-02  3.0300629360e-04  1.3636285067e-01  9.1538457200e-03  2.5085267425e-01  9.9110119045e-03  1.4344921708e-01  8.4109539166e-03  1.0305749625e-01  7.7585405670e-03  7.9548627138e-02  9.9325701594e-03  3.5468563437e-02  1.5604164451e-02  
2.3987469673e+00  1.3920450988e-02  2.8602131917e-04  1.4232186973e-01  9.7006307915e-03  2.4882881343e-01  9.7724217921e-03  1.4960534871e-01  9.9729252979e-03  1.1874924600e-01  1.0132454336e-02  7.0725992322e-02  1.0835948400e-02  5.3199522197e-02  1.5515120700e-02  
2.4982094765e+00  1.1190152071e-02  2.2434396031e-04  1.5253956616e-01  9.9160680547e-03  2.6236107945e-01  1.0196027346e-02  1.6624413431e-01  1.0533593595e-02  1.0862658918e-01  1.1544091627e-02  8.5709221661e-02  1.2320755050e-02  6.8296946585e-02  1.4410827309e-02  
2.5987968445e+00  9.6874307922e-03  2.2024432952e-04  1.5729442239e-01  1.1517257430e-02  2.6229628921e-01  1.1163267307e-02  1.5433642268e-01  1.1076540686e-02  1.0381775349e-01  1.3778616674e-02  8.0027341843e-02  1.4632401057e-02  6.0621559620e-02  1.8990233541e-02  
2.6985671520e+00  8.0266219006e-03  1.8432655559e-04  1.5151406825e-01  1.3329807669e-02  2.3913758993e-01  1.1928563938e-02  1.5539021790e-01  1.2212760746e-02  1.1513018608e-01  1.3910953887e-02  9.2556834221e-02  1.4485562220e-02  9.4763368368e-02  1.7198970541e-02  
2.7991364002e+00  7.0530509362e-03  1.7186558541e-04  1.6879259050e-01  1.2153931893e-02  2.5579315424e-01  1.3328635134e-02  1.7672227323e-01  1.2382144108e-02  1.3497418165e-01  1.3825106435e-02  7.9328499734e-02  2.0264387131e-02  6.1866339296e-02  2.1796256304e-02  
2.8994460106e+00  5.9698981791e-03  1.5671259891e-04  2.0298995078e-01  1.3317492791e-02  2.5952225924e-01  1.3021083549e-02  1.8366588652e-01  1.3280179352e-02  1.3239052892e-01  1.6183402389e-02  1.1473410577e-01  1.5621067025e-02  5.7139426470e-02  2.5269281119e-02  
2.9989466667e+00  5.2517024544e-03  1.3862325914e-04  1.8984833360e-01  1.6009163111e-02  2.6378610730e-01  1.4690714888e-02  1.7187841237e-01  1.3908072375e-02  1.0731468350e-01  2.0958175883e-02  1.2052861601e-01  1.7086699605e-02  5.2982322872e-02  2.9401104897e-02  
3.0990502834e+00  4.5824780892e-03  1.2509755558e-04  1.6792704165e-01  1.7329463735e-02  2.7048197389e-01  1.3715153560e-02  1.9060039520e-01  1.4633410610e-02  1.4664237201e-01  1.7554081976e-02  1.1136966944e-01  2.1019849926e-02  6.1779335141e-02  2.9607836157e-02  
3.1989297867e+00  4.1200111271e-03  1.1741582015e-04  2.0197547972e-01  1.8273271620e-02  2.6954287291e-01  1.4883603901e-02  1.9790159166e-01  1.6924822703e-02  1.4456526935e-01  1.8134020269e-02  1.5813609958e-01  1.8669392914e-02  8.9988596737e-02  2.6841158047e-02  
3.3000540733e+00  3.7692134908e-03  1.1819621885e-04  1.9406428933e-01  1.7424989492e-02  2.6281121373e-01  1.6763901338e-02  1.9094720483e-01  1.7099816352e-02  1.7406435311e-01  1.9400393590e-02  1.3619914651e-01  2.1494442597e-02  6.5422721207e-02  3.1398314983e-02  
3.3991379738e+00  3.2073069426e-03  1.0164185327e-04  2.0945937932e-01  2.0242242143e-02  2.6345333457e-01  1.8513424322e-02  2.0095667243e-01  1.8642766401e-02  1.8839551508e-01  2.3003051057e-02  1.6502501070e-01  2.2183019668e-02  7.9669699073e-02  3.6709204316e-02  
3.5001120567e+00  2.8305730717e-03  8.4891233643e-05  2.0659010112e-01  2.1286616102e-02  2.3557637632e-01  2.1961744875e-02  1.9104738533e-01  1.8633790314e-02  1.9695404172e-01  1.7763972282e-02  1.0343769193e-01  2.9393516481e-02  7.7494375408e-02  3.5311702639e-02  
3.5983901024e+00  2.5108760162e-03  7.9301309326e-05  2.0861610770e-01  2.5607775897e-02  2.5443878770e-01  2.5235872716e-02  2.3599025607e-01  2.1217253059e-02  1.7912267148e-01  2.5133458897e-02  1.5804015100e-01  3.6278028041e-02  5.4350186139e-02  8.9915983379e-02  
3.6994538307e+00  2.2095758453e-03  7.7675327886e-05  2.0936229825e-01  2.9163213447e-02  2.3508396745e-01  2.4849610403e-02  1.5817798674e-01  3.1777884811e-02  1.8571913242e-01  2.5159394369e-02  5.0503812730e-02  9.9276416004e-02  7.5984016061e-02  6.1385463923e-02  
3.7991232872e+00  1.9315119819e-03  6.6327218280e-05  2.4642497301e-01  2.9143182561e-02  2.8383308649e-01  2.4924658239e-02  2.0701996982e-01  3.2322715968e-02  2.1723154187e-01  2.6961993426e-02  2.1565882862e-01  2.8809102252e-02  1.1902856827e-01  4.6650532633e-02  
3.8997631073e+00  1.8230667381e-03  6.5032601560e-05  2.1073606610e-01  2.9365265742e-02  0.0000000000e+00  0.0000000000e+00  2.4144285917e-01  2.9188411310e-02  0.0000000000e+00  0.0000000000e+00  1.9072946906e-01  3.2389357686e-02  0.0000000000e+00  0.0000000000e+00  
3.9990837574e+00  1.4746230435e-03  5.5954712862e-05  2.5743076205e-01  3.1069371849e-02  2.8799483180e-01  2.9406521469e-02  2.5154218078e-01  3.4182582051e-02  1.8858945370e-01  4.0170293301e-02  0.0000000000e+00  0.0000000000e+00  1.5480159223e-01  4.5034267008e-02  
