#eta  rn(eta)  rn_err(eta)  rnn(eta)  rnn_err(eta)
-7.0000000000e+00  0.0000000000e+00  0.0000000000e+00  0.0000000000e+00  0.0000000000e+00  0.0000000000e+00  0.0000000000e+00  0.0000000000e+00  0.0000000000e+00  0.0000000000e+00  0.0000000000e+00  0.0000000000e+00  0.0000000000e+00  0.0000000000e+00  0.0000000000e+00  0.0000000000e+00  0.0000000000e+00  0.0000000000e+00  0.0000000000e+00  0.0000000000e+00  0.0000000000e+00  0.0000000000e+00  0.0000000000e+00  0.0000000000e+00  0.0000000000e+00  
-6.9000129700e+00  0.0000000000e+00  0.0000000000e+00  0.0000000000e+00  0.0000000000e+00  0.0000000000e+00  0.0000000000e+00  0.0000000000e+00  0.0000000000e+00  0.0000000000e+00  0.0000000000e+00  0.0000000000e+00  0.0000000000e+00  0.0000000000e+00  0.0000000000e+00  0.0000000000e+00  0.0000000000e+00  0.0000000000e+00  0.0000000000e+00  0.0000000000e+00  0.0000000000e+00  0.0000000000e+00  0.0000000000e+00  0.0000000000e+00  0.0000000000e+00  
-6.8000040054e+00  0.0000000000e+00  0.0000000000e+00  0.0000000000e+00  0.0000000000e+00  0.0000000000e+00  0.0000000000e+00  0.0000000000e+00  0.0000000000e+00  0.0000000000e+00  0.0000000000e+00  0.0000000000e+00  0.0000000000e+00  0.0000000000e+00  0.0000000000e+00  0.0000000000e+00  0.0000000000e+00  0.0000000000e+00  0.0000000000e+00  0.0000000000e+00  0.0000000000e+00  0.0000000000e+00  0.0000000000e+00  0.0000000000e+00  0.0000000000e+00  
-6.6999969482e+00  0.0000000000e+00  0.0000000000e+00  0.0000000000e+00  0.0000000000e+00  0.0000000000e+00  0.0000000000e+00  0.0000000000e+00  0.0000000000e+00  0.0000000000e+00  0.0000000000e+00  0.0000000000e+00  0.0000000000e+00  0.0000000000e+00  0.0000000000e+00  0.0000000000e+00  0.0000000000e+00  0.0000000000e+00  0.0000000000e+00  0.0000000000e+00  0.0000000000e+00  0.0000000000e+00  0.0000000000e+00  0.0000000000e+00  0.0000000000e+00  
-6.5999870300e+00  0.0000000000e+00  0.0000000000e+00  0.0000000000e+00  0.0000000000e+00  0.0000000000e+00  0.0000000000e+00  0.0000000000e+00  0.0000000000e+00  0.0000000000e+00  0.0000000000e+00  0.0000000000e+00  0.0000000000e+00  0.0000000000e+00  0.0000000000e+00  0.0000000000e+00  0.0000000000e+00  0.0000000000e+00  0.0000000000e+00  0.0000000000e+00  0.0000000000e+00  0.0000000000e+00  0.0000000000e+00  0.0000000000e+00  0.0000000000e+00  
-6.5000000000e+00  0.0000000000e+00  0.0000000000e+00  0.0000000000e+00  0.0000000000e+00  0.0000000000e+00  0.0000000000e+00  0.0000000000e+00  0.0000000000e+00  0.0000000000e+00  0.0000000000e+00  0.0000000000e+00  0.0000000000e+00  0.0000000000e+00  0.0000000000e+00  0.0000000000e+00  0.0000000000e+00  0.0000000000e+00  0.0000000000e+00  0.0000000000e+00  0.0000000000e+00  0.0000000000e+00  0.0000000000e+00  0.0000000000e+00  0.0000000000e+00  
-6.4000124931e+00  0.0000000000e+00  0.0000000000e+00  0.0000000000e+00  0.0000000000e+00  0.0000000000e+00  0.0000000000e+00  0.0000000000e+00  0.0000000000e+00  0.0000000000e+00  0.0000000000e+00  0.0000000000e+00  0.0000000000e+00  0.0000000000e+00  0.0000000000e+00  0.0000000000e+00  0.0000000000e+00  0.0000000000e+00  0.0000000000e+00  0.0000000000e+00  0.0000000000e+00  0.0000000000e+00  0.0000000000e+00  0.0000000000e+00  0.0000000000e+00  
-6.3000006676e+00  0.0000000000e+00  0.0000000000e+00  0.0000000000e+00  0.0000000000e+00  0.0000000000e+00  0.0000000000e+00  0.0000000000e+00  0.0000000000e+00  0.0000000000e+00  0.0000000000e+00  0.0000000000e+00  0.0000000000e+00  0.0000000000e+00  0.0000000000e+00  0.0000000000e+00  0.0000000000e+00  0.0000000000e+00  0.0000000000e+00  0.0000000000e+00  0.0000000000e+00  0.0000000000e+00  0.0000000000e+00  0.0000000000e+00  0.0000000000e+00  
-6.2000002861e+00  0.0000000000e+00  0.0000000000e+00  0.0000000000e+00  0.0000000000e+00  0.0000000000e+00  0.0000000000e+00  0.0000000000e+00  0.0000000000e+00  0.0000000000e+00  0.0000000000e+00  0.0000000000e+00  0.0000000000e+00  0.0000000000e+00  0.0000000000e+00  0.0000000000e+00  0.0000000000e+00  0.0000000000e+00  0.0000000000e+00  0.0000000000e+00  0.0000000000e+00  0.0000000000e+00  0.0000000000e+00  0.0000000000e+00  0.0000000000e+00  
-6.0999884605e+00  0.0000000000e+00  0.0000000000e+00  0.0000000000e+00  0.0000000000e+00  0.0000000000e+00  0.0000000000e+00  0.0000000000e+00  0.0000000000e+00  0.0000000000e+00  0.0000000000e+00  0.0000000000e+00  0.0000000000e+00  0.0000000000e+00  0.0000000000e+00  0.0000000000e+00  0.0000000000e+00  0.0000000000e+00  0.0000000000e+00  0.0000000000e+00  0.0000000000e+00  0.0000000000e+00  0.0000000000e+00  0.0000000000e+00  0.0000000000e+00  
-6.0000000000e+00  0.0000000000e+00  0.0000000000e+00  0.0000000000e+00  0.0000000000e+00  0.0000000000e+00  0.0000000000e+00  0.0000000000e+00  0.0000000000e+00  0.0000000000e+00  0.0000000000e+00  0.0000000000e+00  0.0000000000e+00  0.0000000000e+00  0.0000000000e+00  0.0000000000e+00  0.0000000000e+00  0.0000000000e+00  0.0000000000e+00  0.0000000000e+00  0.0000000000e+00  0.0000000000e+00  0.0000000000e+00  0.0000000000e+00  0.0000000000e+00  
-5.9000110626e+00  0.0000000000e+00  0.0000000000e+00  0.0000000000e+00  0.0000000000e+00  0.0000000000e+00  0.0000000000e+00  0.0000000000e+00  0.0000000000e+00  0.0000000000e+00  0.0000000000e+00  0.0000000000e+00  0.0000000000e+00  0.0000000000e+00  0.0000000000e+00  0.0000000000e+00  0.0000000000e+00  0.0000000000e+00  0.0000000000e+00  0.0000000000e+00  0.0000000000e+00  0.0000000000e+00  0.0000000000e+00  0.0000000000e+00  0.0000000000e+00  
-5.7998571396e+00  0.0000000000e+00  0.0000000000e+00  0.0000000000e+00  0.0000000000e+00  0.0000000000e+00  0.0000000000e+00  0.0000000000e+00  0.0000000000e+00  0.0000000000e+00  0.0000000000e+00  0.0000000000e+00  0.0000000000e+00  0.0000000000e+00  0.0000000000e+00  0.0000000000e+00  0.0000000000e+00  0.0000000000e+00  0.0000000000e+00  0.0000000000e+00  0.0000000000e+00  0.0000000000e+00  0.0000000000e+00  0.0000000000e+00  0.0000000000e+00  
-5.6998829842e+00  0.0000000000e+00  0.0000000000e+00  0.0000000000e+00  0.0000000000e+00  0.0000000000e+00  0.0000000000e+00  0.0000000000e+00  0.0000000000e+00  0.0000000000e+00  0.0000000000e+00  0.0000000000e+00  0.0000000000e+00  0.0000000000e+00  0.0000000000e+00  0.0000000000e+00  0.0000000000e+00  0.0000000000e+00  0.0000000000e+00  0.0000000000e+00  0.0000000000e+00  0.0000000000e+00  0.0000000000e+00  0.0000000000e+00  0.0000000000e+00  
-5.5999894142e+00  0.0000000000e+00  0.0000000000e+00  0.0000000000e+00  0.0000000000e+00  0.0000000000e+00  0.0000000000e+00  0.0000000000e+00  0.0000000000e+00  0.0000000000e+00  0.0000000000e+00  0.0000000000e+00  0.0000000000e+00  0.0000000000e+00  0.0000000000e+00  0.0000000000e+00  0.0000000000e+00  0.0000000000e+00  0.0000000000e+00  0.0000000000e+00  0.0000000000e+00  0.0000000000e+00  0.0000000000e+00  0.0000000000e+00  0.0000000000e+00  
-5.4999752045e+00  -6.3340069963e+11  1.2161293433e+14  0.0000000000e+00  0.0000000000e+00  1.5301037283e+11  2.9377991584e+13  0.0000000000e+00  0.0000000000e+00  2.1443512342e+11  4.1171543697e+13  0.0000000000e+00  0.0000000000e+00  -1.3353657180e+11  2.5639021785e+13  0.0000000000e+00  0.0000000000e+00  -2.5455495762e+11  4.8874551862e+13  0.0000000000e+00  0.0000000000e+00  1.2876172088e+11  2.4722250409e+13  0.0000000000e+00  0.0000000000e+00  
-5.3993053436e+00  -1.6114586904e+00  1.6029052651e+02  0.0000000000e+00  0.0000000000e+00  -4.6992841581e-01  6.9771946940e+00  0.0000000000e+00  0.0000000000e+00  -7.3082565553e-01  6.5659126012e+00  0.0000000000e+00  0.0000000000e+00  3.5384312137e+01  9.1477561657e+01  0.0000000000e+00  0.0000000000e+00  -5.1366031581e-01  1.3542373089e+00  0.0000000000e+00  0.0000000000e+00  -1.1715349109e+00  3.7835584715e+00  0.0000000000e+00  0.0000000000e+00  
-5.2993450165e+00  8.1950165181e-01  4.8721241950e+00  0.0000000000e+00  0.0000000000e+00  1.5607733089e+00  7.8539695399e+00  0.0000000000e+00  0.0000000000e+00  1.8515169874e+00  6.7878427069e+00  0.0000000000e+00  0.0000000000e+00  -2.0264416939e+00  6.9254884312e+00  0.0000000000e+00  0.0000000000e+00  -8.0514494736e+00  8.0997749513e+01  0.0000000000e+00  0.0000000000e+00  -3.7770219423e-01  4.2304803696e+00  0.0000000000e+00  0.0000000000e+00  
-5.1990799904e+00  3.5739101327e-02  6.7183345045e-01  0.0000000000e+00  0.0000000000e+00  1.3336622888e+02  3.6009133492e+02  0.0000000000e+00  0.0000000000e+00  -1.0740537761e-01  3.9674564158e-01  0.0000000000e+00  0.0000000000e+00  1.0907171216e-01  5.4930857378e-01  0.0000000000e+00  0.0000000000e+00  -1.6968534541e-01  1.5792745106e+01  0.0000000000e+00  0.0000000000e+00  -1.1312663695e+01  3.5177448052e+01  0.0000000000e+00  0.0000000000e+00  
-5.0989542007e+00  1.3098779817e+01  5.0300836648e+01  0.0000000000e+00  0.0000000000e+00  7.7377558560e-01  5.3108159888e+00  0.0000000000e+00  0.0000000000e+00  -1.5011612778e+00  1.1617490887e+02  0.0000000000e+00  0.0000000000e+00  -1.4448874725e+00  1.0576348752e+01  0.0000000000e+00  0.0000000000e+00  -2.3128493307e+00  9.3491097541e+00  0.0000000000e+00  0.0000000000e+00  -6.2190061628e-01  1.2178049991e+00  0.0000000000e+00  0.0000000000e+00  
-4.9991645813e+00  8.1780613521e-01  1.4184298439e+00  0.0000000000e+00  0.0000000000e+00  -2.0369089133e-01  3.1291278842e+01  0.0000000000e+00  0.0000000000e+00  -1.7656458636e+01  6.6062710457e+01  0.0000000000e+00  0.0000000000e+00  5.1923394404e-01  9.3040405624e-01  0.0000000000e+00  0.0000000000e+00  -7.3570487464e+00  4.2308946459e+01  0.0000000000e+00  0.0000000000e+00  1.7993193713e+00  2.7040788331e+00  0.0000000000e+00  0.0000000000e+00  
-4.8990921974e+00  -5.9654582638e+00  1.9081688944e+01  9.3348169554e-01  9.3348169554e-01  1.4999620590e+00  2.8038256140e+00  -1.0927332847e+00  1.0927332847e+00  1.7430600997e+00  6.9097480037e+00  -1.1403444346e+00  1.1403444346e+00  -2.8898967703e+00  2.7949377107e+01  -3.5059110111e-01  3.5059110111e-01  2.3436166422e+00  1.0774562444e+01  1.0226438544e+01  1.0226438544e+01  7.3340148507e-01  2.8664786432e+00  9.6527097336e-01  9.6527097336e-01  
-4.7987279892e+00  1.2678819265e+00  5.6210387616e+00  0.0000000000e+00  0.0000000000e+00  1.8565190156e+00  2.9979311146e+01  0.0000000000e+00  0.0000000000e+00  -7.3655316246e+00  8.1388924675e+01  0.0000000000e+00  0.0000000000e+00  -4.9585820637e-02  4.0582446315e-01  0.0000000000e+00  0.0000000000e+00  -1.1285722404e+00  1.7445694553e+00  0.0000000000e+00  0.0000000000e+00  -3.1078884896e+00  2.4635178623e+01  0.0000000000e+00  0.0000000000e+00  
-4.6975250244e+00  1.9814263883e+00  2.9580602349e+01  -1.1496599793e+00  1.1496599793e+00  5.6689584142e-01  2.2095316602e+01  -2.2155575052e-03  2.2155575052e-03  4.7372557679e-02  5.2005066938e-01  4.7905244968e-01  4.7905244968e-01  1.1088333504e+00  3.8679647061e+00  3.3939503878e+00  3.3939503878e+00  -6.1086034235e-01  1.2810808298e+00  -1.7858199621e+00  1.7858199621e+00  -4.3656419433e-01  3.6137068318e+00  -3.8153991804e+00  3.8153991804e+00  
-4.5973706245e+00  -1.6924871979e+00  5.0326761105e+00  -5.1571219805e-01  1.5179402838e+00  8.9650023374e-01  1.4792444690e+00  1.6985044619e+00  7.8389862937e-01  2.3814193765e+00  1.2022225737e+01  -3.8119598876e-01  1.6467007301e+00  1.3588446719e-01  9.7044409694e-01  -2.3138086792e+00  7.7101575585e+00  -1.0697596178e-01  6.9142941697e-01  1.1560412447e+01  1.7555350025e+01  -8.5332579198e+00  7.2699709709e+01  -7.0144014420e-01  1.4633576312e+00  
-4.4962034225e+00  4.8942711426e+00  2.0119981419e+01  4.4194491934e+00  4.4194491934e+00  -1.3520926512e-01  2.4517545171e+00  5.3191163694e-01  5.3191163694e-01  -4.1436519539e+00  2.0239685146e+01  2.0271795340e+00  2.0271795340e+00  3.4971233184e-01  6.0313438041e-01  -4.1408503680e-01  4.1408503680e-01  -1.9063938156e+00  6.6040978757e+00  -1.8992523683e+00  1.8992523683e+00  -7.4866180152e-01  2.1650537027e+00  4.1079256710e-01  4.1079256710e-01  
-4.3958640099e+00  2.3539871430e+00  5.3604342438e+01  -1.6234196891e+00  5.2917649365e+00  -3.8287442395e+00  7.9544772508e+00  3.0509915088e-01  1.8561720258e+00  5.6374235662e-02  4.8244605903e-01  -1.0885256097e+00  2.9074882492e+00  1.2655837244e+00  1.3476814706e+00  -1.2921788483e+00  2.6513384346e+00  -6.9465348145e-01  1.9057081196e+00  1.6920092444e-02  1.0837020219e+00  -4.1694228350e+01  2.0394166819e+02  -9.9938963776e-01  5.3463407677e+00  
-4.2954454422e+00  9.9003064214e-01  3.0097920225e+00  -1.9395657288e+00  1.6454808422e+00  -2.3667178611e+00  5.0696180617e+00  9.8465495109e-01  1.9418331117e+00  4.3317553320e+00  1.8403173661e+01  -4.3118031844e+00  8.8574307089e+00  3.5821301091e-01  5.0530016212e-01  1.3277582652e+00  2.5516288923e-01  -3.9270823670e-01  1.0782463363e+00  2.6105389013e+00  4.5687955039e+00  7.6799871341e-01  1.8217801834e+00  -1.0285470230e+00  1.4921172215e+00  
-4.1944866180e+00  -2.7047907489e-01  9.8347713508e-01  -4.8670138769e-02  7.3208559731e-01  1.6550456318e+00  1.8241566692e+00  -1.1022654941e+00  3.5004174570e+00  -8.2926054293e-02  8.3576347218e-01  -6.7250904427e-01  1.4297419778e+00  -1.7828112091e+00  2.1324704002e+01  -3.1923323056e+00  4.1348694836e+00  -2.0789359614e-02  1.2433320576e+00  -7.7204052975e-01  5.8870565668e-01  -9.8680755217e-01  1.6374157758e+00  -3.5908499998e+01  6.5373915995e+01  
-4.0950078964e+00  -4.9567641694e-01  1.3991883376e+00  -4.6661660048e+00  1.1760916812e+01  -9.2291788185e-02  1.8441081699e+00  1.8763707485e-01  3.3880159255e-01  1.1705098701e+00  4.2431639286e+00  3.1433733822e-01  3.0381903492e+00  3.1815572382e+00  9.3431492751e+00  -2.1381878859e+00  5.5765319354e+01  -4.2148773069e-02  1.7069859643e+01  -1.2844887660e+00  4.1651109390e-01  -9.7344099699e-01  1.2406555880e+00  3.6173919956e-01  2.1540668217e+00  
-3.9931559563e+00  1.6867231091e+00  1.4551257611e+00  -1.0997478672e+01  1.8579038569e+01  2.0461973887e+00  2.8063623093e+00  7.7959584540e-01  4.4394651411e-01  1.3496830979e+00  2.9455427553e+00  -2.9142008931e+00  3.6497405437e+00  -4.6619174797e-01  5.9158045779e+00  -2.1443423491e+00  5.6129747030e+00  -1.2004808188e-01  6.6544367176e-01  1.0244786290e+00  4.6751864453e-01  1.4790063619e+00  2.5799358968e+01  4.5449238912e+00  2.9262308560e+01  
-3.8922157288e+00  9.6750759759e-01  6.5816278956e-01  -2.5324785924e+00  5.7639095404e+00  5.1995207944e+00  8.7228244046e+01  -1.0683808767e+00  2.3569866079e+00  5.0221203010e+00  1.2531554191e+02  2.9525078303e+00  4.9001504308e+01  -6.9779356614e+00  3.3877981431e+02  -9.9800754613e-01  1.2893516931e-01  1.4120224394e+00  1.1922462928e+01  6.7383372888e-01  1.3138948712e+01  9.1986218440e+00  2.2049763847e+02  1.0119932183e+00  1.0773152217e+00  
-3.7865834236e+00  5.6815020206e-01  1.5509690859e+00  1.6785145407e+00  1.1638784672e+00  4.1794429618e+00  1.3376863263e+02  -1.4223570341e+00  4.5467323599e+00  9.5050113553e-02  7.6500516433e-01  5.6877335040e-02  2.4731558613e+00  -1.0366605273e+00  1.1954889868e+00  3.1105571714e+00  1.4715562853e+01  -5.2879292225e-01  2.6507676585e+00  -7.4133898414e-01  2.7444506552e+00  -2.4177665876e-01  1.5937554463e+00  -9.6225946090e-01  1.9516039393e+00  
-3.6845502853e+00  6.2136282944e+00  4.8428340653e+02  9.6801935255e-01  1.9068451356e+00  -1.7012232848e+00  1.5825451768e+01  -1.5136910434e+00  2.6716382036e+01  5.9352216788e+00  3.9000025261e+02  1.6902944413e-01  1.7907507846e+00  1.4674576710e+01  8.6398802478e+02  -1.4117111944e+00  4.9071640181e+00  -2.7075819814e+01  2.6398343910e+03  7.9366308027e-02  8.9020750961e-01  -2.9111461240e-01  1.6326834484e+00  -3.3439541314e+00  1.1330565357e+01  
-3.5759651661e+00  -1.5810158073e+00  4.0317419558e+00  8.5298156858e-01  9.4921347495e+00  5.9390615198e+00  1.9249172806e+03  1.4522765010e+00  6.6830673667e+00  -5.6310381298e-01  8.1730207982e-01  -4.1864687457e-01  1.1369667093e+00  2.1340679232e+01  4.4959184210e+02  -1.1957912482e+01  1.1702963650e+02  -4.5750165322e+00  1.2062476187e+01  -1.0566071712e-01  3.6229083353e-01  -1.9387974573e+00  2.0475011407e+00  -5.6504345034e-01  9.4038234395e-01  
-3.4711813927e+00  -2.0073595871e+01  9.0200493187e+02  1.4055736270e-01  8.7530330085e-01  7.1612801542e+00  4.0640873930e+03  2.6769406752e+00  9.9720418030e+00  -1.9263096121e+00  3.7812586004e+00  1.3454423713e+00  2.0753650812e+00  8.2339118220e-01  1.2103918924e+00  -5.1519693540e-01  6.0871720776e-01  -1.5609604153e+01  4.2789273049e+02  1.4285475860e-01  6.3848481656e-01  2.4975741113e+00  5.0942814170e+01  1.4548827364e-01  3.0145519969e+01  
-3.3638198376e+00  -2.0358615931e+00  1.7485933668e+00  2.2491343527e-01  2.0308957528e+00  2.9598092226e+00  3.9567549189e+00  -4.0323000775e+00  2.2667381967e+01  -1.3226764655e+00  9.6630892587e-01  1.1287792920e-01  5.9320194281e+00  1.8411986123e+01  2.9652954741e+02  7.4691620536e-01  1.6915966100e+00  -3.4013103236e+00  3.5487812345e+00  -9.6856165291e-01  1.8150216813e+00  6.1685497846e+00  6.1009069476e+01  -8.9923689076e-01  2.8157667671e+02  
-3.2583756447e+00  -2.7334096326e+00  5.9272218775e+00  -4.7167779138e+00  7.1367702646e+01  2.2412515869e+00  1.7142279748e+00  2.3583692305e+00  1.1949349180e+01  -4.1100065878e+01  2.7270908866e+03  4.3794604533e+00  2.9013073410e+01  -3.9282201113e+00  8.4324628532e+00  1.9291652880e-01  6.3666289837e-01  -1.0031976521e+00  1.2347489563e+00  -9.5597880065e+00  8.7203923248e+02  1.8319719212e+01  1.8151268744e+03  -1.1237331863e+01  1.3221003361e+02  
-3.1540915966e+00  -3.2326144722e+00  2.5165774179e+00  2.9314212039e+00  5.3833836659e+00  -4.6843545612e+00  1.0941275855e+01  -9.7478001659e+00  9.9698435486e+01  5.2463583718e+00  5.6994634488e+01  1.1076916753e+00  1.9769622041e+00  4.5681702250e+00  1.0558573292e+01  -2.2319809069e+00  2.7983164331e+00  3.2051270388e+00  2.7283212124e+00  -1.0104531407e+00  3.6075135513e+00  1.8394193401e+00  1.1538916420e+00  -1.2499067877e+02  1.6638301895e+04  
-3.0524747372e+00  1.3052946309e+01  3.0916218499e+01  1.2716531668e+02  2.4488469758e+04  7.5893920700e+00  1.9037126517e+01  -1.3860535760e+00  1.6298756338e+00  -1.6807501137e+01  2.4063432158e+03  -1.0308161202e+00  8.5395411299e-01  3.3584143092e+00  3.7121417569e+00  -1.0526496378e+00  1.8032415922e+00  -6.1687338727e+00  1.1324772841e+01  1.3662112475e+00  1.1483286800e+00  -2.0712341478e+00  1.8342562133e+00  -2.0563295087e+00  1.5863591367e+02  
-2.9514496326e+00  8.9257002651e+00  1.7594158680e+01  7.9413722321e-01  4.0659468198e+00  5.5027542805e+00  6.7191674363e+00  6.8534433104e+00  8.6533360403e+01  -4.9255992272e+00  5.6476828957e+00  2.7442444715e+00  5.8681801441e+00  -8.7665421686e+00  1.8870413370e+01  8.8109519674e-01  4.7691443211e-01  3.7820847256e+00  5.2676614331e+00  1.9133919448e+00  3.1743540261e+01  2.3319443449e+01  2.9775640146e+02  2.9407520889e+01  5.4545404279e+02  
-2.8499467373e+00  -6.5439997142e+00  7.2074538055e+00  4.0347688144e+01  3.1790366623e+03  -4.0515535621e+00  3.0337468153e+00  -6.2020268449e+01  7.5106746907e+03  -1.1189944295e+01  2.6032891869e+01  -6.8841194174e+01  1.0074032331e+04  2.7613947968e+01  5.3831049565e+02  -4.9805842224e+00  4.6525278724e+01  -3.0638424670e+00  2.7359182225e+00  2.2647854800e+00  6.4161155779e+00  -1.2859407410e+00  1.2114477917e+00  2.0954702969e+00  1.9086014813e+01  
-2.7501204014e+00  6.5817742951e+00  6.0908411920e+00  -3.0383759477e+00  4.0260266141e+00  4.1178633066e+00  3.6685178417e+00  -2.0780970529e+00  2.0529904100e+00  -1.8651798042e+01  1.1988133495e+02  7.7822732053e-01  3.1217859860e-01  3.0870621426e+00  1.5833186149e+00  2.4558349066e+00  3.0339946754e+00  9.9599334625e+00  1.8123855755e+01  -4.2540731426e+00  8.4361163653e+00  1.1239822830e+01  2.7494299440e+01  1.2571652704e+00  9.7334403205e-01  
-2.6501064301e+00  -6.3377486230e+00  5.8707601133e+00  3.8826235296e+00  3.9747627605e+00  -3.4016903211e+01  5.9768030559e+02  -5.5925611162e+00  1.3512366720e+01  -4.7100895430e+00  3.1590654498e+00  -3.0127850435e+00  5.4162404821e+00  5.5450841583e+00  4.6871414759e+00  -3.1717975740e+00  3.8115942536e+00  -4.3502151351e+00  2.9295067153e+00  3.0659240779e+00  2.8253104274e+00  -2.3420840366e+00  8.5907408884e-01  1.2711724765e+01  5.0776848870e+01  
-2.5498688221e+00  -5.6247062688e+00  4.7714578394e+00  1.7806602476e+00  2.8286340654e+00  1.1447667330e+01  2.1141684070e+01  -5.7497593814e+01  5.1931214461e+03  1.4267033629e+01  2.3595732626e+01  5.4074683353e+00  1.0974708882e+01  1.8486877222e+00  6.5145188116e-01  4.1731932448e+00  6.2291763244e+00  -4.3234235299e+01  2.5702796416e+04  -7.9053259863e+00  2.4449817589e+01  1.3738097796e+01  3.1750468372e+01  7.7254443619e+00  1.3789512713e+02  
-2.4500951767e+00  5.4127047864e+01  6.4445760270e+02  -2.9742274136e+00  2.9263578308e+00  1.7930892929e+01  3.1989969748e+01  1.6349386470e+00  1.5820610417e+00  3.4210315750e+02  5.3982679721e+04  1.6829112974e-01  1.0817283743e+00  9.3813977314e+01  2.8842622183e+03  2.4185211850e+00  2.3996426226e+00  -1.1365428459e+02  5.4289926533e+03  5.6240405462e+00  1.5092439292e+02  -3.9109832482e+00  1.9061381668e+00  1.6776943544e+01  4.0544467814e+02  
-2.3501603603e+00  4.3882070537e+00  3.9933479884e+00  5.1120945869e-01  1.9833869453e+00  1.5029483316e+02  1.0165878343e+04  -1.9021083668e-01  5.4191744860e-01  4.2199846901e+01  1.9432349718e+04  1.2656686616e+00  1.9327309419e+01  -3.5870401198e+00  3.2921561693e+00  -2.1191681847e+00  3.4815074265e+01  2.3464719119e+01  8.6833707409e+02  8.4546281772e-01  2.0124652188e+01  -2.8352758023e+00  2.6010780875e+00  1.2176034814e+00  2.2189922153e+00  
-2.2498753071e+00  -1.7563309026e+00  3.2287278205e+00  2.1968354943e+00  8.8188991087e+00  8.6844640562e-01  2.9962770249e-01  -5.1277420357e+00  1.4389578075e+02  4.6440652676e-01  6.8694684564e-01  7.5030230165e-02  2.2160349537e-01  -1.3401669831e+00  2.3837032172e+00  -3.5460282887e-01  6.9225879785e-01  -6.4676582644e+00  2.0067647125e+02  2.5846687410e-01  9.2083632757e-01  3.8202196909e-01  1.9363167147e+00  -1.3952920145e+00  6.7950397935e+00  
-2.1501827240e+00  -2.1249050190e+00  1.3476364952e+00  -4.4130810136e+00  2.7787133667e+02  1.9623463593e+00  6.9079595390e-01  2.2839521773e+00  1.4705754557e+02  -1.6749732358e+00  2.4309812640e+00  -5.2533505001e-01  2.6845499482e+02  -4.8185473568e+00  1.1109481582e+03  3.3906350665e+00  1.5148513637e+01  -1.5481955521e-01  9.0877125747e-01  2.1005636631e+00  8.6242077377e+01  5.7456691543e-01  1.7656230350e+00  4.5592467023e+00  3.8853563130e+01  
-2.0502991676e+00  1.7183037162e+01  1.5866760240e+03  3.0494371120e+01  1.4908702443e+03  9.5944044481e-01  2.9074451485e-01  -4.0727025908e-01  1.0594565142e+00  -9.8094459364e-01  9.0237113790e-01  -1.0105595956e+00  2.2396890255e+01  1.0501103938e+00  1.0808049111e+01  -9.1283963022e-01  8.9903066263e-01  -2.1127768778e+00  2.5023175085e+00  -3.3883494563e-01  8.0930402302e-01  -4.7630137709e+00  1.1626836232e+02  -1.0075255244e+01  1.4963631591e+02  
-1.9504791498e+00  -7.0590863876e-01  7.8942593512e-01  -3.5331239921e+00  7.9610229073e+01  2.8440555179e+00  1.6360824134e+00  -4.1697526582e+00  2.0041811228e+01  4.0685856003e+00  1.7143360959e+01  9.2840374776e-01  5.2280248850e+00  -3.4801557899e+00  1.1850446574e+01  2.8771772012e-01  6.9318747696e+00  -4.6865697773e-01  6.0160422381e+00  -2.3205008755e+00  2.7862404761e+00  -7.0525427865e-02  1.4444045448e+00  -1.7856258962e+00  2.0510835683e+00  
-1.8501958847e+00  7.5340524810e+00  7.6557142722e+03  -3.5491267077e+00  4.6818012005e+03  1.4812661806e+00  4.4383706946e-01  -2.9496667792e-01  1.0211522071e+00  6.1732354222e+00  7.3278696822e+02  5.5870341057e-01  5.2177329327e-01  -8.3034454358e-01  8.6867529155e-01  7.9382394000e-01  2.0718466246e+00  -3.0171862944e+00  5.0783262236e+02  -5.9241198542e-01  2.5058836611e+01  -1.8274589937e+00  3.9480873464e+00  3.4146366934e+01  5.2173765044e+03  
-1.7504035234e+00  -2.4167961911e+00  8.0975129453e+00  -7.6373864594e-01  2.1749539789e+00  2.5509043248e+00  9.8752729383e-01  -5.6191607303e-01  9.1744279510e-01  -5.2053466344e-02  9.9307963403e-01  -2.5272547371e-02  1.4108807875e+00  8.9714837191e-01  8.7686074452e+01  9.0626431104e-02  6.5749786404e-01  8.8841455348e-01  1.4507985347e+00  -1.2826674138e+00  4.1880446228e+00  2.8383755942e+00  6.9882151424e+00  -3.9542643725e+00  1.1514066909e+01  
-1.6498892307e+00  5.2520622441e+00  2.5987007144e+01  -1.2804460506e-01  3.3940957180e+02  2.0729228963e+00  7.9189378801e-01  1.9740963974e+00  6.2813253132e+00  -1.3851273416e+01  1.7019259659e+03  -7.5020859513e-02  1.2994990134e+00  -5.4561011084e-01  2.4753642261e+00  1.0611706556e-01  2.4345811814e+00  1.1455869886e+00  1.4228916929e+00  -6.9971613697e+00  8.5171952969e+02  -7.9961141098e-02  9.1238242283e-01  8.3648697365e-01  2.8854287335e+00  
-1.5504374504e+00  5.7570267859e-01  4.1594834748e-01  -3.5940005117e+00  4.7237283200e+01  1.2511707690e+00  2.9125687449e-01  1.0032648419e+00  2.7177475775e+00  1.5042895545e+00  8.3048988661e+00  3.9016145029e-01  5.7970515681e-01  -8.4829498642e-01  1.5105063862e+00  -3.9234230698e-02  1.4408352871e+00  -4.3091399022e-01  6.4091297078e-01  7.9102221462e-01  9.3027730451e-01  -1.0114381856e+00  1.0476278786e+00  1.3518530172e+00  8.8689940451e-01  
-1.4500588179e+00  -2.3743314255e+00  5.5655931119e+00  -1.4733341945e+00  1.3593302094e+00  1.0673727707e+00  3.0807796126e-01  1.4422718193e+00  3.4882008215e+00  1.2603918811e+00  3.8969568719e+00  1.9817758383e-01  7.3932471700e-01  4.5439412369e-01  1.0367948565e+00  6.8258570648e-01  2.8861215429e+00  1.9138386642e-01  9.5696521675e-01  -1.5590479402e+00  4.1858300381e+00  3.1426347906e+00  2.3680169187e+01  5.6634166522e-01  2.4511797312e+00  
-1.3496437073e+00  -1.6547348502e+00  2.6803731656e+00  -8.3040859960e-01  7.9108656390e+00  1.2565797095e+00  2.9008929058e-01  -2.3554332302e-01  2.0268946040e+00  2.0033869873e+00  2.0362363351e+01  3.0548752982e-01  1.0044330089e+01  3.9963113057e-01  8.1124412563e-01  1.2349904380e-01  4.5100301787e+00  -2.5057948810e-02  6.9897953021e-01  -1.4399036008e+00  3.0087884125e+00  -8.2889249659e-01  2.5130494510e+00  4.9366944542e-01  1.2404679272e+00  
-1.2500902414e+00  4.0124903274e-01  7.0630331912e-01  -1.0677034558e+00  6.9579006827e-01  1.6781856930e+00  4.0257865481e-01  3.0623107399e-01  1.9827572385e+00  -2.5697652963e-01  5.5334892539e-01  4.2826855626e+00  2.7960750488e+04  4.6263826726e+01  7.9046590888e+03  1.9120573688e+00  3.1435625150e+00  -4.0476665059e-01  1.1819928655e+00  -1.2066624103e+00  1.8684845929e+00  -1.7922018788e-01  1.4451529050e+00  -1.6258470489e+00  7.5407936050e+00  
-1.1501884460e+00  -1.9710120785e-01  6.1425519241e-01  5.3186226346e+00  2.8091725440e+01  1.0485038027e+00  2.0979763866e-01  4.1015023329e-01  4.8686433265e-01  -5.9368705774e-01  4.9990399100e+01  -5.3386715229e-01  1.2394018097e+00  8.7734837755e-01  7.8935966391e-01  -1.1509977875e+00  9.6174022972e+00  6.5450604519e-01  3.3223549314e+02  1.6578303868e+00  1.3340430176e+00  6.0000532102e-02  9.7908016650e-01  -1.4853603747e-01  1.5305015756e+00  
-1.0501117706e+00  3.3918759331e+00  5.4159719618e+00  5.4374071700e-01  9.6332448917e-01  1.3023174986e+00  2.7099619325e-01  2.3655071097e+00  1.6248399823e+01  -6.9320060943e-01  2.3172086538e+00  1.9221974277e+01  5.8498295382e+03  -4.5619187718e-02  3.7584993228e+00  -6.2372794796e+01  1.0046095040e+04  -2.4501091370e-01  1.1595375766e+00  -3.2839844570e+00  7.3543461433e+00  5.8787278173e+00  9.0580920820e+02  -1.3346352589e+00  1.4440065456e+00  
-9.5031666756e-01  1.6443700183e+01  6.1080544629e+02  8.5534453306e-02  1.0351664335e+00  1.1362225111e+00  1.9438638864e-01  -2.4092418732e+02  5.2774244322e+04  -3.1503224806e-01  4.6159183274e+00  -4.0154514031e-01  7.4159269187e-01  9.1227743432e-01  9.5241341983e-01  1.0944805810e+00  1.3696707727e+00  6.4599922470e-01  2.8751071889e+00  -1.7967691304e+01  7.2438083460e+02  -2.6868912536e+00  4.5248561666e+00  -3.4571995083e-02  4.3647986539e-01  
-8.5006153584e-01  8.5280728001e-02  1.2496868757e+00  -1.1531093315e+00  3.0216552969e+00  1.3885690500e+00  3.0150916053e-01  2.8661365462e+00  1.7503595774e+01  -1.4347358275e+00  2.6982078443e+01  2.5747050565e-01  9.1712128592e-01  -3.0154302916e+00  5.5948419930e+00  -1.0028949348e+01  1.8481527333e+02  -1.3209485371e-01  7.7670593276e-01  2.5087014123e-01  1.6346111238e+00  -2.2000768487e-01  6.7131942038e-01  5.1546069707e-01  1.1578672230e+00  
-7.5008749962e-01  1.5752554764e+00  3.6027334847e+00  -2.1095184138e+00  3.1902224720e+00  1.2953016132e+00  2.2686712436e-01  1.4203246022e+00  1.2267798388e+00  3.4761390720e-01  7.3857308075e-01  4.1479454197e+00  1.7900566321e+02  1.3555427401e-01  1.3637180863e+00  6.8589307439e+00  5.7750616592e+02  -2.1402436865e+00  4.4445856446e+00  1.4703656456e+00  2.2146820682e+00  3.6504350852e+00  4.7342693854e+02  -2.5003407821e+00  3.1894435282e+00  
-6.5049988031e-01  -3.3605973598e-01  1.4457253673e+00  -2.0462572516e-01  6.0382968244e-01  1.0508152369e+00  1.6520247131e-01  1.6775063858e+00  1.3433200293e+00  -4.6810255878e+00  2.3509279952e+01  -1.7837262620e-01  6.9409259694e-01  8.4730051174e-01  1.2568210032e+00  1.9226281301e+00  3.6166422016e+00  1.6260559028e+00  1.9966611524e+00  5.2697899582e+00  1.7735486025e+01  8.6076437730e-02  1.3525962236e+00  3.5229075694e+00  1.7751907560e+01  
-5.4977887869e-01  1.4398444318e+00  4.4465870490e+00  -1.8398402577e-01  7.8966231105e-01  1.0524558242e+00  1.4577402981e-01  5.3694481388e-01  8.0495660935e+00  -7.1673291856e-01  2.3737960272e+00  1.3341917329e+01  1.3823218620e+02  1.6972032816e-01  6.6089615261e-01  -3.7489130516e-01  6.8225267496e-01  -6.7582366512e+00  6.4014849483e+02  -1.8439957119e-01  9.6857037344e-01  -7.2895045591e-01  1.0973996788e+00  -4.9762983088e-01  2.5319627390e+00  
-4.5004487038e-01  -5.9253256459e-01  1.0386727654e+00  7.4820995788e-01  8.0866307780e-01  1.3198114017e+00  2.0697475945e-01  2.8545779024e+00  4.0076636508e+00  3.3318039782e-01  5.0717529844e-01  -8.1491593146e+00  2.2171996547e+02  -5.5279294116e-02  7.1794432548e-01  3.9935514108e+00  3.0494661908e+02  2.3520191051e+00  5.2521944505e+00  -2.1865038722e+01  1.0974995538e+03  -4.5624257383e+00  9.9392141518e+00  -8.8721664361e-01  8.5418789352e-01  
-3.4975042939e-01  -6.9501309694e-01  1.8098703063e+00  3.7369124012e+01  1.5197179638e+03  8.9991440587e-01  1.5021610529e-01  7.9599303237e-01  6.6582587699e-01  -1.2754048368e+00  2.2088071485e+00  -9.3132918669e-01  9.8389626350e-01  -3.4572353529e-01  6.7490359926e-01  3.0666307754e+00  1.1910996336e+01  7.4495486345e-01  3.3409245540e+00  -2.8958141802e+00  3.4253069873e+00  -3.7397819097e-01  6.7286440780e-01  -1.8992934841e-01  4.2156460106e-01  
-2.5028878450e-01  -2.1016552055e+00  2.7493341941e+01  2.8604067359e+01  8.9626766718e+02  1.0575671506e+00  1.7438298147e-01  3.0011565589e-01  5.9565043740e-01  -2.5873491567e+00  1.0062323936e+01  1.3224327869e-01  3.7930416903e-01  -1.8614884282e+01  6.3341432869e+03  -5.9320987321e-01  4.4927086568e-01  5.2417557573e-01  6.5289442192e-01  -2.1033386273e+00  1.1097684757e+01  -7.7533982988e+00  6.0553517666e+02  -8.6281958746e-01  7.9409572221e-01  
-1.5024767816e-01  -1.1081318311e-01  9.2760516310e-01  6.5639936313e+00  3.8121865576e+01  9.7336633200e-01  1.3109742658e-01  4.3108216761e-01  5.5010072178e-01  -3.1521018293e+00  1.1413088204e+02  -1.0472510090e+00  1.9645798138e+00  -3.6836487701e+00  3.3620249461e+01  1.5303126232e+00  1.2457659991e+01  -1.7470919494e-01  1.2417271205e+00  -5.6625677256e-01  6.1418087920e+01  1.9412268500e-01  9.4021851249e-01  -2.0915597450e-01  2.1157190720e+00  
-5.0482820719e-02  -8.2548276647e-01  2.6760500323e+00  -1.5733044767e-01  1.7989438691e+00  1.0101717996e+00  1.4539226097e-01  7.9925089045e-01  8.3838412423e-01  1.3431860858e+00  1.6925793317e+00  4.5496576015e-03  3.1378504643e+00  -9.0847712506e-01  2.3788449836e+00  1.2753153495e+00  3.3987605818e+00  1.1643006400e+01  6.0902871982e+02  2.3169413360e-01  7.9847036047e+00  1.4746106537e+00  1.5000240397e+00  -1.3806841624e+00  2.9486402965e+01  
4.9498129636e-02  1.0000000000e+00  5.3106307725e-16  1.0000000000e+00  0.0000000000e+00  1.0000000000e+00  0.0000000000e+00  1.0000000000e+00  0.0000000000e+00  1.0000000000e+00  0.0000000000e+00  1.0000000000e+00  1.4395459830e-15  1.0000000000e+00  5.4248509531e-16  1.0000000000e+00  0.0000000000e+00  1.0000000000e+00  1.4979859310e-15  1.0000000000e+00  0.0000000000e+00  1.0000000000e+00  0.0000000000e+00  1.0000000000e+00  4.3582074478e-15  
1.4930145442e-01  -1.2677901539e+00  3.7846904123e+00  -1.7578314060e+01  2.0994771598e+03  9.9003623614e-01  1.4092103091e-01  1.2569202194e+00  1.1004995897e+00  7.5042303194e-01  9.1874384791e-01  -4.0534299757e+00  2.3295092791e+03  -1.1366092790e+00  2.8341443946e+00  8.0014974041e-01  1.4593752274e+00  1.4320218342e-01  1.1202453629e+00  -3.0750650474e+01  8.5044546218e+03  6.8158161743e-01  6.5995349229e-01  -6.6017208406e-01  1.7022210229e+00  
2.4974445999e-01  -7.1185924834e+00  9.8692365811e+02  1.5822974533e-01  8.8605645640e-01  1.0274590314e+00  1.3773642259e-01  2.3455253791e+00  4.3639839616e+00  -3.5316799228e-01  1.2298751601e+01  -9.7078043801e-01  2.0000692407e+00  -3.0664703180e-01  1.0706464927e+00  6.9209508844e-01  4.3956406469e+00  -8.4599195356e+00  3.5029667141e+02  -2.1368419781e+00  1.4838597373e+02  1.8748799631e+01  2.5680174642e+03  -5.0665454666e+00  1.5208268520e+02  
3.4922984242e-01  -5.7005972189e-01  3.7134633527e+00  4.4442954778e-02  5.1404408251e-01  9.4570111304e-01  1.5686391532e-01  -1.3432553928e+00  9.0741829731e+02  -4.0991895836e-01  1.2692673555e+00  7.0483526254e+00  1.5075866170e+02  4.2494965015e-04  1.5763062948e+00  -1.6909535617e+00  1.3353691071e+00  1.9221347130e+00  2.2730375454e+00  -5.0225670977e-01  1.2423182844e+00  -2.5273754214e-01  2.2012116005e+00  -1.1640508943e+00  1.0830865292e+00  
4.4951143861e-01  -1.4864064833e+00  3.8212680949e+00  2.4982838842e-02  5.5032503975e-01  1.1113771257e+00  1.8447350755e-01  1.2645169528e+00  2.0796258887e+00  -7.9622499924e-01  1.3954649243e+00  -1.0794678135e+00  1.1140214470e+00  -2.9477093757e+00  5.6485216765e+00  3.3638202224e-01  6.2837971462e-01  1.4862977367e+00  7.5810350031e+00  -3.4767320575e-01  3.9244488981e-01  -2.7168704029e+00  4.7905871836e+00  -5.2179234863e+00  1.7175846741e+01  
5.4909604788e-01  -1.7152980280e+00  3.1410013482e+00  1.3453326551e+00  1.6301664480e+00  7.5778076381e-01  1.1848028793e-01  3.5370870097e-01  4.8672700802e-01  3.0396333372e+00  4.9463600622e+00  -1.4242901969e-01  6.1466281256e-01  -1.2881666985e+01  7.0327516422e+02  2.4001054573e-01  1.0508817999e+01  4.3503475468e-01  9.1054552778e-01  -3.1736101016e-02  3.6985366807e+00  -2.2441388460e-01  4.9107086540e-01  -1.1322847664e+00  1.0589342466e+00  
6.4924782515e-01  7.1806749646e-01  1.6623283722e+00  -5.6121341891e+00  9.1403477313e+01  9.5025338041e-01  1.3135174639e-01  1.7563941476e+00  6.7705869702e+00  -1.4767998467e+00  5.7300329498e+00  8.0557840265e-02  4.5837275121e-01  6.4116966881e+00  2.8568679199e+01  -2.7173224786e+00  5.6602765126e+00  -2.2717934564e-01  6.7820471757e+00  -5.2305273687e+00  7.5061871198e+01  -1.3882998366e+00  2.1711905837e+00  -2.4378518619e+00  2.8494667525e+01  
7.4927139282e-01  -2.9135951915e+00  7.5116682890e+01  -5.2658513960e+00  3.5577791167e+01  9.5176474108e-01  1.4984784241e-01  5.9865801596e-01  6.3599988855e-01  -2.3113166075e-01  8.0655544353e-01  -5.6232000671e+00  5.7278111146e+01  1.1955256233e+00  2.0641347300e+00  5.3001496369e-01  1.3043165354e+00  6.1992912122e-01  7.8725586848e-01  1.9129691241e-01  6.4909039099e-01  8.0176490046e+00  6.2887782375e+02  2.8549609209e-01  9.9813994832e-01  
8.4917128086e-01  6.5103994066e-01  1.4397509394e+00  -4.7859977316e-01  6.0540042934e-01  7.7214484427e-01  1.3588556206e-01  7.0678713147e-01  6.1376368906e-01  2.9506785173e+00  6.9280948569e+00  2.0029459598e-01  4.5259886876e-01  -4.9121157817e+02  9.7397805225e+04  1.0484090395e-01  1.1877392980e+00  -4.7607980259e-01  8.6234557264e-01  6.8744146192e-01  9.7790491728e-01  8.4124888099e-01  9.4837305921e+00  -4.0303106034e-01  4.8060632967e-01  
9.4890582561e-01  1.9172326156e+01  1.6252231541e+03  -8.9709560591e-01  2.4972920106e+00  7.2034195224e-01  1.5579789330e-01  3.7340508707e-01  1.0306968940e+00  -6.7508827344e-01  2.4721987672e+00  3.4478065192e+00  8.0259943687e+01  -3.3751086452e-01  6.3393394603e-01  -1.0478301036e-01  5.6259792834e-01  -7.8083944816e+00  8.7138240151e+01  3.9533018692e+00  1.4069611482e+01  -4.7960284043e+00  1.7514169180e+01  2.0239514186e+00  9.1958693672e+00  
1.0494198799e+00  6.2218639695e-02  7.4562549643e-01  1.1109289203e+01  2.3504917880e+02  8.8024365993e-01  1.5083774041e-01  1.5837866025e-02  4.6325591728e-01  -5.0885741641e+00  2.8196351936e+02  5.0106229684e+00  1.4444395032e+03  1.1021540009e+00  1.1121414019e+00  9.1990853008e-01  9.9521886921e-01  1.7439909936e+00  1.0922909795e+01  -6.1261154407e-02  7.5575773836e-01  -3.7807037173e-01  6.9779900790e-01  9.1362114962e+01  2.3170718235e+04  
1.1489228010e+00  2.9859205152e-01  4.6378577045e-01  1.8768932574e+00  4.6541857997e+00  7.6803610879e-01  1.6084670857e-01  4.1502067866e-01  9.2075840852e-01  -1.5383307960e+00  6.2807561362e+00  -1.2529091385e-01  7.5035144768e+00  -1.4035595414e+01  2.2654249420e+03  -4.1727086673e-02  2.0230358990e+00  -2.4178491195e+00  4.2634174260e+02  -3.0873024381e-01  4.1725515564e-01  9.4394923328e-02  6.4138141621e-01  -7.5369129033e-01  7.9903516640e-01  
1.2489193678e+00  -5.7926870523e+00  7.7519949584e+01  2.0258566693e-01  6.8741088978e-01  9.5393651466e-01  1.8874088565e-01  2.4573217547e+00  3.2161003730e+00  -1.2329236138e+00  4.1060927099e+00  -1.9412637254e+00  7.4283026051e+00  1.1445808291e+00  1.0285315976e+00  -9.3470697599e-01  2.6308220634e+00  -1.0651820103e+00  1.2844966114e+01  6.0518338824e-01  4.8422503491e-01  1.9938556438e+01  1.0073139663e+03  5.2753682940e+01  1.0842622354e+04  
1.3490427732e+00  2.5343435981e+00  4.8672726312e+00  -9.3861992672e-01  6.0329820405e-01  5.9605934212e-01  1.4230978461e-01  5.0930523395e+00  2.3790012082e+02  -3.9970703658e+00  1.0127971261e+01  3.1943365919e-02  9.0862468448e+00  1.7188293083e-01  3.4901499901e+00  5.2885196808e-01  7.0996395598e-01  -2.6188035619e+00  1.1744963552e+01  -8.3836097288e-01  1.2517001223e+00  -9.7698276598e+00  6.5397485500e+02  -6.4787568593e-01  1.8644057293e+00  
1.4491777420e+00  -6.1257494620e-01  1.0020031424e+00  -1.3372204358e+00  5.1536801363e+00  7.9603391093e-01  1.8553293954e-01  -4.6590567866e+00  1.6033327713e+02  5.5880848677e-01  1.9108343003e+00  2.7095051883e+00  9.7859777204e+01  2.5620722020e+00  5.9390157473e+00  8.6869998839e+00  2.4385295808e+02  -1.9826704990e+01  3.1870911214e+03  -7.0821560145e-01  1.3585460884e+00  -1.2716845303e+00  4.6730195515e+00  2.0758288477e+00  4.5877833492e+00  
1.5487748384e+00  -4.3167923379e-01  9.0500378664e-01  -6.8187181768e-01  6.6768860765e-01  9.3727821496e-01  2.6534297412e-01  7.0330450577e-01  9.4338659804e-01  8.2620219446e-01  2.3157456869e+00  4.9887460215e+00  3.1790968153e+01  2.2994952592e+00  1.0843998205e+01  1.5118821277e+00  8.1332042523e+00  4.6383382236e+00  4.2106678916e+02  -6.6138133072e-01  1.6561221192e+00  3.4949602039e-01  1.1553201019e+00  1.6784732297e+00  2.5612111191e+01  
1.6491417885e+00  1.7418078700e+00  1.2841534767e+00  -3.0906027626e-01  1.2866148532e+00  7.9947410365e-01  1.8382882561e-01  1.0218746589e+00  2.2438474045e+00  7.0543879482e-01  1.8861422207e+00  2.5898327829e+00  3.6020829963e+00  -1.1973641379e+00  2.0828619284e+00  -2.2410633521e+01  2.0085174733e+03  -2.3478682771e+00  3.5849324032e+00  1.2735377321e+00  1.5896978666e+00  -9.9415244731e-01  1.0220461845e+00  7.4115788975e-01  4.2932074073e-01  
1.7489076853e+00  2.0372868229e-01  6.1579612722e-01  -4.4219251094e-01  1.9265536158e+01  4.8277550447e-01  1.8366625234e-01  5.2402144288e-01  1.4958141961e+00  -5.9604356164e-02  1.8715165088e+00  -1.5875092941e+01  4.8803669801e+02  -2.3997633840e+00  6.1157631940e+01  -3.4674931469e-01  8.2477395590e+02  8.7976833997e-01  1.0726464901e+00  -4.1464703913e-01  2.9993991147e+00  -1.0420217364e+01  7.8053093807e+02  1.2665867715e+00  6.7207513308e+00  
1.8483445644e+00  -4.2876493531e-01  9.6643702106e-01  -1.3687738243e+00  4.9125343349e+00  3.9232178618e-01  1.5099606280e-01  -1.8175218355e+00  5.2003401562e+00  3.2226874443e+01  1.1347267706e+04  -3.3695075053e+01  2.8227208599e+03  1.6905794793e+00  3.0099765171e+02  9.9529040680e+00  3.2669405203e+02  1.1453592604e+00  2.6327692959e+00  -8.1063518197e-01  2.2075383624e+00  3.6151657715e-01  7.5618328634e-01  -2.6120358400e-01  6.5851927164e-01  
1.9486002922e+00  6.3136482196e-03  3.3277501465e-01  6.8391511679e-04  2.7761681930e+01  6.7541538814e-01  2.0358782066e-01  -3.4912504666e+00  1.6885177601e+01  2.7191512641e-01  8.8491128796e+00  1.7970263903e+00  1.5182451651e+00  -1.2111842877e+00  1.2726385947e+00  1.2928705479e+00  2.8981949577e+00  -2.1059773052e-01  1.9536631122e+00  -1.6923231279e+00  1.0362757650e+02  -5.5792378491e-01  1.0175935514e+00  1.7069250119e-01  1.6399281813e+00  
2.0487885475e+00  -1.4262552006e+00  1.6892284549e+00  -3.1442679025e-01  6.2950745021e+00  3.5220142144e-01  1.9808667998e-01  -2.5030930124e-01  5.4500425767e-01  2.6002464760e-01  7.4482512709e-01  3.6368507951e+00  3.4646258124e+02  -3.0189598339e-01  8.8610399487e-01  3.7507142326e+00  1.7718034573e+02  -1.4639704236e+00  1.1308929208e+02  -4.3408520868e-01  5.1349126970e-01  3.2113868859e+01  8.5772877496e+03  -5.6467563215e-01  8.3266914052e-01  
2.1486809254e+00  9.1309726367e-02  8.8455593993e-01  3.3271683861e-02  6.5956159115e-01  1.0427698619e+00  3.1447420181e-01  -2.4422383978e+00  1.4003023858e+01  -1.0238951007e+00  9.3969440374e-01  -1.2854559429e+00  1.4491893680e+01  9.7553939736e-01  4.5774860191e+00  -1.1013056617e+00  1.2394183407e+00  -4.7673747819e-01  5.6481257853e-01  -3.0416499010e+00  7.9166411891e+00  -2.5940133150e-01  2.0571635508e+00  -1.0111762385e-01  6.3260088600e-01  
2.2481396198e+00  -4.7159644806e-01  3.0008823118e-01  -3.5454983869e-01  9.0906667391e-01  5.0992213664e-01  1.7913201729e-01  4.8787349808e-01  3.5602547891e+01  -6.0316578957e-01  8.2927495907e-01  -5.2673554280e-01  1.0812519181e+00  -1.5040141738e-01  1.5801568527e+00  3.0152924548e-01  9.9213451809e-01  -5.8582686594e+00  1.5641024252e+02  1.8795795682e-01  3.2572931415e+01  1.8317642958e+00  6.5985673349e+00  2.1788642851e-01  8.4709175022e-01  
2.3479855061e+00  -5.7935653820e-01  1.0901809343e+00  4.7744627593e-01  1.6157324346e+00  1.1521995124e+00  4.0055093298e-01  -2.2599434925e-01  1.0112890004e+00  2.1772327548e+00  3.2148727236e+00  1.3940378735e+01  4.6521184199e+01  -7.5796934201e-01  1.3082912404e+00  -2.8835842013e+00  7.0078670552e+00  -1.5132923671e-01  6.4408581646e-01  3.9684995461e+00  3.3216960957e+01  3.1191617094e+00  3.1690594891e+01  -7.2720439949e-01  2.8146707787e+00  
2.4476399422e+00  2.2883741707e-01  2.0271769267e-01  1.9542814880e+00  2.5411023502e+01  3.9992140101e-03  1.5306536912e-01  -5.3568239412e+00  3.5730797838e+01  5.6861046186e-03  1.6247977652e-01  1.1951920887e+00  7.8025710911e+01  -2.7995415185e-01  2.4694987797e-01  -4.3938152909e-01  1.7992149315e+00  4.5010506609e-02  2.2956154647e-01  1.3036262462e+00  4.9824320967e+01  -3.5418507276e-01  3.1368776802e-01  8.5076766702e-01  4.6991900334e+00  
2.5473241806e+00  2.1149664430e-02  1.1093072096e-01  -3.3781720570e-01  3.1949693935e-01  5.6566541608e-02  8.8435392790e-02  6.1424600703e-01  5.3664141022e-01  1.2478710113e-02  1.4148215295e-01  6.4535331720e+00  6.2501954985e+01  1.5356737452e-02  1.2129894295e-01  4.1575842925e-01  4.6109706177e-01  -6.6620080194e-03  9.8825215250e-02  1.6411935192e-01  4.9016132537e-01  -2.5601201322e-01  1.2731547685e-01  5.6773609869e-02  1.0162637764e+00  
2.6464500427e+00  -1.7847136335e-01  1.5740787857e-01  5.6600271783e-01  5.7126976799e-01  8.8304258146e-02  1.0772746997e-01  -1.4287338460e-02  1.4887789504e-01  7.1004461226e-02  1.0934468144e-01  1.8753009592e-01  2.7592114421e-01  5.4127417347e-01  1.9099714130e-01  2.4207533241e-01  3.4811667992e-01  3.6308130178e-03  1.2670802766e-01  -1.2942705333e-01  2.2174546561e-01  7.4348613221e-02  1.3991516421e-01  1.1972297696e-01  2.6692977842e-01  
2.7462885380e+00  -1.5847033580e-01  1.4379980722e-01  2.5903884523e-01  2.8738332462e-01  -3.5296293510e-02  1.3389304243e-01  -1.8258587588e-01  3.4210162934e-01  -2.1278881861e-01  1.3820716082e-01  -3.3618800538e-01  4.9383365697e-01  1.8097329305e-01  1.4530769680e-01  -3.1749720431e-01  3.7318571500e-01  -2.3038691477e-01  1.4770439998e-01  3.2772912475e-01  3.3908153353e-01  -4.2726800521e-01  1.5608070452e-01  8.3430461030e-02  3.5335764074e-01  
2.8447544575e+00  1.5259607109e-01  1.3937839780e-01  -3.3168429064e-01  3.8962663746e-01  2.4371165441e-01  1.9114737604e-01  -4.8361355531e-01  4.8564724030e-01  -5.4685615976e-02  1.8173924816e-01  1.2860361255e+00  5.1177416644e-01  3.2439940005e-01  1.7592398106e-01  4.0915085101e-01  3.2736744960e-01  1.0199676039e-01  1.7177049902e-01  -2.3894865380e-01  4.2914520290e-01  9.0849149093e-02  1.6310234011e-01  7.9769900510e-01  5.7233440337e-01  
2.9451427460e+00  -1.5371727543e-01  1.6058211244e-01  4.7468819153e-02  2.8696188949e-01  -2.4753638317e-01  1.8495081486e-01  -3.9550994702e-02  6.5612476003e-01  -9.1496438823e-02  1.8490456778e-01  -3.6258137773e-02  7.4592250228e-01  3.7387482127e-02  1.9571117162e-01  -1.9464018432e-01  4.5025552959e-01  -3.2750883264e-01  2.4734580345e-01  4.4794593506e-01  5.1217571075e-01  -7.8105765572e-01  7.0366575145e-01  5.2356464747e-01  3.2404575242e+00  
3.0438554287e+00  1.1398935755e-01  1.9930777939e-01  1.7066403968e+00  7.1334170831e+01  1.8310678242e-01  2.2068540397e-01  1.6994698970e-01  6.1627686239e-01  -2.0438951812e-01  2.3272206438e-01  3.7210946864e-01  7.3627293230e-01  -1.1625810956e-01  2.0521358952e-01  1.1367339840e+00  6.3886201579e-01  2.6688700645e-01  3.4876227649e-01  4.7470497683e-01  2.0233285146e+00  4.3485321802e-02  1.8456523500e-01  3.5356391768e-02  4.3379550692e-01  
3.1388919353e+00  7.8527203210e-02  1.6132102969e-01  7.7709230861e-02  1.2912562657e+00  1.3523970117e-01  2.7778993605e-01  -7.2620328118e-01  8.4396116796e-01  -4.2053041931e-02  5.0290934315e-01  -9.7368701495e-01  8.4828790991e-01  2.9961229902e-01  3.2599614701e-01  -9.6494412832e-01  1.8272135399e+00  -1.6459309149e-01  2.7253554967e-01  7.3495602264e-01  7.1283661179e-01  -4.8472435440e-01  4.2269089932e-01  -6.9605376664e-01  3.4059097231e+00  
3.2362692356e+00  -3.1027889430e-01  2.3132672760e-01  3.4653588188e-01  6.1165406271e-01  -2.1806191887e-01  4.0116731057e-01  -1.0144093411e-01  2.7282517490e-01  2.0532974121e-01  4.5109957980e-01  9.1746854915e-01  1.7938436747e+00  2.2408357956e-01  4.5745308345e-01  -4.5122722657e-01  5.1648362933e-01  3.1307927877e-01  2.4709472880e-01  -1.0788408784e+00  9.1109497872e+00  5.4476858194e-01  3.4359066962e-01  -4.3854633068e-03  4.1125077639e-01  
3.3294610977e+00  -3.7437790561e-01  8.1769591365e-01  -2.1092946937e-01  1.0917862743e+00  4.4752897590e-01  3.4134393544e-01  4.4166820259e-01  1.0473489328e+00  -6.9529587867e-03  3.6688487875e-01  2.4162430869e-01  5.3193147608e-01  -2.5942803826e-01  4.6509437825e-01  4.0022384768e+00  2.5836046593e+02  -1.0049405099e+00  1.2970319865e+00  -3.3881451616e-01  2.8390584458e+01  5.8516675563e-02  5.7921554211e-01  -9.0255687008e-02  3.5587009790e-01  
3.4253783226e+00  -4.9310107046e-01  4.3025137668e-01  1.5887809634e+01  2.0873399285e+03  3.4110328870e-01  4.7966766488e-01  -2.5883174815e-01  5.2588975630e-01  -7.5819566148e-01  5.7033145413e-01  7.6488396338e+00  2.9680022262e+02  6.5299866056e-02  3.3399691146e-01  1.3698694537e+00  3.1029592120e+00  -2.9568655131e-01  3.1238777222e-01  -1.0618436806e+00  4.2922303293e+00  1.7337435806e-01  3.5152113125e-01  -3.1173551917e-01  1.4820844570e+01  
3.5205583572e+00  -5.5327859503e-02  4.4077908850e-01  6.8874639085e+00  1.2308438547e+02  -3.8893805337e-02  6.2363167892e-01  3.8700581655e-01  8.2335032989e-01  -5.2837805176e-01  9.5912962525e-01  7.5387716174e-01  1.4492468795e+00  1.2282958005e+00  1.8422642290e+00  -1.9599508079e+00  3.3081159027e+00  -6.3535913899e-02  5.2134959284e-01  6.9650619487e+00  4.0369153435e+01  3.8404287276e-01  1.9865420810e+00  3.6949163991e+00  9.5885755497e+01  
3.6196849346e+00  -6.5303379049e-01  1.6643037321e+00  1.1184539573e+00  2.8948234057e+01  1.2798961154e-01  3.9476744804e+00  7.0973786410e-01  1.1945984815e+00  -1.7946185842e+00  2.5562778059e+00  -2.4415034823e+00  4.9858673228e+00  4.3562326546e-02  3.6564931398e-01  -8.7651597331e-02  6.4431722734e-01  -2.2379308354e-01  4.3267576593e-01  -2.5643252270e+00  1.4152721868e+03  -5.1876547898e-01  5.4984037725e-01  -1.7944973839e+00  3.2155176757e+00  
3.7109451294e+00  1.2913984559e-01  7.7441271652e-01  1.0454773743e+00  1.6193470727e+00  -5.8925967075e-01  1.8580111607e+00  -1.0073179941e+00  7.8345148205e+01  2.6160143960e-01  9.3688029412e-01  5.5398233493e+00  7.9685541801e+01  3.1775733861e-02  2.2504059096e+00  -7.2704198964e-01  1.3320025389e+00  -4.7693204045e-02  3.7056896667e-01  1.2000528510e+01  9.0593687102e+01  -4.5918741758e+00  1.7981073572e+02  -3.0578803211e-01  4.4356201204e-01  
3.8093049526e+00  2.5472792048e+00  1.4252766846e+02  5.9760273535e-01  5.4362039907e-01  2.9689109573e-01  1.0480291502e+00  -7.5355925656e-01  4.8974744396e+00  1.1268094388e+01  2.6013699144e+02  2.2723791750e+01  9.9026503837e+02  -9.7145365380e-01  1.1829656305e+00  3.2460879349e-01  1.1377033020e+00  -2.4811952762e+00  9.7412471736e+01  -1.2607923715e+00  2.1009087001e+01  -5.8885922428e+00  3.3170194963e+02  -1.0187720527e+00  2.1248036229e+00  
3.9080867767e+00  1.0360347681e+00  6.9781015632e-01  -4.0201229427e-01  9.0673523397e-01  2.1872487779e-01  5.4093339656e-01  -9.4410337361e-01  7.5932542753e-01  1.3604858041e+00  2.2583216967e+02  3.1085003559e-01  7.9381375583e+00  -1.2000315972e-01  1.0165909885e+00  -1.0020830530e+00  1.2889737837e-01  7.0465020239e-01  6.0690307324e+00  1.6453394979e+00  1.7506734560e+00  1.0932052187e-01  6.8481304664e-01  9.9274080454e-01  9.4451941223e-01  
4.0063209534e+00  5.9498973695e-01  4.7881775792e-01  -8.8085801907e-02  1.1378736381e+00  4.9224062621e-01  5.2109607354e-01  1.2853366642e+00  9.2245202354e-01  7.5383212086e-01  1.2553337754e+00  -3.4534536326e-01  4.0028830998e-01  -2.2176609815e+00  6.7742175289e+01  -4.6128371685e-01  1.7212216962e+00  -8.8286101083e+00  3.9902422089e+02  9.7719852087e-01  4.7281405394e-01  7.2661522270e-01  1.5498198365e+01  2.1462309858e-01  4.7501805076e-01  
4.1049742699e+00  -2.1189546787e+00  8.8565213198e+00  -2.0540192668e-01  1.1175208887e+00  -1.0118946356e+01  1.5263175034e+02  5.2238726949e+00  1.5941509954e+01  9.7904156921e-01  1.8675182800e+01  3.1900016348e+00  4.9947047597e+00  3.1974801614e-01  4.3467406269e-01  -4.0162723142e-01  2.6844217600e+00  -4.9442855336e+00  5.3481140855e+01  -7.7892042347e-01  2.4033491713e-01  -1.0351353373e+00  1.2228882188e+00  1.9531376669e+01  3.2019413462e+03  
4.2043104172e+00  -4.1137427745e+00  6.4336769206e+01  -2.0957959217e+01  5.7277380010e+01  6.0697711427e-01  5.0893632787e-01  -8.8659046662e-01  1.3595840091e+00  -1.2108590839e+01  4.3716962113e+02  -1.4564256334e+00  2.7939408581e+00  -5.6980849442e-01  2.0223435998e+00  -2.9407558586e-01  3.5929817299e+00  -4.1122866234e+01  2.5352774415e+02  -1.3036043972e+00  2.2731486722e+00  -1.0318866828e+00  2.4249720278e+00  -2.6117197026e-02  7.7565866209e-01  
4.3037686348e+00  9.8481354320e-01  9.9850799137e+00  -5.1697647121e-01  3.5241596231e-01  -4.2865347047e-01  6.2453755010e-01  9.9472828743e-01  2.0490383988e+00  2.4366641074e-01  7.4263146781e-01  -2.1281426402e-01  2.5303469172e+00  2.8241835587e+00  4.7138277764e+00  7.5327094540e-01  1.2170052628e-01  3.3917823924e+01  7.0258995779e+03  3.9034040680e-01  3.6438068286e+00  1.3462735210e+00  4.3870205710e+00  -9.7687021000e-01  6.3941154971e-01  
4.4033856392e+00  3.4560744548e-01  1.0828240050e+00  -6.0137828521e-01  8.9240531722e-01  -2.6506081629e-01  4.0299687269e-01  3.2731561276e+00  5.7426982966e+00  1.9298907183e+01  8.2523973161e+02  -9.3604018035e-01  2.1195625981e+00  7.9481807815e-01  8.7869328217e-01  -7.8065021364e-01  6.5667642906e-01  -1.4712200628e+00  1.5411050770e+01  4.0280865149e+01  6.2324508833e+01  -2.2519513023e-02  1.4552218431e+00  -9.7506072989e-01  6.0652357026e+00  
4.5031099319e+00  2.1141919519e-01  4.2732322345e-01  2.2393382269e-01  2.2393382269e-01  -6.7314876625e+00  2.8619859596e+01  1.8605799974e+00  1.8605799974e+00  -2.5144657615e-01  5.1799135098e-01  4.8819758460e-01  4.8819758460e-01  2.9048323296e+00  5.4937229562e+00  -2.3900022075e+00  2.3900022075e+00  -6.1153878883e-01  1.4086578421e+01  -5.2108090982e-01  5.2108090982e-01  -1.5411513110e+00  3.0761889176e+01  2.4091578848e+00  2.4091578848e+00  
4.6026573181e+00  -5.6735759741e-01  4.6614748997e+00  -1.8961668192e+00  2.9654620179e+00  1.1301789095e+00  2.1186051849e+00  5.8965984971e-01  3.8699042261e-01  4.3584087125e-01  9.7218990098e-01  -2.6163765105e+00  5.1849812712e+00  7.0820495464e+00  4.4618332913e+01  -4.2360258596e-01  7.9379824376e-01  -8.6700584080e+00  9.6212706519e+01  8.5260796675e-02  6.2816661983e-01  -1.0585250444e-01  1.2419909138e+00  -1.4097956389e+00  4.5961796032e+00  
4.7020564079e+00  5.3472211319e-01  7.7330084048e+00  -8.6083204589e-01  8.6083204589e-01  2.1834688462e+00  1.3701584277e+01  -4.4668854215e+02  4.4668854215e+02  2.1188695031e+01  3.1406158375e+02  2.0658784914e+00  2.0658784914e+00  8.2643377966e-01  1.1113154295e+01  2.9159652882e-01  2.9159652882e-01  -4.1514300691e+00  4.7777132931e+02  -5.5417912950e-01  5.5417912950e-01  -2.3314498509e+00  2.2787889988e+01  -2.5938679160e-01  2.5938679160e-01  
4.8010935783e+00  8.1006561441e-01  1.5034114315e+00  0.0000000000e+00  0.0000000000e+00  5.3895515919e-01  5.4564680800e+00  0.0000000000e+00  0.0000000000e+00  -1.0973074688e-01  2.7410691284e+00  0.0000000000e+00  0.0000000000e+00  -2.1686914240e+01  4.9682369870e+02  0.0000000000e+00  0.0000000000e+00  -9.0106214586e-01  2.4810329911e+00  0.0000000000e+00  0.0000000000e+00  -3.1364117824e-01  6.6025250875e-01  0.0000000000e+00  0.0000000000e+00  
4.9012598991e+00  -1.6908343148e-01  7.4918255320e-01  1.0601859220e+00  1.0601859220e+00  6.7302055612e-01  7.7284716320e-01  -9.0567768542e-01  9.0567768542e-01  5.8574426968e-01  7.3546063756e-01  -8.6786423648e-01  8.6786423648e-01  -3.3064394862e-01  6.2936212735e-01  -2.8228444730e+00  2.8228444730e+00  4.1734809106e-01  8.1407268604e-01  9.6775054954e-02  9.6775054954e-02  1.4688236285e+00  2.0395086428e+01  1.0252708093e+00  1.0252708093e+00  
5.0011262894e+00  1.0666951616e+00  3.0284872074e+01  0.0000000000e+00  0.0000000000e+00  -3.5559817851e+00  1.5543327240e+01  0.0000000000e+00  0.0000000000e+00  -5.2778304530e-02  1.4835917836e+00  0.0000000000e+00  0.0000000000e+00  1.7887686962e+00  2.6297623856e+01  0.0000000000e+00  0.0000000000e+00  -1.3847884177e-01  6.4727792180e-01  0.0000000000e+00  0.0000000000e+00  5.6134128715e-01  9.0118650637e-01  0.0000000000e+00  0.0000000000e+00  
5.1006765366e+00  7.6545218820e-02  5.6006308387e-01  0.0000000000e+00  0.0000000000e+00  1.3534013191e+00  2.9269491865e+00  0.0000000000e+00  0.0000000000e+00  -4.8035652285e-01  1.0008543526e+00  0.0000000000e+00  0.0000000000e+00  -7.2341425094e-01  1.3537369490e+00  0.0000000000e+00  0.0000000000e+00  -4.3226508665e-01  2.1996519946e+00  0.0000000000e+00  0.0000000000e+00  -1.6466612484e+00  5.5151240204e+00  0.0000000000e+00  0.0000000000e+00  
5.2002406120e+00  2.8043829867e+01  7.3659563206e+01  0.0000000000e+00  0.0000000000e+00  7.2540122186e-03  6.3360006677e-01  0.0000000000e+00  0.0000000000e+00  -9.2015896129e+00  1.6776942576e+01  0.0000000000e+00  0.0000000000e+00  8.8249371254e+00  2.1222262245e+01  0.0000000000e+00  0.0000000000e+00  -1.1225702726e+01  2.3163576585e+01  0.0000000000e+00  0.0000000000e+00  -8.6738578916e-02  4.3498188757e-01  0.0000000000e+00  0.0000000000e+00  
5.3005695343e+00  1.1659350884e+00  2.5024403414e+00  0.0000000000e+00  0.0000000000e+00  6.0106275219e-01  3.2028365238e+00  0.0000000000e+00  0.0000000000e+00  5.2145554786e-01  3.0791212937e+00  0.0000000000e+00  0.0000000000e+00  -5.0027411822e-01  3.3766792394e+00  0.0000000000e+00  0.0000000000e+00  -1.1391738440e-01  6.4177369228e-01  0.0000000000e+00  0.0000000000e+00  -2.7443663895e+00  5.2744459121e+00  0.0000000000e+00  0.0000000000e+00  
5.4003787041e+00  -3.6204661866e-01  1.5141143805e+00  0.0000000000e+00  0.0000000000e+00  -1.9240629716e+00  5.9702333855e+00  0.0000000000e+00  0.0000000000e+00  -1.3410014036e+00  3.4306108846e+00  0.0000000000e+00  0.0000000000e+00  2.6952010253e-02  2.1959174620e+00  0.0000000000e+00  0.0000000000e+00  -1.8739188385e+00  6.7589601336e+00  0.0000000000e+00  0.0000000000e+00  -8.9633675495e-01  6.5461880195e+00  0.0000000000e+00  0.0000000000e+00  
5.5002417564e+00  2.6098820051e+11  5.0109734498e+13  0.0000000000e+00  0.0000000000e+00  -1.5567662580e+11  2.9889912153e+13  0.0000000000e+00  0.0000000000e+00  2.7136910628e+11  5.2102868405e+13  0.0000000000e+00  0.0000000000e+00  7.1184886290e+10  1.3667498168e+13  0.0000000000e+00  0.0000000000e+00  1.6990739372e+11  3.2622219595e+13  0.0000000000e+00  0.0000000000e+00  3.7734624607e+10  7.2450479246e+12  0.0000000000e+00  0.0000000000e+00  
5.5999894142e+00  0.0000000000e+00  0.0000000000e+00  0.0000000000e+00  0.0000000000e+00  0.0000000000e+00  0.0000000000e+00  0.0000000000e+00  0.0000000000e+00  0.0000000000e+00  0.0000000000e+00  0.0000000000e+00  0.0000000000e+00  0.0000000000e+00  0.0000000000e+00  0.0000000000e+00  0.0000000000e+00  0.0000000000e+00  0.0000000000e+00  0.0000000000e+00  0.0000000000e+00  0.0000000000e+00  0.0000000000e+00  0.0000000000e+00  0.0000000000e+00  
5.7000041008e+00  2.7315012145e+13  2.7315012145e+13  0.0000000000e+00  0.0000000000e+00  -1.9403917407e+13  1.9403917407e+13  0.0000000000e+00  0.0000000000e+00  -2.5830383984e+13  2.5830383984e+13  0.0000000000e+00  0.0000000000e+00  -2.3821594954e+13  2.3821594954e+13  0.0000000000e+00  0.0000000000e+00  -5.9179523750e+13  5.9179523750e+13  0.0000000000e+00  0.0000000000e+00  -2.1159598345e+13  2.1159598345e+13  0.0000000000e+00  0.0000000000e+00  
5.7999963760e+00  5.9230198249e+13  5.9230198249e+13  0.0000000000e+00  0.0000000000e+00  -9.4023420011e+12  9.4023420011e+12  0.0000000000e+00  0.0000000000e+00  9.4020583161e+12  9.4020583161e+12  0.0000000000e+00  0.0000000000e+00  4.8056282630e+13  4.8056282630e+13  0.0000000000e+00  0.0000000000e+00  4.4287756701e+13  4.4287756701e+13  0.0000000000e+00  0.0000000000e+00  2.1426094585e+13  2.1426094585e+13  0.0000000000e+00  0.0000000000e+00  
5.9000110626e+00  0.0000000000e+00  0.0000000000e+00  0.0000000000e+00  0.0000000000e+00  0.0000000000e+00  0.0000000000e+00  0.0000000000e+00  0.0000000000e+00  0.0000000000e+00  0.0000000000e+00  0.0000000000e+00  0.0000000000e+00  0.0000000000e+00  0.0000000000e+00  0.0000000000e+00  0.0000000000e+00  0.0000000000e+00  0.0000000000e+00  0.0000000000e+00  0.0000000000e+00  0.0000000000e+00  0.0000000000e+00  0.0000000000e+00  0.0000000000e+00  
6.0000000000e+00  0.0000000000e+00  0.0000000000e+00  0.0000000000e+00  0.0000000000e+00  0.0000000000e+00  0.0000000000e+00  0.0000000000e+00  0.0000000000e+00  0.0000000000e+00  0.0000000000e+00  0.0000000000e+00  0.0000000000e+00  0.0000000000e+00  0.0000000000e+00  0.0000000000e+00  0.0000000000e+00  0.0000000000e+00  0.0000000000e+00  0.0000000000e+00  0.0000000000e+00  0.0000000000e+00  0.0000000000e+00  0.0000000000e+00  0.0000000000e+00  
6.0999884605e+00  0.0000000000e+00  0.0000000000e+00  0.0000000000e+00  0.0000000000e+00  0.0000000000e+00  0.0000000000e+00  0.0000000000e+00  0.0000000000e+00  0.0000000000e+00  0.0000000000e+00  0.0000000000e+00  0.0000000000e+00  0.0000000000e+00  0.0000000000e+00  0.0000000000e+00  0.0000000000e+00  0.0000000000e+00  0.0000000000e+00  0.0000000000e+00  0.0000000000e+00  0.0000000000e+00  0.0000000000e+00  0.0000000000e+00  0.0000000000e+00  
6.2000002861e+00  0.0000000000e+00  0.0000000000e+00  0.0000000000e+00  0.0000000000e+00  0.0000000000e+00  0.0000000000e+00  0.0000000000e+00  0.0000000000e+00  0.0000000000e+00  0.0000000000e+00  0.0000000000e+00  0.0000000000e+00  0.0000000000e+00  0.0000000000e+00  0.0000000000e+00  0.0000000000e+00  0.0000000000e+00  0.0000000000e+00  0.0000000000e+00  0.0000000000e+00  0.0000000000e+00  0.0000000000e+00  0.0000000000e+00  0.0000000000e+00  
6.3000006676e+00  0.0000000000e+00  0.0000000000e+00  0.0000000000e+00  0.0000000000e+00  0.0000000000e+00  0.0000000000e+00  0.0000000000e+00  0.0000000000e+00  0.0000000000e+00  0.0000000000e+00  0.0000000000e+00  0.0000000000e+00  0.0000000000e+00  0.0000000000e+00  0.0000000000e+00  0.0000000000e+00  0.0000000000e+00  0.0000000000e+00  0.0000000000e+00  0.0000000000e+00  0.0000000000e+00  0.0000000000e+00  0.0000000000e+00  0.0000000000e+00  
6.4000124931e+00  0.0000000000e+00  0.0000000000e+00  0.0000000000e+00  0.0000000000e+00  0.0000000000e+00  0.0000000000e+00  0.0000000000e+00  0.0000000000e+00  0.0000000000e+00  0.0000000000e+00  0.0000000000e+00  0.0000000000e+00  0.0000000000e+00  0.0000000000e+00  0.0000000000e+00  0.0000000000e+00  0.0000000000e+00  0.0000000000e+00  0.0000000000e+00  0.0000000000e+00  0.0000000000e+00  0.0000000000e+00  0.0000000000e+00  0.0000000000e+00  
6.5000000000e+00  0.0000000000e+00  0.0000000000e+00  0.0000000000e+00  0.0000000000e+00  0.0000000000e+00  0.0000000000e+00  0.0000000000e+00  0.0000000000e+00  0.0000000000e+00  0.0000000000e+00  0.0000000000e+00  0.0000000000e+00  0.0000000000e+00  0.0000000000e+00  0.0000000000e+00  0.0000000000e+00  0.0000000000e+00  0.0000000000e+00  0.0000000000e+00  0.0000000000e+00  0.0000000000e+00  0.0000000000e+00  0.0000000000e+00  0.0000000000e+00  
6.5999870300e+00  0.0000000000e+00  0.0000000000e+00  0.0000000000e+00  0.0000000000e+00  0.0000000000e+00  0.0000000000e+00  0.0000000000e+00  0.0000000000e+00  0.0000000000e+00  0.0000000000e+00  0.0000000000e+00  0.0000000000e+00  0.0000000000e+00  0.0000000000e+00  0.0000000000e+00  0.0000000000e+00  0.0000000000e+00  0.0000000000e+00  0.0000000000e+00  0.0000000000e+00  0.0000000000e+00  0.0000000000e+00  0.0000000000e+00  0.0000000000e+00  
6.6999969482e+00  0.0000000000e+00  0.0000000000e+00  0.0000000000e+00  0.0000000000e+00  0.0000000000e+00  0.0000000000e+00  0.0000000000e+00  0.0000000000e+00  0.0000000000e+00  0.0000000000e+00  0.0000000000e+00  0.0000000000e+00  0.0000000000e+00  0.0000000000e+00  0.0000000000e+00  0.0000000000e+00  0.0000000000e+00  0.0000000000e+00  0.0000000000e+00  0.0000000000e+00  0.0000000000e+00  0.0000000000e+00  0.0000000000e+00  0.0000000000e+00  
6.8000040054e+00  0.0000000000e+00  0.0000000000e+00  0.0000000000e+00  0.0000000000e+00  0.0000000000e+00  0.0000000000e+00  0.0000000000e+00  0.0000000000e+00  0.0000000000e+00  0.0000000000e+00  0.0000000000e+00  0.0000000000e+00  0.0000000000e+00  0.0000000000e+00  0.0000000000e+00  0.0000000000e+00  0.0000000000e+00  0.0000000000e+00  0.0000000000e+00  0.0000000000e+00  0.0000000000e+00  0.0000000000e+00  0.0000000000e+00  0.0000000000e+00  
6.9000129700e+00  0.0000000000e+00  0.0000000000e+00  0.0000000000e+00  0.0000000000e+00  0.0000000000e+00  0.0000000000e+00  0.0000000000e+00  0.0000000000e+00  0.0000000000e+00  0.0000000000e+00  0.0000000000e+00  0.0000000000e+00  0.0000000000e+00  0.0000000000e+00  0.0000000000e+00  0.0000000000e+00  0.0000000000e+00  0.0000000000e+00  0.0000000000e+00  0.0000000000e+00  0.0000000000e+00  0.0000000000e+00  0.0000000000e+00  0.0000000000e+00  
