#pT  dN/(2pi dy pT dpT)  dN/(2pi dy pT dpT)_err  vn{SP}  vn{SP}_err
1.0763660073e-01  2.4030869594e-01  7.1060526170e-03  9.9317542553e-03  1.7077244863e-03  2.8031358820e-03  1.3201345629e-03  2.3307379951e-03  1.1683116118e-03  -1.2827875283e-03  1.4649836524e-03  -1.2851085273e-03  1.0246019313e-03  2.2130290184e-03  1.4290560003e-03  
2.0292642713e-01  2.2650178490e-01  6.4789881719e-03  2.0465556216e-02  2.3824929631e-03  1.0581678773e-02  1.4307554337e-03  2.7881203360e-03  9.1111245574e-04  1.5071650383e-04  1.1198276632e-03  -2.5674712051e-04  9.5832011002e-04  -2.4587277422e-03  9.7321000139e-04  
3.0093273520e-01  1.9104967682e-01  5.1674907663e-03  3.0104789390e-02  3.2170204048e-03  2.2318103481e-02  1.8554807526e-03  2.5301840592e-03  8.4229735788e-04  -8.4139057911e-04  7.3955549422e-04  8.8630182356e-04  8.4659794856e-04  1.2297267386e-03  8.2273691673e-04  
3.9999735355e-01  1.5295261198e-01  3.9132090746e-03  3.7439651245e-02  3.9271414388e-03  3.8175546896e-02  2.7469861688e-03  7.8942650118e-03  1.1049046958e-03  2.0963202911e-03  7.8490647161e-04  7.6270266865e-04  8.6764088451e-04  -3.7166490133e-04  8.3251775486e-04  
4.9936440587e-01  1.1795584227e-01  2.8041191815e-03  4.6032790428e-02  4.4846256787e-03  5.6120709629e-02  3.4079710399e-03  1.3547490089e-02  1.3538653570e-03  3.7399894982e-03  9.0188759273e-04  1.1783470108e-03  9.2842547944e-04  1.3578206344e-03  8.1931144831e-04  
5.9900265932e-01  8.8400055992e-02  1.9524576519e-03  5.3987840431e-02  5.0203499576e-03  7.6654231384e-02  4.8430061099e-03  2.2186005872e-02  1.7757101720e-03  8.2142263309e-03  1.6318682286e-03  1.5402726531e-03  7.4690611506e-04  1.3718916420e-03  1.0490019988e-03  
6.9871050119e-01  6.5920982849e-02  1.3973566334e-03  5.6819114209e-02  5.4080183313e-03  9.5424540560e-02  5.9247954465e-03  2.7942686607e-02  2.6982802336e-03  1.4239079443e-02  2.2089189977e-03  4.6050497953e-03  1.2343701461e-03  2.2203083169e-03  9.2650557811e-04  
7.9850959778e-01  4.8798640277e-02  9.9240003653e-04  6.0774828546e-02  6.0615038339e-03  1.1471104468e-01  6.8698932720e-03  3.7575679791e-02  3.4793693417e-03  1.9474739922e-02  2.9030539805e-03  6.6405764488e-03  1.5050314157e-03  2.6905319964e-03  1.7566805696e-03  
8.9829331636e-01  3.5856208713e-02  7.2004888644e-04  6.3148020350e-02  6.4008606375e-03  1.3234441486e-01  7.7690033107e-03  4.7557211874e-02  4.1290188289e-03  2.6140700008e-02  3.7027796136e-03  7.4212103479e-03  1.6487811126e-03  5.0423737540e-03  1.6278119995e-03  
9.9834132195e-01  2.6578385282e-02  5.4700021943e-04  6.8402929379e-02  7.1656305324e-03  1.4825685612e-01  8.6353767465e-03  5.4661919581e-02  4.9286098739e-03  3.1669455731e-02  4.6270325206e-03  1.1446546774e-02  2.3113172586e-03  5.0131611254e-03  1.7225579948e-03  
1.0982127190e+00  1.9726326831e-02  4.2152064187e-04  6.5118927348e-02  7.9194596595e-03  1.6647248219e-01  1.0165992813e-02  6.5742208526e-02  5.4073285839e-03  4.1824329981e-02  5.7403478187e-03  1.7531948884e-02  2.2578679242e-03  6.6434357111e-03  2.8898440822e-03  
1.1982984543e+00  1.4668277191e-02  3.2915548162e-04  6.7192869302e-02  8.4299643196e-03  1.7861621093e-01  1.0691140445e-02  7.1173351844e-02  6.3226358913e-03  4.9819624746e-02  6.4449470927e-03  2.1061085181e-02  2.9010879845e-03  8.6189422294e-03  3.5037687935e-03  
1.2982606888e+00  1.1024368923e-02  2.6396705927e-04  6.8794114904e-02  9.5957593261e-03  1.9296912915e-01  1.2001303367e-02  8.1563827068e-02  7.7691190505e-03  5.9556594320e-02  7.8664228866e-03  2.5237621986e-02  3.9084972021e-03  1.1076595826e-02  3.7153865605e-03  
1.3983380795e+00  8.3245129948e-03  2.1500286006e-04  6.5461407312e-02  1.0545199722e-02  2.1103769306e-01  1.2871971529e-02  9.2258272809e-02  8.2413966760e-03  7.0733893634e-02  1.0306234693e-02  3.2004430512e-02  4.3390440195e-03  1.9104142998e-02  4.5083986842e-03  
1.4983546734e+00  6.3528196557e-03  1.7755765029e-04  6.7191086946e-02  1.0966696321e-02  2.2214918776e-01  1.3256936411e-02  9.6184736621e-02  8.4449827124e-03  7.2233481460e-02  9.6345711613e-03  3.2891215564e-02  4.3330511535e-03  2.1506794937e-02  3.9763228967e-03  
1.5983586311e+00  4.8863860418e-03  1.4771182490e-04  6.8530948197e-02  1.2183986462e-02  2.2784034647e-01  1.3824915223e-02  1.0398172142e-01  1.0569187196e-02  8.1016836243e-02  9.7012442106e-03  3.7644188894e-02  5.6888299514e-03  2.4821602946e-02  5.8757437738e-03  
1.6984299421e+00  3.7342454188e-03  1.2322404724e-04  7.1681265270e-02  1.3176426288e-02  2.3736577648e-01  1.4942882241e-02  1.1030946666e-01  1.2257413310e-02  9.0249435618e-02  1.2156935602e-02  4.5091556479e-02  6.2790291393e-03  2.7372992036e-02  8.1201645416e-03  
1.7984120846e+00  2.9428070509e-03  1.0280927868e-04  6.5151027668e-02  1.3567647240e-02  2.4222417592e-01  1.6513860809e-02  1.1609800372e-01  1.3201631155e-02  9.5190629845e-02  1.3554226477e-02  5.3312408439e-02  7.2618142402e-03  3.1768344259e-02  8.8248500090e-03  
1.8983521461e+00  2.3029481239e-03  8.6514409249e-05  6.4818606541e-02  1.5346094716e-02  2.5356746447e-01  1.7320506760e-02  1.1661279095e-01  1.4024403063e-02  9.8506036871e-02  1.4039318841e-02  4.9394320916e-02  7.0182075572e-03  3.5692805703e-02  1.1244762371e-02  
1.9983803034e+00  1.8077486524e-03  7.0453318814e-05  5.7763936919e-02  1.5739894913e-02  2.5237072279e-01  1.7714332917e-02  1.2493008534e-01  1.6021106362e-02  1.0399264393e-01  1.5687636542e-02  5.8306120984e-02  8.9729457898e-03  3.8064769809e-02  9.4620966904e-03  
2.0984461308e+00  1.4274358313e-03  5.9743890852e-05  5.5383205071e-02  1.6299449770e-02  2.6325784941e-01  1.7900777053e-02  1.1896954333e-01  1.6691990622e-02  1.0795851985e-01  1.3593242171e-02  6.5943217378e-02  8.7275802494e-03  3.8040861669e-02  8.2496664873e-03  
2.1988835335e+00  1.1418313524e-03  5.2305288469e-05  6.6091345595e-02  1.6544567492e-02  2.7389979252e-01  1.8130709856e-02  1.3792496673e-01  1.9343527965e-02  1.1652378952e-01  1.4627254399e-02  7.1150551970e-02  1.0889915228e-02  5.3217049086e-02  1.1862833940e-02  
2.2981400490e+00  9.0830016833e-04  4.2145183152e-05  6.1512848733e-02  1.9128474097e-02  2.7380903079e-01  2.0012789614e-02  1.4100666829e-01  1.8993671156e-02  1.2824379316e-01  1.5865699315e-02  7.1105895876e-02  1.2094446695e-02  5.1904044996e-02  1.3024956772e-02  
2.3987886906e+00  7.3306168183e-04  3.6159669121e-05  5.3366150848e-02  1.6932839578e-02  2.7953226165e-01  1.9781882566e-02  1.3878344175e-01  2.2597569351e-02  1.2017530700e-01  1.9061501459e-02  8.1201405606e-02  1.4113076737e-02  5.7534316973e-02  1.0547812732e-02  
2.4985423088e+00  6.0148064154e-04  3.0886413913e-05  7.8529541553e-02  2.0722342631e-02  2.8277457437e-01  2.0619866526e-02  1.6087272427e-01  2.2688203930e-02  1.2885120317e-01  2.0088073317e-02  7.8243530402e-02  1.3173282776e-02  7.0032681944e-02  1.2937621805e-02  
2.5987303257e+00  4.7630978937e-04  2.5683862399e-05  6.6974772267e-02  2.0691454845e-02  2.9454848259e-01  2.2036317630e-02  1.4987878504e-01  2.6521522659e-02  1.3442933538e-01  1.7920356068e-02  8.6490075876e-02  1.4921107340e-02  5.6955458506e-02  1.4834600287e-02  
2.6984202862e+00  3.8485207903e-04  2.1225335743e-05  6.4445397734e-02  2.2087975328e-02  2.9042955588e-01  2.1430851003e-02  1.5222552612e-01  2.3217560940e-02  1.4121307109e-01  1.8729846658e-02  9.0987792760e-02  1.6187983381e-02  6.7956040089e-02  1.2897231703e-02  
2.7985889912e+00  3.0847144995e-04  1.7179311530e-05  7.0644660595e-02  2.3236660249e-02  2.9298368465e-01  2.3107249161e-02  1.5666976347e-01  2.5492095683e-02  1.4646362429e-01  1.8722952868e-02  9.5495414492e-02  1.6081539211e-02  6.2327153749e-02  1.6642888861e-02  
2.8986103535e+00  2.5542199890e-04  1.5389121238e-05  6.0310226566e-02  2.2826168266e-02  2.8879631036e-01  2.2530901323e-02  1.7166091986e-01  2.7419382230e-02  1.3110233647e-01  2.2690746386e-02  1.0960879009e-01  1.8271655795e-02  6.8262588278e-02  1.5269339242e-02  
2.9986515045e+00  2.0917798046e-04  1.2709103576e-05  8.1605941632e-02  2.4400749972e-02  3.1409893207e-01  2.5639318303e-02  1.6659528857e-01  3.0041213635e-02  1.5443000710e-01  2.0926218931e-02  1.2109518844e-01  1.7596206241e-02  8.4817605006e-02  1.9731934147e-02  
3.0979893208e+00  1.6543970687e-04  1.0325244090e-05  4.3630530871e-02  2.3288726859e-02  3.0363845886e-01  2.3558214222e-02  1.7837256719e-01  2.9723644189e-02  1.4500215591e-01  2.4289247270e-02  1.2000060756e-01  1.9935578236e-02  6.7967783215e-02  2.3889037317e-02  
3.1981434822e+00  1.3554135977e-04  8.9800022754e-06  7.6317904716e-02  2.4329448372e-02  3.1705798830e-01  2.6309443190e-02  1.7597514077e-01  3.5712164086e-02  1.6149343368e-01  2.2223462927e-02  9.1801207940e-02  2.1332699154e-02  8.7725694608e-02  1.9554162424e-02  
3.2990241051e+00  1.1507443443e-04  7.7954296748e-06  6.0435518754e-02  2.6809936537e-02  3.1220850376e-01  2.4425723261e-02  1.5782973915e-01  3.9121706017e-02  1.7660098977e-01  2.4298448046e-02  1.1147878877e-01  2.4035394798e-02  9.4539982027e-02  1.8314188334e-02  
3.3990950584e+00  9.3255440650e-05  6.6586466515e-06  6.1571494500e-02  2.7353471915e-02  3.1035368922e-01  2.5889018192e-02  1.8477781634e-01  3.6711463308e-02  1.5025387209e-01  1.9245590510e-02  1.3000537716e-01  2.3795889655e-02  1.0227443936e-01  2.2128419799e-02  
3.4984869957e+00  7.4220908408e-05  5.5037521279e-06  6.1728273581e-02  2.9551787928e-02  3.1886937782e-01  3.0461997863e-02  1.7291331445e-01  3.8252366178e-02  1.5794527338e-01  3.2918399675e-02  1.0964258424e-01  2.6495347495e-02  1.0808627296e-01  2.8987796342e-02  
3.5986073017e+00  6.3082958295e-05  4.7836429594e-06  6.4267236281e-02  2.9527612516e-02  3.3131446202e-01  3.2393437621e-02  2.0773489649e-01  4.6610323026e-02  1.7232348676e-01  3.3153588082e-02  1.2211804486e-01  2.9366127683e-02  9.3372444907e-02  2.2113958382e-02  
3.6984653473e+00  5.3795828310e-05  3.8959511604e-06  7.7772125651e-02  3.3245092183e-02  3.2016744038e-01  2.6885459390e-02  1.7944743952e-01  4.9089607398e-02  2.0632489489e-01  2.8556814687e-02  1.3725383037e-01  3.0252444285e-02  1.0721632782e-01  2.6643140768e-02  
3.7975440025e+00  4.4148684875e-05  3.3805478283e-06  4.6902512988e-02  3.1718587048e-02  3.4557482237e-01  3.3117716771e-02  1.9543694724e-01  4.1010860316e-02  1.8250160195e-01  3.0131721860e-02  1.3010972310e-01  2.7471994016e-02  7.2902983088e-02  3.0049276907e-02  
3.8990647793e+00  3.6495358185e-05  2.8294770044e-06  4.1514329895e-02  3.1429168570e-02  3.3037286772e-01  3.1898147909e-02  1.9549677299e-01  5.7963658710e-02  1.6741564405e-01  3.2310817181e-02  1.6673621159e-01  3.0269663371e-02  8.7839920462e-02  2.9771938440e-02  
3.9983386993e+00  3.0174128517e-05  2.7416105351e-06  4.6052569104e-02  3.7330080119e-02  3.0634042483e-01  3.4629122283e-02  2.1524785492e-01  5.8442929170e-02  1.9381823187e-01  3.2755260499e-02  1.4072513189e-01  3.2665569157e-02  1.5854057947e-01  3.2041487740e-02  
