#eta  rn(eta)  rn_err(eta)  rnn(eta)  rnn_err(eta)
-7.0000000000e+00  0.0000000000e+00  0.0000000000e+00  0.0000000000e+00  0.0000000000e+00  0.0000000000e+00  0.0000000000e+00  0.0000000000e+00  0.0000000000e+00  0.0000000000e+00  0.0000000000e+00  0.0000000000e+00  0.0000000000e+00  0.0000000000e+00  0.0000000000e+00  0.0000000000e+00  0.0000000000e+00  0.0000000000e+00  0.0000000000e+00  0.0000000000e+00  0.0000000000e+00  0.0000000000e+00  0.0000000000e+00  0.0000000000e+00  0.0000000000e+00  
-6.9000029564e+00  0.0000000000e+00  0.0000000000e+00  0.0000000000e+00  0.0000000000e+00  0.0000000000e+00  0.0000000000e+00  0.0000000000e+00  0.0000000000e+00  0.0000000000e+00  0.0000000000e+00  0.0000000000e+00  0.0000000000e+00  0.0000000000e+00  0.0000000000e+00  0.0000000000e+00  0.0000000000e+00  0.0000000000e+00  0.0000000000e+00  0.0000000000e+00  0.0000000000e+00  0.0000000000e+00  0.0000000000e+00  0.0000000000e+00  0.0000000000e+00  
-6.7999935150e+00  0.0000000000e+00  0.0000000000e+00  0.0000000000e+00  0.0000000000e+00  0.0000000000e+00  0.0000000000e+00  0.0000000000e+00  0.0000000000e+00  0.0000000000e+00  0.0000000000e+00  0.0000000000e+00  0.0000000000e+00  0.0000000000e+00  0.0000000000e+00  0.0000000000e+00  0.0000000000e+00  0.0000000000e+00  0.0000000000e+00  0.0000000000e+00  0.0000000000e+00  0.0000000000e+00  0.0000000000e+00  0.0000000000e+00  0.0000000000e+00  
-6.7000064850e+00  0.0000000000e+00  0.0000000000e+00  0.0000000000e+00  0.0000000000e+00  0.0000000000e+00  0.0000000000e+00  0.0000000000e+00  0.0000000000e+00  0.0000000000e+00  0.0000000000e+00  0.0000000000e+00  0.0000000000e+00  0.0000000000e+00  0.0000000000e+00  0.0000000000e+00  0.0000000000e+00  0.0000000000e+00  0.0000000000e+00  0.0000000000e+00  0.0000000000e+00  0.0000000000e+00  0.0000000000e+00  0.0000000000e+00  0.0000000000e+00  
-6.5999975204e+00  0.0000000000e+00  0.0000000000e+00  0.0000000000e+00  0.0000000000e+00  0.0000000000e+00  0.0000000000e+00  0.0000000000e+00  0.0000000000e+00  0.0000000000e+00  0.0000000000e+00  0.0000000000e+00  0.0000000000e+00  0.0000000000e+00  0.0000000000e+00  0.0000000000e+00  0.0000000000e+00  0.0000000000e+00  0.0000000000e+00  0.0000000000e+00  0.0000000000e+00  0.0000000000e+00  0.0000000000e+00  0.0000000000e+00  0.0000000000e+00  
-6.5000000000e+00  0.0000000000e+00  0.0000000000e+00  0.0000000000e+00  0.0000000000e+00  0.0000000000e+00  0.0000000000e+00  0.0000000000e+00  0.0000000000e+00  0.0000000000e+00  0.0000000000e+00  0.0000000000e+00  0.0000000000e+00  0.0000000000e+00  0.0000000000e+00  0.0000000000e+00  0.0000000000e+00  0.0000000000e+00  0.0000000000e+00  0.0000000000e+00  0.0000000000e+00  0.0000000000e+00  0.0000000000e+00  0.0000000000e+00  0.0000000000e+00  
-6.4000010490e+00  0.0000000000e+00  0.0000000000e+00  0.0000000000e+00  0.0000000000e+00  0.0000000000e+00  0.0000000000e+00  0.0000000000e+00  0.0000000000e+00  0.0000000000e+00  0.0000000000e+00  0.0000000000e+00  0.0000000000e+00  0.0000000000e+00  0.0000000000e+00  0.0000000000e+00  0.0000000000e+00  0.0000000000e+00  0.0000000000e+00  0.0000000000e+00  0.0000000000e+00  0.0000000000e+00  0.0000000000e+00  0.0000000000e+00  0.0000000000e+00  
-6.2999939919e+00  0.0000000000e+00  0.0000000000e+00  0.0000000000e+00  0.0000000000e+00  0.0000000000e+00  0.0000000000e+00  0.0000000000e+00  0.0000000000e+00  0.0000000000e+00  0.0000000000e+00  0.0000000000e+00  0.0000000000e+00  0.0000000000e+00  0.0000000000e+00  0.0000000000e+00  0.0000000000e+00  0.0000000000e+00  0.0000000000e+00  0.0000000000e+00  0.0000000000e+00  0.0000000000e+00  0.0000000000e+00  0.0000000000e+00  0.0000000000e+00  
-6.2000060081e+00  0.0000000000e+00  0.0000000000e+00  0.0000000000e+00  0.0000000000e+00  0.0000000000e+00  0.0000000000e+00  0.0000000000e+00  0.0000000000e+00  0.0000000000e+00  0.0000000000e+00  0.0000000000e+00  0.0000000000e+00  0.0000000000e+00  0.0000000000e+00  0.0000000000e+00  0.0000000000e+00  0.0000000000e+00  0.0000000000e+00  0.0000000000e+00  0.0000000000e+00  0.0000000000e+00  0.0000000000e+00  0.0000000000e+00  0.0000000000e+00  
-6.0999994278e+00  0.0000000000e+00  0.0000000000e+00  0.0000000000e+00  0.0000000000e+00  0.0000000000e+00  0.0000000000e+00  0.0000000000e+00  0.0000000000e+00  0.0000000000e+00  0.0000000000e+00  0.0000000000e+00  0.0000000000e+00  0.0000000000e+00  0.0000000000e+00  0.0000000000e+00  0.0000000000e+00  0.0000000000e+00  0.0000000000e+00  0.0000000000e+00  0.0000000000e+00  0.0000000000e+00  0.0000000000e+00  0.0000000000e+00  0.0000000000e+00  
-6.0000000000e+00  0.0000000000e+00  0.0000000000e+00  0.0000000000e+00  0.0000000000e+00  0.0000000000e+00  0.0000000000e+00  0.0000000000e+00  0.0000000000e+00  0.0000000000e+00  0.0000000000e+00  0.0000000000e+00  0.0000000000e+00  0.0000000000e+00  0.0000000000e+00  0.0000000000e+00  0.0000000000e+00  0.0000000000e+00  0.0000000000e+00  0.0000000000e+00  0.0000000000e+00  0.0000000000e+00  0.0000000000e+00  0.0000000000e+00  0.0000000000e+00  
-5.8999996185e+00  0.0000000000e+00  0.0000000000e+00  0.0000000000e+00  0.0000000000e+00  0.0000000000e+00  0.0000000000e+00  0.0000000000e+00  0.0000000000e+00  0.0000000000e+00  0.0000000000e+00  0.0000000000e+00  0.0000000000e+00  0.0000000000e+00  0.0000000000e+00  0.0000000000e+00  0.0000000000e+00  0.0000000000e+00  0.0000000000e+00  0.0000000000e+00  0.0000000000e+00  0.0000000000e+00  0.0000000000e+00  0.0000000000e+00  0.0000000000e+00  
-5.7999944687e+00  0.0000000000e+00  0.0000000000e+00  0.0000000000e+00  0.0000000000e+00  0.0000000000e+00  0.0000000000e+00  0.0000000000e+00  0.0000000000e+00  0.0000000000e+00  0.0000000000e+00  0.0000000000e+00  0.0000000000e+00  0.0000000000e+00  0.0000000000e+00  0.0000000000e+00  0.0000000000e+00  0.0000000000e+00  0.0000000000e+00  0.0000000000e+00  0.0000000000e+00  0.0000000000e+00  0.0000000000e+00  0.0000000000e+00  0.0000000000e+00  
-5.7000055313e+00  0.0000000000e+00  0.0000000000e+00  0.0000000000e+00  0.0000000000e+00  0.0000000000e+00  0.0000000000e+00  0.0000000000e+00  0.0000000000e+00  0.0000000000e+00  0.0000000000e+00  0.0000000000e+00  0.0000000000e+00  0.0000000000e+00  0.0000000000e+00  0.0000000000e+00  0.0000000000e+00  0.0000000000e+00  0.0000000000e+00  0.0000000000e+00  0.0000000000e+00  0.0000000000e+00  0.0000000000e+00  0.0000000000e+00  0.0000000000e+00  
-5.6000018120e+00  0.0000000000e+00  0.0000000000e+00  0.0000000000e+00  0.0000000000e+00  0.0000000000e+00  0.0000000000e+00  0.0000000000e+00  0.0000000000e+00  0.0000000000e+00  0.0000000000e+00  0.0000000000e+00  0.0000000000e+00  0.0000000000e+00  0.0000000000e+00  0.0000000000e+00  0.0000000000e+00  0.0000000000e+00  0.0000000000e+00  0.0000000000e+00  0.0000000000e+00  0.0000000000e+00  0.0000000000e+00  0.0000000000e+00  0.0000000000e+00  
-5.5000000000e+00  0.0000000000e+00  0.0000000000e+00  0.0000000000e+00  0.0000000000e+00  0.0000000000e+00  0.0000000000e+00  0.0000000000e+00  0.0000000000e+00  0.0000000000e+00  0.0000000000e+00  0.0000000000e+00  0.0000000000e+00  0.0000000000e+00  0.0000000000e+00  0.0000000000e+00  0.0000000000e+00  0.0000000000e+00  0.0000000000e+00  0.0000000000e+00  0.0000000000e+00  0.0000000000e+00  0.0000000000e+00  0.0000000000e+00  0.0000000000e+00  
-5.3999977112e+00  0.0000000000e+00  0.0000000000e+00  0.0000000000e+00  0.0000000000e+00  0.0000000000e+00  0.0000000000e+00  0.0000000000e+00  0.0000000000e+00  0.0000000000e+00  0.0000000000e+00  0.0000000000e+00  0.0000000000e+00  0.0000000000e+00  0.0000000000e+00  0.0000000000e+00  0.0000000000e+00  0.0000000000e+00  0.0000000000e+00  0.0000000000e+00  0.0000000000e+00  0.0000000000e+00  0.0000000000e+00  0.0000000000e+00  0.0000000000e+00  
-5.2999949455e+00  0.0000000000e+00  0.0000000000e+00  0.0000000000e+00  0.0000000000e+00  0.0000000000e+00  0.0000000000e+00  0.0000000000e+00  0.0000000000e+00  0.0000000000e+00  0.0000000000e+00  0.0000000000e+00  0.0000000000e+00  0.0000000000e+00  0.0000000000e+00  0.0000000000e+00  0.0000000000e+00  0.0000000000e+00  0.0000000000e+00  0.0000000000e+00  0.0000000000e+00  0.0000000000e+00  0.0000000000e+00  0.0000000000e+00  0.0000000000e+00  
-5.2000050545e+00  0.0000000000e+00  0.0000000000e+00  0.0000000000e+00  0.0000000000e+00  0.0000000000e+00  0.0000000000e+00  0.0000000000e+00  0.0000000000e+00  0.0000000000e+00  0.0000000000e+00  0.0000000000e+00  0.0000000000e+00  0.0000000000e+00  0.0000000000e+00  0.0000000000e+00  0.0000000000e+00  0.0000000000e+00  0.0000000000e+00  0.0000000000e+00  0.0000000000e+00  0.0000000000e+00  0.0000000000e+00  0.0000000000e+00  0.0000000000e+00  
-5.1000041962e+00  0.0000000000e+00  0.0000000000e+00  0.0000000000e+00  0.0000000000e+00  0.0000000000e+00  0.0000000000e+00  0.0000000000e+00  0.0000000000e+00  0.0000000000e+00  0.0000000000e+00  0.0000000000e+00  0.0000000000e+00  0.0000000000e+00  0.0000000000e+00  0.0000000000e+00  0.0000000000e+00  0.0000000000e+00  0.0000000000e+00  0.0000000000e+00  0.0000000000e+00  0.0000000000e+00  0.0000000000e+00  0.0000000000e+00  0.0000000000e+00  
-5.0000000000e+00  0.0000000000e+00  0.0000000000e+00  0.0000000000e+00  0.0000000000e+00  0.0000000000e+00  0.0000000000e+00  0.0000000000e+00  0.0000000000e+00  0.0000000000e+00  0.0000000000e+00  0.0000000000e+00  0.0000000000e+00  0.0000000000e+00  0.0000000000e+00  0.0000000000e+00  0.0000000000e+00  0.0000000000e+00  0.0000000000e+00  0.0000000000e+00  0.0000000000e+00  0.0000000000e+00  0.0000000000e+00  0.0000000000e+00  0.0000000000e+00  
-4.8999958038e+00  0.0000000000e+00  0.0000000000e+00  0.0000000000e+00  0.0000000000e+00  0.0000000000e+00  0.0000000000e+00  0.0000000000e+00  0.0000000000e+00  0.0000000000e+00  0.0000000000e+00  0.0000000000e+00  0.0000000000e+00  0.0000000000e+00  0.0000000000e+00  0.0000000000e+00  0.0000000000e+00  0.0000000000e+00  0.0000000000e+00  0.0000000000e+00  0.0000000000e+00  0.0000000000e+00  0.0000000000e+00  0.0000000000e+00  0.0000000000e+00  
-4.7999954224e+00  0.0000000000e+00  0.0000000000e+00  0.0000000000e+00  0.0000000000e+00  0.0000000000e+00  0.0000000000e+00  0.0000000000e+00  0.0000000000e+00  0.0000000000e+00  0.0000000000e+00  0.0000000000e+00  0.0000000000e+00  0.0000000000e+00  0.0000000000e+00  0.0000000000e+00  0.0000000000e+00  0.0000000000e+00  0.0000000000e+00  0.0000000000e+00  0.0000000000e+00  0.0000000000e+00  0.0000000000e+00  0.0000000000e+00  0.0000000000e+00  
-4.7000041008e+00  0.0000000000e+00  0.0000000000e+00  0.0000000000e+00  0.0000000000e+00  0.0000000000e+00  0.0000000000e+00  0.0000000000e+00  0.0000000000e+00  0.0000000000e+00  0.0000000000e+00  0.0000000000e+00  0.0000000000e+00  0.0000000000e+00  0.0000000000e+00  0.0000000000e+00  0.0000000000e+00  0.0000000000e+00  0.0000000000e+00  0.0000000000e+00  0.0000000000e+00  0.0000000000e+00  0.0000000000e+00  0.0000000000e+00  0.0000000000e+00  
-4.6000041962e+00  0.0000000000e+00  0.0000000000e+00  0.0000000000e+00  0.0000000000e+00  0.0000000000e+00  0.0000000000e+00  0.0000000000e+00  0.0000000000e+00  0.0000000000e+00  0.0000000000e+00  0.0000000000e+00  0.0000000000e+00  0.0000000000e+00  0.0000000000e+00  0.0000000000e+00  0.0000000000e+00  0.0000000000e+00  0.0000000000e+00  0.0000000000e+00  0.0000000000e+00  0.0000000000e+00  0.0000000000e+00  0.0000000000e+00  0.0000000000e+00  
-4.5000000000e+00  0.0000000000e+00  0.0000000000e+00  0.0000000000e+00  0.0000000000e+00  0.0000000000e+00  0.0000000000e+00  0.0000000000e+00  0.0000000000e+00  0.0000000000e+00  0.0000000000e+00  0.0000000000e+00  0.0000000000e+00  0.0000000000e+00  0.0000000000e+00  0.0000000000e+00  0.0000000000e+00  0.0000000000e+00  0.0000000000e+00  0.0000000000e+00  0.0000000000e+00  0.0000000000e+00  0.0000000000e+00  0.0000000000e+00  0.0000000000e+00  
-4.3999958038e+00  0.0000000000e+00  0.0000000000e+00  0.0000000000e+00  0.0000000000e+00  0.0000000000e+00  0.0000000000e+00  0.0000000000e+00  0.0000000000e+00  0.0000000000e+00  0.0000000000e+00  0.0000000000e+00  0.0000000000e+00  0.0000000000e+00  0.0000000000e+00  0.0000000000e+00  0.0000000000e+00  0.0000000000e+00  0.0000000000e+00  0.0000000000e+00  0.0000000000e+00  0.0000000000e+00  0.0000000000e+00  0.0000000000e+00  0.0000000000e+00  
-4.2999963760e+00  0.0000000000e+00  0.0000000000e+00  0.0000000000e+00  0.0000000000e+00  0.0000000000e+00  0.0000000000e+00  0.0000000000e+00  0.0000000000e+00  0.0000000000e+00  0.0000000000e+00  0.0000000000e+00  0.0000000000e+00  0.0000000000e+00  0.0000000000e+00  0.0000000000e+00  0.0000000000e+00  0.0000000000e+00  0.0000000000e+00  0.0000000000e+00  0.0000000000e+00  0.0000000000e+00  0.0000000000e+00  0.0000000000e+00  0.0000000000e+00  
-4.1998920441e+00  8.3880874397e+09  8.3042065654e+11  0.0000000000e+00  0.0000000000e+00  -1.9169374625e+11  1.8977680879e+13  0.0000000000e+00  0.0000000000e+00  -1.1620326198e+11  1.1504122936e+13  0.0000000000e+00  0.0000000000e+00  -2.5182589049e+11  2.4930763159e+13  0.0000000000e+00  0.0000000000e+00  2.0219505511e+11  2.0017310456e+13  0.0000000000e+00  0.0000000000e+00  3.7162564478e+11  3.6790938834e+13  0.0000000000e+00  0.0000000000e+00  
-4.0991587639e+00  0.0000000000e+00  0.0000000000e+00  0.0000000000e+00  0.0000000000e+00  0.0000000000e+00  0.0000000000e+00  0.0000000000e+00  0.0000000000e+00  0.0000000000e+00  0.0000000000e+00  0.0000000000e+00  0.0000000000e+00  0.0000000000e+00  0.0000000000e+00  0.0000000000e+00  0.0000000000e+00  0.0000000000e+00  0.0000000000e+00  0.0000000000e+00  0.0000000000e+00  0.0000000000e+00  0.0000000000e+00  0.0000000000e+00  0.0000000000e+00  
-4.0000000000e+00  4.9937094662e+12  2.9849659987e+13  0.0000000000e+00  0.0000000000e+00  4.5358283500e+13  3.5800990563e+13  0.0000000000e+00  0.0000000000e+00  4.8061843503e+12  1.5766507197e+13  0.0000000000e+00  0.0000000000e+00  4.4695594358e+13  3.1446330193e+13  0.0000000000e+00  0.0000000000e+00  2.8819367875e+13  2.7148713379e+13  0.0000000000e+00  0.0000000000e+00  3.4522588076e+13  2.4326755179e+13  0.0000000000e+00  0.0000000000e+00  
-3.8995730877e+00  3.4702373458e+11  3.4355349724e+13  0.0000000000e+00  0.0000000000e+00  2.3018515724e+11  2.2788330567e+13  0.0000000000e+00  0.0000000000e+00  4.5209751222e+10  4.4757653712e+12  0.0000000000e+00  0.0000000000e+00  2.3409036094e+10  2.3174945733e+12  0.0000000000e+00  0.0000000000e+00  1.1174264248e+11  1.1062521606e+13  0.0000000000e+00  0.0000000000e+00  1.1580771980e+11  1.1464964260e+13  0.0000000000e+00  0.0000000000e+00  
-3.7999608517e+00  4.2885224572e+11  4.2456372327e+13  0.0000000000e+00  0.0000000000e+00  2.6510425528e+11  2.6245321273e+13  0.0000000000e+00  0.0000000000e+00  6.2823815895e+10  6.2195577737e+12  0.0000000000e+00  0.0000000000e+00  1.8717845365e+11  1.8530666911e+13  0.0000000000e+00  0.0000000000e+00  -6.1665572177e+10  6.1048916456e+12  0.0000000000e+00  0.0000000000e+00  1.9982672425e+10  1.9782845727e+12  0.0000000000e+00  0.0000000000e+00  
-3.6990468502e+00  1.4958595916e+00  3.1677909785e+00  0.0000000000e+00  0.0000000000e+00  6.9747275228e+00  3.4555254885e+01  0.0000000000e+00  0.0000000000e+00  -2.3715042482e+00  4.6944806914e+00  0.0000000000e+00  0.0000000000e+00  -3.2622759141e+00  6.9422573091e+00  0.0000000000e+00  0.0000000000e+00  -4.8051356189e+00  1.0415838618e+01  0.0000000000e+00  0.0000000000e+00  3.9667309362e-01  5.6562060211e+00  0.0000000000e+00  0.0000000000e+00  
-3.5974891186e+00  -1.0431416134e+00  1.7969452328e+01  0.0000000000e+00  0.0000000000e+00  3.7717882523e+01  1.3122939370e+02  0.0000000000e+00  0.0000000000e+00  -6.9808576029e+00  4.0213697520e+02  0.0000000000e+00  0.0000000000e+00  7.6931903443e-01  5.1700425243e+00  0.0000000000e+00  0.0000000000e+00  3.5834354151e+00  1.5143850843e+01  0.0000000000e+00  0.0000000000e+00  -2.5384345757e+00  4.2868967767e+01  0.0000000000e+00  0.0000000000e+00  
-3.4970591068e+00  3.2439409851e+01  1.6174458086e+02  0.0000000000e+00  0.0000000000e+00  2.9856722582e+00  2.0573647943e+01  0.0000000000e+00  0.0000000000e+00  -8.8958669580e-01  7.9562107644e-01  0.0000000000e+00  0.0000000000e+00  -1.7556447574e+00  4.3231520711e+00  0.0000000000e+00  0.0000000000e+00  2.4119727257e+00  1.9709553033e+00  0.0000000000e+00  0.0000000000e+00  2.0176414752e+00  3.4625398627e+00  0.0000000000e+00  0.0000000000e+00  
-3.3957028389e+00  -3.4712800149e+00  4.1168682757e+00  -2.0034484152e-01  1.0130753992e+01  -2.8749226164e+00  7.4791780893e+00  1.0229614076e+00  4.4628746370e-02  -5.7848174921e+00  1.8706675397e+02  -8.3763397280e-03  7.3745795182e-01  -2.5809667617e+01  1.0001025183e+03  5.4539487219e+00  7.3622044829e+00  -4.1035303279e+01  1.3941213354e+03  -2.1606114072e+00  8.0737690690e+00  -5.2978751759e+00  9.0216056139e+00  1.3249191507e+00  1.0753448963e+00  
-3.2926025391e+00  1.4413924606e+02  8.2407377581e+02  -7.2334986807e-01  6.0168203739e+00  -3.5156388402e+00  8.6641553111e+00  -1.8955600367e+00  4.7467454385e+00  1.1890110859e+01  8.3083595116e+01  -1.7034749567e+00  3.8854451428e+00  9.3872873343e-01  1.2249356324e+00  -4.5289251858e-01  5.7582948761e-01  -1.6256498282e+00  2.1714054822e+00  9.2755241953e-01  9.9180764221e-01  -1.5657636524e+00  2.4433385342e+00  1.4023094609e+00  7.5775606844e-01  
-3.1926505566e+00  -1.7256923930e+01  1.8769512589e+02  1.4197605523e+00  1.9168626424e+00  -2.0872177555e+00  1.5686627779e+00  -1.7049195320e+00  6.0612656513e+00  8.9234590469e+00  2.5804783658e+02  -5.4601978945e-01  6.3591847773e-01  -1.1646611904e+02  1.0617879711e+04  2.1695494383e-01  3.0364597935e+00  -2.6534569520e+00  3.2248474168e+00  -2.0843494136e+00  7.8707442868e-01  -1.0119571360e+01  3.5474090406e+02  6.2063794071e-01  9.8209577333e-01  
-3.0905334949e+00  4.0446076116e+00  7.6476709870e+00  5.0420718982e-01  2.6508614231e-01  -2.3215911527e+00  2.2514065731e+00  -6.3662886763e-01  1.7100092591e+01  -6.3489900634e+00  1.0082074158e+01  1.2422570413e+01  2.4848441791e+02  -1.6406833288e+00  3.8215002495e+00  9.5428542508e-01  1.6346873734e+00  1.8169579090e+01  3.2874729328e+02  1.4471817670e+00  1.2674862141e+00  2.4621656661e+00  6.5776975968e+00  2.8885515882e+00  6.9946529477e+00  
-2.9879999161e+00  1.1510084660e+01  9.1548421819e+01  1.7463261812e+01  3.2281652641e+02  -3.1398006590e+00  3.5397787722e+00  -2.8920994653e+00  3.3872893721e+01  -1.7151713460e+00  7.8575222789e-01  1.5866341316e+01  8.0117724593e+01  1.2150896086e+01  1.3140897368e+02  -1.0518826847e+01  1.9716222302e+02  -3.8543364418e+00  5.8597297196e+00  -7.4826567116e+00  9.9148723397e+01  -3.8203068121e+00  3.6762577621e+03  -7.5589310175e-01  5.6942847641e-01  
-2.8860645294e+00  1.0420672409e+02  1.3513292946e+04  -7.2995882338e-01  3.8359165408e-01  1.4361441049e+01  4.2699932765e+02  4.0487333794e-01  6.5658737227e+00  -2.8527361550e+01  1.1407666328e+03  -2.6363897511e+02  2.5448373612e+04  7.1527850541e+00  2.1821857819e+01  1.4454138315e+00  9.4091120738e-01  1.8760904427e+01  2.2850634798e+02  -3.2470573890e+00  8.1985846370e+00  -9.6862660236e+00  8.2318053112e+01  -7.9033788927e-01  2.7876536240e+00  
-2.7825338840e+00  9.1400983294e+00  8.0423209948e+02  5.9756334530e-01  9.0287496832e-01  3.4058322843e+00  2.8243511173e+00  -1.0363939314e+00  1.2535997238e+00  -3.8822944971e+00  2.4106783995e+00  -2.0571445115e+00  5.7532615551e+00  -1.2564235687e+01  2.4352767108e+02  -1.3769844219e+00  1.1544964471e+00  -7.6591382886e+01  1.1074488133e+03  8.8102134996e+01  1.5971318507e+03  5.7770081186e+00  1.2854649376e+03  -1.6439415065e+00  2.3571525786e+00  
-2.6841754913e+00  -1.8334836001e+01  1.2980108467e+02  -3.2248780151e+00  9.0198872609e+00  -4.6890420305e+00  7.1533454778e+00  3.9922217537e+00  8.3316048242e+00  -2.0921586359e+00  1.3012220542e+00  1.0237054830e+00  4.1003369423e+00  5.9583594433e+00  1.0537912486e+01  3.0677398080e+01  5.3921722791e+02  -1.7146576956e+01  2.4764629398e+02  -1.7674753708e+00  5.7885109385e+00  -4.2150112031e+00  2.9876519814e+00  -8.5647789404e-01  6.0753351720e-01  
-2.5794401169e+00  1.6925251044e+01  6.2161577217e+01  -2.6697663899e+00  1.9412205815e+00  -3.8812135415e+00  3.2933184957e+00  2.8220838372e+00  2.8448972636e+00  1.2122772264e+01  1.9091514214e+02  -1.8365753872e-01  1.2278889537e+00  3.4980564835e+00  2.0501185761e+00  7.1598955331e-01  5.0378649995e-01  3.8977636550e+00  2.4655369673e+00  3.0985976833e+00  3.3563453828e+00  -6.8020983750e+00  8.3249630925e+00  -1.3400914214e+00  4.9710916105e-01  
-2.4806783199e+00  -5.2633185011e+00  5.0444668884e+00  4.9945693724e+01  5.3545575496e+02  -7.3046095389e+01  1.7275861495e+03  3.4462703373e+00  2.7587024974e+01  -1.9071177946e+01  1.2541908383e+03  1.1830629106e+01  6.6657236799e+01  -1.7866071844e+01  3.3037433006e+02  -2.2161519060e+00  2.5553254686e+00  1.8755293328e+01  1.6829976901e+02  1.3419712402e+00  3.2134595369e+01  3.0841189986e+00  3.8271745839e+00  -5.7917184894e-01  1.7424106633e+00  
-2.3785157204e+00  2.9965786087e+00  7.2712661795e+00  9.2886623308e+00  3.7694544521e+02  -2.1165435605e+00  2.2713856558e+00  -1.8813173842e+03  1.7287668016e+05  4.6351452571e+01  3.1943526887e+03  1.4546812836e+00  6.3904621671e+00  -1.3151320272e+00  5.4928763215e+00  2.5439397844e-01  1.0062930871e+00  3.2801343306e+00  8.1935062157e+00  3.8640395373e-01  1.7908225701e+00  6.9144876804e-01  1.1764163918e+00  1.2089163721e+00  1.3397441050e+00  
-2.2770807743e+00  3.5748962229e-01  6.7868909895e-01  -7.1090522305e-01  7.8151187972e-01  -1.6871166352e-01  1.9248331067e+00  1.8169312094e+00  2.5908325742e+00  -2.0020858218e+00  4.1590290997e+00  2.4070631735e+00  7.5138026841e+00  1.9208299448e+00  1.2978482427e+01  -2.1202466037e-02  2.3801054171e+00  -5.5480828878e-01  8.2324012541e+00  8.1158126159e-01  1.6605402722e+00  -2.2594894969e-01  3.6065264067e+01  -8.8090944638e-01  9.5636496032e-01  
-2.1735374928e+00  -2.8187172729e+00  6.4640502254e+01  6.7501179793e-01  7.2222609957e-01  1.1507927872e+00  3.4100083351e+00  -2.9790828861e-01  3.7370174067e+00  8.3328875221e-01  9.7565137797e-01  -8.0163110421e-01  1.7033008764e+00  -7.6399237338e-01  1.1168106582e+00  9.9512454897e-01  3.0520539223e+01  6.4622996576e-01  1.1822660510e+03  9.6529520559e-01  1.0704847079e+00  -5.2382824412e+00  3.7002131575e+02  9.1012001773e-01  1.6050448695e+02  
-2.0718038082e+00  -5.2898106650e+00  1.3601207939e+02  4.8389092234e-01  2.4106243456e+00  1.2346056293e-01  8.0693508983e-01  1.1725724855e+00  6.7873368749e-01  2.0049506063e-01  3.0388002233e-01  -4.7178465589e+00  1.1020725008e+01  1.7376301651e+00  3.6449418408e+00  -1.9797803096e-01  1.7951631939e+00  1.4242723937e+00  3.8394415801e+00  9.8090128889e-01  1.4208340875e+00  -1.0473538815e+00  9.0259193472e-01  1.6522827143e-01  4.0273990572e-01  
-1.9727110863e+00  2.2131611292e+00  1.1762076630e+02  -5.4090890482e-01  1.1409907592e+00  -3.0033109117e-01  4.7244598690e-01  -3.9926168756e-01  1.1275319324e+00  1.2594259069e+00  4.8448903674e+00  6.6215935142e-01  7.5833093083e+00  -5.9114556583e-02  1.9260681606e+00  2.6034954762e+00  4.5001180003e+00  -8.3664568888e-01  6.7038629951e-01  3.2925624418e-01  1.6583231622e+00  1.0480689928e-02  4.0020326090e+00  -8.6512540351e-01  5.1760179328e-01  
-1.8717198372e+00  -5.6047473246e-01  1.2132404801e+00  -3.8894656573e-01  4.2276598836e+00  1.4160496063e+00  2.8915080801e+00  1.4063361507e+00  2.4042055412e+00  -7.7295456691e-01  1.5462271057e+00  -8.2360460867e-01  1.8722429372e+00  -1.0830187156e+00  1.4323414797e+00  -6.1820662473e-01  7.0992116160e-01  5.8936433984e-01  7.1688703953e-01  1.5898248799e+00  9.7086050744e+00  5.4275832348e-01  9.1986844765e-01  -2.8329746098e+00  3.4667191456e+01  
-1.7713034153e+00  -2.5922383595e-01  5.7508516321e-01  9.9702729508e-01  2.8019256913e+00  -1.1073581448e+00  1.5848914320e+00  -9.6030276089e-02  6.5415177613e-01  -1.5058444187e+01  4.0785864142e+02  5.3515536564e-01  1.2510736101e+00  -1.3268316366e+00  2.3336229119e+00  4.5365298871e+00  5.1800749074e+01  8.5700591817e-01  9.3566426889e-01  1.2493082972e+00  1.2520587905e+00  -8.9186300001e-01  2.7402592164e+00  -1.2874871033e+00  3.9018338155e+00  
-1.6698806286e+00  -2.5386813863e+00  9.3837224420e+00  -2.6814521737e+00  6.1133077005e+00  8.1119009707e-01  6.8376629703e-01  1.0728867807e+00  1.8508205926e+00  1.8042819337e-01  6.4483600381e-01  8.1949943820e-01  1.3961406168e+00  5.5487956157e-01  1.3366859904e+03  -2.8450390980e-01  5.0980224673e+00  9.5636935999e-02  1.0511320396e+00  1.9128441458e+00  4.5479380524e+00  -1.9096966961e+00  3.0944264158e+00  -6.4123555059e+00  1.4930512371e+02  
-1.5686923265e+00  -4.4218314792e+00  2.5577666547e+01  -9.8793446278e-01  2.2363756513e+00  1.0541303132e+01  1.7324888313e+02  3.7423026579e-02  7.1394537171e-01  -1.4617172250e+01  1.4395730516e+03  -8.0416860616e-01  1.4130306831e+00  4.9448757061e+00  6.7350175962e+02  2.6227704711e-01  1.3562795045e+00  6.7467141967e+00  6.6168000189e+02  1.1952249798e+00  1.8176484542e+00  -1.0249011750e+00  2.7709965140e+00  -2.2675356322e+00  6.2239895389e+00  
-1.4678034782e+00  3.9881271935e-02  7.1927938599e-01  1.0391460088e+01  2.7527025562e+02  -1.2833200397e+00  1.1618572913e+01  -8.0820342941e-01  6.3241127758e-01  -1.3433240850e+00  1.6823269086e+00  -1.1942589043e-01  8.9232668444e-01  8.7582565664e-02  5.5292402331e-01  -1.0681895982e+00  2.3429971241e+00  1.0156203750e+02  1.0098200967e+04  8.8897851750e-01  1.3899130179e+00  1.0724586556e+00  1.9967931314e+00  3.2879893279e+00  9.6858008090e+00  
-1.3663901091e+00  -2.8545180257e-01  7.1075377423e-01  -2.2510107306e-01  8.9647124577e-01  1.0310820662e-01  5.4879734804e+00  1.5911794118e+00  2.0411632302e+00  -8.5706062162e-01  3.4761898834e+00  4.1889212409e+01  2.8462278793e+03  6.8428555666e+00  6.6525859897e+02  1.4030951550e+00  4.4614199277e+00  1.4731180162e+00  1.9176557774e+00  1.8152386403e-01  7.8965988676e-01  -4.2895632533e-01  4.3336450143e-01  7.7109783920e-01  1.1680722759e+00  
-1.2635017633e+00  -1.1447323628e+00  3.9642986382e+01  3.3334522638e+00  1.3847970943e+02  -2.8481134099e-01  9.7121938161e-01  1.0641872392e+01  4.3772409920e+02  -1.0405164349e-01  9.0581583804e-01  3.5434868426e-01  4.0631299350e+00  -6.2713712415e-01  1.4038118558e+00  6.4047133993e-01  1.3033964001e+00  -1.2535146056e+00  1.2490638556e+00  -1.7260200765e+00  2.6839150248e+00  -3.6029365463e-01  1.4621923890e+00  1.9061570187e+00  1.3814849836e+02  
-1.1631789207e+00  2.3415373825e+01  8.0384051856e+02  -1.8173096042e-01  1.2965990988e+00  -1.5172176974e+01  6.4170188869e+02  -1.1537343644e+00  4.1666255159e+00  3.8906365793e-01  1.1784475683e+00  -2.7374596753e-01  2.7932664663e+00  1.2554220522e+00  1.6010450955e+00  -1.7927149196e+00  2.4152652626e+01  -1.9712788263e+00  2.9392170810e+01  3.7256098829e-01  7.6566820693e-01  6.5036944788e+00  1.4956255543e+03  -3.1124611461e+00  3.8526587472e+01  
-1.0643088818e+00  -1.2889976889e+00  4.9991317565e+01  1.3912295404e+02  1.3551062347e+04  5.3242185652e-01  1.7174453248e+00  -6.4650941704e-01  2.8384667973e+00  7.3378721378e-01  7.4115808288e-01  2.0658591372e-01  2.0241267445e+00  -6.4993063334e+00  2.6370590208e+02  -3.5247198802e+00  1.5243616482e+01  4.0569297964e-01  5.3756510979e-01  2.2289669928e+00  7.6063548762e+02  -4.3622797816e-01  1.0625024492e+00  -1.2917612934e+00  1.4731222578e+00  
-9.6548652649e-01  -1.1132719722e+00  1.2960321674e+00  6.6898009379e-01  4.5021438608e+00  6.3905184442e-01  9.2890329632e-01  1.2308385613e+00  1.0895244180e+00  -2.4063021249e+00  8.8943847977e+00  1.3610013991e+01  2.9074195814e+02  8.0582715341e+01  9.8621846532e+03  -5.4445464011e-01  8.7063412767e-01  5.9915360905e-01  1.0416257483e+00  8.8222973039e-01  4.7794758766e-01  7.2113734305e+01  4.5722067927e+03  -1.4471282175e+00  1.2803977554e+01  
-8.6315315962e-01  -3.5585090878e-01  5.7145819992e+01  -4.3089446607e-01  1.5438677973e+00  1.2790232035e+00  2.2845863781e+00  1.4415006355e+00  4.7776952528e+00  3.2411998125e-01  3.3902200274e+00  -1.1878068895e-01  5.2776016827e-01  -5.4156088049e-01  1.1762469466e+00  4.8047465723e+00  5.0252606781e+02  -2.7811873847e+00  1.2900009378e+01  7.5788626105e-01  4.7016727426e-01  7.6375316515e-01  1.3923751429e+00  -1.8571155309e-01  1.0152631976e+00  
-7.6358914375e-01  7.4058927821e+00  2.6911329643e+02  -3.8028926240e+00  1.4587913892e+02  1.3011921005e+00  4.7713672758e+00  2.1774127215e+00  4.6848244659e+00  -1.1150109707e+00  1.0789191669e+00  4.5770057498e-01  2.8610101967e+02  1.3872426457e+01  5.5700298279e+02  4.5355911080e+00  5.1652796462e+01  2.7238989181e-01  7.8171767433e-01  -8.9802387408e-01  6.7993866984e+00  6.5476041305e+00  4.7765857964e+02  -3.4283108195e+00  4.4843855214e+01  
-6.6476845741e-01  -1.9633367994e-01  4.0370567013e-01  1.5441013354e-01  4.4699380660e-01  -1.4446423675e-01  4.2512643803e-01  -1.8831792196e+00  2.5478935701e+00  3.8663430389e-01  1.6834743823e+00  3.4308422705e+00  1.5060390397e+01  -1.4830913377e+00  2.2166691244e+00  1.7948610787e-01  3.3173155256e+00  -2.3615380609e-01  4.4502118914e-01  -8.0846498789e-01  2.3501869282e+00  -2.5564982150e+01  9.3785409377e+02  1.5780920223e+00  2.0826142583e+01  
-5.6479454041e-01  -6.8870211987e-01  8.4144390217e-01  -5.4755804670e-01  9.7476635688e-01  1.1308751753e+00  1.8524046597e+00  1.6637058485e+00  8.3426824824e+00  -4.3625327995e-01  5.1127261911e-01  6.7545332655e+00  1.0790686824e+02  -1.7997398536e-01  1.2278847124e+00  -3.4641801164e-01  8.3150301519e-01  4.0756067061e-01  1.0525195853e+00  4.0432516708e-01  3.8065307867e-01  -5.5012655639e-01  1.3513893864e+00  4.7997344397e-01  1.2490321276e+02  
-4.6373993158e-01  -1.2213190074e+00  2.7499146301e+00  -1.9564442214e+00  5.7307505794e+00  6.3629927422e+01  3.5717699935e+03  4.1515939397e-01  4.2720474927e-01  2.6323269809e-01  1.4840903030e+00  1.9949325630e+00  1.1331361991e+01  2.6838734885e+00  1.9404367960e+00  -1.4304509008e+00  1.3117616156e+00  4.2739514794e-01  9.3741524471e-01  -1.0396238288e-01  4.3079766790e-01  1.9262137097e+00  6.1385741521e+00  -2.5602329468e+00  3.4180664663e+01  
-3.6286312342e-01  8.4747753764e-01  1.3581627828e+00  2.3880751158e+00  5.9893732977e+01  -2.5639341149e+00  4.2073785651e+02  1.1370589282e+00  1.5200728235e+01  6.3111925439e-01  1.3943502492e+00  2.5755151445e-01  4.7674732176e-01  4.2511266696e+00  7.4826736418e+02  1.0144370852e+00  9.8041783658e-01  -6.7648836815e+00  2.7401480943e+02  -8.2218085358e-01  7.2177925824e+00  1.5784260157e-01  6.2803538746e-01  1.3974731913e+00  2.2709110959e+00  
-2.6203608513e-01  -8.6157689044e-01  7.9939066607e-01  -2.3752896922e+00  2.0580534870e+01  9.9864339171e-01  1.5968366991e+00  -2.0321662044e+00  4.3410193959e+01  5.3033992489e+00  6.3987434179e+01  -1.0754265371e-01  1.3493922572e+00  8.9096009558e-01  6.2681440352e+01  1.4048410235e+00  1.4216134839e+00  3.0503777290e-01  7.1000072060e-01  1.4386393095e+01  8.2630411073e+02  -1.6510066497e-01  5.2148220702e-01  -1.3509703953e+00  2.6175800323e+00  
-1.6197441518e-01  7.1191869158e-01  4.2820689888e+00  -7.3941978550e-01  7.6009837878e-01  8.6542687001e-01  1.9838932923e+00  -2.6243741610e+00  3.4325223264e+01  -4.7859036136e-01  1.4077627163e+00  7.2197505004e-01  5.9387112943e-01  -2.9791203490e+00  9.4426224513e+01  2.0742480742e+00  8.6817962273e+00  -4.4740779077e+00  2.8475465095e+02  3.2202585039e-01  1.4511206640e+00  7.7253146590e-02  1.4748177286e+00  1.0243976677e+00  1.1016579215e+00  
-6.2513589859e-02  1.6263441313e+00  2.8961745192e+00  2.6544889597e-01  3.4562343015e+00  -2.7546839412e-02  7.9976343209e-01  2.1363794025e+00  9.4393196226e+00  -2.1513728241e+00  9.5919791000e+00  -3.7898214596e-01  8.2435050037e-01  -1.5769245951e+00  2.4875397450e+00  -1.1484064247e+00  2.9654196515e+01  3.2453492833e+01  3.6314542382e+03  -2.6360630246e+02  1.4033879599e+04  7.2440528424e-01  4.4526684966e+00  -1.3270417378e+00  1.0766468492e+00  
3.6305703223e-02  1.0000000000e+00  1.5405523658e-14  1.0000000000e+00  7.1350985667e-15  1.0000000000e+00  2.4199826458e-14  1.0000000000e+00  4.4186318476e-16  1.0000000000e+00  4.7996085464e-14  1.0000000000e+00  0.0000000000e+00  1.0000000000e+00  3.8632569138e-13  1.0000000000e+00  1.0362610227e-15  1.0000000000e+00  1.2224319947e-12  1.0000000000e+00  1.3641072255e-14  1.0000000000e+00  1.2563997189e-14  1.0000000000e+00  2.5544364469e-14  
1.3902863860e-01  6.3155614782e-01  9.7106190216e-01  1.0923356659e+01  6.0873791661e+02  -3.6897032720e+01  2.8944643734e+03  4.9475729261e-01  7.7825342169e-01  -4.9800797222e-01  9.6309640301e-01  -2.5671210943e+00  1.7021880009e+01  -6.5085330216e-01  1.1375368706e+00  -1.0469726755e+00  1.6554215135e+01  -1.1512883122e-01  7.6999582724e-01  7.0944382782e-02  5.7032063687e+00  1.5496349956e+00  1.6602063918e+01  -7.5865220126e-01  6.4185198403e-01  
2.3642390966e-01  1.5254147861e+00  2.6556013512e+01  -1.3679039052e+00  1.5794231230e+00  1.2215611965e+00  3.3984043032e+00  -3.6512187191e-01  4.7879426683e+00  -2.3375060791e+00  1.3143106813e+01  1.3947797313e+00  1.1898066537e+00  -1.7761617143e-01  2.5837147784e+01  4.9770696936e-01  1.8503926190e+00  -8.9189760477e-01  6.3734658352e+01  2.8784765000e+00  2.1201277157e+01  6.9979901033e+01  6.1088978708e+03  9.8974335168e-01  1.3593744663e+00  
3.3881855011e-01  -1.1706150265e+00  1.0826337492e+00  -5.0459814471e-01  1.8036585683e+00  1.0216728815e+00  1.3737871511e+00  -4.1000490831e-01  1.5306734105e+00  2.1627102313e-01  8.9818982027e-01  1.5123154395e+01  2.4866238538e+03  -4.3424513604e-01  1.4049902126e+02  7.2217203233e-01  1.1285012739e+00  3.6434366120e+00  2.3107216056e+01  4.2792554706e-02  1.5647931894e+00  -3.1600257977e+00  3.8628629678e+02  -7.5784898101e-01  1.0344818643e+00  
4.3584084511e-01  1.2124214261e+00  2.2457952473e+00  1.0223244455e+00  5.6891714697e+01  -5.4281815554e-01  3.4114225453e+01  1.0257101523e+00  7.2905498857e+00  1.6503415085e+00  3.7014377214e+00  4.1695517977e+00  1.9750532342e+01  -3.6327846588e-01  1.2891699324e+00  9.9466289741e-01  9.3140019230e-01  -1.7955385852e-01  2.0194146811e+00  -3.5661821059e-01  8.8309008573e+01  8.0806769926e+00  1.2260754313e+02  7.3088694916e-01  1.1197158659e+00  
5.3717428446e-01  -8.5802385030e-01  1.9652250815e+00  -5.3566202845e-01  1.0981096193e+00  4.4568621438e-02  3.1854962467e-01  2.4330262457e+00  2.4730464127e+00  4.4717055126e+00  2.1585950464e+02  5.4166993897e-01  1.0937715593e+00  3.7462023843e-01  2.8010730010e-01  -7.0492007756e-01  6.5154469807e-01  2.0727357062e+00  3.4596024138e+01  -9.8185667006e+00  1.1616825814e+02  5.5633010730e-01  1.2894761705e+00  -3.6168325518e-01  1.2042570746e+00  
6.3533222675e-01  -1.4746006367e+00  1.8815475848e+00  -1.7513583133e+00  7.3150516256e+00  9.0101327447e-01  1.1087624598e+00  5.7877440021e-01  1.1389617088e+00  -2.3269813471e+00  3.0247849064e+00  4.2746643903e-01  3.1308447190e+01  9.9828579926e+00  1.6700851168e+03  -3.8619190221e+00  9.1134996219e+01  2.6558862335e+00  9.4183416657e+00  2.4915225612e+00  1.9795313585e+00  -1.5523079020e+00  3.4834890685e+01  -9.8423809814e-01  9.8420917953e+00  
7.3793435097e-01  -5.4200940890e+00  1.8221743616e+01  6.6547595960e+00  3.2968806096e+01  -6.5084771642e+00  8.0822221933e+01  -5.4145057075e-01  8.1566357074e-01  3.2195458071e+00  2.9654687787e+01  2.7711960554e-01  1.5361908081e+00  -6.8508385147e-01  7.9764289579e-01  2.2816910668e+00  3.9758945694e+02  -4.3942821228e+00  9.0488732258e+00  -1.2873050439e+00  2.4293372027e+00  -5.1600096745e-02  7.5236374789e-01  6.5106853148e-01  2.4569839443e+00  
8.3822172880e-01  1.4027534307e-01  3.8722841081e-01  -2.3168915166e-01  3.8097263431e+00  8.6408213143e-01  3.2352436038e+00  4.7597142261e-01  9.2815574329e-01  -9.0551947371e-01  8.9972021677e-01  3.1108871401e-01  3.1899337690e+00  1.0781955740e-01  9.6939962705e-01  2.0598601152e-01  1.0068684729e+00  3.3050714605e+00  6.4788826783e+01  -9.3247044980e-01  2.5932973065e+01  8.2147697288e-02  9.6309054795e-01  -2.8661456935e-01  5.4003233323e+00  
9.3867057562e-01  -4.1744571995e+00  3.6993541951e+02  -2.3625126896e+00  2.1558471845e+01  8.0443172995e-01  1.3437674374e+00  6.7270504978e-01  1.3415048918e+00  2.3791480610e+00  1.1552505806e+02  -9.1754840908e+00  4.8111582432e+01  -1.9555361475e+00  5.5354508899e+00  -2.7937411911e+00  3.4940515588e+02  -3.7189541597e-01  1.1462550175e+00  1.3240329703e+00  7.3847244767e-01  1.3506763151e+00  2.4034326827e+00  -6.9721695519e+00  8.4439211144e+01  
1.0360521078e+00  -9.0902236605e-01  9.4612225225e-01  -4.0358869447e-01  1.9980334480e+02  1.5994007394e+00  2.4419646411e+00  8.1845546759e-01  6.9465785768e-01  -4.5126461336e-01  1.3674166515e+00  6.2975139950e-02  1.7987907881e+00  -3.7392904962e+00  2.7033965876e+02  -1.8856023883e+00  3.3366014338e+00  1.7227069955e+00  3.2579013968e+00  1.1365987296e+00  5.7589064687e-01  2.1406287612e-02  3.2831164816e-01  -6.6581519790e-01  5.1047271868e+00  
1.1335655451e+00  -7.4149611353e-02  5.3779041038e+01  -1.4158269476e-01  8.1172194498e+00  4.0795661752e-02  1.8792145489e+02  -1.7999331163e+00  1.5284722369e+01  1.3777071852e+00  1.5259833797e+00  3.2025992052e+00  2.7033305140e+02  -1.1032863477e-01  7.6391860889e-01  -2.8011874849e-01  6.4315945298e-01  2.5092988804e+00  3.4167116720e+00  -1.5847596187e-01  2.3751801492e+00  -2.4737048420e+00  1.0616111454e+01  -7.8429935565e-01  9.4362361064e-01  
1.2362152338e+00  6.3680471758e-02  9.0573836242e-01  -1.7322939045e+00  3.8630226868e+02  -7.8168649099e-02  8.5532029104e-01  -1.1185909624e+00  1.3722551280e+01  2.8220020316e+00  9.9986439265e+00  5.2061644383e+00  8.9094510639e+02  8.0740093164e-01  8.7835038092e-01  -4.7320944701e-01  1.8783681610e+00  -6.8992239618e-01  3.1696534100e+01  2.7868862901e+00  6.8533876976e+00  -7.9788037182e-02  1.4780043299e+00  -3.8593795584e-01  1.2335021807e+00  
1.3337751627e+00  -1.6970079098e+01  1.9630391089e+03  2.5230805204e-01  8.0375558219e-01  -5.1176011962e+00  7.8402442170e+01  2.6566178684e-02  2.6110579383e+01  -2.8663265411e+01  2.0237403391e+03  -2.4829363757e+00  5.3769678821e+02  -1.6851672027e+00  4.3331558366e+00  1.6139486969e+00  3.2783534045e+00  -8.0569559687e-01  8.0969284438e-01  -5.9020204078e-01  7.8019171363e-01  -1.7676491907e+00  1.0787182329e+02  3.0012216023e-01  9.1585235740e-01  
1.4322998524e+00  -3.7556342299e+00  1.1867801664e+01  -4.5536621028e+00  5.7706960333e+01  -9.9952441911e+00  1.4460358118e+03  6.3941656377e-01  8.9806473614e-01  -1.1448850837e+00  1.3118817185e+01  4.0410764439e-02  1.6371947051e+00  6.2442912601e-02  1.3267510344e+00  7.3968918669e-01  1.0228049113e+00  6.8701386260e-01  6.6481487928e-01  5.5396886071e+00  1.6609897180e+02  -2.3562976427e+00  2.4874658089e+00  1.3272299487e+00  2.2940807828e+00  
1.5290284157e+00  8.5933690314e+00  1.8882901870e+03  6.4637985888e-02  1.0538141291e+00  -8.5425549728e-01  5.7296539041e+00  -1.2435040297e+00  8.0055108508e-01  -7.5538108896e-01  8.8599656403e-01  -8.5563577048e+00  9.2899444943e+01  2.2680585196e+01  6.2400538132e+02  -9.6883470354e-01  1.8397183808e+00  1.8322356044e+01  1.7433846912e+03  1.1461753908e+00  1.5348679037e+00  9.6255441482e-01  1.7075097229e+00  3.1880562272e-01  6.1441192274e-01  
1.6299338341e+00  -2.4956604011e-01  5.2551270557e-01  -9.8678197581e-01  4.0751010188e+00  9.4160620037e-02  4.5526467630e-01  1.0400482307e+01  4.6043720637e+02  3.5620401932e-02  1.4770066655e+00  -1.2797696628e+00  2.4794558200e+00  7.0378159538e-02  1.7608936026e+00  4.3462274661e+00  2.9655373113e+01  3.9181810952e-01  1.8614997040e+01  8.5646753273e-01  1.4054983509e+00  -1.0300017298e+00  2.2300975645e+00  -4.6514857405e-01  1.2551101543e+00  
1.7297474146e+00  -4.3200644961e-01  1.2066013503e+00  -3.8524410000e-01  6.1142365444e-01  1.2416961522e+00  1.0595909254e+00  9.5757916611e-01  1.7002045955e+00  5.8932012708e+00  7.8227954473e+01  1.2545710427e+00  2.2236482121e+00  -8.8964180861e-02  1.5123288965e+00  -9.7352419038e+00  4.9923400026e+02  9.9929906748e+00  3.4000529477e+02  5.3811492554e-01  7.6775309325e-01  -5.3459879562e-01  6.9907405649e-01  -2.5175610729e-01  6.1584685441e+00  
1.8267197609e+00  -3.2927401011e+00  6.8055545179e+01  1.0437305456e+00  1.7915707186e+00  -9.3569615178e-01  2.6867899682e+00  -9.9350204784e+00  1.5324277729e+02  -5.3533529722e-02  6.3347357819e-01  1.9471945666e+00  4.0402076223e+00  -7.8576970392e-01  2.2217751753e+00  2.4025469528e-01  9.2122720379e-01  1.1799577055e+00  1.2189884675e+00  8.0867509432e-01  8.6966552434e-01  -1.2450961985e+00  1.7849941312e+01  -8.1218158124e-01  1.4261492866e+00  
1.9267936945e+00  -2.0333615274e+00  2.0050087122e+01  -2.4380418126e+00  7.2750121874e+00  7.2905063548e-01  1.2226192917e+00  7.2348366112e-01  8.1690553727e-01  -1.3782431933e+00  5.1921430690e+00  -1.1909687311e+00  3.4650767642e+00  -9.3725082185e-01  1.0985112429e+00  -1.6677138493e+00  5.2500219239e+00  1.7215690800e+00  2.0780375169e+00  6.1001465596e-01  1.7081093461e+00  1.8975616200e+00  3.5238294995e+00  7.5310188918e-02  3.8966616969e+01  
2.0260138512e+00  2.8389630523e-01  9.6079710781e-01  -2.2573730798e+00  3.0056412460e+01  -3.4159210419e+00  5.6994532851e+00  -2.4723103400e+00  1.8367281925e+01  8.6442995256e-01  2.7183855960e+00  1.9504099812e+00  1.5863655469e+01  -7.2055542839e+00  2.5745634638e+02  3.6067138093e-01  2.5088192130e+00  -1.2024742765e+00  9.1282200278e-01  2.8778522627e+00  4.3462531548e+00  8.2077977598e+01  7.0513284530e+03  -1.1598839073e+00  6.7338640770e-01  
2.1237618923e+00  -2.3957193565e-01  8.6988868893e-01  2.1675075966e+00  1.6730143159e+01  1.0071757812e+01  1.8489234343e+02  8.5547346793e-01  4.5997830245e-01  5.1032956464e+00  7.8753857648e+00  -2.0880979135e-01  6.4566038575e-01  5.9619642768e-01  1.0794602754e+00  -5.9189951409e+00  1.2248009327e+02  7.3171214889e-01  1.2899548425e+00  1.0471667380e+00  2.1511545278e+00  -9.6241136125e-01  8.9227754134e-01  6.8432218004e+00  4.2985455962e+01  
2.2213792801e+00  -3.9401645970e-01  1.1730049488e+00  1.4980865110e+00  1.6230260141e+00  9.4079191769e-01  3.1466477585e+00  -4.1694344953e+00  6.1712527488e+01  1.2167565964e+00  1.4547843308e+00  -1.2835978998e+00  2.0964041451e+00  -1.3398395057e+00  2.3420211347e+00  -5.9898379863e-01  2.0985515628e+02  -6.8124675773e-02  7.2348870010e-01  1.0754510239e+00  4.2902928958e+00  -1.5036588684e-01  1.7484444006e+00  1.9720149973e-01  3.3312707680e+00  
2.3219537735e+00  2.9528389205e+00  1.0435498625e+01  -1.5361544682e+00  1.3545641446e+01  -3.2876570787e+00  2.6278366907e+02  5.5770608305e-01  5.8792341689e-01  -5.2303937455e-01  1.2202290666e+00  4.0249393371e-01  7.7643367548e-01  5.0970328444e-01  1.1203729699e+00  -1.4214981212e+02  2.9746662538e+03  -1.3195682930e+00  7.2303910969e+01  8.0634066710e+00  6.7465071366e+02  4.9886931586e+00  1.6387046206e+02  -1.1504205493e+00  1.5412224672e+00  
2.4212319851e+00  3.4636189540e-01  5.8261951313e-01  8.8832017523e-02  1.4669234441e+01  -4.7699520552e-01  4.3072706277e-01  -2.8048993888e-02  7.0280718486e-01  2.9201734504e-02  9.8531934391e-01  6.6590197522e-01  1.5720182908e+00  -8.3058469318e-01  3.0262134230e+00  3.6244656568e+00  4.2816334990e+01  3.1894409974e-01  6.0827112280e-01  3.0054253283e+00  7.1053088891e+01  1.5004440805e+00  3.8343116596e+00  8.3511826515e-01  7.8585772183e-01  
2.5173845291e+00  -1.9150544415e-01  1.5921055515e-01  1.8853111936e-02  7.1503619466e-01  -5.4507760107e-03  1.8959343242e-01  3.1611084048e-01  3.9696748196e-01  -3.9721760658e-02  1.5765900907e-01  8.2776091396e-02  4.5414716920e-01  -5.7356478566e-02  1.8455708798e-01  -4.5759849703e-01  5.9447319982e-01  5.8773003136e-02  1.8253515160e-01  6.1894033012e-01  1.4601563143e+00  3.2769262973e-01  2.9730312873e-01  -1.8514252344e+00  9.1181801403e+00  
2.6134247780e+00  6.3233162201e-02  1.3693523669e-01  -3.7631433527e-01  2.4967831477e-01  -2.5937023019e-01  2.0439375165e-01  3.5722084032e-01  2.9940571956e-01  8.8750158876e-02  3.3902884864e-01  -5.7863018473e+00  6.1464393628e+01  2.8684078830e-01  1.6457014737e-01  1.4053735492e+00  1.3235316610e+00  2.5762766294e-01  1.6931005823e-01  3.2615972210e-01  3.3711136071e-01  -1.4926858898e-01  1.8907120886e-01  -7.4719114673e-01  2.6166800934e-01  
2.7142212391e+00  -5.5007854085e-02  1.6238430293e-01  -2.9855056336e-01  5.5287103928e-01  -2.1719953298e-01  2.6794968858e-01  2.4419991872e-01  7.5244540753e-01  -4.7979359256e-01  2.9461051201e-01  1.0116183023e+00  9.4447130868e-01  1.7161185281e-01  2.3047832905e-01  2.4625091542e-02  6.6832274872e-01  -5.9877827837e-02  2.6479212538e-01  -4.9470486644e-01  8.7031317238e+00  -2.3844260219e-01  1.6883230561e-01  -1.1721603084e+00  6.6592844441e-01  
2.8114964962e+00  5.0025266501e-02  1.8598268702e-01  1.7411389512e+00  6.4718708414e+00  2.9555158404e-01  2.3547444064e-01  -9.8068811568e-01  1.4063485041e+00  -2.5855174583e-01  1.5602597668e-01  -4.9833764525e-01  5.0144690261e-01  -7.0485045583e-02  1.8626662426e-01  -7.3044289142e-01  5.1626148553e-01  -7.0511100132e-03  2.3018977825e-01  7.9895080676e-03  6.7244664848e-01  4.0505359090e-02  2.2812233452e-01  -6.2036798163e-01  9.8493270320e-01  
2.9110345840e+00  -2.1085511732e-02  2.1679736539e-01  -1.3746715445e+00  9.3095578832e-01  4.3339922686e-02  3.8935527528e-01  2.7954335545e+00  1.0763320767e+01  -5.8099137452e-02  2.4264484078e-01  -1.5466285426e-01  7.2130162408e-01  1.4802528505e-01  3.0341449776e-01  6.9440669232e-01  4.1482025427e-01  4.9744423653e-02  3.1558251069e-01  -2.9965582528e-01  6.8339477932e-01  -1.0048655246e-01  3.1200026327e-01  -1.3603634556e+00  5.6682269812e+00  
3.0073266029e+00  9.6498069885e-02  1.7606766311e-01  4.8196258382e-02  1.0587858014e+00  -3.2220496617e-01  3.3409011431e-01  -3.2723655354e-01  1.6552361249e+00  -5.8430046710e-01  2.7544778867e-01  3.6476454171e-02  2.8189363452e+00  9.7162416675e-02  2.0585196070e-01  -1.2319624544e-01  9.7127204052e-01  -2.6417108035e-01  3.2152384944e-01  -1.2197174053e-01  8.5050684201e-01  3.2611465740e-02  2.1992373145e-01  -1.3295283921e+00  9.1904301990e-01  
3.1081454754e+00  2.5315203995e-01  3.4024903696e-01  1.9882533184e+00  9.5637628787e-01  -4.3406227317e-01  3.4796007273e-01  -5.8173177977e+00  3.4657530241e+02  -1.6094752599e-01  2.2847006186e-01  -3.4552769737e-01  3.8521987896e+01  -6.2317530789e-01  6.8818878233e-01  1.0013302947e+00  3.9400896841e+00  5.2125832608e-02  2.1542195493e-01  7.0538588916e-01  1.7162638497e+00  4.1721852156e-01  4.8003685543e-01  3.5420003059e-01  2.4628377797e+00  
3.2063720226e+00  -6.9704214437e-02  2.5533304650e-01  7.1005176412e-01  4.2422856091e-01  -4.8186009943e-01  3.7328082418e-01  -5.7614558380e-01  1.5546568165e+00  1.1816215761e-01  3.3785518989e-01  -1.9048741961e+00  7.9465065094e+00  -1.1653044837e-01  4.1183952052e-01  3.9982575565e+00  4.5774429309e+00  -3.8155704427e-01  3.9700072506e-01  -4.8044002932e-01  1.8133206880e-01  -8.0593605689e-02  2.9678575888e-01  -2.9325499987e+00  4.4932445287e+02  
3.3045966625e+00  5.0141893425e-03  3.2438340504e-01  -1.2850312199e+00  3.5905672397e+00  -2.9616529380e-01  5.1736336235e-01  -5.3849198223e-01  4.9110050784e-01  9.0165384820e-02  3.1667214691e-01  -5.6726234840e-01  1.1930974832e+00  1.0822407885e+00  1.3773311616e+00  -1.3289537334e+00  8.5621054428e+01  -6.2371600158e-01  6.6222630091e-01  1.0905090300e+00  1.3288193999e+00  -6.5097990430e-01  8.3503034651e-01  7.1468539268e-01  2.9744945062e-01  
3.4045937061e+00  -2.9152173873e-01  2.9745059170e-01  -1.0717012610e+01  1.4244537497e+01  -3.5776789823e-01  4.3384637490e-01  9.7757200210e-01  4.0886140569e-02  -1.2517160901e-01  2.9899244829e-01  -5.9300778347e+01  1.0036308934e+02  -6.0733390462e-02  4.4026397964e-01  1.6753531451e-01  1.8709841249e+00  -3.0564560962e-02  1.6360217069e-01  -7.1933853442e-01  2.8066665992e+01  -1.9238568759e-01  2.2532755435e-01  7.8027658547e-01  3.1249227423e+00  
3.5022406578e+00  2.7632969959e-02  4.9242108725e-01  0.0000000000e+00  0.0000000000e+00  3.6065236403e-01  5.0462944646e-01  0.0000000000e+00  0.0000000000e+00  -1.1328631930e+00  1.0354407416e+00  0.0000000000e+00  0.0000000000e+00  -6.6301003227e-01  7.8191520774e+00  0.0000000000e+00  0.0000000000e+00  4.1690515426e-01  2.8801005050e-01  0.0000000000e+00  0.0000000000e+00  5.0416715832e-01  5.5176126198e-01  0.0000000000e+00  0.0000000000e+00  
3.6018631458e+00  -1.2054372565e+00  4.4218132345e+00  0.0000000000e+00  0.0000000000e+00  2.4040093631e-02  9.2701112098e-01  0.0000000000e+00  0.0000000000e+00  -2.7536768589e-01  4.8107479226e-01  0.0000000000e+00  0.0000000000e+00  1.4198940721e+00  3.4890401985e+00  0.0000000000e+00  0.0000000000e+00  2.6907372105e-01  5.9944117319e-01  0.0000000000e+00  0.0000000000e+00  -3.0941670044e-01  1.0212425572e+00  0.0000000000e+00  0.0000000000e+00  
3.7012853622e+00  5.9193976638e-01  8.0295107088e+00  0.0000000000e+00  0.0000000000e+00  1.5158761949e-01  2.7179153853e-01  0.0000000000e+00  0.0000000000e+00  -4.0830850787e-01  1.4913683823e+00  0.0000000000e+00  0.0000000000e+00  -3.1253756753e-01  3.0805743354e-01  0.0000000000e+00  0.0000000000e+00  -2.1276809406e-01  2.6911303052e-01  0.0000000000e+00  0.0000000000e+00  2.0288664285e+00  1.5088582798e+01  0.0000000000e+00  0.0000000000e+00  
3.8004772663e+00  -4.6571183497e+10  4.6105471662e+12  0.0000000000e+00  0.0000000000e+00  -1.5902139999e+11  1.5743118599e+13  0.0000000000e+00  0.0000000000e+00  -5.4465099337e+10  5.3920448343e+12  0.0000000000e+00  0.0000000000e+00  -8.1209681184e+10  8.0397584372e+12  0.0000000000e+00  0.0000000000e+00  -1.9743912875e+11  1.9546473747e+13  0.0000000000e+00  0.0000000000e+00  -7.4612220913e+08  7.3866098700e+10  0.0000000000e+00  0.0000000000e+00  
3.9002900124e+00  -8.4522619269e-02  1.3549702490e+01  0.0000000000e+00  0.0000000000e+00  -3.2596213906e-01  7.7582540265e-01  0.0000000000e+00  0.0000000000e+00  -6.1256631255e-01  1.1789696146e+00  0.0000000000e+00  0.0000000000e+00  -6.5743928769e+00  1.2020255748e+01  0.0000000000e+00  0.0000000000e+00  1.1821044770e+00  1.8454540175e+01  0.0000000000e+00  0.0000000000e+00  2.7855407690e-01  1.6893159781e+02  0.0000000000e+00  0.0000000000e+00  
4.0003442764e+00  0.0000000000e+00  0.0000000000e+00  0.0000000000e+00  0.0000000000e+00  0.0000000000e+00  0.0000000000e+00  0.0000000000e+00  0.0000000000e+00  0.0000000000e+00  0.0000000000e+00  0.0000000000e+00  0.0000000000e+00  0.0000000000e+00  0.0000000000e+00  0.0000000000e+00  0.0000000000e+00  0.0000000000e+00  0.0000000000e+00  0.0000000000e+00  0.0000000000e+00  0.0000000000e+00  0.0000000000e+00  0.0000000000e+00  0.0000000000e+00  
4.1000037193e+00  -7.7391428165e+12  1.8549359232e+13  0.0000000000e+00  0.0000000000e+00  -3.5157948669e+13  4.4035933182e+13  0.0000000000e+00  0.0000000000e+00  -1.6564122528e+13  1.2903375597e+13  0.0000000000e+00  0.0000000000e+00  1.3345274139e+13  1.7013473994e+13  0.0000000000e+00  0.0000000000e+00  3.0095366021e+13  2.3065789778e+13  0.0000000000e+00  0.0000000000e+00  -2.5002419386e+13  1.8017290932e+13  0.0000000000e+00  0.0000000000e+00  
4.2002034187e+00  -1.1250356672e+11  1.1137853104e+13  0.0000000000e+00  0.0000000000e+00  -1.1888534469e+11  1.1769649125e+13  0.0000000000e+00  0.0000000000e+00  -3.8271969405e+10  3.7889249711e+12  0.0000000000e+00  0.0000000000e+00  -1.8045993215e+11  1.7865533283e+13  0.0000000000e+00  0.0000000000e+00  9.7156886672e+10  9.6185317805e+12  0.0000000000e+00  0.0000000000e+00  -3.2193014537e+11  3.1871084391e+13  0.0000000000e+00  0.0000000000e+00  
4.2999963760e+00  0.0000000000e+00  0.0000000000e+00  0.0000000000e+00  0.0000000000e+00  0.0000000000e+00  0.0000000000e+00  0.0000000000e+00  0.0000000000e+00  0.0000000000e+00  0.0000000000e+00  0.0000000000e+00  0.0000000000e+00  0.0000000000e+00  0.0000000000e+00  0.0000000000e+00  0.0000000000e+00  0.0000000000e+00  0.0000000000e+00  0.0000000000e+00  0.0000000000e+00  0.0000000000e+00  0.0000000000e+00  0.0000000000e+00  0.0000000000e+00  
4.3999958038e+00  0.0000000000e+00  0.0000000000e+00  0.0000000000e+00  0.0000000000e+00  0.0000000000e+00  0.0000000000e+00  0.0000000000e+00  0.0000000000e+00  0.0000000000e+00  0.0000000000e+00  0.0000000000e+00  0.0000000000e+00  0.0000000000e+00  0.0000000000e+00  0.0000000000e+00  0.0000000000e+00  0.0000000000e+00  0.0000000000e+00  0.0000000000e+00  0.0000000000e+00  0.0000000000e+00  0.0000000000e+00  0.0000000000e+00  0.0000000000e+00  
4.5000000000e+00  0.0000000000e+00  0.0000000000e+00  0.0000000000e+00  0.0000000000e+00  0.0000000000e+00  0.0000000000e+00  0.0000000000e+00  0.0000000000e+00  0.0000000000e+00  0.0000000000e+00  0.0000000000e+00  0.0000000000e+00  0.0000000000e+00  0.0000000000e+00  0.0000000000e+00  0.0000000000e+00  0.0000000000e+00  0.0000000000e+00  0.0000000000e+00  0.0000000000e+00  0.0000000000e+00  0.0000000000e+00  0.0000000000e+00  0.0000000000e+00  
4.6000041962e+00  0.0000000000e+00  0.0000000000e+00  0.0000000000e+00  0.0000000000e+00  0.0000000000e+00  0.0000000000e+00  0.0000000000e+00  0.0000000000e+00  0.0000000000e+00  0.0000000000e+00  0.0000000000e+00  0.0000000000e+00  0.0000000000e+00  0.0000000000e+00  0.0000000000e+00  0.0000000000e+00  0.0000000000e+00  0.0000000000e+00  0.0000000000e+00  0.0000000000e+00  0.0000000000e+00  0.0000000000e+00  0.0000000000e+00  0.0000000000e+00  
4.7000041008e+00  0.0000000000e+00  0.0000000000e+00  0.0000000000e+00  0.0000000000e+00  0.0000000000e+00  0.0000000000e+00  0.0000000000e+00  0.0000000000e+00  0.0000000000e+00  0.0000000000e+00  0.0000000000e+00  0.0000000000e+00  0.0000000000e+00  0.0000000000e+00  0.0000000000e+00  0.0000000000e+00  0.0000000000e+00  0.0000000000e+00  0.0000000000e+00  0.0000000000e+00  0.0000000000e+00  0.0000000000e+00  0.0000000000e+00  0.0000000000e+00  
4.7999954224e+00  0.0000000000e+00  0.0000000000e+00  0.0000000000e+00  0.0000000000e+00  0.0000000000e+00  0.0000000000e+00  0.0000000000e+00  0.0000000000e+00  0.0000000000e+00  0.0000000000e+00  0.0000000000e+00  0.0000000000e+00  0.0000000000e+00  0.0000000000e+00  0.0000000000e+00  0.0000000000e+00  0.0000000000e+00  0.0000000000e+00  0.0000000000e+00  0.0000000000e+00  0.0000000000e+00  0.0000000000e+00  0.0000000000e+00  0.0000000000e+00  
4.8999958038e+00  0.0000000000e+00  0.0000000000e+00  0.0000000000e+00  0.0000000000e+00  0.0000000000e+00  0.0000000000e+00  0.0000000000e+00  0.0000000000e+00  0.0000000000e+00  0.0000000000e+00  0.0000000000e+00  0.0000000000e+00  0.0000000000e+00  0.0000000000e+00  0.0000000000e+00  0.0000000000e+00  0.0000000000e+00  0.0000000000e+00  0.0000000000e+00  0.0000000000e+00  0.0000000000e+00  0.0000000000e+00  0.0000000000e+00  0.0000000000e+00  
5.0000000000e+00  0.0000000000e+00  0.0000000000e+00  0.0000000000e+00  0.0000000000e+00  0.0000000000e+00  0.0000000000e+00  0.0000000000e+00  0.0000000000e+00  0.0000000000e+00  0.0000000000e+00  0.0000000000e+00  0.0000000000e+00  0.0000000000e+00  0.0000000000e+00  0.0000000000e+00  0.0000000000e+00  0.0000000000e+00  0.0000000000e+00  0.0000000000e+00  0.0000000000e+00  0.0000000000e+00  0.0000000000e+00  0.0000000000e+00  0.0000000000e+00  
5.1000041962e+00  0.0000000000e+00  0.0000000000e+00  0.0000000000e+00  0.0000000000e+00  0.0000000000e+00  0.0000000000e+00  0.0000000000e+00  0.0000000000e+00  0.0000000000e+00  0.0000000000e+00  0.0000000000e+00  0.0000000000e+00  0.0000000000e+00  0.0000000000e+00  0.0000000000e+00  0.0000000000e+00  0.0000000000e+00  0.0000000000e+00  0.0000000000e+00  0.0000000000e+00  0.0000000000e+00  0.0000000000e+00  0.0000000000e+00  0.0000000000e+00  
5.2000050545e+00  0.0000000000e+00  0.0000000000e+00  0.0000000000e+00  0.0000000000e+00  0.0000000000e+00  0.0000000000e+00  0.0000000000e+00  0.0000000000e+00  0.0000000000e+00  0.0000000000e+00  0.0000000000e+00  0.0000000000e+00  0.0000000000e+00  0.0000000000e+00  0.0000000000e+00  0.0000000000e+00  0.0000000000e+00  0.0000000000e+00  0.0000000000e+00  0.0000000000e+00  0.0000000000e+00  0.0000000000e+00  0.0000000000e+00  0.0000000000e+00  
5.2999949455e+00  0.0000000000e+00  0.0000000000e+00  0.0000000000e+00  0.0000000000e+00  0.0000000000e+00  0.0000000000e+00  0.0000000000e+00  0.0000000000e+00  0.0000000000e+00  0.0000000000e+00  0.0000000000e+00  0.0000000000e+00  0.0000000000e+00  0.0000000000e+00  0.0000000000e+00  0.0000000000e+00  0.0000000000e+00  0.0000000000e+00  0.0000000000e+00  0.0000000000e+00  0.0000000000e+00  0.0000000000e+00  0.0000000000e+00  0.0000000000e+00  
5.3999977112e+00  0.0000000000e+00  0.0000000000e+00  0.0000000000e+00  0.0000000000e+00  0.0000000000e+00  0.0000000000e+00  0.0000000000e+00  0.0000000000e+00  0.0000000000e+00  0.0000000000e+00  0.0000000000e+00  0.0000000000e+00  0.0000000000e+00  0.0000000000e+00  0.0000000000e+00  0.0000000000e+00  0.0000000000e+00  0.0000000000e+00  0.0000000000e+00  0.0000000000e+00  0.0000000000e+00  0.0000000000e+00  0.0000000000e+00  0.0000000000e+00  
5.5000000000e+00  0.0000000000e+00  0.0000000000e+00  0.0000000000e+00  0.0000000000e+00  0.0000000000e+00  0.0000000000e+00  0.0000000000e+00  0.0000000000e+00  0.0000000000e+00  0.0000000000e+00  0.0000000000e+00  0.0000000000e+00  0.0000000000e+00  0.0000000000e+00  0.0000000000e+00  0.0000000000e+00  0.0000000000e+00  0.0000000000e+00  0.0000000000e+00  0.0000000000e+00  0.0000000000e+00  0.0000000000e+00  0.0000000000e+00  0.0000000000e+00  
5.6000018120e+00  0.0000000000e+00  0.0000000000e+00  0.0000000000e+00  0.0000000000e+00  0.0000000000e+00  0.0000000000e+00  0.0000000000e+00  0.0000000000e+00  0.0000000000e+00  0.0000000000e+00  0.0000000000e+00  0.0000000000e+00  0.0000000000e+00  0.0000000000e+00  0.0000000000e+00  0.0000000000e+00  0.0000000000e+00  0.0000000000e+00  0.0000000000e+00  0.0000000000e+00  0.0000000000e+00  0.0000000000e+00  0.0000000000e+00  0.0000000000e+00  
5.7000055313e+00  0.0000000000e+00  0.0000000000e+00  0.0000000000e+00  0.0000000000e+00  0.0000000000e+00  0.0000000000e+00  0.0000000000e+00  0.0000000000e+00  0.0000000000e+00  0.0000000000e+00  0.0000000000e+00  0.0000000000e+00  0.0000000000e+00  0.0000000000e+00  0.0000000000e+00  0.0000000000e+00  0.0000000000e+00  0.0000000000e+00  0.0000000000e+00  0.0000000000e+00  0.0000000000e+00  0.0000000000e+00  0.0000000000e+00  0.0000000000e+00  
5.7999944687e+00  0.0000000000e+00  0.0000000000e+00  0.0000000000e+00  0.0000000000e+00  0.0000000000e+00  0.0000000000e+00  0.0000000000e+00  0.0000000000e+00  0.0000000000e+00  0.0000000000e+00  0.0000000000e+00  0.0000000000e+00  0.0000000000e+00  0.0000000000e+00  0.0000000000e+00  0.0000000000e+00  0.0000000000e+00  0.0000000000e+00  0.0000000000e+00  0.0000000000e+00  0.0000000000e+00  0.0000000000e+00  0.0000000000e+00  0.0000000000e+00  
5.8999996185e+00  0.0000000000e+00  0.0000000000e+00  0.0000000000e+00  0.0000000000e+00  0.0000000000e+00  0.0000000000e+00  0.0000000000e+00  0.0000000000e+00  0.0000000000e+00  0.0000000000e+00  0.0000000000e+00  0.0000000000e+00  0.0000000000e+00  0.0000000000e+00  0.0000000000e+00  0.0000000000e+00  0.0000000000e+00  0.0000000000e+00  0.0000000000e+00  0.0000000000e+00  0.0000000000e+00  0.0000000000e+00  0.0000000000e+00  0.0000000000e+00  
6.0000000000e+00  0.0000000000e+00  0.0000000000e+00  0.0000000000e+00  0.0000000000e+00  0.0000000000e+00  0.0000000000e+00  0.0000000000e+00  0.0000000000e+00  0.0000000000e+00  0.0000000000e+00  0.0000000000e+00  0.0000000000e+00  0.0000000000e+00  0.0000000000e+00  0.0000000000e+00  0.0000000000e+00  0.0000000000e+00  0.0000000000e+00  0.0000000000e+00  0.0000000000e+00  0.0000000000e+00  0.0000000000e+00  0.0000000000e+00  0.0000000000e+00  
6.0999994278e+00  0.0000000000e+00  0.0000000000e+00  0.0000000000e+00  0.0000000000e+00  0.0000000000e+00  0.0000000000e+00  0.0000000000e+00  0.0000000000e+00  0.0000000000e+00  0.0000000000e+00  0.0000000000e+00  0.0000000000e+00  0.0000000000e+00  0.0000000000e+00  0.0000000000e+00  0.0000000000e+00  0.0000000000e+00  0.0000000000e+00  0.0000000000e+00  0.0000000000e+00  0.0000000000e+00  0.0000000000e+00  0.0000000000e+00  0.0000000000e+00  
6.2000060081e+00  0.0000000000e+00  0.0000000000e+00  0.0000000000e+00  0.0000000000e+00  0.0000000000e+00  0.0000000000e+00  0.0000000000e+00  0.0000000000e+00  0.0000000000e+00  0.0000000000e+00  0.0000000000e+00  0.0000000000e+00  0.0000000000e+00  0.0000000000e+00  0.0000000000e+00  0.0000000000e+00  0.0000000000e+00  0.0000000000e+00  0.0000000000e+00  0.0000000000e+00  0.0000000000e+00  0.0000000000e+00  0.0000000000e+00  0.0000000000e+00  
6.2999939919e+00  0.0000000000e+00  0.0000000000e+00  0.0000000000e+00  0.0000000000e+00  0.0000000000e+00  0.0000000000e+00  0.0000000000e+00  0.0000000000e+00  0.0000000000e+00  0.0000000000e+00  0.0000000000e+00  0.0000000000e+00  0.0000000000e+00  0.0000000000e+00  0.0000000000e+00  0.0000000000e+00  0.0000000000e+00  0.0000000000e+00  0.0000000000e+00  0.0000000000e+00  0.0000000000e+00  0.0000000000e+00  0.0000000000e+00  0.0000000000e+00  
6.4000010490e+00  0.0000000000e+00  0.0000000000e+00  0.0000000000e+00  0.0000000000e+00  0.0000000000e+00  0.0000000000e+00  0.0000000000e+00  0.0000000000e+00  0.0000000000e+00  0.0000000000e+00  0.0000000000e+00  0.0000000000e+00  0.0000000000e+00  0.0000000000e+00  0.0000000000e+00  0.0000000000e+00  0.0000000000e+00  0.0000000000e+00  0.0000000000e+00  0.0000000000e+00  0.0000000000e+00  0.0000000000e+00  0.0000000000e+00  0.0000000000e+00  
6.5000000000e+00  0.0000000000e+00  0.0000000000e+00  0.0000000000e+00  0.0000000000e+00  0.0000000000e+00  0.0000000000e+00  0.0000000000e+00  0.0000000000e+00  0.0000000000e+00  0.0000000000e+00  0.0000000000e+00  0.0000000000e+00  0.0000000000e+00  0.0000000000e+00  0.0000000000e+00  0.0000000000e+00  0.0000000000e+00  0.0000000000e+00  0.0000000000e+00  0.0000000000e+00  0.0000000000e+00  0.0000000000e+00  0.0000000000e+00  0.0000000000e+00  
6.5999975204e+00  0.0000000000e+00  0.0000000000e+00  0.0000000000e+00  0.0000000000e+00  0.0000000000e+00  0.0000000000e+00  0.0000000000e+00  0.0000000000e+00  0.0000000000e+00  0.0000000000e+00  0.0000000000e+00  0.0000000000e+00  0.0000000000e+00  0.0000000000e+00  0.0000000000e+00  0.0000000000e+00  0.0000000000e+00  0.0000000000e+00  0.0000000000e+00  0.0000000000e+00  0.0000000000e+00  0.0000000000e+00  0.0000000000e+00  0.0000000000e+00  
6.7000064850e+00  0.0000000000e+00  0.0000000000e+00  0.0000000000e+00  0.0000000000e+00  0.0000000000e+00  0.0000000000e+00  0.0000000000e+00  0.0000000000e+00  0.0000000000e+00  0.0000000000e+00  0.0000000000e+00  0.0000000000e+00  0.0000000000e+00  0.0000000000e+00  0.0000000000e+00  0.0000000000e+00  0.0000000000e+00  0.0000000000e+00  0.0000000000e+00  0.0000000000e+00  0.0000000000e+00  0.0000000000e+00  0.0000000000e+00  0.0000000000e+00  
6.7999935150e+00  0.0000000000e+00  0.0000000000e+00  0.0000000000e+00  0.0000000000e+00  0.0000000000e+00  0.0000000000e+00  0.0000000000e+00  0.0000000000e+00  0.0000000000e+00  0.0000000000e+00  0.0000000000e+00  0.0000000000e+00  0.0000000000e+00  0.0000000000e+00  0.0000000000e+00  0.0000000000e+00  0.0000000000e+00  0.0000000000e+00  0.0000000000e+00  0.0000000000e+00  0.0000000000e+00  0.0000000000e+00  0.0000000000e+00  0.0000000000e+00  
6.9000029564e+00  0.0000000000e+00  0.0000000000e+00  0.0000000000e+00  0.0000000000e+00  0.0000000000e+00  0.0000000000e+00  0.0000000000e+00  0.0000000000e+00  0.0000000000e+00  0.0000000000e+00  0.0000000000e+00  0.0000000000e+00  0.0000000000e+00  0.0000000000e+00  0.0000000000e+00  0.0000000000e+00  0.0000000000e+00  0.0000000000e+00  0.0000000000e+00  0.0000000000e+00  0.0000000000e+00  0.0000000000e+00  0.0000000000e+00  0.0000000000e+00  
