#pT  dN/(2pi dy pT dpT)  dN/(2pi dy pT dpT)_err  vn{SP}  vn{SP}_err
1.0849817097e-01  3.3818566583e-02  1.1546003381e-03  1.2060958863e-02  1.6181419853e-02  2.9546026692e-02  1.4973168872e-02  -7.8195454215e-03  1.6472965669e-02  1.0514078071e-02  1.4953444153e-02  -7.2097058246e-03  1.5817506868e-02  -1.5934166510e-02  2.5902307710e-02  
2.0434059203e-01  3.5927154597e-02  9.4860032887e-04  -1.5448819447e-03  1.0938805611e-02  -1.5694580802e-02  9.7432871599e-03  -1.7579316843e-02  1.0893353578e-02  -4.0816913501e-03  1.3223470398e-02  1.4100885782e-02  1.0650425608e-02  5.7961097008e-02  1.3287029244e-02  
3.0254915357e-01  3.5125978084e-02  9.2732422195e-04  1.5870841706e-02  1.0391746276e-02  2.0986243980e-02  8.9674091335e-03  7.1154094712e-04  9.8663543032e-03  -1.4432539489e-02  8.5327203142e-03  8.2942374975e-03  8.2883771173e-03  2.9453592265e-04  1.4825687824e-02  
4.0167617798e-01  3.3116864159e-02  8.4083035663e-04  1.0545012441e-02  8.9588314599e-03  1.8784976823e-02  8.8975160702e-03  9.3645992220e-03  7.9241199075e-03  -1.3252981337e-02  7.1292574320e-03  5.9970114193e-03  9.9836804719e-03  9.8960576944e-03  1.3637829382e-02  
5.0122016668e-01  3.1773626755e-02  8.1976027413e-04  -7.3293696866e-06  7.7544262793e-03  2.5178976178e-02  6.7753744780e-03  7.4289292367e-03  1.0497362607e-02  5.6924110680e-03  6.8247571959e-03  4.0588461110e-04  7.1582144180e-03  -9.9889337069e-03  1.1479215041e-02  
6.0044044256e-01  2.8386769946e-02  6.8900982907e-04  2.5736639965e-03  8.5825031621e-03  3.1912983892e-02  7.5865649292e-03  2.8770024976e-03  8.3163450626e-03  -4.6175444589e-03  8.7882869768e-03  -9.7483655308e-03  8.0955341110e-03  1.2286396364e-02  1.0927295598e-02  
6.9957202673e-01  2.4140143485e-02  6.0874162074e-04  1.3444585246e-02  8.0850272382e-03  5.4884044598e-02  8.3160079031e-03  2.4251496423e-03  8.5525489811e-03  1.2217244362e-02  6.5115228760e-03  2.5629615082e-03  6.8922078964e-03  6.3057259052e-03  1.0744465776e-02  
7.9950499535e-01  2.1573030647e-02  5.0591974285e-04  1.4005531348e-02  1.0616178427e-02  5.2770008658e-02  7.0314353433e-03  -1.2841443742e-02  6.8364423203e-03  -8.0726962790e-03  6.2165594116e-03  -4.3263547861e-03  6.4316460688e-03  1.1093312531e-02  1.0285796403e-02  
8.9942336082e-01  1.7505541401e-02  4.5014261891e-04  2.6851631271e-02  8.8204359528e-03  6.8950278982e-02  7.9839937049e-03  2.7759586041e-03  6.7965944636e-03  -7.7456487934e-03  6.8350428459e-03  5.5892604129e-03  9.4442300603e-03  2.4283604465e-04  9.5424563079e-03  
9.9860793352e-01  1.4057379072e-02  3.7182394666e-04  2.8437853372e-02  8.5167044779e-03  7.7260116898e-02  8.6944207664e-03  3.1840229145e-03  8.7318844389e-03  7.3445538952e-03  6.9279581800e-03  7.9568715811e-03  7.7312792814e-03  -3.6777020809e-04  1.5182508077e-02  
1.0989713669e+00  1.0758559374e-02  2.8921395615e-04  2.8621086714e-02  1.3177098522e-02  8.6485282929e-02  1.0014596686e-02  8.2037319014e-03  1.0784179250e-02  -4.4681131449e-03  7.8261247234e-03  6.7832880976e-03  8.9497001721e-03  8.7537555197e-03  1.3425697961e-02  
1.1984992027e+00  7.9907001648e-03  2.2281880223e-04  4.3353819493e-02  1.2714862906e-02  8.3384891569e-02  1.1198325706e-02  -2.4774889743e-03  1.1910508468e-02  1.3593288698e-03  9.9222175326e-03  2.3603917320e-02  1.1096558972e-02  3.8653613887e-03  1.3924040829e-02  
1.2970229387e+00  5.9041047992e-03  1.6632965449e-04  3.6950437025e-02  1.5015662251e-02  1.0770050991e-01  1.1018594702e-02  -7.3117950187e-03  1.1026265478e-02  2.5610524123e-02  1.1026968397e-02  1.2052488391e-02  1.1360972796e-02  -8.3386266567e-03  1.9084871070e-02  
1.3983585835e+00  4.3982108790e-03  1.4324337269e-04  5.7199426586e-02  1.4142015900e-02  9.9610868962e-02  1.4204018049e-02  -2.7707581102e-02  1.0553536335e-02  1.1102707707e-02  1.0390097529e-02  7.0122561692e-03  1.7842371303e-02  2.2641201152e-02  1.8753319620e-02  
1.4981969595e+00  3.1390150594e-03  1.0979266906e-04  5.7549662538e-02  1.9076262392e-02  1.2673886799e-01  1.5330651703e-02  2.2397166105e-02  1.4175780885e-02  2.2401283193e-03  1.2865792723e-02  -2.0277575141e-03  2.1356231928e-02  1.7953988393e-02  2.6938566670e-02  
1.5979009867e+00  2.0915342008e-03  7.5095420435e-05  7.4272238478e-02  1.8109400343e-02  1.5153797965e-01  1.7393659301e-02  -7.2112687864e-03  1.8184370382e-02  1.4582966433e-02  1.7414706420e-02  -7.1615215693e-03  2.1953116654e-02  -4.6997093753e-02  2.7336173193e-02  
1.6969553232e+00  1.4337937588e-03  5.8235385804e-05  9.3229593064e-02  2.2541933380e-02  1.3576824167e-01  1.8178343628e-02  -2.8818222025e-03  1.6994900690e-02  2.4714146901e-02  2.0464186962e-02  3.3757274068e-02  1.9863942098e-02  -4.1281005553e-03  3.3195607194e-02  
1.7973974943e+00  9.5183149612e-04  4.6986825058e-05  5.5153599164e-02  2.2365028619e-02  6.9051661002e-02  2.6531925112e-02  -8.9432599348e-04  2.1264351780e-02  3.6495413770e-02  2.5065124745e-02  5.0013140831e-02  2.0294081653e-02  4.3073676012e-02  3.9807818385e-02  
1.8959966898e+00  6.6749542928e-04  3.1096118692e-05  2.7336532587e-02  2.5244171709e-02  1.6633295772e-01  2.5233417864e-02  2.5322815172e-02  2.3984189885e-02  2.6352874337e-02  2.4295840802e-02  7.2283950704e-02  3.0536071048e-02  -9.3565116504e-03  3.5749109913e-02  
1.9986306429e+00  4.3448245162e-04  2.4102267778e-05  1.3575684738e-01  2.9299240345e-02  1.4875333993e-01  2.6997530254e-02  1.4688767218e-02  3.3876909949e-02  1.5392000556e-02  2.7167032335e-02  -1.7414692646e-02  3.2824401557e-02  2.1533848386e-02  4.6966560567e-02  
2.0972921848e+00  2.8322258147e-04  2.0873438514e-05  8.7798651647e-02  3.5096597710e-02  1.4498459492e-01  3.7678036225e-02  2.8787858093e-02  3.4931916955e-02  1.2813746850e-01  3.6758519061e-02  4.5676548146e-04  3.7625162917e-02  6.5678158529e-02  7.4645044955e-02  
2.2000567913e+00  1.8461784333e-04  1.3607462160e-05  1.1063862333e-01  4.3872920607e-02  1.3013508621e-01  5.1374704822e-02  3.6576833805e-02  5.9828456376e-02  4.8359067938e-02  4.0379688851e-02  4.6661919059e-02  5.5411976378e-02  -1.1325389290e-02  7.7837725417e-02  
2.2973041534e+00  1.0137009374e-04  1.0033935658e-05  -2.7349048318e-02  7.1481094976e-02  1.5010035061e-01  4.8446940798e-02  4.4130999753e-02  5.8065573380e-02  4.2429662503e-02  7.4983127851e-02  1.1475760361e-01  5.7405230881e-02  1.3443365088e-01  9.3227930530e-02  
2.3974685669e+00  9.9403490869e-05  1.0344730717e-05  5.2534398825e-02  5.4943332192e-02  2.1215040681e-01  6.6389193608e-02  4.4473626535e-02  5.6745931102e-02  3.4024026189e-03  6.2064808437e-02  3.0671553890e-02  6.6147405233e-02  2.4109174961e-03  9.4829652539e-02  
2.4938607216e+00  5.1404611375e-05  6.6143397158e-06  5.0828133167e-02  6.8708754618e-02  1.2803175577e-01  7.3030062805e-02  9.4360367324e-02  8.0263804647e-02  5.4180313821e-02  7.7215064439e-02  -1.9654726983e-01  1.0781139756e-01  -1.1883959909e-01  1.3903047055e-01  
2.6023283005e+00  2.9565076357e-05  3.8303251805e-06  2.2322121635e-01  9.4003664650e-02  1.3288255430e-01  9.8178873693e-02  2.4323143898e-01  9.3394586934e-02  -9.4509630900e-02  1.0716848592e-01  -5.7213389445e-02  1.1850695730e-01  1.8317761188e-01  1.8502013107e-01  
2.7034513950e+00  2.0357696087e-05  3.7513509562e-06  1.8702351111e-01  1.4191672130e-01  1.7722985612e-01  1.0626206114e-01  9.8879405462e-02  1.1310791652e-01  1.1333195325e-01  1.3374273359e-01  1.6222065081e-01  1.3819802894e-01  9.9478850667e-02  2.3151718489e-01  
2.7968320847e+00  1.1863281837e-05  2.5607237180e-06  1.9739445298e-01  1.6404988850e-01  3.1307943474e-01  1.3826865374e-01  -5.9830930078e-02  1.7274299577e-01  2.8101665706e-01  1.2543676515e-01  2.2613182300e-02  2.1916247819e-01  -1.6322155691e-02  2.0810483340e-01  
2.8982450962e+00  9.3504134069e-06  2.2929421203e-06  2.9581821265e-02  2.0334103555e-01  -3.1005515877e-02  2.1049554873e-01  1.3127935368e-01  2.2783113240e-01  2.1736932710e-01  2.4089097094e-01  9.6061121424e-02  2.2330308456e-01  5.8324527797e-02  3.4350050173e-01  
3.0194005966e+00  4.8665523501e-06  1.5779924544e-06  3.3286765603e-02  2.3025404455e-01  1.9837360934e-01  2.5346582523e-01  1.5934044682e-01  2.1206280028e-01  -2.6585302763e-02  3.6764349245e-01  -1.3093230955e-01  3.1981162017e-01  -8.6991422219e-02  5.9943126767e-01  
3.1045987606e+00  5.2899233960e-06  1.7074542672e-06  -8.8318958975e-02  2.9588792868e-01  2.5355980713e-02  3.1795001117e-01  -2.4807740485e-01  2.8267986763e-01  2.5004319972e-01  3.1476726288e-01  -3.2937530051e-01  4.0015530666e-01  4.7542474252e-01  4.0349518556e-01  
3.2365946770e+00  9.2927084122e-07  6.7253576713e-07  2.3097496689e-01  5.7324917067e-01  7.5458543338e-01  4.8890401296e-01  3.0005499473e-01  1.9626662246e-02  -7.2110682066e-01  2.6720465451e-01  6.6885180386e-01  2.1915254779e+00  -9.1105925791e-01  4.3212029046e-01  
3.3007135391e+00  2.0803501719e-06  1.0397027882e-06  -3.8058840224e-01  2.5661283890e-01  1.3501281201e-02  3.5021962516e-01  -3.3675144656e-01  2.6236673595e-01  6.0536949456e-01  1.9582408215e-01  1.3456760073e-01  8.6951653540e-02  8.6455076287e-01  3.6731948582e-01  
3.4039671421e+00  8.7623165804e-07  6.2923485332e-07  3.3243619911e-01  1.6596407522e-01  -3.9744664216e-01  4.3457644591e-01  6.0308277503e-01  3.2413237607e-01  -1.9433242724e-01  6.1511853254e-01  -1.3035551977e+00  3.0627015286e-01  -1.2117845447e+00  7.1925126087e-01  
3.4662134647e+00  4.6853147845e-07  4.6618310099e-07  nan  nan  nan  nan  nan  nan  nan  nan  nan  nan  nan  nan  
3.5922694206e+00  8.5708775450e-07  6.0177024250e-07  7.9688770260e-01  3.1596367747e-01  2.3177424989e-01  3.9486753790e-01  -8.2822494852e-03  2.8291153378e-01  -2.7596968422e-01  3.0364151270e-01  4.7714458624e-01  5.2494195075e-01  -9.3332374946e-02  1.3273348143e+00  
3.6982991695e+00  1.0289830178e-06  7.2399709603e-07  1.0677288688e-01  2.3933680720e-01  4.4355056032e-01  5.3935028295e-01  -1.7785089559e-01  3.1077263955e-02  1.3786813022e-02  1.1389040616e+00  3.9828319112e-01  8.5429636973e-01  1.7268995723e+00  7.3875585124e-01  
3.7500000000e+00  0.0000000000e+00  0.0000000000e+00  nan  nan  nan  nan  nan  nan  nan  nan  nan  nan  nan  nan  
3.8499999046e+00  0.0000000000e+00  0.0000000000e+00  nan  nan  nan  nan  nan  nan  nan  nan  nan  nan  nan  nan  
3.9500010014e+00  0.0000000000e+00  0.0000000000e+00  nan  nan  nan  nan  nan  nan  nan  nan  nan  nan  nan  nan  
