#pT  dN/(2pi dy pT dpT)  dN/(2pi dy pT dpT)_err  vn{SP}  vn{SP}_err
1.0781404376e-01  1.4170636705e+01  1.0690823028e-01  9.2476055262e-04  1.5708535581e-03  6.5683181930e-04  1.5465584747e-03  -4.3410813252e-04  1.4395008015e-03  8.3690431147e-04  1.4046557804e-03  -3.2399060385e-03  2.3882593340e-03  2.1355065670e-03  3.4060339678e-03  
2.0310638845e-01  1.3761068753e+01  1.0336688739e-01  5.6317100954e-03  1.2024161641e-03  6.3615113344e-03  1.1674756684e-03  9.7907537955e-04  1.0755860942e-03  -1.5772326391e-03  1.0922579130e-03  8.8274418023e-04  1.4256207724e-03  4.4326476919e-03  2.2218304244e-03  
3.0124214292e-01  1.1962172966e+01  9.5129420426e-02  8.7917970092e-03  1.2494588897e-03  1.2454921649e-02  9.3364300744e-04  4.1898752716e-03  1.0004722324e-03  -1.5518962395e-03  1.0362554695e-03  3.9120237570e-04  1.3891152342e-03  -1.2762237034e-03  2.1616140446e-03  
4.0017271042e-01  9.8026198043e+00  7.6183841095e-02  9.5251846064e-03  1.2777784740e-03  2.2604788412e-02  1.2448548140e-03  4.1238606720e-03  8.8734559416e-04  5.1811096697e-04  1.0805557030e-03  1.8877005002e-03  1.2215396350e-03  3.0439421791e-03  2.2610343681e-03  
4.9950575829e-01  7.6577685137e+00  5.8952967501e-02  1.0412697060e-02  1.2211393898e-03  3.4917876835e-02  1.4710400681e-03  6.7037162644e-03  1.0261169144e-03  2.3023852625e-03  9.1358738845e-04  7.6192882067e-04  1.1600954801e-03  1.2086422940e-03  1.8529107485e-03  
5.9888017178e-01  5.7820641108e+00  4.6429741529e-02  1.2109623317e-02  1.4876651320e-03  4.5915889779e-02  1.6276432664e-03  1.0401028394e-02  1.0727224348e-03  6.2586686901e-03  9.9318169885e-04  5.7186145974e-04  1.4389673156e-03  2.4108798388e-03  2.1684762020e-03  
6.9854295254e-01  4.2367345796e+00  3.4829609537e-02  1.4700284120e-02  1.4788249123e-03  5.7696900122e-02  2.3700094165e-03  1.6975320760e-02  1.2834085967e-03  5.6601221171e-03  1.3465825381e-03  3.0893965700e-03  1.5577450364e-03  2.1388616139e-03  2.2899281841e-03  
7.9830682278e-01  3.0705494048e+00  2.5536395744e-02  1.4983389412e-02  1.7524747061e-03  6.8521600048e-02  2.6359386054e-03  2.2546433621e-02  1.5119418128e-03  9.3347852360e-03  1.3188929778e-03  9.3190168574e-04  1.6770863791e-03  -4.4768582000e-03  2.6061502964e-03  
8.9809018373e-01  2.1848599096e+00  1.7872293784e-02  1.3443966291e-02  1.8466681360e-03  8.0537499447e-02  2.9030730950e-03  2.7880584496e-02  1.7442186676e-03  1.1744871392e-02  1.4657576063e-03  4.1269703236e-03  1.8686758712e-03  -4.8113395947e-03  2.8783671191e-03  
9.9788367748e-01  1.5527241841e+00  1.3078961011e-02  1.4540165412e-02  2.0462012442e-03  9.2972559328e-02  3.4247664757e-03  3.3508558625e-02  1.9680606572e-03  1.6839731266e-02  1.7420009502e-03  3.5792880694e-03  2.0458582330e-03  2.9833916817e-03  3.3062537111e-03  
1.0977808237e+00  1.0947311245e+00  9.3931660936e-03  1.6890701014e-02  2.6968518324e-03  1.0202553662e-01  3.7654185360e-03  3.9138937286e-02  2.3652099605e-03  2.0136845040e-02  1.9251899765e-03  7.1576519844e-03  2.4732522648e-03  6.9613812716e-03  3.4982529604e-03  
1.1977988482e+00  7.7227520473e-01  6.8527798362e-03  1.2799968821e-02  3.0716179026e-03  1.1005080962e-01  4.6759218774e-03  4.6497651427e-02  2.7330413744e-03  2.3875898300e-02  2.5528341720e-03  4.6787174296e-03  2.9356625604e-03  9.2385935722e-03  4.5173212072e-03  
1.2978384495e+00  5.4841712058e-01  4.9627327422e-03  1.0867207243e-02  2.9746467249e-03  1.1375734264e-01  4.5885504298e-03  5.0404592868e-02  3.0798803299e-03  2.8283897174e-02  2.9135987370e-03  1.1828227925e-02  3.7645537361e-03  3.1165404389e-03  4.9732730225e-03  
1.3978557587e+00  3.8878002883e-01  3.7202522694e-03  1.6669365175e-02  4.2733879441e-03  1.2443914323e-01  5.4849206514e-03  5.7883956096e-02  3.4118161298e-03  3.1628800405e-02  3.1729844566e-03  1.2033818999e-02  3.9256803500e-03  4.7686166619e-03  5.5190326267e-03  
1.4977377653e+00  2.7575053118e-01  2.6712435753e-03  6.3577569991e-03  4.7021424143e-03  1.2798470270e-01  5.6539548670e-03  6.0338473492e-02  4.1906825670e-03  4.5093416691e-02  3.9981742970e-03  1.9093391638e-02  4.2816540043e-03  9.5077172524e-04  7.2313441688e-03  
1.5977811813e+00  1.9910754255e-01  2.1937812159e-03  9.9216296909e-03  5.5038510850e-03  1.3154607918e-01  6.2513003657e-03  6.3615271330e-02  4.3677644711e-03  4.3847619291e-02  4.8015034431e-03  1.9628028441e-02  5.3295416818e-03  2.5346874101e-03  6.9714396857e-03  
1.6978319883e+00  1.4402336375e-01  1.7335080709e-03  2.4783941979e-03  6.7330864479e-03  1.3611712572e-01  7.1934340104e-03  6.9715830510e-02  4.7693009083e-03  5.0105217320e-02  4.7235894391e-03  2.5239283495e-02  5.9438245783e-03  1.7619781364e-02  9.1516294802e-03  
1.7980417013e+00  1.0672182919e-01  1.4156324484e-03  7.2072803177e-03  6.6043852971e-03  1.4273235187e-01  8.1917593720e-03  8.1914405572e-02  5.2911272366e-03  6.2920711564e-02  6.1839351124e-03  2.4185908241e-02  7.0293382237e-03  1.6164709323e-02  9.2917855246e-03  
1.8980518579e+00  7.8188558821e-02  1.1169505296e-03  -5.3679996562e-03  8.2735588944e-03  1.3791243842e-01  8.3311053769e-03  8.1803455772e-02  7.0484650239e-03  5.2986573765e-02  6.7281628455e-03  3.5293193246e-02  7.6918761510e-03  -7.6366431263e-05  1.1424422556e-02  
1.9976502657e+00  5.7796745399e-02  9.3274926465e-04  4.7241201677e-03  1.0412744039e-02  1.4485963935e-01  9.0552550742e-03  9.0082804140e-02  7.1664395087e-03  6.6451505493e-02  7.2232033597e-03  4.2653424857e-02  8.8528533955e-03  6.6684416762e-03  1.3938310926e-02  
2.0983295441e+00  4.4384336831e-02  7.5076918511e-04  -6.4443404723e-03  1.0946173371e-02  1.4502179540e-01  1.0837829060e-02  9.0221353126e-02  8.4285874569e-03  5.9432158989e-02  7.2654645792e-03  6.7882232898e-02  1.2077497426e-02  1.6851615873e-02  1.3336827766e-02  
2.1982746124e+00  3.3937025663e-02  6.1117269990e-04  -1.2802597416e-02  9.6156365666e-03  1.3198806612e-01  1.1417008757e-02  8.8697487511e-02  8.7411620308e-03  7.1599966629e-02  9.8836639243e-03  5.6537974877e-02  1.1405793651e-02  3.0510031846e-03  1.7269267463e-02  
2.2977688313e+00  2.6383057346e-02  5.0508350752e-04  4.1691569962e-03  1.3660968847e-02  1.3628114517e-01  1.2484484463e-02  8.6320908575e-02  1.0008595787e-02  5.1325734999e-02  9.4533508681e-03  4.7716903173e-02  1.1892220940e-02  3.1425540069e-02  1.8232438038e-02  
2.3985588551e+00  2.1193197745e-02  4.8508923654e-04  -1.1100265336e-02  1.2556436068e-02  1.2653774522e-01  1.3988527928e-02  9.0379182661e-02  1.0252286570e-02  6.8836423582e-02  1.1569854154e-02  8.5217732620e-02  1.4153083472e-02  3.4674713829e-02  1.9335914518e-02  
2.4982845783e+00  1.6711964496e-02  3.7787105912e-04  -1.3060231751e-02  1.5090863868e-02  1.3478296171e-01  1.4079280541e-02  8.8805532455e-02  1.1411216687e-02  6.7117342644e-02  1.2750871936e-02  4.8082482166e-02  1.6080460788e-02  2.0455951218e-02  2.0578026233e-02  
2.5980765820e+00  1.3596071413e-02  3.5780618714e-04  -1.0381773381e-02  1.3662043020e-02  1.1613500979e-01  1.3278562120e-02  8.8068333403e-02  1.3570558317e-02  6.5569289168e-02  1.4046845547e-02  6.6467776542e-02  1.7131582382e-02  3.2661016096e-02  2.2838626813e-02  
2.6985507011e+00  1.0867813601e-02  2.7543854918e-04  -7.8493382013e-03  1.5480577251e-02  1.1649305328e-01  1.4760931716e-02  9.0771506309e-02  1.3936692017e-02  4.8546476232e-02  1.4013193021e-02  4.3677307499e-02  1.9090371333e-02  -2.5700857806e-02  2.5756434433e-02  
2.7990207672e+00  8.8074246244e-03  2.5725038186e-04  -1.6019809517e-02  1.9510564621e-02  1.1093961208e-01  1.6553651230e-02  1.0476454081e-01  1.6636234511e-02  8.1274486798e-02  1.6070187562e-02  7.0786392300e-02  1.5893217245e-02  3.7070296102e-02  2.6537561833e-02  
2.8988444805e+00  7.5436298719e-03  2.1039123628e-04  -3.0137639944e-02  1.6009242352e-02  1.2638782545e-01  1.7106100909e-02  1.0264540774e-01  1.7397263644e-02  6.7212850454e-02  1.6484464268e-02  6.8307261997e-02  2.2015203068e-02  4.2270198060e-02  3.0669716388e-02  
2.9987940788e+00  6.1648874830e-03  1.8612472335e-04  1.0253623984e-02  2.1230799593e-02  1.0629224503e-01  1.9210809140e-02  1.1456661715e-01  1.6302837410e-02  7.3194954985e-02  1.9841227996e-02  5.2493610614e-02  2.3905029878e-02  2.1375620016e-02  3.6136648918e-02  
3.0993814468e+00  5.3015504849e-03  1.7641248109e-04  -2.8811000058e-02  2.1220821195e-02  1.2775503219e-01  1.8841716176e-02  9.4595347565e-02  1.9282670459e-02  6.1238077862e-02  2.0441102143e-02  5.4260490182e-02  2.6137656203e-02  2.8890965509e-02  3.3019742526e-02  
3.1991784573e+00  4.4390043348e-03  1.5659610476e-04  -2.4085772099e-02  2.2556896067e-02  9.7539676809e-02  2.1487034929e-02  9.4894549215e-02  2.0837159459e-02  5.9640992598e-02  1.9780192985e-02  9.7734618759e-02  2.5339281480e-02  3.8716467456e-02  3.4263025155e-02  
3.2983074188e+00  3.9597186891e-03  1.4887937405e-04  -3.2561154816e-02  2.2450295800e-02  1.0697469516e-01  1.9834454874e-02  9.2833976060e-02  1.9333733245e-02  7.4774643716e-02  2.0370095775e-02  7.1738251243e-02  2.8662071206e-02  1.1179347015e-01  3.6611515294e-02  
3.3981282711e+00  3.3824518034e-03  1.1456933256e-04  -3.6305170563e-02  2.1041786961e-02  1.1565773722e-01  2.0990656531e-02  8.8319002814e-02  1.9506019291e-02  6.9513200466e-02  2.0647852854e-02  2.7267561237e-02  2.8880128437e-02  3.8032794976e-02  4.1563103515e-02  
3.4993689060e+00  2.9874149625e-03  1.2209708851e-04  -2.1499313479e-02  2.5110255195e-02  9.0870249889e-02  2.3254654732e-02  9.4960399822e-02  2.3391349741e-02  7.4156531472e-02  1.9850913301e-02  9.9833978269e-02  3.0579483275e-02  2.5345376084e-02  4.0548302083e-02  
3.5984671116e+00  2.5516970667e-03  1.0022883244e-04  -6.5918515550e-03  2.7193633932e-02  1.4473647886e-01  2.5356473044e-02  8.4297172711e-02  2.0453863073e-02  4.4682335745e-02  2.7974360968e-02  8.4598633666e-02  3.3000169456e-02  -5.9014487757e-02  5.5977373961e-02  
3.6987407207e+00  2.5135408737e-03  1.0218120327e-04  -2.0303525774e-02  2.5416240391e-02  9.7342730735e-02  2.3350522156e-02  1.2509152058e-01  2.3028422492e-02  5.6651294961e-02  2.5159697829e-02  1.0983228806e-02  3.3630826498e-02  1.7433198203e-01  4.9548293129e-02  
3.7995507717e+00  1.9877452500e-03  7.9761167182e-05  -2.0248484175e-02  2.6634568714e-02  8.0264454263e-02  2.7866748981e-02  1.0870908170e-01  2.6216485908e-02  8.9738765519e-02  2.9897233222e-02  6.2307513038e-02  3.6271380737e-02  8.9463571254e-02  5.1359228345e-02  
3.8980917931e+00  1.7309831572e-03  7.6894040982e-05  -5.9086368128e-03  2.5833668964e-02  1.1161600273e-01  2.8955072965e-02  1.1525617272e-01  2.3700367433e-02  5.3349744306e-02  2.6825199199e-02  8.6023316910e-02  3.6370378805e-02  8.8747730991e-02  5.4372877983e-02  
3.9990053177e+00  1.5734127851e-03  7.1243909832e-05  -1.4469113186e-02  2.7853943922e-02  6.2878010203e-02  2.7528786714e-02  1.3328399682e-01  3.4050861815e-02  5.3528310588e-02  2.8367184867e-02  1.1415441574e-01  4.0439852955e-02  4.2355159720e-02  4.6153223299e-02  
