#pT  dN/(2pi dy pT dpT)  dN/(2pi dy pT dpT)_err  vn{SP}  vn{SP}_err
1.0844976455e-01  1.1708310888e+00  1.2547045957e-02  4.5357485681e-04  5.2183650369e-03  6.5371472926e-04  5.1415838444e-03  2.1216400045e-03  5.7076747256e-03  -2.1814771540e-04  5.6520563425e-03  -1.4806195401e-02  6.0179653877e-03  -1.3653681113e-02  1.1472637619e-02  
2.0433500409e-01  1.2133420211e+00  1.1596964757e-02  2.0070508572e-03  4.0971228034e-03  -4.2244881415e-03  3.6680474163e-03  -5.8712301227e-03  3.4737211938e-03  -6.8925087597e-05  3.9762892107e-03  2.6690763845e-03  5.2534909563e-03  1.0741606007e-03  8.2852554649e-03  
3.0244538188e-01  1.1839976871e+00  9.8926165291e-03  8.2497348273e-03  3.1763183339e-03  6.0978933714e-03  3.5956694356e-03  -4.6973019828e-03  3.0163604986e-03  4.9680291867e-03  3.7892867398e-03  -4.7081249706e-03  4.5306635230e-03  -1.0620661072e-03  6.9813884428e-03  
4.0142896771e-01  1.1272275795e+00  9.1328942552e-03  2.8664571236e-03  3.3705874710e-03  1.2466948040e-02  2.6236878883e-03  1.8436518827e-03  2.7317434822e-03  5.7909943657e-03  3.1914932673e-03  5.2177316201e-03  3.7543713255e-03  3.8790386678e-03  5.6933007047e-03  
5.0109267235e-01  1.0551933284e+00  8.8946914100e-03  6.5648055550e-03  2.8782422685e-03  1.5232341893e-02  2.7382051161e-03  2.2028988622e-04  2.5302134236e-03  4.9875463821e-03  2.7469860093e-03  4.6687682194e-03  3.6824892026e-03  -1.9927376358e-03  4.7975812949e-03  
6.0065680742e-01  9.7577765740e-01  7.9642600867e-03  1.1058549103e-02  3.3583973933e-03  2.4851635779e-02  2.6813864504e-03  3.4755283968e-03  2.2392948521e-03  4.6140668791e-03  2.6279115792e-03  3.1104023602e-04  3.3594242688e-03  3.5762662046e-03  5.4889229256e-03  
7.0024514198e-01  8.7329203099e-01  7.3107150716e-03  1.4334147039e-02  3.3565417858e-03  2.8499416688e-02  2.6362081265e-03  5.0627309160e-03  2.5248864935e-03  3.1651383466e-03  2.2550106872e-03  5.0893307755e-03  2.9062880250e-03  -3.3151538132e-05  5.2456871097e-03  
8.0015009642e-01  7.7752508494e-01  6.4718446274e-03  1.4469269291e-02  3.7357777962e-03  4.1329518079e-02  2.7765526135e-03  1.1947736654e-02  2.1900392062e-03  7.7942994672e-04  2.5497031357e-03  -3.5557561599e-04  2.8708715586e-03  -4.7327202500e-03  4.6784127832e-03  
8.9968633652e-01  6.7335939980e-01  5.6740163863e-03  1.5625129558e-02  3.2594084779e-03  4.8817757946e-02  2.8614178707e-03  1.2539135046e-02  2.4516208420e-03  7.2708954278e-03  2.1995211058e-03  -4.2798543346e-03  3.1829054651e-03  -3.6159553307e-03  5.4506034316e-03  
9.9947947264e-01  5.7228879917e-01  4.7315635092e-03  1.3453087367e-02  3.2683054412e-03  6.4114851513e-02  3.4574252060e-03  1.7759824952e-02  2.5641908177e-03  8.6084580018e-03  2.4287185290e-03  5.3961065165e-03  3.2454333095e-03  1.7810859519e-03  5.4262376106e-03  
1.0993809700e+00  4.8150451147e-01  3.9613897091e-03  1.3267494046e-02  3.9351172110e-03  6.7153215378e-02  3.7299479500e-03  2.6272103895e-02  3.3745775519e-03  7.8218988046e-03  2.9594116873e-03  -1.8270343724e-03  3.3208748559e-03  -1.6274502712e-03  5.7307952280e-03  
1.1991698742e+00  4.0173908574e-01  3.4412210282e-03  1.2437898727e-02  3.6665195375e-03  8.8351993146e-02  4.2318481157e-03  3.0954866338e-02  3.1626555854e-03  1.3153515411e-02  3.0297790142e-03  -3.2618245587e-03  3.5694615105e-03  -6.8951804591e-03  5.9170975446e-03  
1.2989367247e+00  3.2877327941e-01  3.0339393013e-03  1.2002206569e-02  3.3575890820e-03  9.4255055735e-02  4.4707289380e-03  3.6640194537e-02  3.5106313375e-03  1.9232728263e-02  3.3222933542e-03  8.3393507674e-03  3.8625170204e-03  -7.8807941312e-03  6.0729395936e-03  
1.3985818624e+00  2.6346621742e-01  2.4201410314e-03  1.3634211330e-02  3.8526125411e-03  1.0436872477e-01  4.5784669613e-03  4.4694410127e-02  3.5678798787e-03  2.1094899175e-02  3.3400598169e-03  1.2213962748e-03  4.3967910448e-03  -5.4418981908e-03  6.8268531653e-03  
1.4987523556e+00  2.1166859655e-01  2.0661051554e-03  1.1347083984e-02  3.9699790811e-03  1.1550619670e-01  5.0762423326e-03  5.1428440061e-02  3.7415864943e-03  3.6800509091e-02  4.3482050024e-03  1.2415052261e-02  4.7311751487e-03  7.8678574919e-03  7.1078210762e-03  
1.5986689329e+00  1.6888187835e-01  1.5688614510e-03  7.4253598000e-03  4.2963775954e-03  1.3575455555e-01  5.7988949528e-03  5.7662500634e-02  4.7162183666e-03  3.1615498836e-02  4.3584480236e-03  1.3717257982e-02  5.1053331868e-03  1.7396894690e-02  8.5721804088e-03  
1.6985119581e+00  1.3285986196e-01  1.3619058394e-03  1.9927541802e-02  5.7747236585e-03  1.3147567658e-01  6.5106886985e-03  5.5928778507e-02  4.0761514267e-03  3.4071482757e-02  4.2696563705e-03  6.3540463686e-03  6.1624810581e-03  5.6675021233e-03  8.7569069357e-03  
1.7982509136e+00  1.0335914968e-01  1.1107637264e-03  1.0968238477e-02  6.4288691291e-03  1.4043522718e-01  6.4551764372e-03  7.6142964341e-02  5.5131287272e-03  4.1557343236e-02  4.5949167170e-03  1.7868798711e-02  6.5273127213e-03  1.2009187793e-02  1.0475191787e-02  
1.8981801271e+00  8.1737618561e-02  9.4923087851e-04  6.9996037269e-03  6.4720458806e-03  1.5081747501e-01  7.4201833893e-03  8.0924710787e-02  5.7679692491e-03  5.0092264160e-02  5.2131207928e-03  2.0391829279e-02  7.1158887604e-03  -6.7238954471e-03  9.4701232156e-03  
1.9980186224e+00  6.4104585786e-02  8.1152761367e-04  1.4845097157e-02  7.7135847205e-03  1.5024770611e-01  8.7011323451e-03  8.1451369710e-02  5.9723527839e-03  6.0959124796e-02  6.9604316629e-03  1.6617932309e-02  8.0762400375e-03  4.1050601486e-04  1.1238759057e-02  
2.0982956886e+00  5.0153070457e-02  6.7318592778e-04  4.4617520510e-03  7.3881904385e-03  1.4534322184e-01  7.9026035429e-03  9.2226242494e-02  7.3312877241e-03  6.5051841010e-02  7.9393831201e-03  4.1381490608e-02  9.6558827937e-03  1.6780274917e-02  1.3863363821e-02  
2.1987740993e+00  3.9832402115e-02  5.6593745704e-04  1.0181453711e-02  1.0253367246e-02  1.5737424426e-01  9.1127928260e-03  8.4461785943e-02  7.7469561717e-03  5.7164344491e-02  8.1183718761e-03  4.4925740747e-02  1.0090467643e-02  1.5338892037e-02  1.2555389227e-02  
2.2984490395e+00  3.1989855653e-02  5.1041835441e-04  -1.5398689392e-02  1.0825864349e-02  1.4495998792e-01  1.0444560026e-02  9.7456758449e-02  8.5318554731e-03  7.5480977582e-02  7.9459371425e-03  3.8151669510e-02  1.2382090163e-02  4.0753020159e-02  1.5751245254e-02  
2.3984074593e+00  2.5121054473e-02  4.1679105140e-04  -7.5123771224e-03  1.0305085521e-02  1.6195658593e-01  1.1167405667e-02  8.9628339601e-02  9.1163770492e-03  7.3989898797e-02  8.6881855092e-03  5.3208332705e-02  9.6162396826e-03  -1.1873733301e-02  1.6369514268e-02  
2.4982035160e+00  2.0596783747e-02  3.7122798635e-04  -8.7384728574e-03  1.2284272621e-02  1.6270712636e-01  1.0938205928e-02  9.7061410395e-02  9.4358000550e-03  9.0561684788e-02  9.5523953819e-03  6.1862197472e-02  1.2965714158e-02  2.0606315544e-02  2.0339039462e-02  
2.5986139774e+00  1.6718072797e-02  3.5973174055e-04  -1.2164946639e-02  1.3095329017e-02  1.7526273926e-01  1.3919646609e-02  1.0400114014e-01  1.1084507400e-02  6.6717062026e-02  1.2889540151e-02  5.1710886409e-02  1.5691811258e-02  1.3523763249e-02  2.2428857664e-02  
2.6986918449e+00  1.3542392576e-02  3.1343640917e-04  -2.2852805411e-02  1.2278617290e-02  1.4351951185e-01  1.2678252628e-02  9.4578634537e-02  1.0714595529e-02  9.2804323777e-02  1.2256085905e-02  6.7322290929e-02  1.6211155516e-02  9.7568609201e-03  1.8623560400e-02  
2.7989583015e+00  1.1366704822e-02  2.7676662247e-04  -2.6117325878e-02  1.6484419643e-02  1.5961909459e-01  1.4602902517e-02  1.0881746133e-01  1.2080736941e-02  9.2508148797e-02  1.2827687888e-02  5.2369755444e-02  1.6036741906e-02  3.1842947227e-02  2.3590825817e-02  
2.8987708092e+00  9.9351028053e-03  2.5095319456e-04  -3.5418917865e-03  1.5877275158e-02  1.4209213583e-01  1.3992096711e-02  1.1923824641e-01  1.1839641371e-02  8.8443418519e-02  1.3398141587e-02  3.6696325913e-02  1.5744155998e-02  4.0970194854e-02  2.7562780865e-02  
2.9995512962e+00  8.3368174148e-03  2.2185195196e-04  -4.6243701578e-03  1.7175872772e-02  1.3248852517e-01  1.5934574235e-02  1.2110127250e-01  1.3811693255e-02  5.9223991065e-02  1.4818221982e-02  6.5524841830e-02  1.7566657477e-02  1.0562330244e-02  2.1868049933e-02  
3.0990171432e+00  7.0923857747e-03  2.0541963492e-04  -3.5069481305e-02  1.8384025552e-02  1.4374452784e-01  1.8566887056e-02  1.2306156236e-01  1.4439941829e-02  7.6723324580e-02  1.3359314220e-02  5.2346129890e-02  1.7699443436e-02  2.7661104297e-02  3.1683895287e-02  
3.1996910572e+00  6.4082390663e-03  1.7964950771e-04  -4.0652111392e-02  1.9851358762e-02  1.1593022965e-01  1.8404698785e-02  9.4721628875e-02  1.5699203699e-02  6.9049958148e-02  1.7197724967e-02  1.0825832464e-01  2.1520855524e-02  -1.2054541415e-03  2.9204740529e-02  
3.2991626263e+00  5.6068625358e-03  1.7942883057e-04  -4.0114532300e-02  1.8668214232e-02  1.1635745302e-01  1.9446571959e-02  1.1059243738e-01  1.6282121918e-02  6.5881100727e-02  1.8144813641e-02  6.7387506788e-02  1.7102814482e-02  3.6677972933e-02  3.0031452098e-02  
3.3987770081e+00  4.8991028088e-03  1.5214774412e-04  -3.2439515689e-02  1.8383097522e-02  1.1536044502e-01  2.0331470847e-02  1.0203721058e-01  1.8187783715e-02  5.1426363507e-02  1.7091980747e-02  8.5956836586e-02  2.2093585509e-02  1.6618913388e-02  3.3874292074e-02  
3.4994304180e+00  4.4025969180e-03  1.5736603763e-04  -3.8724528669e-03  1.8832673714e-02  1.2380026799e-01  2.2890082732e-02  1.1054420844e-01  1.6790193399e-02  1.1408618535e-01  1.9579769642e-02  1.2711100783e-01  2.5527532710e-02  3.6419501843e-02  3.6041033807e-02  
3.5985372066e+00  3.7559878259e-03  1.2124433995e-04  -5.1637739779e-03  2.1262488062e-02  9.2839374389e-02  2.0848484552e-02  6.7511885764e-02  1.7588277090e-02  8.7461483627e-02  1.6718468393e-02  5.8676762482e-02  2.6033354191e-02  -1.2753170143e-02  3.5369616056e-02  
3.6988968849e+00  3.2941422607e-03  1.1239959124e-04  -1.9245788440e-02  2.1002280672e-02  1.0827784549e-01  1.9804372883e-02  9.5641798482e-02  1.8340986900e-02  7.2302687280e-02  2.1357797479e-02  4.9816476431e-02  2.6245956895e-02  1.4749410436e-02  3.5077936342e-02  
3.7973239422e+00  2.9111849597e-03  1.0043609955e-04  -2.3758536652e-02  2.3926661906e-02  1.3221458227e-01  2.2308709280e-02  9.2885436698e-02  1.9538382687e-02  6.4916494621e-02  2.1198529713e-02  4.5386848704e-02  3.1222595221e-02  7.1179629384e-02  4.0371468823e-02  
3.8985507488e+00  2.5470811702e-03  9.1064614588e-05  -3.0028868664e-02  2.3278215321e-02  1.3357177263e-01  2.3789598762e-02  1.1418017601e-01  2.0896652619e-02  1.1398061073e-01  2.3873055309e-02  7.8643928864e-02  3.0471108402e-02  7.3176628046e-02  3.9331464299e-02  
3.9989354610e+00  2.3048113779e-03  8.2883076667e-05  -2.9655911275e-02  2.5509303739e-02  1.3218217659e-01  2.0613733555e-02  1.0773034190e-01  1.9763800409e-02  5.7667120127e-02  2.1934610233e-02  9.1043246969e-02  3.2425069231e-02  9.9374313896e-02  5.7295480169e-02  
