#eta  rn(eta)  rn_err(eta)  rnn(eta)  rnn_err(eta)
-7.0018615723e+00  0.0000000000e+00  0.0000000000e+00  0.0000000000e+00  0.0000000000e+00  0.0000000000e+00  0.0000000000e+00  0.0000000000e+00  0.0000000000e+00  0.0000000000e+00  0.0000000000e+00  0.0000000000e+00  0.0000000000e+00  0.0000000000e+00  0.0000000000e+00  0.0000000000e+00  0.0000000000e+00  0.0000000000e+00  0.0000000000e+00  0.0000000000e+00  0.0000000000e+00  0.0000000000e+00  0.0000000000e+00  0.0000000000e+00  0.0000000000e+00  
-6.8969397545e+00  0.0000000000e+00  0.0000000000e+00  0.0000000000e+00  0.0000000000e+00  0.0000000000e+00  0.0000000000e+00  0.0000000000e+00  0.0000000000e+00  0.0000000000e+00  0.0000000000e+00  0.0000000000e+00  0.0000000000e+00  0.0000000000e+00  0.0000000000e+00  0.0000000000e+00  0.0000000000e+00  0.0000000000e+00  0.0000000000e+00  0.0000000000e+00  0.0000000000e+00  0.0000000000e+00  0.0000000000e+00  0.0000000000e+00  0.0000000000e+00  
-6.7948131561e+00  0.0000000000e+00  0.0000000000e+00  0.0000000000e+00  0.0000000000e+00  0.0000000000e+00  0.0000000000e+00  0.0000000000e+00  0.0000000000e+00  0.0000000000e+00  0.0000000000e+00  0.0000000000e+00  0.0000000000e+00  0.0000000000e+00  0.0000000000e+00  0.0000000000e+00  0.0000000000e+00  0.0000000000e+00  0.0000000000e+00  0.0000000000e+00  0.0000000000e+00  0.0000000000e+00  0.0000000000e+00  0.0000000000e+00  0.0000000000e+00  
-6.6949253082e+00  0.0000000000e+00  0.0000000000e+00  0.0000000000e+00  0.0000000000e+00  0.0000000000e+00  0.0000000000e+00  0.0000000000e+00  0.0000000000e+00  0.0000000000e+00  0.0000000000e+00  0.0000000000e+00  0.0000000000e+00  0.0000000000e+00  0.0000000000e+00  0.0000000000e+00  0.0000000000e+00  0.0000000000e+00  0.0000000000e+00  0.0000000000e+00  0.0000000000e+00  0.0000000000e+00  0.0000000000e+00  0.0000000000e+00  0.0000000000e+00  
-6.5936808586e+00  0.0000000000e+00  0.0000000000e+00  0.0000000000e+00  0.0000000000e+00  0.0000000000e+00  0.0000000000e+00  0.0000000000e+00  0.0000000000e+00  0.0000000000e+00  0.0000000000e+00  0.0000000000e+00  0.0000000000e+00  0.0000000000e+00  0.0000000000e+00  0.0000000000e+00  0.0000000000e+00  0.0000000000e+00  0.0000000000e+00  0.0000000000e+00  0.0000000000e+00  0.0000000000e+00  0.0000000000e+00  0.0000000000e+00  0.0000000000e+00  
-6.4917511940e+00  -1.2452086559e-01  1.6741100237e-01  -1.6146853237e+00  1.6146853237e+00  6.3936119946e-01  3.0697901157e+00  -7.0663793097e-01  7.0663793097e-01  -2.2523982475e+01  7.4188974604e+01  8.8603734965e-01  8.8603734965e-01  2.0477622329e-02  2.5624412189e-02  4.1066815833e-01  4.1066815833e-01  -5.0239021336e+00  2.1544596442e+02  -1.0219576896e+00  1.0219576896e+00  -9.8466334097e-01  1.3212398291e+01  -3.0759186654e-02  3.0759186654e-02  
-6.3937911987e+00  0.0000000000e+00  0.0000000000e+00  0.0000000000e+00  0.0000000000e+00  0.0000000000e+00  0.0000000000e+00  0.0000000000e+00  0.0000000000e+00  0.0000000000e+00  0.0000000000e+00  0.0000000000e+00  0.0000000000e+00  0.0000000000e+00  0.0000000000e+00  0.0000000000e+00  0.0000000000e+00  0.0000000000e+00  0.0000000000e+00  0.0000000000e+00  0.0000000000e+00  0.0000000000e+00  0.0000000000e+00  0.0000000000e+00  0.0000000000e+00  
-6.2903304100e+00  3.6199464759e+00  2.3653809846e+02  0.0000000000e+00  0.0000000000e+00  1.0307034375e-01  1.1414665073e-01  0.0000000000e+00  0.0000000000e+00  1.8326203863e-01  6.0838360277e-01  0.0000000000e+00  0.0000000000e+00  5.2251510863e-01  9.0255647957e+00  0.0000000000e+00  0.0000000000e+00  -5.6372830266e-02  8.3867025875e-02  0.0000000000e+00  0.0000000000e+00  -6.6840806768e-01  1.0927584603e+01  0.0000000000e+00  0.0000000000e+00  
-6.1868309975e+00  0.0000000000e+00  0.0000000000e+00  0.0000000000e+00  0.0000000000e+00  0.0000000000e+00  0.0000000000e+00  0.0000000000e+00  0.0000000000e+00  0.0000000000e+00  0.0000000000e+00  0.0000000000e+00  0.0000000000e+00  0.0000000000e+00  0.0000000000e+00  0.0000000000e+00  0.0000000000e+00  0.0000000000e+00  0.0000000000e+00  0.0000000000e+00  0.0000000000e+00  0.0000000000e+00  0.0000000000e+00  0.0000000000e+00  0.0000000000e+00  
-6.0866055489e+00  3.1588849163e-01  6.3528917414e-01  3.3440936960e-01  3.3440936960e-01  -8.9805549310e-02  1.2008873253e-01  1.3789454827e-01  1.3789454827e-01  8.4876194844e-02  1.6920215579e-01  8.0918879866e-01  8.0918879866e-01  4.4531939397e-01  4.8842704662e+00  2.3314125506e+00  2.3314125506e+00  -2.4241502641e-02  5.0242542775e-02  -2.0489560972e+00  2.0489560972e+00  6.3026884608e-01  7.0317027652e+00  -4.4493051811e-01  4.4493051811e-01  
-5.9829659462e+00  -9.0026075139e-01  2.1798292042e+01  0.0000000000e+00  0.0000000000e+00  4.8549781403e-02  5.1106263159e-02  0.0000000000e+00  0.0000000000e+00  -9.5386425663e-03  1.1677112860e-02  0.0000000000e+00  0.0000000000e+00  2.4256427095e-01  2.1337878545e+00  0.0000000000e+00  0.0000000000e+00  -1.0788158224e-02  1.3397250295e+00  0.0000000000e+00  0.0000000000e+00  -7.0472996549e-02  8.2262571214e-01  0.0000000000e+00  0.0000000000e+00  
-5.8833527565e+00  -1.6288874903e-01  3.2916777817e-01  -2.5248506683e+00  1.0582522497e+02  1.5640413035e-01  1.1595279079e+00  -2.1978917334e+00  1.7373756321e+01  -2.5058585608e-01  4.3190220928e+00  -9.9073924783e-01  2.7510157933e+00  2.7779445703e-02  1.0094238756e-01  -1.1527255669e+00  8.2006258668e-01  -1.7213582500e-01  2.1897176860e-01  -7.3723140654e+00  7.0915060838e+00  -3.7655380458e-01  3.5359567840e+00  5.8945701772e-01  2.7400993953e+00  
-5.7772979736e+00  0.0000000000e+00  0.0000000000e+00  0.0000000000e+00  0.0000000000e+00  0.0000000000e+00  0.0000000000e+00  0.0000000000e+00  0.0000000000e+00  0.0000000000e+00  0.0000000000e+00  0.0000000000e+00  0.0000000000e+00  0.0000000000e+00  0.0000000000e+00  0.0000000000e+00  0.0000000000e+00  0.0000000000e+00  0.0000000000e+00  0.0000000000e+00  0.0000000000e+00  0.0000000000e+00  0.0000000000e+00  0.0000000000e+00  0.0000000000e+00  
-5.6764464378e+00  4.8952797183e-02  7.9735718846e+01  -1.2208571953e+00  9.9027774739e-01  1.2679109038e+00  1.2335198022e+01  -1.7921741304e-01  1.9820645010e+00  2.2367749108e-02  1.0061365429e-01  7.2909552615e-01  5.3777660223e-01  -9.4714935153e-04  3.1490495629e-02  3.2469170362e+01  4.5776772259e+01  -4.5647445738e-02  1.1278178082e-01  -2.6182680515e-01  7.4460801646e-01  -7.3251591906e-03  7.7751379998e-02  -2.5260782555e-01  8.6364151009e-01  
-5.5714230537e+00  -1.6272588053e-01  6.4489634953e-01  -1.4760257178e-01  2.3705402907e-01  1.2809532684e-01  1.1369259652e+01  -8.9857031843e-02  2.1758420201e+00  8.5968277359e-01  4.0747238073e+00  -6.6516559945e-01  2.7064105648e-01  -7.1231687051e-01  2.5661524566e+01  1.0760469582e+00  1.8417423645e+00  2.3572376521e-01  5.2466741305e-01  -4.8022861904e+00  4.2391776036e+00  2.5601316636e-01  3.5120367617e+00  9.3153122714e-01  7.0963289155e-02  
-5.4668903351e+00  -1.1340171578e-02  5.1491033937e-02  -1.0565166387e-01  6.5499423626e-01  -9.5421616167e-02  4.5659271469e-01  1.1999261158e-01  1.1667665746e+00  1.2966222681e-01  1.2206876584e-01  -1.1932750055e+01  1.9671249853e+01  1.1733051729e-01  1.3040289167e+00  -1.1613137744e+00  7.2946115768e-01  1.2319849657e-01  3.8862279196e-01  -8.4977797461e-01  4.3743957622e-02  -3.0011178980e-01  3.7847410921e+01  -2.5682019435e+02  4.5072957922e+02  
-5.3644299507e+00  -1.7969062240e-01  3.5730878150e-01  1.0039352142e+00  2.0005192573e-01  -1.5737906094e+00  4.3985267973e+01  -2.9732265541e-01  1.2880964264e+01  3.4130472469e-02  1.3852593341e-01  -6.6965645287e-01  1.7494321678e+00  -5.2900881434e-02  1.7513383618e-01  6.7077610118e-01  8.7496397461e-01  1.2438325689e+01  5.7634476601e+02  -3.2315851257e+00  6.2248844732e+00  2.4453499497e-01  2.1906119559e+00  -1.3674292252e+00  2.3386409659e+00  
-5.2612843513e+00  2.2673370934e-01  4.2364118347e-01  6.0376711993e-01  9.5980587682e-01  4.2166340589e-02  9.7315656152e-02  -9.1094329833e-01  7.5404086115e-01  2.1808679452e-02  3.6952215616e-02  -1.4109991735e+00  4.1654094200e+00  -1.8082547290e-01  4.0918284366e-01  -1.0045796584e+01  3.1074955124e+01  -9.5914956965e-02  2.5597913737e-01  -1.8607359732e+00  1.1389399727e+01  -1.2681836257e-02  8.1473256822e-02  1.9326173028e-01  9.8143094472e-01  
-5.1585097313e+00  5.9118372529e-01  5.3127795601e+00  -3.8305958485e-01  3.8909551281e-01  6.0672393389e-02  1.1515731587e-01  -2.1550343554e-01  3.1062596955e+00  -6.3407202827e-01  1.1970158868e+01  -1.7499956351e-01  7.8726649487e-01  -6.2181858203e-01  1.3026030776e+00  3.7566525057e+00  6.4332335281e+00  1.9455344988e+00  2.2197708561e+01  -6.2494150937e-01  1.7886373843e+01  5.5346883761e-01  3.8475069822e+00  2.2435269561e-01  6.7681175345e-01  
-5.0575814247e+00  3.7700909570e-02  2.4602120248e+00  8.0706963174e-01  1.6146002181e+00  -2.7808904712e-01  1.7982107948e+00  1.7637425035e+00  5.9142033470e+00  6.6684666329e-01  3.2587307244e+01  1.0805689298e+00  1.8981508129e+00  -2.0166357738e-01  1.2759422271e-01  -6.3993165994e-01  6.5227616071e-01  1.4605942272e+00  1.3261198784e+02  -4.6079292891e-01  7.2415525667e-01  3.0997339396e-01  2.5843573860e-01  -3.6468054942e-01  2.6389768298e-01  
-4.9520888329e+00  1.1802313952e+00  1.2657793953e+01  -1.1424558421e+00  2.7838840584e+00  1.8280693518e-01  2.5631910065e-01  -3.5764573237e-01  9.1569222423e-01  -8.3869052521e-01  1.5986764533e+00  1.7822425744e+00  4.4848178992e+00  -1.1315670317e-01  2.9878727305e-01  1.5228277212e+00  1.7153391558e+00  -1.4831514526e+00  3.9566404470e+01  -4.4123416066e-01  1.2913658004e+00  7.7791741141e-02  5.6810889589e-01  -7.0046214505e-01  5.1137066662e-01  
-4.8561306000e+00  -1.7944700169e+00  7.5954229408e+01  7.0043215391e-01  5.3646618151e-01  -8.9407082946e-01  1.7672404709e+01  -8.3606433766e-01  5.6221154440e-01  1.2065928290e-01  1.8322917770e-01  1.4387857335e+00  1.6305228975e+00  3.1460235733e-02  1.4714785675e-01  -9.5743928456e-01  1.1711024570e+00  2.4556675604e+00  4.7778400453e+01  2.0942327835e+00  3.0232173111e+00  7.0009481574e-01  5.9034473327e+00  9.3386209240e-01  1.3842292929e+01  
-4.7530250549e+00  1.6010675180e-01  5.2384666058e-01  1.0356552628e+00  4.0160040101e+01  5.1189028757e-02  1.5098296683e+00  -1.2880432558e+00  4.3859198639e+00  1.1496460628e-01  2.2205257409e-01  -1.2925618542e-01  5.7364430035e+00  7.2642070296e-02  1.7238513826e-01  2.8736853516e-01  1.0681319392e+00  4.6299638196e-01  1.2472397828e+01  1.3687625663e+00  1.3242820548e+01  -1.3408581195e-01  2.5666175625e+01  1.0559696531e+00  9.2153400260e+00  
-4.6528930664e+00  9.1307463033e-02  3.7885767494e-01  4.3068754609e-01  1.5449693390e+00  8.1760819206e-02  1.2747506222e-01  -1.7028633230e-01  9.4161245972e+01  1.3032327071e-01  3.6289725690e-01  6.4488539577e-02  5.9486010391e-01  -3.6801343892e-01  4.9483513049e+00  1.9112252848e+00  2.2554549830e+01  8.6141992769e-02  1.5607373198e-01  -2.6267858795e+00  3.3760488571e+01  -4.4341773161e-01  6.3025252731e+00  1.6994106499e-01  8.9874354815e-01  
-4.5506310463e+00  -3.6015712635e-01  1.1527661959e+01  1.5623059253e+00  3.8110249151e+00  -5.3610308572e-02  2.0906246865e-01  -1.6749232446e+00  2.3803585689e+00  6.0942608583e-02  3.8973034397e-01  -1.1454371038e+00  3.2142208146e+00  1.8756936745e-01  4.2219005374e-01  -2.7837795088e+00  6.0671942810e+00  -4.5502158526e-01  7.2883450441e-01  7.1190607109e-01  2.0845844443e+00  -2.2999426095e-02  1.3950220792e-01  1.2179052809e+00  1.5448322537e+00  
-4.4531493187e+00  1.1103389980e-01  2.0243846740e+00  -3.2810664541e+00  1.7912680827e+01  8.0484709005e-02  9.6113849534e-02  -1.1724020493e+01  1.1088310153e+02  -6.3194383486e-01  4.6930020054e-01  2.4204319600e-01  4.9928367027e-01  8.1262024376e-02  2.1764576366e-01  -1.3971870804e+01  1.8732909336e+02  6.5440686720e-03  6.4074574618e-01  7.8095520323e+00  5.0421646972e+01  -2.9059688048e-01  3.6392551646e-01  -1.9839132662e-01  3.4654255186e-01  
-4.3520483971e+00  4.8574369939e-02  2.3390136401e+00  -2.0782575420e+00  2.8157775099e+01  -1.0250506177e-01  3.2845475843e-01  6.4440953821e+00  2.0667203788e+02  1.3727810654e+00  3.2627703569e+01  1.0937779000e+00  3.7080847209e+00  -3.3901610897e+00  7.7634256601e+01  -1.9099929232e+00  3.0719053767e+00  -3.0661196547e-01  6.8805645024e-01  -8.7036768592e-01  8.6986546633e-01  3.0587018212e-02  3.8496298901e-01  -8.0659134626e-01  5.3082431268e+00  
-4.2533173561e+00  4.5948763379e+00  8.9444104693e+01  4.5034541783e-01  4.3114636607e-01  2.9216663708e-01  1.0457386902e+00  -1.0454460513e-01  3.5929177019e+01  -2.4187827768e-01  5.1465910758e-01  -9.6337731311e-01  4.0569911698e-01  -1.3308111030e+00  1.9638792537e+01  -6.8201312603e-01  5.3479207407e-01  7.9853497948e-02  2.8929845458e-01  1.9746046463e-01  3.4447520932e+00  -8.7535302937e-01  1.1998806278e+00  3.5213232966e-01  4.4522764176e-01  
-4.1513276100e+00  6.2084805254e-01  4.5258238587e+00  -5.6453325211e+00  5.7658593143e+01  8.1472507925e-01  2.6195149490e+00  -9.1141159962e-01  7.0432327261e-01  1.8646846321e-01  2.4493585038e-01  1.8899051573e-01  3.2316977634e+00  4.8876981156e-02  3.2236190661e-01  -3.8904814813e-01  1.9086773763e+00  -4.0501438773e-01  3.3717910438e-01  -5.7531758300e-01  8.8948870232e-01  1.6575184181e-01  9.6044745584e+00  6.4849159336e+00  4.7256137495e+02  
-4.0525550842e+00  2.0164048186e-01  4.9579194215e-01  2.9019185218e+00  1.7182238126e+01  6.9449446911e-02  1.5713880296e-01  1.0651177958e+00  1.2192187921e+00  2.2070997119e-01  2.8851968388e-01  6.4629033339e-01  6.0589744243e+00  -3.2570399090e-01  2.0335866549e+00  -4.0240442626e-01  4.3537749473e-01  -1.6934493680e+00  3.3428886174e+00  2.5366439984e+00  5.8037113455e+00  -1.8265327234e-01  1.1559127128e+01  3.0140029689e+00  2.6214183657e+00  
-3.9509077072e+00  -2.5377256279e-01  6.3475519694e-01  8.4583879674e-01  6.2091946439e-01  -3.2688714222e-01  4.6646671205e-01  3.0815106261e+00  8.3367545872e+01  1.0690102166e+00  7.6908174048e+00  -5.6558671798e-01  3.4339034028e-01  -2.2085608641e+00  2.2913671981e+01  3.2341040153e+00  1.0228568489e+01  -1.5606022411e-01  3.9700184751e-01  -5.9253376869e+00  1.5106737569e+02  -3.0407369190e-02  1.4607509068e-01  -1.6933921326e-01  6.3271713848e-01  
-3.8509924412e+00  -3.0609572276e-02  1.0316952015e+00  1.7709359224e+00  2.5393622812e+00  -2.7347787306e+00  1.8183647198e+02  1.8068750030e+00  4.3867535756e+00  1.7600996139e-01  1.9109449802e-01  -1.0397815252e+01  8.8078585402e+01  2.6442792871e+00  5.9321257636e+01  -4.1870344572e-01  8.3900742464e-01  2.5860102786e+00  1.4672701397e+01  4.8986606389e-01  1.2243418541e+00  -1.4277489424e+00  3.4250315537e+00  3.1872958637e+00  1.1958338762e+01  
-3.7525510788e+00  -2.7387241083e+00  1.3209958777e+02  1.4059294358e+00  6.6129983956e-01  2.3256030845e+01  1.3610778430e+03  -1.1003068892e+00  8.2976154783e-01  5.1590055160e-01  4.0290652825e-01  7.5886883604e-01  4.0327850941e+01  -9.0408032879e-01  4.6716936820e+00  -1.7464523237e+00  2.4331756300e+00  4.4159712358e+00  9.0148696977e+01  2.4827315939e-01  8.3123359948e-01  -6.4723640583e+00  1.6797111180e+02  1.5733187293e+00  2.3485268577e+00  
-3.6500074863e+00  -5.7677006167e-02  1.7889594311e-01  1.2105185642e+00  2.8118417317e+00  -2.2295953172e-01  4.0106469614e-01  6.2558698516e-01  2.0079483763e+00  -9.3263857672e-01  1.1271084229e+00  -2.5957215456e+00  2.4264605935e+01  1.7039489428e+00  3.4389249496e+00  3.7496498821e-01  1.1336717143e+00  4.6084421575e-01  5.0673872766e-01  -1.0983457999e+00  5.2740009754e+00  -8.1159176081e-01  5.1621649298e+00  -1.7806556578e+00  6.3272649128e+00  
-3.5518772602e+00  -1.2631097528e+00  3.9785449765e+00  -1.5415237116e+01  9.7884431015e+02  8.2054833350e+00  2.5563476570e+02  -1.3756228699e+00  6.1494360583e+00  9.3021742917e-01  1.4615992543e+00  -2.5652968195e+01  5.4754308032e+02  7.1331637415e-01  1.3012317672e+00  2.9712095008e-01  5.8266443421e-01  -8.1509747813e+00  2.0120368890e+02  6.8790001516e-02  8.6117591273e-01  -1.5263410556e+00  2.3202335897e+00  2.9545026094e-01  5.8068824945e-01  
-3.4504096508e+00  8.7304942825e-01  1.3659055988e+00  6.0592417316e+00  1.3202117044e+01  -5.1454731651e+00  2.5505059624e+02  7.1616616344e-01  8.1830502461e-01  -3.5009073283e-01  2.5868010219e-01  -3.1122843483e+00  3.6973409076e+01  8.3426995863e-01  1.0045926935e+00  3.8348608367e-01  1.5758200139e+00  -6.3077550540e-01  3.7764131127e+00  -1.6943441502e+00  2.8624168928e+01  -1.1285291959e+00  3.1647918998e+01  -1.5801744168e+01  5.7312693693e+02  
-3.3509418964e+00  2.6237992702e+00  2.8637396948e+01  -7.1944610088e-03  1.2401691115e+00  2.2426821682e+00  3.4348942009e+00  3.8061118421e-01  1.4218260495e+00  3.8614239344e-01  9.7446931916e-01  -5.8177590981e-01  1.7563618440e+01  2.5674455980e+01  1.8147954368e+03  -6.1297563471e+00  4.8763553123e+02  -1.7627638488e+00  3.7022956316e+00  -9.7249082177e-01  1.5546742888e+00  -3.4433669956e+00  4.0553620159e+01  -1.5321295983e+00  3.1079295117e+00  
-3.2509315014e+00  2.7003124607e+00  2.6478511224e+01  -1.6120221717e+01  6.3321052515e+02  6.8368327211e-01  4.1880540471e-01  1.6908193227e+00  4.1760088151e+00  2.5410447911e+00  5.2776754645e+00  8.5631170084e+00  7.4653223417e+01  -4.2919392687e+00  3.3503140531e+01  1.7082647724e+00  1.0435353289e+02  5.5989102512e-01  4.4784899657e-01  -9.8233573098e+00  2.4694528289e+02  -1.3185560005e+00  9.4863180710e+00  -7.4004980482e+00  3.3300869783e+01  
-3.1512787342e+00  -5.7846177669e+01  3.2380439391e+03  1.7671119663e+00  4.0676854759e+00  2.4344906318e+00  7.2692556831e+00  5.5017216431e-01  2.4344483558e+00  -9.2842575940e-01  8.4881600663e-01  1.6090490189e+00  6.1569906285e+00  1.4578243516e+00  2.9679793587e+00  -2.6074691974e-01  3.8841059573e+00  -1.0584711043e+01  2.4101035510e+02  3.2200155940e-01  7.0118592485e+00  -7.7906632419e-01  6.1132088880e-01  1.2346161844e+00  1.3267758553e+00  
-3.0516548157e+00  6.8313680709e-01  7.9496650105e-01  3.6425345683e+00  4.5042003961e+01  8.3482807852e+00  1.6007699286e+02  -8.0237662398e-01  9.9306765866e-01  1.3827961448e+01  2.2340862986e+02  -2.0378942587e+00  5.3671900874e+00  -7.6058086041e+00  3.0357716812e+02  -6.3973626786e-01  5.4282913279e+00  -2.6920848852e+00  3.9728974061e+00  -5.2780399491e+00  9.9851050882e+01  -1.3826923583e+00  1.8025166093e+00  7.0342088988e-01  5.8815529621e+00  
-2.9507672787e+00  2.1189756217e+00  4.3868590054e+00  1.2730013959e+01  4.7802031327e+02  -1.0467845519e+00  1.0285901984e+00  2.3407326577e-01  1.9530298732e+00  4.6611151861e+00  7.2916129646e+01  -8.1608894690e+00  7.4058572588e+02  5.0759929508e-01  3.4401420891e-01  -5.2338734656e-01  7.2988362914e-01  8.4680022124e-01  1.5437538012e+00  -7.6574773383e-02  3.5613915855e-01  -7.2674885188e-01  4.8985204405e-01  -1.4114611827e+00  2.3502120023e+00  
-2.8514926434e+00  5.6946543513e-01  5.2587874913e-01  1.3328009456e+00  1.1775989960e+00  -8.1290981789e-01  7.1595078634e-01  1.1117612018e+00  1.3505336026e+00  -1.0388517199e+00  8.0375020083e-01  3.9664702448e-01  1.0031292827e+00  2.4447389316e+00  4.8251143554e+00  -1.0984537874e+00  4.7406885454e+00  8.2607417072e+00  6.3717815206e+01  -1.8366266052e-01  3.1997993119e+00  2.3813604291e+01  3.5748527047e+03  -8.1365541243e-01  4.7036242693e+00  
-2.7514283657e+00  2.0678357538e+00  1.4670305785e+02  -6.6076259651e-01  9.0388910493e-01  -2.0847678003e+00  2.0955485643e+00  -4.4786636825e-01  9.5761862187e-01  1.9421834596e+00  2.6269793104e+00  -9.0226710838e-01  7.7379225502e-01  2.2356356640e+01  4.1876731585e+02  -2.6272904211e-01  5.7308950494e-01  1.3279817650e+00  1.1621612010e+00  8.3191549715e+00  1.1478314036e+03  9.8887017735e-01  1.0466923412e+00  -1.7730400978e+00  6.4940234378e+01  
-2.6506865025e+00  1.5272079257e+00  1.9540747204e+00  1.1396528818e+00  7.7486857606e-01  -2.3184305768e+00  2.3233465548e+00  -3.0176822758e-01  8.4265874802e-01  -8.2805087382e+00  5.1966232234e+01  -1.5029247815e+00  9.6767771189e-01  1.1340018142e+00  1.4998745107e+00  7.2453255209e-01  8.1362537042e+01  2.9194527583e+00  3.4197527116e+00  2.4319584551e+00  3.4454406937e+00  1.9027353609e+00  1.6863179989e+00  1.3417244762e+00  2.7329376456e+01  
-2.5506584644e+00  1.4835571943e+00  1.6766480034e+00  -4.8622449401e-01  2.4028954119e+00  -8.8056341839e+00  3.6552353605e+02  2.6007487986e-01  1.0406384581e+00  -5.6152911206e+00  3.2491573493e+01  1.9750710871e+00  8.7124484099e+00  6.1841516478e+00  9.2895985950e+02  1.2616501951e+00  2.1779982378e+00  2.6049430592e-01  2.1879028834e-01  -2.0246080639e+01  1.0358233040e+03  1.5841574297e+01  1.9655259955e+03  2.5721460660e+01  3.9618246408e+02  
-2.4501578808e+00  5.7480219684e+00  2.5856841312e+01  1.7808961834e+00  2.1725439719e+00  1.5439552615e+00  1.6605904893e+00  -1.5076250122e+00  8.3330268348e+00  -8.6010103077e-01  1.0073458127e+00  -3.4323401253e-01  1.5829274318e+00  8.5994762782e-01  8.2354522562e-01  -1.5139752636e+00  6.0536580566e+00  -1.9163224020e+00  1.7767582278e+00  7.5413946555e-01  1.4410624245e+00  -2.2701171605e+00  2.8926408395e+00  2.2579440861e+01  4.2184119794e+02  
-2.3496937752e+00  1.8621261571e+00  3.4899263631e+00  5.5523024524e+00  1.8051463138e+01  -2.0665152155e+00  2.1970016608e+00  -4.0698438279e+00  1.5378161101e+01  6.1839030912e-01  1.5560062992e+00  -1.1836090365e+01  2.3591609242e+02  2.7802535559e+00  3.6528972148e+00  -4.8567654270e-01  6.0338730391e-01  2.3798936572e+01  1.6203475082e+03  -1.8182185921e+00  2.5576600240e+00  3.1182968391e+01  1.8176946496e+03  2.4223603298e+00  4.4483745507e+00  
-2.2497689724e+00  1.5393887768e+00  1.9696618032e+00  1.7327606389e-02  7.4078496658e+00  3.2077667720e-01  6.5852428065e-01  -1.4519672226e+00  2.6191308531e+00  -1.2549168531e-01  5.8784709613e-01  -3.9621503448e-01  4.8022501058e-01  5.0019042184e-01  5.7897580035e+00  -1.5687406690e+00  1.7939874824e+00  -1.0336021248e+00  9.3581859257e+00  -2.5321441870e+00  9.3032261752e+00  -1.7309730560e-02  2.3302800073e-01  2.7714581811e-01  1.0668199221e+00  
-2.1499066353e+00  1.4280356103e-01  2.8763074544e+00  3.5377666904e+00  2.1186261722e+01  -1.1534082771e-01  6.0593510066e-01  1.1547633518e+00  5.5887507345e+00  -8.9883969239e-01  2.9335338114e+01  2.2513689697e-01  9.9645100355e-01  -3.9219617256e+00  1.7700448702e+02  9.4541668601e+00  1.1258490856e+02  -5.0194845248e-01  3.0878321792e+00  9.5404011490e-02  1.9552932188e+00  -1.3410431762e+00  1.2839299302e+01  1.9744706229e+00  4.3233506200e+00  
-2.0498073101e+00  5.2438851818e-01  9.8663753690e-01  -2.9709610424e-01  3.4896506034e+00  6.5029817626e-01  1.1390006210e+00  6.5707561770e+00  1.3219050059e+02  -1.4892887896e+00  1.0488954383e+01  -3.1729257237e-01  2.1943954045e+00  -9.4365713408e-01  6.3917800973e-01  1.0550970110e+01  1.7686466582e+02  6.4422195256e-01  1.5125403842e+01  3.7877428674e-01  8.0843303091e-01  3.8304705110e-01  8.5886389693e-01  -1.0631731384e+00  1.8725393779e+00  
-1.9508072138e+00  1.0918179721e-01  5.1094630696e+01  8.9081868190e-01  1.3548382953e+01  -2.1812791769e+02  1.0368484020e+04  -4.5244179401e-01  4.2782951624e-01  -7.9101361095e+01  3.8172783411e+03  8.4729144480e-01  2.0935230780e+00  -5.7931199392e+00  2.3513361985e+02  -5.4574975697e-01  9.9169405377e-01  -1.1561102205e+00  3.0845135156e+00  1.0476638413e+00  8.4687322661e-01  1.6452525475e-01  4.0997249406e-01  -7.9184963085e-01  4.9656205770e-01  
-1.8500453234e+00  -9.0882784616e-01  7.6166084374e-01  -4.7406768257e+00  4.3667375352e+02  6.3698471626e-01  5.7485946235e-01  -1.5857628723e+00  1.3552741737e+00  1.3500254642e+00  2.6675301361e+00  1.1550667172e+01  3.1422791023e+02  -1.0495432044e+00  1.1336374413e+00  2.1354419564e-01  1.1278987566e+02  -6.0307770074e-01  1.1246578394e+00  -5.5519846032e-01  2.5325206265e+00  -3.6281579147e+00  1.3227969350e+02  2.1270938856e+00  7.2908320170e+00  
-1.7495590448e+00  2.1910092544e-01  2.9813354823e-01  -1.7582098572e-02  7.0257092278e-01  1.1877482500e-01  3.0802887988e-01  -1.8018871365e+00  4.7555060016e+00  3.0782246896e+00  5.3003305993e+01  3.9814623802e+00  1.1706601108e+01  -1.0449204985e+00  2.0606709211e+00  -4.8040407936e+00  2.8242931468e+01  -2.4124323684e-01  8.5325818419e-01  3.8569316299e-01  1.2221010427e+00  8.4770390985e+00  1.9225318040e+02  -1.5541236130e+00  3.5828035280e+00  
-1.6502256393e+00  1.8582730741e+00  1.3251598654e+02  -5.2951600397e+00  1.2053648656e+02  3.9113414643e+00  1.0219903452e+01  -1.6419893990e-01  8.4923478006e-01  2.6351173436e+00  1.3111864844e+01  -2.5238810757e+00  8.2267571505e+01  6.6982603924e-01  2.2451303425e+00  1.8274535913e-01  1.1938218950e+00  1.0236463548e-01  9.0075539983e-01  -2.9065803926e+00  4.4830924649e+01  -2.4465708486e-02  7.7411169903e-01  -9.9151968496e+00  8.4288462507e+01  
-1.5498929024e+00  -4.4529146359e-01  4.2312591155e-01  4.2316811981e-02  1.2814006041e+00  -1.0163727695e+00  1.3612617620e+00  -9.7286955750e+00  3.2628444146e+02  -7.3766145968e-01  2.1888557682e+00  -1.0525125629e+01  7.2183275214e+01  -1.0173435602e+00  9.0758769198e+00  -7.5800400759e-02  3.3168227871e+00  7.6811354245e-01  4.8086707674e-01  1.4949391877e+00  8.7358650121e-01  1.1592274862e+00  1.4693729195e+00  2.2066281613e+00  4.9150304870e+00  
-1.4511278868e+00  -2.7186977191e-01  1.8276556813e-01  -2.1583904128e-02  6.5654459169e-01  1.2480617681e+00  8.6625239173e-01  -1.9515528465e+00  7.1158722617e+01  2.3236273201e-01  1.4265681182e+00  -2.3488187840e-01  1.6991942711e+00  -1.3686185429e+00  1.8445354780e+00  -8.5112737762e-01  7.9245590260e-01  -2.1452727421e+00  1.4594395200e+01  1.2899522916e-01  1.0297461145e+00  -2.3450715705e+00  2.5860249849e+01  -4.9505968872e+00  1.0056882762e+02  
-1.3519744873e+00  -7.8238296590e-01  3.1484081631e+00  3.6425770212e-01  6.1983901360e-01  -7.5172176104e-01  1.0553818541e+00  -2.9359372599e+00  8.1026659324e+00  6.4409047633e-01  5.6436335558e-01  -5.8764242355e+01  1.9426924645e+03  -4.3911647878e-01  5.1572202720e-01  -1.1220556506e+00  2.7012987552e+02  2.7712431134e+00  8.1057274463e+01  9.7200311276e-01  1.3948007415e+01  -9.8637072120e-01  3.7828561249e+00  -7.0845224895e+00  4.0696254504e+02  
-1.2508102655e+00  6.8292304116e+01  2.9987056609e+03  2.8437384984e+00  9.2875954909e+01  1.2318472326e+00  5.3083268028e+01  2.9454019446e-01  2.4477446997e+00  -1.4658848331e+00  1.9167200889e+00  9.4776539154e-01  1.7674311324e+00  -1.0441107437e-01  3.6361024664e-01  1.1306181833e+00  9.0850838709e-01  7.8800935695e-01  9.8153882520e+01  7.4362133570e-01  2.2374695832e+00  4.7999143501e-02  7.5311565846e-01  -6.8945600265e-01  8.9471832662e+00  
-1.1511567831e+00  1.8483886476e-01  5.8883423687e-01  -8.7367047692e-01  6.5458541542e+00  3.4113858245e+00  2.6592708275e+02  2.3660896859e+00  5.0341385135e+00  -5.7032755536e-01  9.8010395777e-01  -1.2142293397e+00  2.5699202910e+00  -8.2687925056e-01  1.0991780790e+00  3.8557745989e+00  7.3889896440e+01  -1.0310207579e-01  7.5549370888e-01  -4.0898349736e+00  2.1746525560e+02  -4.2502683413e-02  8.4606042566e-01  -1.5467972325e+00  4.0019488066e+00  
-1.0503312349e+00  -2.9828937365e-02  2.8659169127e-01  -2.5289289292e+00  2.9155188169e+01  -2.7721443355e+01  1.2362080453e+03  8.4607590830e-01  1.4183599265e+01  2.9951993444e-01  1.3524009900e+00  -8.3702191779e+00  1.3806755617e+02  1.4093053973e+00  2.8068708326e+00  -2.2658639938e+00  1.4294705922e+01  1.1011175647e+00  7.4806320768e+01  2.2801159822e+00  9.2601858934e+00  -1.7034156694e-01  9.2090763833e-01  1.7091432314e-01  2.3172221907e+00  
-9.5111894608e-01  1.1763159588e-01  7.5738618373e-01  -1.2429641502e+01  7.7530420660e+02  -2.4260104574e-02  6.5186238742e-01  -1.1548531162e-01  6.7913310051e-01  6.7606113743e-01  1.3345979005e+00  -7.1584925256e+00  1.2611333035e+02  9.1801700821e+00  1.2538144502e+02  5.8866559191e-01  6.2928944993e-01  1.2897463736e+00  1.8281627402e+00  -2.3425958265e+00  3.9923065074e+00  -1.8534168650e+01  3.6854202272e+02  -9.0304315968e-01  1.7517133767e+00  
-8.5156458616e-01  -1.1129542549e+00  4.0581315637e+00  -3.2899681542e+00  3.3796308763e+01  1.1842638925e+00  7.4569792580e-01  8.0880002719e-01  2.0839689822e+00  8.5631176577e-01  4.4089861216e+00  -1.7052702762e+00  3.0811222447e+00  3.0540699652e+00  8.1476330063e+01  6.0751402950e-01  7.7795158671e-01  -7.1862010092e+01  3.1253256815e+03  1.5025797042e+01  4.8015400519e+02  3.6622351653e-03  1.6164941925e+00  -1.1635338837e-01  2.7524784155e+00  
-7.5084990263e-01  -8.4261163976e-01  1.3235380016e+00  3.5122089665e-01  1.3184509913e+00  -3.3988058092e-01  5.9404038484e-01  -1.3192410372e+00  1.5111182334e+00  8.0153265998e-01  5.5872461257e+01  1.5143327594e-01  9.1675078337e-01  2.8684900361e-01  5.5164846545e-01  2.1544242397e-01  6.4315153092e+00  -2.8537458860e-02  3.3211825357e-01  -3.9943758176e+00  2.2614321696e+02  -8.0806275184e-01  7.3582530916e-01  2.3309089780e+00  6.6442911077e+00  
-6.5074360371e-01  2.4369095735e-01  7.4226453919e-01  1.8925247946e+00  1.1997921028e+00  -1.0628627895e-01  3.4276860695e-01  -3.7318895853e-02  1.2482987844e+00  -1.7454095149e+00  8.0576876757e+00  -1.5521906095e-01  1.4053719983e+00  -7.8158536735e-01  3.9151072404e+00  -5.9466011774e-01  1.4771251510e+01  -5.3529900234e-02  1.1857240299e+00  -2.5330539960e+01  5.1947816860e+02  -2.4075443254e-01  3.8290041120e+02  6.4166693814e-01  7.5993205237e-01  
-5.5131155252e-01  -1.4028028692e-01  3.5738309552e-01  -2.5214436933e+00  2.1779566618e+01  6.6412728809e-01  1.5002118487e+00  5.9816711113e+00  8.4130552085e+01  1.0339585670e+00  3.5149855715e+00  3.1144035199e+00  8.2899435811e+00  5.3684460708e-01  1.2637843582e+00  2.0498582995e-01  3.4072854303e+00  -3.3032979553e+01  1.2305035496e+03  1.0295506949e+00  4.0684225024e+00  7.7788230671e-01  1.5162563796e+00  -1.3537113027e+00  1.7583332217e+00  
-4.5083305240e-01  -2.8743308829e+00  1.0263430921e+01  1.0413463507e+00  7.7908789466e-01  -7.2649453276e-01  1.7023019307e+00  3.0479700729e+01  8.8829946093e+02  3.7403847844e-01  9.8306685204e-01  2.0596524115e+00  1.6542239402e+02  -3.0415949066e-01  2.1659592026e+01  -2.1899110050e+00  4.0285697925e+00  5.5601325354e-02  3.8737933064e+00  1.6072118071e-01  1.0318239025e+00  -5.2563162504e-01  1.0071404494e+00  1.0783437280e+00  2.5039176934e+00  
-3.5053834319e-01  8.7794770739e+00  2.0865776261e+02  -1.1189511382e-01  9.7103386509e-01  8.3919414480e-01  1.4228736430e+00  -2.6563434466e-01  2.1663886021e+02  1.7847963814e+00  3.1443596686e+00  1.2590144711e+00  7.6322887408e+00  9.7363512262e-01  1.5982224796e+00  -3.0969182094e+00  1.0388240432e+01  4.9364487908e-01  1.5418918430e+00  1.8675655613e+00  1.6915711018e+00  4.3454990488e+00  3.2768384304e+01  5.4434645769e-01  6.2323137353e-01  
-2.5091418624e-01  1.1121230554e+01  2.1252449689e+02  1.9111682702e+00  3.3184135416e+01  -1.3151268525e+01  3.7161789758e+03  -3.1898064923e-01  2.7932578991e-01  3.7483964570e+00  2.1083082676e+01  1.4680768222e+00  1.7981920550e+01  7.4167348096e-01  1.5749322259e+00  -1.2311914293e-01  1.9862426562e+00  -3.1821920380e-01  2.1870165266e+00  -1.6655430492e+00  1.8943191231e+00  -1.6172908827e+00  1.5553722210e+02  -4.4412410012e-01  2.6031990423e+00  
-1.4953283966e-01  1.4949280648e+00  3.7389814053e+00  1.1931393278e+01  1.4164462778e+02  -1.6654282993e+00  4.6084744845e+00  1.1548485364e-01  8.3088938492e-01  -1.1635153331e+00  4.7811348846e+00  1.7241291047e+00  2.9713280506e+00  1.5258251719e-01  1.0013670708e+00  -1.9362483746e-01  1.1682259348e+00  -3.3157075475e+01  1.0886177328e+03  -2.8187958370e+00  1.5392570881e+03  -4.2542543679e-01  3.1825943952e-01  -7.0789834773e-01  7.5595914510e-01  
-5.1188085228e-02  1.4207693013e+00  3.1891019458e+00  4.3753451637e-01  7.7081413929e-01  -8.6642487140e-01  5.8694657874e+01  -9.4624532489e+00  3.1240807421e+02  -1.6722539697e+00  1.4910375895e+00  1.4318806076e-01  1.3561847636e+00  -1.5508300524e+00  1.9532850772e+01  -7.5952136603e-01  3.0737025376e+00  4.0321951948e+01  2.3195002927e+03  -1.4640739825e+00  1.0001101613e+01  -3.3243356782e-01  7.7743594699e-01  1.8506811330e+00  5.8126264230e+00  
4.9357119948e-02  1.0000000000e+00  0.0000000000e+00  1.0000000000e+00  0.0000000000e+00  1.0000000000e+00  1.2952271526e-15  1.0000000000e+00  0.0000000000e+00  1.0000000000e+00  8.3666680173e-16  1.0000000000e+00  6.6978407999e-15  1.0000000000e+00  8.9924067189e-16  1.0000000000e+00  0.0000000000e+00  1.0000000000e+00  7.1225039828e-14  1.0000000000e+00  0.0000000000e+00  1.0000000000e+00  4.3943893291e-16  1.0000000000e+00  0.0000000000e+00  
1.4836610854e-01  7.8011298616e-01  1.9333977368e+00  1.9336549385e+00  2.0455415030e+01  1.1420661055e+00  1.7776087884e+01  -1.7774643957e-01  8.2567363129e+00  -6.0844993934e-01  5.6338105962e-01  9.6847000065e+00  5.3606885405e+01  -9.9035177019e-01  4.5375443034e+00  -1.3425764382e+00  7.5117184591e+00  -1.9338414004e-01  7.0436476879e-01  -4.5275071929e-01  8.5335730171e+00  -3.2988680633e+00  7.3121962125e+00  6.3709029302e-01  2.3296415922e+00  
2.4727450311e-01  7.2659974027e-01  1.2019671360e+00  1.3005847820e-01  7.9810813114e-01  -6.6311948323e-01  1.2223819367e+00  1.1971414689e+01  8.1802999254e+02  -1.1029327648e+00  4.9925855535e+00  6.1182064499e-01  1.1337249572e+00  6.3639796132e+00  4.1984720089e+01  -5.5527723974e+00  2.0246265649e+01  -1.5362387391e-01  1.0920714270e+00  2.5826536270e-02  5.4100301486e-01  -2.3817878783e+00  1.9804530885e+00  -1.6518606836e+00  1.1958390105e+01  
3.4879267216e-01  2.0813592362e-01  1.8169249886e+00  8.1597998943e-01  8.6315648852e-01  1.1474069707e-03  9.5415244742e-01  -3.1793452914e+00  2.4757884770e+00  3.5755031744e-01  1.0655256056e+00  1.3400569057e+00  1.6183552839e+01  1.2790784780e+00  4.4271126187e+00  -6.1898788466e+01  2.6286263675e+03  -1.7596514113e+00  1.0315060260e+02  -6.1910180556e-01  8.2176000296e-01  6.5038495213e-01  1.7328291053e+00  -2.4015685811e+00  1.8966881753e+01  
4.4933971763e-01  9.5079840253e-02  4.5622936629e-01  3.5737478021e+00  4.5180472573e+02  1.2767074994e+00  2.6439162437e+00  2.3043988199e-01  2.7305907829e+00  5.9658723002e-01  1.0370274050e+00  -2.0546621962e+00  1.4274423524e+02  1.0821159185e+00  1.6713485037e+00  -3.5681706779e-01  6.2224792537e-01  2.6708915956e+00  1.8430418968e+01  5.4434884662e-01  4.9052125778e-01  3.3501477511e-01  1.9645692017e+00  1.8887257333e+00  2.2155346809e+00  
5.4874438047e-01  -4.1443271090e-01  1.1887245839e+00  9.7212085699e-01  7.5594288808e-01  -1.4911635353e+00  2.7986821755e+00  -2.6530978030e-01  1.4022031884e+01  3.1595568427e+00  1.0289186839e+01  -8.2087221783e-01  3.3349274464e+00  2.3301140156e+00  9.6051805127e+01  -4.9223568141e-01  1.2070834772e+00  9.9496393834e+00  5.4146446943e+02  5.8762275180e+00  2.7449408376e+01  -2.0749775166e+00  5.9696066588e+00  8.6292369301e-01  1.8172880763e+00  
6.4780861139e-01  -8.2547369623e+00  2.3718027712e+01  -4.3732908762e-01  1.3178055498e+00  1.6183655467e+00  2.6488882972e+00  2.1335527686e-01  2.8897459312e+00  9.7669522110e-01  2.7441282175e+00  3.5782771118e-01  9.3981910929e-01  1.1946391005e+00  4.6053411691e+01  2.1585088086e-01  8.2472392007e+01  -1.8212793603e-02  8.6117526495e-01  1.1431703063e+00  3.7827410613e+00  1.3880065500e+00  2.8411767217e+00  -7.5757913386e-01  7.3161704534e-01  
7.4808859825e-01  4.7116359735e+00  2.6819763042e+01  5.3268254313e-01  3.2364919072e-01  9.4600512452e-01  4.0244724055e+02  -7.2105958346e+01  2.5890831642e+03  -6.5575285949e-01  1.2060029143e+00  -6.5157093140e+00  6.9409563745e+01  -3.4983539681e+00  7.6382792094e+01  -1.3608669164e+00  8.0458742828e+00  -4.5135853297e+00  2.5215090966e+02  -5.3284641659e-02  5.7412664447e-01  3.5630391592e-02  1.5162056474e+00  1.5911967210e+00  1.3730741708e+00  
8.4903627634e-01  -1.2539384064e+00  2.1512722466e+00  2.7281722608e+00  6.3203773673e+00  -3.2781490307e+00  1.1279509046e+01  -7.7837093986e-01  9.3502615595e-01  5.0728095732e-01  1.4239853123e+01  5.5015180087e+00  5.2030761981e+01  2.8852398490e+00  3.2193351776e+01  3.0724192615e+00  2.6516380079e+01  1.6549445906e+01  6.3002921543e+02  -7.2150835940e-02  9.2263221932e-01  -1.2594127288e+00  1.1562516803e+00  4.8072229671e-01  1.0739602132e+00  
9.4869214296e-01  -9.8872308762e-01  1.1966661827e+01  1.2643608350e-01  2.2354976826e+01  8.5188193942e-01  5.6576403158e-01  1.0239126488e+00  1.1659334290e+01  1.3555241678e+00  5.2497163843e+00  -6.2131424617e-01  1.0502718462e+00  8.2461812264e+00  3.1273793327e+02  1.7020458864e+00  2.3064547156e+00  -1.9850948853e-02  5.0964442784e-01  2.0880182590e-01  5.5177252385e+00  1.2296347846e+00  2.2193547443e+02  -1.5475704575e+01  6.0722163465e+02  
1.0490598679e+00  8.7497175091e+00  2.0244816933e+02  2.1803912282e-01  2.3806055004e+00  2.3079348043e+02  1.0765793030e+04  -1.2526505537e+01  1.4188114484e+02  1.5489737687e+00  1.8742001175e+00  -6.9687553855e-02  1.4192137044e+00  1.4497538051e-01  6.8326587708e-01  1.7354231233e+00  1.6868752136e+00  8.0543005284e-01  1.0456497720e+00  -4.4735627669e-01  6.2657296537e-01  -4.2445128802e-02  8.3632779394e-01  -1.1739495279e+00  1.8770040151e+00  
1.1491292715e+00  -1.7795589180e+01  5.7707304813e+02  -3.0713146935e-01  9.7267422111e+00  -1.3039047587e+00  1.7780809794e+01  1.6716220799e+00  2.0363685729e+01  -5.7147943395e+00  3.6509924680e+02  -7.8531169305e-02  8.7059876600e-01  7.6148824861e-01  1.4190761951e+00  -4.2034185438e-01  1.4914308622e+00  4.2195026382e-01  1.2107195435e+00  4.1794295058e-01  9.5503270284e-01  1.1551810024e+01  1.0262509454e+03  -9.8277675764e+00  4.6167730339e+02  
1.2487359047e+00  1.0697496208e+01  3.1128071094e+02  -1.0912013895e+00  6.2699451706e+00  8.1117685687e-02  5.8363977939e-01  4.4877373885e-01  6.5601607488e-01  -1.8490817277e+00  2.8794600028e+00  -7.6351531011e-01  3.7176863159e+00  -1.2667025757e+00  2.1935407364e+00  -9.2920803782e-01  1.0662631433e+02  1.4273079151e+01  1.3488042096e+03  9.6062592983e-01  2.0974913885e+01  -2.7026720198e+01  6.1355436478e+02  -5.9757826080e-01  1.1066540644e+00  
1.3487027884e+00  1.1825867873e-01  5.8522351410e+00  2.0166276962e-01  9.4141128405e-01  4.1553833440e-01  1.2744841135e+00  3.1150837786e+00  4.6649966652e+01  -7.1730041238e-01  1.4020503618e+00  1.2043946274e+00  5.3640785216e+00  2.1442792565e+01  1.2678022927e+03  8.9528051156e-01  6.5098760366e-01  -3.1899504973e-01  3.5581674078e+00  1.3786261371e+00  5.4775155551e+00  4.6641417344e+01  1.2237934132e+03  -2.3424923747e+00  1.8304532507e+01  
1.4476447105e+00  -2.4045738772e+00  3.5528295153e+01  2.9118654508e+00  5.4115202772e+00  -1.3785725877e+00  1.6862765975e+00  -3.2672906570e-01  7.6672267841e-01  1.5749246653e+00  1.2344318585e+00  -3.8004919610e-02  6.2986353963e-01  -2.3513408157e+00  3.0361299440e+00  2.1807876929e+00  9.1439173502e+01  2.7019929662e-01  2.4218629977e+00  1.1890769638e+00  9.4186015141e+00  -1.0155414403e+00  1.1194699571e+01  -3.9090700497e-02  2.3378766053e+00  
1.5483540297e+00  -3.7140143216e+00  2.5656627691e+00  3.7727054560e+01  2.5569556451e+03  8.0920272704e-01  5.4536226039e-01  -3.0561075805e-01  9.3519451543e-01  5.3794977863e+00  6.1606607790e+01  -4.4960033381e+00  4.1721439513e+01  -7.6241810740e-01  1.1758046728e+00  -1.1982500858e+00  1.2136145262e+00  -6.3923447111e-01  1.7317081054e+00  6.4161481789e+00  3.3841022115e+01  -5.8232806555e-01  1.1348859514e+00  2.0535186434e-01  2.1078438750e+01  
1.6495317221e+00  -2.2993065711e+00  2.7986607889e+00  2.0935294270e+01  2.2542305658e+02  -1.0140158676e+00  1.1183139922e+00  -6.7068341435e-02  8.1975597816e+00  -1.4716046995e+00  2.1981829228e+00  -8.1240205873e-02  6.7275114004e-01  -1.4147409091e+00  5.8588217365e+00  2.4325196542e+01  9.0848055676e+02  1.3132857693e+00  8.6588084293e-01  6.7338096210e-01  3.6692698930e-01  8.8758424051e-01  9.6656654904e-01  4.8615012977e-01  8.3171004653e-01  
1.7477895021e+00  1.0052253835e-01  1.8854963034e+00  -1.8426286595e-01  1.0500809594e+00  2.8255554167e-01  5.6268150669e-01  -1.5981136409e+01  4.4093344128e+02  4.5154353767e-01  1.8545325131e+00  -9.5208093401e-01  2.1527057251e+01  6.2553106381e+01  2.8535899199e+03  4.7752762025e+00  8.9674024806e+01  1.8206180410e+01  5.4421716285e+02  -5.4506706572e-01  9.9117444172e+00  2.0112426613e+01  1.4450541536e+03  -2.9778679756e-02  4.8315799534e+00  
1.8486632109e+00  4.7909038820e+00  8.8573386206e+00  -3.1417575072e+01  8.9395628410e+02  1.2732661599e+01  1.3897458887e+02  -5.8763662201e-01  3.5517660543e+00  2.5859310817e-01  5.7235678187e-01  2.8721382288e-01  7.3383403617e-01  -1.0153644599e+00  1.5146130629e+00  -1.6033958132e-01  1.6456630940e+00  -2.8043658091e+00  5.4118027463e+01  2.3762744084e+00  4.4590916924e+01  2.4104236420e-01  1.4465544466e+00  -5.9858319136e-01  2.4340736214e+00  
1.9475035667e+00  -1.1197399764e+00  1.1344949827e+00  1.2704349778e-01  2.0966575223e+00  1.5955234688e+00  1.3520943192e+00  -6.3998924464e-01  5.3452634064e-01  7.9309817540e-01  1.3757229494e+00  7.7073995515e-02  8.0475386830e-01  -9.7751472783e-01  1.1173893696e+00  -2.4143536675e-01  2.6215987951e+00  -1.7766357658e+00  3.5737718117e+00  -1.9477670001e+00  9.7229361893e+00  -2.0085809590e-01  3.0160319622e+00  4.6594372486e-01  1.4807744304e+00  
2.0478312969e+00  5.1000646685e-01  3.5725070075e+01  -5.1011004307e-01  5.1710548972e+01  -2.3571341197e-02  8.2095844218e-01  -2.2626329136e+00  2.7902661990e+00  2.3165737718e-01  3.4660850205e+00  1.2878165817e+00  2.8076562770e+00  -2.1668131797e+00  1.7062369099e+02  -2.0272088724e+00  6.1047051600e+00  -9.7788577077e-01  2.5494960451e+00  9.6818451000e-01  8.1682578166e-01  8.2525450567e+00  5.8934577723e+01  -1.2727891658e+00  7.5803616057e-01  
2.1482157707e+00  2.0481235084e+00  4.0065475988e+00  -7.6545160471e+00  2.3714686558e+02  1.6095334839e+00  2.1342661579e+00  1.0265216049e-01  4.8759835479e-01  -9.0360881698e-01  2.5457238377e+00  -2.8997392317e+00  6.3270098440e+00  -1.0700966429e+00  7.2828014402e-01  1.4281934900e-01  1.0946880035e+00  1.5231556143e+00  8.4118897142e+01  2.9139130603e+00  7.0407230748e+00  3.2880291094e+00  2.3338524893e+01  -9.7952420647e-01  1.3165727966e+00  
2.2478706837e+00  1.1814430925e+01  2.0724154459e+02  2.3719364357e-01  6.0993045187e-01  1.9487233671e+01  1.2792036636e+03  8.5790734243e-01  3.9388689840e+00  -8.1524474446e-01  9.5180577182e+00  5.3063570211e+00  1.3183758688e+01  -6.4959570403e+00  1.6290092905e+02  1.3340104085e-01  7.3656936749e-01  -2.9511405965e+00  2.1992741854e+01  1.7575457946e+01  4.5111108670e+02  -1.2779997871e+00  6.3439672606e+00  5.5735581397e-01  1.5783251393e+00  
2.3466157913e+00  6.6794211083e-01  7.1040164050e-01  1.3618081191e+01  1.0099343782e+03  3.7460895881e+00  2.0427860299e+01  -7.5494786686e-01  2.2470174088e+00  -9.2269852963e+00  5.7503682703e+01  -2.6196167333e+00  3.9584357856e+00  2.9323175531e+00  1.9826064797e+01  -6.5086176662e-01  5.8663717783e-01  -2.9374242894e+00  8.6513578750e+01  -6.1560845152e-02  1.7877434580e+01  -5.8778344312e+01  8.8908279431e+02  4.2061256047e+00  1.3660268190e+01  
2.4468250275e+00  5.6352898912e-01  7.1760502223e-01  1.8881098737e-01  9.4429511585e-01  -4.9578538671e-01  5.3793893102e-01  -2.5202388932e-01  7.6598243895e-01  1.7666676832e+00  3.1990914080e+00  -6.3943890681e-02  1.0191553483e+00  3.7514009674e-01  5.8523667063e-01  -2.1172052840e+00  2.3576482575e+00  2.0841669579e-02  8.7934311960e-01  -5.6970482949e-01  7.1294235085e-01  3.4380877551e-02  1.3335344146e+00  4.6393790726e-01  2.1577160365e+00  
2.5468556881e+00  1.8781190719e-01  6.3373740421e-01  5.7517050881e-01  5.6270023575e-01  6.6117926746e-01  6.0846193715e-01  -8.0297933951e-01  2.2485577900e+00  -1.1957581785e+00  1.3996806119e+00  -4.6488754690e+00  5.3288527669e+01  1.1874884729e+00  1.2735045347e+00  -6.1531726133e-01  1.2413870089e+00  -5.3119860441e-01  4.8825305992e-01  1.3841378474e+00  1.5455411309e+00  -4.5434894773e-01  5.4372098063e-01  1.0530600504e-01  9.8327658209e-01  
2.6450462341e+00  6.9169258777e-01  7.4867121153e-01  -3.7780412437e+00  5.3925146145e+01  -7.8599534221e-02  3.6708455228e-01  3.5426069201e+00  2.0080970718e+01  -2.1384871236e-01  3.9759723600e-01  5.8887550911e-01  1.2310622464e+00  -6.0351466663e-02  5.6760661790e-01  8.3487908700e-01  1.3135230231e+00  3.9030371022e+00  3.7633640599e+00  1.5524369270e-02  4.4967703920e-01  -1.9969052783e-02  3.6486617971e-01  6.1521642144e-02  4.5514094185e-01  
2.7465279102e+00  6.6917197626e-01  5.7619216253e-01  8.8608382895e-01  6.1288577750e-01  -4.3995461886e-01  4.1506988800e-01  -6.0985842999e+00  1.1972904691e+02  -1.8082087737e-01  6.5998339562e-01  -6.7177387774e-01  4.7338137460e-01  9.1573216933e-01  1.2570895197e+00  -1.0147617069e+00  1.7088582067e+01  3.5243832580e-01  4.1005129766e-01  4.2772041842e-01  5.7873742110e-01  5.3426549534e-01  4.7015099616e-01  5.1777452386e-01  7.5771772169e-01  
2.8470137119e+00  1.4988185026e-01  6.6150743071e-01  -1.5759093947e+00  2.6324383285e+00  -4.9023553609e-01  5.1332153089e-01  -2.4216317342e+00  5.2292750013e+00  5.3496773365e-01  7.2279089047e-01  -1.1315080145e+00  1.3886957313e+00  8.8381624326e-02  6.6804884333e-01  -4.1504203142e+00  1.0274942084e+01  7.6480160463e-01  6.4230427134e-01  -7.7369744814e-02  4.5281633977e-01  1.0355917297e+00  1.1214796965e+00  -4.4084163760e-01  6.9572943696e+00  
2.9446115494e+00  1.7806484977e+00  1.3240661569e+00  7.6313537333e-01  7.1954644664e-01  -1.2497858153e+00  1.0950862894e+00  9.3038950912e-01  1.4171502431e+00  -9.7394684990e-01  6.9825151002e-01  2.4442661712e+00  1.5115631192e+01  4.3317634278e-01  6.5950772461e-01  -1.0076313755e+00  1.5259507259e+00  1.1964302309e-01  7.2082918683e-01  -2.3328851928e+00  1.1029334408e+02  1.1205622160e-01  9.6103992992e-01  -1.5673250178e+00  1.8812268906e+01  
3.0449373722e+00  4.9817995828e-01  6.7087426158e-01  3.9125731901e-01  5.7747468865e-01  -9.7357454705e-01  9.0205346757e-01  2.7448085383e+00  3.0815027436e+01  2.7625684995e-01  1.2344678033e+00  9.8742384525e-02  5.4499676646e-01  1.9875584004e+00  1.2411693355e+00  -1.9754118498e+00  2.7616748813e+00  1.2221144360e+00  1.2120716628e+00  -1.2813907028e+01  5.3754368838e+01  -1.3914808284e+00  1.0999924131e+00  -6.4876139722e-01  1.7961329714e+00  
3.1451997757e+00  1.4935352356e+00  1.2501836229e+00  2.0140142579e-01  7.4087452448e-01  2.1040451007e-01  1.3648000400e+00  -1.2873294469e+00  1.8551102836e+00  1.5727013249e-01  9.3846380320e-01  -5.5123359178e-01  1.4167542717e+00  3.1625701675e-01  1.7951000221e+00  1.7071972774e+00  1.8231450262e+02  -3.8502477772e-01  4.7331010060e-01  -1.4744823981e-01  3.2411263610e-01  -7.5243396238e-01  1.1077417373e+00  1.7408083962e+00  2.6763306073e+00  
3.2450859547e+00  1.0917653519e-01  9.8211739975e-01  5.8845442798e-01  5.0062716027e-01  4.5002113983e-01  7.3621074168e-01  2.3747411638e+00  1.8632180087e+01  -1.0976084370e+00  1.1023011943e+00  6.9535164791e-01  1.2320756906e+00  7.3128128673e-01  1.1784940175e+00  2.7694333843e+00  2.1506373179e+02  -6.7642442529e-02  7.5759109486e-01  1.2690024072e+00  2.9756064143e+01  -1.3008534376e+00  1.0562810894e+00  8.3505754836e-01  1.3094827144e+00  
3.3454914093e+00  4.0666218144e-01  1.5645729187e+00  -5.5174876799e-02  5.5251818668e-01  1.4745549305e+00  9.1904491673e-01  6.4322612829e-01  1.2476056110e+00  4.1575981588e-01  5.9791993519e-01  1.2616541922e-01  1.8350725892e+00  -2.7727621719e-01  8.1596003085e-01  2.3461595331e-01  9.8481001895e-01  1.8095621862e+00  1.3974215808e+00  -6.8479503941e-02  1.1061217974e+00  -6.9817186324e-01  1.5106190452e+00  -1.6932102643e-01  8.3365594929e-01  
3.4447138309e+00  5.5559272939e-01  1.1676396778e+00  -6.4146196330e+00  7.6386813877e+02  4.6538826463e-01  6.4172363770e-01  4.8485573445e+00  8.4446528457e+01  4.2452777012e+00  7.0716574087e+01  -2.1031332657e+00  4.1740515781e+01  -8.1980720362e-02  5.3470283949e-01  1.1427684324e-01  3.6156478029e-01  -5.9673802561e-01  7.5995257890e-01  -1.1405548334e+00  4.6616185364e+00  -2.7175189151e-01  7.3941765033e-01  -7.3467654862e-01  2.9060976906e+00  
3.5412197113e+00  1.1945783459e+00  1.5732168741e+00  1.5115735567e-01  9.3598563751e-01  -1.0127782712e-01  1.2096728024e+00  1.4349356109e+00  1.6945985743e+00  -2.8901525859e+00  2.2403258823e+00  -2.3919358924e-01  9.3114888757e-01  1.2374119130e+00  1.6133227088e+00  -2.8112121525e+00  2.5520518946e+02  -1.7162858459e+00  5.3112203117e+00  -7.6345320185e-01  4.9257324342e+00  -6.1858858471e-01  2.9039619041e+00  -7.0042284002e-02  1.1777208756e+00  
3.6436383724e+00  -8.8099711073e-01  1.6806099945e+00  -4.9934602596e-02  1.6033779477e+00  7.7165809146e-02  8.2274983349e-01  -3.0812030183e-02  2.3752386504e+01  1.1162334149e+00  1.3351077720e+00  -3.1131556061e-02  5.3501500398e-01  1.5040448796e+00  2.8095494741e+00  3.1222581384e+00  1.3864170479e+01  -2.6450334928e-01  1.0425048251e+00  1.4699395382e+01  2.3791434126e+02  -6.7730248327e-01  7.3954196547e-01  3.1507316564e+00  9.7702637458e+00  
3.7399771214e+00  -2.0288520911e+01  1.3466189772e+02  8.9845149469e-01  2.0075113624e+00  -4.8124286395e+00  9.4491663994e+00  -7.7670096726e+00  4.2653361106e+02  -1.1025304753e+00  1.2227849480e+00  -4.5651755740e-01  1.5349103260e+01  6.2745997231e-01  1.0750700862e+00  4.3340252547e+00  5.3155775914e+01  2.2233435603e+00  2.3624648134e+00  -1.1663731932e+00  8.0299695543e+00  -1.4650711376e+00  2.5981354522e+00  -6.9427991789e-01  4.0140240662e+00  
3.8391830921e+00  -1.5091784469e-01  1.4044470627e+00  7.1434231974e-01  3.0991226977e-01  5.2435386194e-02  2.1347140828e+00  -9.1682497553e-01  5.1546856795e-01  1.9630252124e+00  1.5027642023e+00  -9.8553231894e+01  4.7493178982e+03  -1.3382280715e+00  2.8213418821e+00  -6.0368632617e-01  1.2477264486e+00  4.4722783277e-01  1.6912651654e+00  5.8900120309e+00  7.3918696681e+01  -1.6357593672e-01  1.3823982495e+00  5.5987462333e-01  3.1479584498e+00  
3.9318892956e+00  -9.4709130335e+00  2.4938589644e+02  5.8110233034e-01  5.8976754511e-01  5.6909177923e-01  4.6092637974e+00  6.7011124283e-01  3.0416543426e+00  5.8239428628e+00  6.3034017275e+00  -8.7437181396e-02  4.0791783758e-01  4.2525605053e-01  8.8412283754e+00  -2.9669676906e+00  1.8947085778e+01  4.7822256361e-01  1.6316601705e+00  1.9262992099e+00  7.8563296760e+00  -7.5629940360e-01  1.2522090719e+00  3.6601203786e-01  1.2021908659e+00  
4.0346021652e+00  -4.7006830063e+00  1.7939315149e+01  1.1970414994e+00  9.7650326589e-01  -3.1953259594e+00  4.8137131378e+00  4.2452261722e-01  1.7808236801e+00  1.0224919507e+00  4.4690236995e+00  -1.7858100619e+00  1.4225073213e+00  -8.6887588845e-01  7.1025456616e+00  3.5392401675e-01  9.4766686188e-01  -6.4293779007e+00  2.6410927624e+01  -5.3865908948e-01  1.6686195254e+01  -6.4677992909e+01  1.0369964761e+03  -5.4636642997e+00  2.1320527450e+01  
4.1322321892e+00  6.4733074449e+00  5.3702804191e+01  5.2743906721e-01  3.4860144926e+00  1.6118129237e+01  4.1005812537e+01  9.6700904074e-01  1.2386113690e+00  4.7216321158e+00  7.6829779190e+00  1.9164092950e+00  8.2986107849e+00  -3.8867955136e+00  2.3513607654e+01  -2.5995777107e+00  5.4540420547e+00  -6.3733341175e-01  1.1854906882e+00  4.2539680902e-01  7.9813005981e-01  -2.4529259919e+00  5.7659211094e+00  3.3643354264e-01  2.6587968003e-01  
4.2266526222e+00  2.2620303043e+00  6.6745274039e+00  -1.1406886532e-01  1.2347007245e+00  1.4749472968e+00  5.3007445486e+00  -1.1130752683e+00  9.9735948519e-01  5.5600377201e+00  7.2238715876e+00  4.1014957989e+00  4.3864633689e+01  1.9016842640e+01  1.7373607709e+02  -2.7132521317e+00  1.5591940173e+01  -2.5039565679e+00  2.0439755242e+00  -5.5813004040e+00  1.7936435880e+02  2.6197624646e+00  1.3808518628e+01  7.4484927341e-02  5.4373969174e+00  
4.3296351433e+00  3.1971018903e-01  4.0703426764e+00  2.2891184351e+00  3.7353468618e+00  4.1467545150e+00  6.9966462837e+01  1.5358268448e+00  2.9222661594e+00  -4.5997181534e+00  1.3223687353e+01  -1.0418425587e+00  4.3336223697e-01  -7.8420060857e-01  7.7604189741e+00  -1.4921669185e+00  1.6499362559e+00  4.0008778523e+01  9.5715473098e+02  3.1132101165e+00  7.9226906767e+01  -1.1922444686e+00  1.7868403482e+00  3.0720087593e+00  1.0745954832e+01  
4.4275183678e+00  -7.7401305141e+00  6.0882054455e+02  -8.1816687335e-01  1.6397875193e+01  -1.7023639342e+00  2.4294597937e+02  2.9607720366e-01  8.6257245837e-01  6.3478033915e-01  5.7337063135e+00  9.8627449716e-01  1.3052435938e+00  -6.4851130702e-01  1.8691529761e+00  -3.7052108266e-01  7.4811553329e+00  -3.6162271359e+00  8.5172738636e+00  -1.1704896128e+00  1.0965137728e+00  7.4188789561e+00  4.2626040820e+02  -1.8596607447e+00  2.1540566461e+01  
4.5284333229e+00  8.9565997823e+00  1.0412622921e+02  -4.9965158014e-01  5.6451242035e+00  1.2850384095e+01  1.7594132215e+01  -9.4177835845e-02  7.2705333357e-01  -1.6005331259e+00  1.1576872253e+00  3.9185238623e+00  2.3862970902e+01  1.1684498788e+01  2.2785327074e+02  -8.7671872056e-02  2.3680094255e+00  8.7657781158e+01  1.2319445005e+03  9.7001669640e-02  1.3909547982e+00  -3.5604379257e+00  4.5887156533e+00  -4.2989124827e+00  3.8714568095e+01  
4.6222052574e+00  -1.7361520436e+00  3.5535720312e+00  6.6017265960e-01  3.0414566826e+00  -5.3783134615e+01  1.3500313525e+03  -6.2118394903e-01  9.3312495245e-01  3.0715181686e+01  1.1488492257e+03  -1.0768180998e+00  7.4485987493e+00  6.0815065464e+00  2.2159255650e+01  -3.4083529106e-01  9.8564666951e-01  -2.3436412251e+00  4.9419551912e+00  1.4018829554e+00  6.0849032566e+00  -4.5764234127e+01  5.4574768704e+02  8.4684249578e-01  1.0225679867e+00  
4.7141833305e+00  5.4284170042e+00  1.9273703223e+02  9.4630227196e-01  1.7208739037e+02  1.2951697765e+01  2.3168985577e+01  -5.8411550517e-01  5.8918579187e+00  7.3079721849e+00  5.2010202990e+01  9.8004688779e+00  1.1208643957e+02  -1.3061295431e+01  4.1949755892e+02  6.1494197539e-01  6.2805788370e+00  1.2430375179e+01  2.5798085113e+01  -5.6214277798e-01  1.2737317823e+00  -3.4519222530e+00  1.0102487123e+01  3.3345231246e+00  7.2092596746e+01  
4.8156671524e+00  6.9229344851e+00  3.6570639271e+01  7.5294725842e+00  9.5680111841e+01  1.3136497733e+01  1.3049108314e+02  -9.1898567473e-01  4.0845367664e+00  1.0168871657e+01  4.3720451577e+01  -3.5767744738e+00  2.8527455884e+01  1.7618788484e+01  1.1249698443e+02  3.5416116594e+00  1.1693982737e+01  -1.1818425970e+00  1.0080493612e+02  1.0408635179e+00  1.0533776294e+01  2.4563247928e+00  3.3879010329e+01  8.5474355871e-01  2.5571251136e+00  
4.9115052223e+00  -5.7662578658e+00  8.7811828573e+01  1.4687790822e+00  2.6938520486e+00  -1.0227097973e+00  5.8231152715e+00  -1.2055903591e+00  6.8930726628e-01  8.6856653938e+00  1.3283456412e+01  7.1572135717e-01  9.4334437740e-01  -1.6102859144e+01  1.6584581674e+03  -1.0752476269e+00  1.3739989780e+00  3.3097173457e-01  2.2238570157e+00  3.9677881373e-01  3.5497927052e+00  2.7040655201e+00  4.3189816273e+01  8.3701390675e-01  1.9160668100e+00  
5.0117096901e+00  7.8536661714e-01  5.1967917339e+00  -8.1541908426e-01  1.6545958305e+00  5.8399644566e+00  1.5074076804e+01  -2.3556765708e+00  1.0161374625e+01  -1.2688778108e+00  2.0221932968e+00  7.0383088291e-01  5.1537098546e+00  -8.7379897073e+00  3.1528786556e+01  7.2764987100e-01  3.6209782930e+00  -5.8124294057e-01  3.4297466944e+00  -2.2335779805e+00  7.9286496156e+00  1.5176369277e+01  1.2985018407e+02  -1.4407121223e+00  8.7256577351e-01  
5.1058411598e+00  8.8952591420e+00  1.5940141049e+02  1.0629434417e+00  1.6569797589e+01  -5.4208232799e+00  2.8633318978e+01  6.5739928474e-01  7.3408214103e+00  5.8454770003e-01  2.7844363004e+00  9.5403695915e-01  8.9374315482e-01  -4.9991229916e+00  3.0298882861e+00  -1.5922449166e+00  1.4749319058e+00  -7.7931869381e-01  2.7370038874e+00  -2.4170447113e+00  1.0686693097e+01  3.2772943768e+00  2.9676114036e+00  -2.7704915273e+00  1.8969025303e+00  
5.2072587013e+00  1.5125128253e+00  3.0836534027e+00  -2.6991643185e+00  4.5683768643e+00  1.5210120020e+01  8.9920381604e+01  -5.8543856929e+00  3.3901575893e+01  -9.9636614305e-02  3.2224397052e+01  -5.4471029662e+00  1.1232880826e+01  -1.8154825915e+00  6.9754217348e+00  2.4449970061e-01  8.9258690437e-01  4.9850914228e-01  3.0613888280e+00  -3.0047944088e+00  3.0383725322e+01  1.9739066784e+00  5.0339340997e+00  4.4595048831e+00  1.8728923176e+01  
5.3032155037e+00  5.2598470108e+00  3.4526384592e+01  1.7118066547e+00  2.1168616424e+00  -4.9510334870e+02  2.4282732044e+04  -1.1122316780e+00  9.0243368664e-01  5.1282343701e+01  1.7733798469e+02  -6.5835535155e-01  1.3411327099e+00  -6.0837143061e+00  1.3242218871e+01  5.1104312303e-02  4.6300650028e+00  -7.0713065738e+00  1.2039784904e+02  -2.2905974186e-01  1.0994973466e+01  -6.8675686854e+01  2.7691238682e+02  4.8089531941e+00  1.5226612708e+01  
5.4022316933e+00  4.5175407120e+00  4.8119723081e+02  9.9710066217e-01  2.4090216654e-01  4.1643032074e-01  3.6338560869e+01  -1.5733322439e+00  3.3464692498e+00  2.9995197996e+01  1.0093300866e+02  -1.3721712831e+00  2.3833750639e+00  -1.9061446512e+01  9.7141198335e+01  1.2998469090e+00  7.5355120083e+00  2.3128161133e+00  4.5615147959e+01  -4.0401477982e-01  4.1125744674e+00  5.4394001731e+00  1.4124135289e+01  -6.9344153339e-01  2.7612578692e+00  
5.5016975403e+00  -8.1812455041e+01  1.3031452139e+02  -9.6500131643e+00  2.4004025130e+01  -1.0944510208e+01  4.3390973808e+01  7.4004105534e+00  1.0683024580e+01  7.9660085706e+00  1.4144943947e+01  -7.7054933362e-02  1.1860073614e+00  6.7500032069e+00  1.8711431467e+01  -8.7894973117e-01  1.3470329842e+00  8.1804803281e+00  2.4450626608e+01  -1.1768411818e+00  5.7714842529e-02  -2.9814901354e-01  1.0874005973e+01  1.2227084520e-01  6.5201194022e+00  
5.6024250984e+00  -8.0275024568e+00  4.7440102986e+01  -6.9483366826e+00  5.1440580023e+00  2.2817296821e+00  1.1911312147e+01  -2.7061105659e+01  3.6809049027e+01  1.4625262597e+00  3.8564995632e+00  -1.5121597251e+00  1.0146612749e+00  -2.9771066549e+00  2.7348400803e+01  7.5980086120e-01  7.6164023498e+00  4.7707518605e+00  1.6109316007e+01  -2.3199311911e-01  1.2876019991e+00  3.2795698388e+00  9.3353348293e+00  1.0736331806e+00  8.1469449687e-02  
5.7013530731e+00  7.6765393408e-01  9.8998893909e+00  -8.5292856855e-01  2.0253304318e+00  5.7756919084e-01  8.3782843866e+00  -7.4034230125e+00  8.8077304073e+00  4.2215873078e+01  7.5851293821e+01  1.4141509269e+00  2.8424453589e+00  -1.1592312831e+03  1.8452673312e+03  2.6167069033e-02  4.1829416064e-01  -2.0835741368e+01  5.3662626275e+01  -3.4959307773e+00  5.7261092912e+00  -1.2531008340e+02  1.8854101675e+02  -3.5865749414e+00  5.3136277312e+00  
5.8000011444e+00  -2.4184822575e+14  1.7543906534e+15  0.0000000000e+00  0.0000000000e+00  8.8061701715e+14  2.0507730493e+15  0.0000000000e+00  0.0000000000e+00  -1.1782914073e+13  1.1379005090e+15  0.0000000000e+00  0.0000000000e+00  -1.3867390202e+14  1.3060713163e+15  0.0000000000e+00  0.0000000000e+00  -3.7743482677e+15  1.6732615879e+15  0.0000000000e+00  0.0000000000e+00  -1.6847786826e+15  1.8069240595e+15  0.0000000000e+00  0.0000000000e+00  
5.9009337425e+00  -1.8474524955e+01  5.7453869651e+02  -3.6857735563e+00  4.4521475300e+00  7.3907987344e+00  1.8988500930e+01  -5.4533557763e-01  8.7957594910e-01  -3.0611601893e+00  6.6080501590e+00  1.4450869490e-01  4.9246274940e+01  3.4153224332e+01  6.2206435646e+01  -8.7967096235e-01  8.9910368776e-01  -6.0397621903e+00  9.3388470157e+00  -1.6984644772e-01  1.7206071539e+00  -2.4348250567e+00  2.1494842061e+01  1.5486630243e+00  2.3039007746e+00  
6.0008368492e+00  2.0421940025e+12  9.5983118119e+13  0.0000000000e+00  0.0000000000e+00  -6.6813480351e+13  3.1402335765e+15  0.0000000000e+00  0.0000000000e+00  -3.3928794470e+13  1.5946533401e+15  0.0000000000e+00  0.0000000000e+00  -1.1350185716e+13  5.3345872865e+14  0.0000000000e+00  0.0000000000e+00  4.0373715503e+13  1.8975646286e+15  0.0000000000e+00  0.0000000000e+00  -2.3778776891e+13  1.1176025139e+15  0.0000000000e+00  0.0000000000e+00  
6.1008019447e+00  -2.5732744630e+13  1.2094389976e+15  2.8670469439e+00  2.8670469439e+00  4.5587662585e+13  2.1426201415e+15  6.9529025848e+00  6.9529025848e+00  1.4682931481e+13  6.9009777958e+14  1.1848500161e+00  1.1848500161e+00  4.1577358692e+12  1.9541358585e+14  4.1123882637e-01  4.1123882637e-01  -1.2850839056e+13  6.0398943565e+14  -4.6792967523e-01  4.6792967523e-01  1.3822791129e+12  6.4967118307e+13  -2.1548698551e+00  2.1548698551e+00  
6.2000002861e+00  -2.3262018009e+15  1.1735478748e+15  0.0000000000e+00  0.0000000000e+00  6.5280252265e+14  1.2038749109e+15  0.0000000000e+00  0.0000000000e+00  5.5779540707e+13  1.1944270882e+15  0.0000000000e+00  0.0000000000e+00  2.3802215451e+15  1.3075907243e+15  0.0000000000e+00  0.0000000000e+00  -2.5487793241e+15  9.6735067168e+14  0.0000000000e+00  0.0000000000e+00  -4.7480238269e+12  1.3827295947e+15  0.0000000000e+00  0.0000000000e+00  
6.3007626534e+00  3.0970052568e+12  1.4555924707e+14  0.0000000000e+00  0.0000000000e+00  -5.0868610317e+13  2.3908246849e+15  0.0000000000e+00  0.0000000000e+00  1.2235495832e+13  5.7506830412e+14  0.0000000000e+00  0.0000000000e+00  2.0166426294e+12  9.4782203583e+13  0.0000000000e+00  0.0000000000e+00  1.8895896977e+13  8.8810715790e+14  0.0000000000e+00  0.0000000000e+00  4.2972781384e+12  2.0197207250e+14  0.0000000000e+00  0.0000000000e+00  
6.3999972343e+00  -5.0644921598e+13  6.0629087755e+14  0.0000000000e+00  0.0000000000e+00  -7.8107484742e+13  3.3076214872e+14  0.0000000000e+00  0.0000000000e+00  -8.6255351098e+14  4.1296474905e+14  0.0000000000e+00  0.0000000000e+00  -1.1740724296e+14  3.5842253883e+14  0.0000000000e+00  0.0000000000e+00  7.9574165228e+14  7.7064431278e+14  0.0000000000e+00  0.0000000000e+00  -1.3784452145e+15  8.1474873646e+14  0.0000000000e+00  0.0000000000e+00  
6.5006632805e+00  2.9790608106e+13  1.4001585810e+15  -5.9377969630e-01  5.9377969630e-01  1.2433033059e+13  5.8435255376e+14  -1.3568014383e+00  1.3568014383e+00  -1.2021063053e+12  5.6498996351e+13  1.0820845888e+00  1.0820845888e+00  -2.5457653962e+13  1.1965097362e+15  2.3346523018e+00  2.3346523018e+00  1.7585464682e+12  8.2651684004e+13  -9.3816737315e-01  9.3816737315e-01  -9.8403032463e+12  4.6249425257e+14  -3.1170114213e+01  3.1170114213e+01  
6.6000027657e+00  4.2253480001e+14  6.8455678272e+14  0.0000000000e+00  0.0000000000e+00  7.5971562217e+14  7.8499522963e+14  0.0000000000e+00  0.0000000000e+00  -2.9051529708e+14  5.0894172335e+14  0.0000000000e+00  0.0000000000e+00  -6.6492908587e+14  3.8060667043e+14  0.0000000000e+00  0.0000000000e+00  2.2738459496e+14  5.6832160513e+14  0.0000000000e+00  0.0000000000e+00  2.9911037464e+14  9.9177379558e+14  0.0000000000e+00  0.0000000000e+00  
6.7000007629e+00  -1.0062648578e+15  4.9267199564e+14  0.0000000000e+00  0.0000000000e+00  -1.8285073607e+14  7.1648416666e+14  0.0000000000e+00  0.0000000000e+00  8.6821231682e+14  6.6668949602e+14  0.0000000000e+00  0.0000000000e+00  4.0757182197e+14  3.9867809305e+14  0.0000000000e+00  0.0000000000e+00  -1.6282936401e+14  5.2638875108e+14  0.0000000000e+00  0.0000000000e+00  -8.8515777045e+14  4.3469090211e+14  0.0000000000e+00  0.0000000000e+00  
6.7999992371e+00  -6.9208267003e+14  7.8962516916e+14  0.0000000000e+00  0.0000000000e+00  1.0096000988e+15  8.0825252317e+14  0.0000000000e+00  0.0000000000e+00  -5.5217127605e+14  6.3301211852e+14  0.0000000000e+00  0.0000000000e+00  -7.6525002648e+14  4.5803878371e+14  0.0000000000e+00  0.0000000000e+00  -6.6998962399e+14  6.9946609850e+14  0.0000000000e+00  0.0000000000e+00  -8.4464103566e+14  1.0568742657e+15  0.0000000000e+00  0.0000000000e+00  
6.8999972343e+00  1.1251366776e+14  3.6772455455e+14  0.0000000000e+00  0.0000000000e+00  6.3307756752e+14  4.1607069970e+14  0.0000000000e+00  0.0000000000e+00  -3.4528508931e+14  4.5043080899e+14  0.0000000000e+00  0.0000000000e+00  -2.6081248577e+14  5.1327056537e+14  0.0000000000e+00  0.0000000000e+00  -4.2691118370e+14  4.5614178350e+14  0.0000000000e+00  0.0000000000e+00  -9.3951048144e+14  8.2358333334e+14  0.0000000000e+00  0.0000000000e+00  
