#eta  rn(eta)  rn_err(eta)  rnn(eta)  rnn_err(eta)
-6.9974913597e+00  0.0000000000e+00  0.0000000000e+00  0.0000000000e+00  0.0000000000e+00  0.0000000000e+00  0.0000000000e+00  0.0000000000e+00  0.0000000000e+00  0.0000000000e+00  0.0000000000e+00  0.0000000000e+00  0.0000000000e+00  0.0000000000e+00  0.0000000000e+00  0.0000000000e+00  0.0000000000e+00  0.0000000000e+00  0.0000000000e+00  0.0000000000e+00  0.0000000000e+00  0.0000000000e+00  0.0000000000e+00  0.0000000000e+00  0.0000000000e+00  
-6.8873367310e+00  0.0000000000e+00  0.0000000000e+00  0.0000000000e+00  0.0000000000e+00  0.0000000000e+00  0.0000000000e+00  0.0000000000e+00  0.0000000000e+00  0.0000000000e+00  0.0000000000e+00  0.0000000000e+00  0.0000000000e+00  0.0000000000e+00  0.0000000000e+00  0.0000000000e+00  0.0000000000e+00  0.0000000000e+00  0.0000000000e+00  0.0000000000e+00  0.0000000000e+00  0.0000000000e+00  0.0000000000e+00  0.0000000000e+00  0.0000000000e+00  
-6.7873749733e+00  0.0000000000e+00  0.0000000000e+00  0.0000000000e+00  0.0000000000e+00  0.0000000000e+00  0.0000000000e+00  0.0000000000e+00  0.0000000000e+00  0.0000000000e+00  0.0000000000e+00  0.0000000000e+00  0.0000000000e+00  0.0000000000e+00  0.0000000000e+00  0.0000000000e+00  0.0000000000e+00  0.0000000000e+00  0.0000000000e+00  0.0000000000e+00  0.0000000000e+00  0.0000000000e+00  0.0000000000e+00  0.0000000000e+00  0.0000000000e+00  
-6.6866307259e+00  0.0000000000e+00  0.0000000000e+00  0.0000000000e+00  0.0000000000e+00  0.0000000000e+00  0.0000000000e+00  0.0000000000e+00  0.0000000000e+00  0.0000000000e+00  0.0000000000e+00  0.0000000000e+00  0.0000000000e+00  0.0000000000e+00  0.0000000000e+00  0.0000000000e+00  0.0000000000e+00  0.0000000000e+00  0.0000000000e+00  0.0000000000e+00  0.0000000000e+00  0.0000000000e+00  0.0000000000e+00  0.0000000000e+00  0.0000000000e+00  
-6.5812282562e+00  0.0000000000e+00  0.0000000000e+00  0.0000000000e+00  0.0000000000e+00  0.0000000000e+00  0.0000000000e+00  0.0000000000e+00  0.0000000000e+00  0.0000000000e+00  0.0000000000e+00  0.0000000000e+00  0.0000000000e+00  0.0000000000e+00  0.0000000000e+00  0.0000000000e+00  0.0000000000e+00  0.0000000000e+00  0.0000000000e+00  0.0000000000e+00  0.0000000000e+00  0.0000000000e+00  0.0000000000e+00  0.0000000000e+00  0.0000000000e+00  
-6.4783167839e+00  0.0000000000e+00  0.0000000000e+00  0.0000000000e+00  0.0000000000e+00  0.0000000000e+00  0.0000000000e+00  0.0000000000e+00  0.0000000000e+00  0.0000000000e+00  0.0000000000e+00  0.0000000000e+00  0.0000000000e+00  0.0000000000e+00  0.0000000000e+00  0.0000000000e+00  0.0000000000e+00  0.0000000000e+00  0.0000000000e+00  0.0000000000e+00  0.0000000000e+00  0.0000000000e+00  0.0000000000e+00  0.0000000000e+00  0.0000000000e+00  
-6.3778400421e+00  0.0000000000e+00  0.0000000000e+00  0.0000000000e+00  0.0000000000e+00  0.0000000000e+00  0.0000000000e+00  0.0000000000e+00  0.0000000000e+00  0.0000000000e+00  0.0000000000e+00  0.0000000000e+00  0.0000000000e+00  0.0000000000e+00  0.0000000000e+00  0.0000000000e+00  0.0000000000e+00  0.0000000000e+00  0.0000000000e+00  0.0000000000e+00  0.0000000000e+00  0.0000000000e+00  0.0000000000e+00  0.0000000000e+00  0.0000000000e+00  
-6.2730898857e+00  -3.4957075632e-02  5.1002634166e-02  1.0336917392e-01  1.0336917392e-01  -5.2886785213e-01  4.9418624784e+01  -9.6256367037e-01  9.6256367037e-01  -1.3247943888e-02  1.6992027378e-02  2.5897510389e-01  2.5897510389e-01  6.8634350357e-04  1.2097264348e+00  1.5603991318e+00  1.5603991318e+00  -1.1359208581e-01  1.5201002909e-01  8.4181206448e-01  8.4181206448e-01  -2.3223527187e-01  7.4836926648e+00  -9.0293963852e-01  9.0293963852e-01  
-6.1719779968e+00  -4.1568992041e-01  3.6151595606e+00  2.0566018316e+00  2.9453593039e+00  6.0184158789e-02  9.2675139078e-02  8.8542846534e-01  3.9868203387e+00  -1.7530478031e-01  2.7459543194e-01  9.3031543630e-01  2.8615214836e+00  1.1115784449e-01  3.1255771834e+00  -8.2382561442e+00  4.8088932812e+01  1.7222013453e-01  1.7416382295e-01  1.0756612951e+00  8.7541900903e-02  1.9364230976e-01  4.7705417432e-01  1.7275071310e+00  2.9302763373e-02  
-6.0686888695e+00  -6.2082046754e-02  4.7972423983e-01  4.4699769388e-01  2.4238194210e+00  1.4342689047e-01  1.9629306720e-01  -3.4050121506e-01  4.7951945851e-01  1.4095475440e-01  4.3916581483e+00  -7.2056554906e+00  1.1290357965e+01  -2.0946932322e-02  5.2652563028e-02  -1.6722139695e+01  2.8002501472e+01  1.3287531129e+00  2.7485466615e+01  1.6640485650e-01  4.9982608135e+00  5.1963797628e-02  2.8221509259e-01  -4.2553700191e+00  8.1732922930e+00  
-5.9607472420e+00  1.2889890181e+00  3.4588409350e+01  1.8560759529e+00  1.7284030110e+00  -8.9770164961e-02  1.3895483115e-01  -1.1948322936e+00  3.7105490338e-01  1.9051686024e+00  5.9683278650e+01  -1.7707427808e+00  4.0573149090e+00  7.6828756100e-02  1.5066880769e+00  -3.9137279587e-01  1.6337627894e+00  1.0182358697e-01  1.0145394662e-01  9.0824707803e-01  3.7852798946e+00  -4.4776848336e-01  3.0302877454e+01  -1.6598821936e+00  2.6428486490e+00  
-5.8568558693e+00  9.8440296480e-01  2.7515728336e+01  2.0431537659e-01  3.1533520420e-01  1.8335118258e-01  3.7982460982e-01  6.4488657658e-01  1.2533178154e+00  1.0878357676e+01  4.8449842109e+02  7.3348950381e-01  1.9449696943e+00  -1.5513403226e+00  2.3905041195e+01  -7.3902711880e-01  3.1505126671e-01  1.8944593399e-02  3.0168180328e-01  3.4758234108e-01  4.7916314121e-01  1.5173549479e-02  5.3703132732e-02  -5.7157969455e-01  1.9998933201e+00  
-5.7549586296e+00  -1.4368796674e+00  5.3302589298e+01  2.1218382590e+00  4.9699041331e+00  7.8042447246e-01  1.7768310023e+01  -2.3563965542e+00  6.0195599681e+00  2.7927686181e+00  1.5165967245e+02  -1.2608503405e-01  1.7400448356e+00  -2.0057397972e-02  2.2423994729e-02  1.2259211113e+01  2.7717163847e+01  -5.1942611350e-02  1.1785381971e-01  -6.2422829902e-01  3.2893795333e+00  -3.5338471001e-01  2.2005039436e+01  5.3808644265e-01  1.6262753834e+00  
-5.6487236023e+00  -3.6267957457e-02  1.9056196592e-01  1.0607876645e-02  7.7780473016e-01  1.9136023644e-01  3.5120016945e-01  -2.3234606291e+00  1.2672251716e+01  3.1701639132e-01  1.1611255191e+01  1.6535690240e-01  5.8215892702e-01  -8.1717708635e-02  5.3182425602e-02  8.5688268210e-01  5.0767914583e+00  3.5548161069e-01  2.4970666746e+00  2.8177478064e+00  7.4204196347e+00  1.4880916334e-01  2.7428684706e-01  -2.5302747467e+00  6.3890677930e+00  
-5.5481257439e+00  8.6782731255e-02  1.5080421482e-01  -9.5749968357e-01  4.8584512570e+00  2.7502094726e-01  2.8220459535e+00  -5.3368697564e+00  1.2645807732e+01  1.4797088998e-02  1.7118942616e-01  5.5171717497e-01  4.4528048772e-01  9.1357623811e-02  1.2609905337e+00  3.1594008304e-01  1.9964362692e-01  3.2479616519e-02  4.6695603497e-02  -5.1423269718e+00  2.3100897262e+01  8.7241221932e-02  1.5615162231e-01  -7.0070695436e-02  1.0641592139e+01  
-5.4475307465e+00  8.4376566929e-03  6.4275867416e-01  -4.5808126588e-01  7.9864948390e-01  7.2103635828e+00  3.4843505395e+02  1.6548927779e-01  1.4679697059e+00  -9.2542736649e-02  1.2030627160e+00  4.7085145581e-01  2.3838962398e+00  3.7382809785e-01  7.8346684190e+00  3.8539281011e-02  1.1927785623e+00  -2.1285248737e-01  7.1359932872e-01  3.0890085944e+00  1.2789670221e+01  2.0862949385e-01  2.4598911017e-01  5.9143739260e-01  4.9322999178e-01  
-5.3473529816e+00  -9.4439357190e-02  1.0114221013e-01  -1.1843371211e+00  3.0552618028e+00  1.0373474297e+00  3.7038732769e+01  1.9329798626e+00  1.4031165118e+01  -2.7997675198e-02  7.6303815919e-02  4.3546379713e+02  1.5959773123e+03  -1.6664015579e-02  2.5542949376e-01  1.3413808027e+01  7.6257320029e+01  -4.7315175181e-02  9.1779061868e-02  2.1224153346e+01  5.9378599780e+02  2.8565683617e+00  1.5596550451e+02  6.8419108816e-01  1.7287367045e+01  
-5.2476582527e+00  -6.6572067732e-02  1.2280146150e-01  9.5371874535e+00  1.6282662268e+02  1.3672861764e-02  5.8229064587e-02  -8.2886764615e-01  9.7849093743e-01  -1.9398214010e-01  3.7451139422e-01  -1.6782670233e-01  6.7090093939e+00  -7.6306351358e-02  3.8517103072e-02  2.3225014282e+00  4.1758356647e+00  1.3136549755e-01  1.9093780813e-01  -4.0398641626e-01  1.4829273129e+00  -1.3786926694e-01  2.4411994385e+00  4.4030477526e+00  8.6694291335e+00  
-5.1481795311e+00  -6.1637722333e-03  6.4172314669e-02  -1.0992956577e+01  1.7994315127e+02  -7.3375778606e-02  1.9135151497e-01  1.9669785394e+00  1.0946724375e+01  1.3928057806e-01  3.2646086084e+00  4.0024958322e-01  1.8729923135e+00  -2.5467277226e-02  8.2774833958e-02  -2.0547586964e+00  1.5506338435e+01  7.2415689345e+00  2.0710243521e+02  7.2343006950e-01  9.2624962655e-01  -1.0846182820e-01  1.3351971738e-01  -3.6420919119e-01  5.8979523108e+00  
-5.0485401154e+00  2.5667920528e-01  2.4174355123e-01  8.8872144397e-01  1.0584555453e+00  7.8860330173e-03  1.3020388541e-01  9.0518261274e-01  9.1310627148e-01  -4.5788019490e-01  1.1273114521e+00  -4.8290486364e+00  1.3623058637e+02  -5.3749504473e-03  1.0615518634e-01  5.1865431465e-01  7.8962545429e-01  -9.9894780557e-02  2.0245563336e-01  -2.0311267572e-01  1.0838784486e+00  2.3082332829e-01  2.5286961110e-01  6.3679111411e-01  5.5699152871e-01  
-4.9480986595e+00  -4.8664466991e-02  7.0053285518e-02  2.8904503155e-01  1.8930117040e+00  -1.5806656725e+00  1.3166615145e+02  -1.1522581453e+00  5.8074481418e+00  2.6283061366e-02  1.0821989466e-01  -1.8527735503e+00  6.5393940626e+00  -4.4294334637e+00  1.3472657644e+02  -2.0145367548e-01  3.2288116944e+01  1.0243490416e-01  2.3909125431e+01  -3.1285410831e-02  9.8687234524e-01  -3.5187548525e-02  7.5776487334e-02  5.5603713719e-02  6.6387484568e-01  
-4.8488340378e+00  1.8092686049e-02  4.3298558267e-01  -1.2938282646e+00  7.1348652685e-01  -3.3384929092e-02  4.9942404226e-02  1.3240551817e+00  3.5302012833e+00  1.5107759362e-01  1.8317737381e-01  3.1915338417e+00  3.1362691507e+01  -6.5708985400e-01  1.2873858050e+00  -2.2719876143e+00  2.5025962961e+01  1.2531310134e+00  7.5367104751e+01  1.4098650557e+00  3.1986312569e+00  4.3461199974e-02  7.1612522091e-02  -2.3247967240e-01  6.6340472983e-01  
-4.7486424446e+00  7.0623258907e-02  5.0490150283e-01  -1.3749383455e+00  1.4574972113e+00  1.7534802706e-01  1.3022893979e+00  -5.6873932502e-01  5.3748437826e-01  -1.8142089220e-01  1.5379690338e+00  -2.2920647649e+00  2.1013799659e+01  1.9402492499e-01  1.6775421175e-01  2.5808650347e+00  1.4737256310e+01  -7.9748272263e+00  2.1644217408e+02  2.8168042513e+00  9.6767114515e+01  -5.5931295950e-01  1.7014234306e+01  -2.3697926762e-02  1.2425749194e+00  
-4.6489119530e+00  3.6093746265e-01  1.7984224506e+00  -5.7728274242e-01  8.6660823704e-01  -4.9640304991e-02  4.1670411289e-01  -6.5507135150e-01  2.0529056182e+01  1.1826287485e-02  4.0231353108e-01  6.0334474002e-01  7.7076155900e+00  -3.3275554834e-01  9.5967650144e-01  3.4507545162e-02  6.3565272757e-01  6.5873961165e-02  5.6648684034e-01  5.0260080351e-01  3.3190093113e-01  -3.2641127252e-02  2.2158903682e-01  -4.7463720632e-02  6.0827217806e-01  
-4.5491247177e+00  1.3568494602e-01  1.9332459840e+00  6.8257581309e-01  5.4614151401e+01  3.5837099886e-01  4.5025669425e+00  1.5378742190e-01  3.7239262735e-01  -1.4243475318e-01  4.0625300769e-01  -6.1262924384e-01  1.2934078879e+00  -4.3389167723e+00  1.4055796353e+02  -2.0938360776e-01  7.4226195592e-01  -1.7050685722e-01  4.2575550809e-01  5.1940316320e-01  8.7490075810e+00  -4.1078588287e-01  2.0253415882e+00  4.0730319473e-01  4.8795770318e-01  
-4.4494242668e+00  1.4786118354e-01  7.4426149397e-01  -9.8104407921e-01  1.0357420072e+01  -7.9740311339e-01  1.6686605234e+01  -7.1302214748e-02  2.4755135929e+01  -7.9612551669e-03  1.9047179828e-01  2.3571161706e-01  5.8907063759e-01  -2.6958175344e-01  5.4737933527e-01  -3.0089738991e-01  5.6584791342e+00  -1.7311058157e-02  1.9916010963e-01  1.7990304633e+01  7.8303155520e+02  3.8911409534e-01  8.3305993446e+00  2.5240626571e+00  2.6946324305e+00  
-4.3500299454e+00  5.6766996919e-02  7.0470585951e-02  1.3451909149e+00  2.0415212027e+00  4.9038851367e-02  7.1081587869e-02  1.0119968194e-01  2.1481704387e+00  -2.9485769042e-02  2.0179515040e+00  -1.0220413381e+00  3.5767383811e+00  2.4930072769e-01  2.7499292558e+00  -7.7824311228e-01  1.7303095595e+00  -2.5952598697e-01  5.5398866249e-01  -3.0144228015e+00  4.1393929571e+01  2.0814848564e-02  1.2421640524e-01  -3.7945471426e+00  1.8653390158e+01  
-4.2496123314e+00  1.1763234621e-01  1.2208074903e-01  -5.7916639663e-01  2.5745139813e+01  -1.9260843550e-02  1.2654645197e-01  -7.4752399894e-01  2.0892670522e+00  -1.3886011491e-01  2.2932284664e-01  -2.2460562868e+00  1.5536839676e+00  1.2852220138e+00  2.8712079811e+01  1.2452964822e+00  6.0846936116e+00  6.9719938675e-02  1.1159969451e-01  1.0537915380e+00  1.9985729122e+00  3.1643202770e-02  4.5951892301e-01  3.2904298729e-01  3.9520283179e-01  
-4.1498303413e+00  5.1221666780e-02  1.3655761145e-01  4.7623527262e+00  1.2169056367e+01  2.1229108738e-02  6.5347168631e-02  -3.9230173484e-01  1.2319817314e+00  4.6356254281e-01  1.5875562935e+00  1.8670593259e-01  1.8948162722e+00  -2.1779073978e-02  9.9450489477e-02  1.0770322216e+00  1.0600650039e+00  4.9492483076e-01  3.1446426506e+00  -4.3276917202e+00  5.0113184195e+02  -3.1024435137e-01  1.2433687109e+00  -2.0037200213e-01  1.5779709174e+00  
-4.0499434471e+00  -5.2897867162e-03  3.3419310511e-02  1.4037983181e-01  6.4763609457e-01  1.3116338049e-01  2.6726956438e-01  1.9330897954e+00  2.0471344561e+00  -9.2207457235e-02  2.5270334220e-01  -2.4510325007e-01  8.7696288606e-01  4.2462715548e-03  1.4330805150e-01  1.0705015356e+00  4.2430407432e+00  3.6033252379e-01  3.3706057311e+01  1.0828164698e-01  2.2920874833e+00  -2.7093430674e-01  7.7832834178e-01  1.4600222331e+00  2.3948986940e+00  
-3.9498598576e+00  -6.7763923487e-02  8.3826883973e-02  -2.8259803599e+00  4.6378158535e+00  -1.8581335885e+00  6.3765801826e+01  5.4219797969e-01  5.0836691917e-01  -4.9682802643e-01  7.6283022466e-01  2.3244990235e-01  9.1390720323e-01  -6.2464303904e-01  9.7236128365e+00  1.0856477150e+00  1.6310725374e+00  -9.2633135497e-02  9.7667709496e-02  5.2698802100e-01  4.0675088690e-01  -5.8883870022e-01  1.0858243784e+00  -2.9165796073e+00  3.1531296713e+01  
-3.8500182629e+00  -4.4652359294e-01  5.3672806721e-01  -3.1908316247e+00  5.7962743977e+01  -3.4610717148e+00  9.8642982707e+01  1.4655624088e+00  1.5575767155e+02  2.0248389638e-01  6.9525647416e-01  4.6149417681e-01  8.5203070260e+00  2.1006262320e+01  5.7235078071e+02  1.8470687188e+01  5.3244570087e+02  -1.6414190048e-01  5.0393749010e+00  -1.8109220954e-02  6.6829188563e-01  -4.7079027921e-01  5.5211943504e-01  1.4963205592e+00  5.1677974821e+00  
-3.7501964569e+00  -1.4747864930e-01  4.6291182367e-02  -1.3149979731e+00  2.7480478374e+00  5.0442133562e-01  4.4991713420e-01  1.9280226616e+00  2.3472900143e+00  2.5625111712e+00  5.7689934648e+01  2.0502627265e+01  1.3184533781e+03  -2.2142265731e+00  7.7641080452e+01  -9.2865015725e-01  1.3541685630e+00  5.0606771985e-02  5.0820881880e+01  -6.0149089753e-01  2.8512067521e+00  -1.8362766571e+00  2.3652955104e+01  -9.9825413632e+00  1.0187152994e+02  
-3.6501882076e+00  -2.2112628300e-01  1.9961399760e-01  1.3953910133e+00  3.0169279332e+00  -5.4135678756e-01  3.2607190606e-01  2.7246858277e+00  3.7340079278e+00  3.1092483761e-01  2.1017895019e+00  -2.1199436517e+00  6.3393342773e+00  4.0406209994e-01  3.6013308607e-01  -8.1852033722e-01  8.0122531062e-01  3.9552679335e+00  8.7608706527e+01  1.8842824199e+00  1.7911677733e+00  -1.8923402481e-01  6.0521221302e-01  -9.3311497594e-01  9.0165644097e+00  
-3.5500965118e+00  2.7821644401e-01  7.6489306737e-01  3.5237239985e+00  1.5003470346e+01  -3.9727573142e+00  2.5430238932e+02  -2.3199911233e+00  2.4048144753e+01  -8.2922828491e+00  1.8287682451e+02  -1.9609125971e-02  1.0653210519e+00  4.4864056878e-01  3.2624174483e-01  -3.2388779019e-01  6.8095282834e-01  1.8072781010e-01  2.1408623827e-01  9.8253092070e-01  6.7063849858e-01  -4.6543914419e-01  4.1230049401e-01  3.2299264828e-01  1.1691142729e+00  
-3.4499895573e+00  -1.4900984705e-01  8.8949792964e-01  2.5233017246e+00  3.8309898051e+00  1.1771418063e-01  2.9456138983e+01  -1.1007569423e+01  9.3460994568e+01  6.8145745943e-01  6.3837664183e-01  -1.2001134076e-01  8.6067535764e-01  -5.5225464213e-01  5.7966968162e-01  -2.5930027049e+00  1.7337501365e+01  -1.9701571966e-01  1.4308607331e-01  -2.6000623186e+00  2.1003074950e+01  -9.1261887485e-01  9.0436943024e-01  1.8215540506e+00  1.0421000850e+00  
-3.3499841690e+00  2.4197878259e-01  3.4310728428e-01  -1.9577098456e-01  4.6611643715e-01  -7.7245244456e+01  2.5894912712e+03  -9.6837619737e+00  9.0310489754e+01  1.1070488834e+00  1.7133603975e+00  1.2892413315e+00  6.6000596857e+00  -7.2464671401e-01  3.6989360163e+00  -6.7454944145e-01  4.8041952723e-01  -7.5795422898e-01  2.1042963817e+01  -9.3359613705e-01  2.2354924564e+00  1.9750467549e-01  1.0928529780e-01  4.5538806504e+00  3.5458379762e+01  
-3.2501080036e+00  7.3169634588e-01  2.0199082174e+00  -2.3425822915e+00  2.4178956363e+01  8.9890312076e+00  1.9599925761e+02  2.2533466905e+00  3.7036314062e+00  -1.2798407556e+00  4.6739317431e+00  -1.3668209581e+00  2.6936336409e+00  -5.6839173675e-01  3.4874987732e-01  -4.3265180908e-02  4.6513993223e-01  -1.3015106750e-01  1.0282449255e-01  9.2421977589e-01  1.5628345252e+00  -5.0904574991e-01  3.1321906722e+00  4.8106688499e-01  1.5698813022e+00  
-3.1504261494e+00  -5.3283251347e+00  4.8102444746e+01  -6.1851274898e+01  4.1733201433e+03  -8.0993709973e+01  4.4404848693e+03  -2.1057686466e+01  1.5092372624e+03  1.0404701978e+00  3.3382927848e+00  8.4474987981e-01  9.5859672092e+00  1.0023290431e+00  6.9964848191e-01  -2.7262038840e-01  9.6901061069e-01  2.1578083671e+00  6.8344494976e+00  -3.7795491021e-01  4.5405645528e-01  1.1050887392e+00  1.7441627444e+00  3.9841425199e-01  4.2807583204e-01  
-3.0498855114e+00  1.6957171984e+00  6.3710996746e+00  -1.2334759780e+01  3.0561698074e+02  -5.8947516864e-01  6.2612948272e-01  1.6897168650e+00  1.3511825564e+00  7.0808146163e+00  3.9763681959e+02  3.7134987831e+01  1.3856000670e+03  1.2277950139e+00  2.6520948803e+00  -2.5359604591e-01  1.3134462759e+00  3.4742478007e+00  9.4465147573e+01  -2.6414252606e-01  8.1731176875e-01  -2.2140420575e+00  7.2499557185e+00  -1.6913669697e+00  1.7946031423e+00  
-2.9501926899e+00  5.0852741909e+00  2.6182198023e+01  -2.4212778417e+00  2.0102768772e+00  -7.7505063708e-01  8.9787290364e-01  -1.0698159410e+00  2.4010117211e+00  1.5808063420e+00  5.1996767179e+00  -9.4483205086e-01  1.0582521802e+00  -1.7030462535e+00  3.1079392430e+00  -4.6143460140e-01  1.4486930306e+00  -6.6013390116e-01  4.1807792549e-01  1.1514665936e+00  1.3172612140e+00  -2.7168772590e+00  1.3098797051e+02  -9.0947461903e+00  3.8213280453e+01  
-2.8498675823e+00  1.5244630558e+00  1.9596708804e+00  8.5143541363e+00  4.3342605794e+01  -1.0664712549e+00  4.1356005823e+00  5.0996254010e+00  4.5111238391e+01  1.1437988426e+00  1.0084431001e+00  -2.9148533930e+00  7.2494829796e+00  1.1522957915e+00  3.2245082874e+00  -3.1644228299e+00  2.0995592778e+01  1.0786368715e+00  1.8051049212e+00  5.4832579510e-01  6.4052976553e-01  -7.6527865449e-01  1.4104511416e+00  5.7249113416e-01  4.1613737342e-01  
-2.7502458096e+00  1.5600527185e+01  4.7212869220e+02  -1.4916488199e+00  2.6502094792e+00  -8.0768910054e-01  6.2012943869e-01  -1.1898361164e+01  4.7112512599e+02  -2.4328986315e+00  4.7671998737e+00  -1.8522765164e+00  2.3060317603e+00  -5.7428862607e-01  5.1751531467e-01  -1.6791708935e+01  6.1999873842e+02  1.1386306360e+00  2.5433538070e+00  2.2051631403e-01  3.9676898846e-01  2.6104606129e+00  1.1773528802e+01  3.4033447395e-01  5.8020832942e-01  
-2.6502490044e+00  1.7445089537e+00  1.6181754269e+00  -1.3642952017e+00  3.4426564855e+00  -7.5400050059e+00  1.4007176315e+02  2.0758904962e+00  3.5586200030e+00  8.6470183771e-01  3.4187369412e-01  -1.2508343641e+00  4.3238624411e-01  1.1490547138e+00  6.5311616975e-01  7.9259747408e-01  1.3738399126e+00  5.7611354560e+00  4.8749206071e+01  9.2009849214e-01  3.8467933890e+00  4.9883788249e+00  2.7022278651e+01  3.0109033881e+00  3.9458785049e+00  
-2.5505788326e+00  5.4234513803e-01  2.5996528144e-01  1.0376136082e+00  2.3454204105e+01  -1.5653292096e+00  1.2163367872e+02  2.9894746650e+00  8.2086815532e+00  5.4532456693e+00  2.2164613206e+01  -4.2587966672e+00  4.6931298286e+01  4.2596874477e-01  4.8966697676e-01  2.8689229878e-01  1.0333092839e+00  2.2488836930e+00  4.1660561400e+00  -2.3787672712e+00  9.7144591604e+00  -2.0836289858e+00  4.3653804121e+00  1.1953087937e+00  9.2207399874e-01  
-2.4502580166e+00  7.7362659918e-01  5.4375784126e-01  8.3609317594e-01  1.5934610766e+00  2.2955589336e+00  3.4134291813e+00  -3.4279487679e+00  2.3641913267e+01  -1.4079168901e+00  1.4235526443e+00  -5.8273738398e+00  5.5901609668e+01  -9.4887625898e+00  2.0924729423e+02  4.7582994973e+00  4.0386582267e+01  -2.9984828200e+00  6.3433960812e+00  -5.5747365323e-01  7.8036565108e-01  1.2907768503e+00  8.2171532580e-01  6.8818323821e+00  3.1379099783e+02  
-2.3503954411e+00  5.5145476651e-01  3.5784266559e-01  1.2951612683e+00  2.5116771087e+00  4.4448674619e-01  3.9632939398e-01  9.5794751880e-01  9.8932590078e+00  1.8297228437e+00  5.0814273301e+00  -1.7712290932e+00  2.3708242997e+00  2.0247912185e+00  8.3248129643e+01  -6.1888326862e-01  7.9874169300e-01  -9.5892889197e-01  1.0991826113e+00  -1.7360501504e-01  1.1675706377e+01  -6.6103635858e+00  4.7801042702e+01  1.7471017774e+00  8.3985962477e+00  
-2.2501771450e+00  2.2833913873e-01  1.7476228250e-01  1.1092889957e+00  6.4216072291e+00  4.3429600824e-01  4.0052022305e-01  -6.3606164380e+00  5.8584927844e+01  7.4629348047e-01  4.1555805223e+00  -9.3853429885e+00  9.1910695323e+01  -9.1939501364e-02  3.6839648384e-01  -9.0047084565e-01  2.5992700055e+02  -4.6422487064e-01  3.4254661802e-01  1.2092536266e+00  7.0475343409e+00  -4.1685366628e-02  3.3818886020e-01  -8.8182845487e-01  9.5496406956e+00  
-2.1501748562e+00  4.7369533358e-01  4.8822798119e-01  5.3588679971e+00  5.3038550743e+01  3.1869461374e-01  2.0911746430e-01  8.7405754883e-01  5.3999936396e-01  -3.7373808591e-01  4.2115482565e-01  -1.1246197922e+00  2.1645845171e+00  -8.1661173112e-01  7.3013804025e-01  1.6370280376e+00  1.1221928587e+01  -7.7616359710e-01  5.9668488616e+00  -1.4924474178e+00  2.1480064249e+00  -1.6763223350e+00  7.0530832507e+00  1.3249163462e+02  5.1894495379e+03  
-2.0502653122e+00  1.1825938885e+00  1.4041657201e+00  -3.0924992946e+01  1.5525856942e+03  -7.2179885628e+00  1.3500242757e+02  -1.2865958148e+00  4.6063164632e+00  -4.6974389469e-02  4.2127756975e-01  -1.4600656496e+00  1.5596243105e+00  -5.4351814854e+00  9.1621917116e+01  3.8772585394e-01  5.7906775563e-01  4.8137581304e+00  9.7104037858e+01  -1.5964168147e+00  2.9837943480e+00  3.9417301471e+00  6.9451043512e+01  9.1673723778e-01  9.8973972281e-01  
-1.9504345655e+00  5.6612464830e-01  5.4735643874e-01  2.2633967339e-01  8.5244180112e-01  6.1878374355e-01  5.6524478154e-01  -8.3753034549e-01  1.3700834265e+00  3.2552748337e-01  7.6716956879e-01  3.5856276905e+00  1.7825641785e+01  2.9684458850e-01  1.2502548970e+01  1.2351438682e+02  2.7768103744e+03  -1.7508377990e+00  9.0771218150e+00  -1.7070013277e+00  3.2110563319e+00  -4.8522320261e-01  4.2327293877e-01  -1.8110271653e-01  8.2260156302e-01  
-1.8498100042e+00  3.6201807759e-02  2.2046329891e-01  -5.1765694109e-01  4.3794583378e+00  8.3360880055e-01  6.6534395375e-01  -1.8228644839e+00  2.4795141512e+00  1.0118131868e+01  3.5819552508e+02  7.0576563901e-02  1.0052128361e+00  4.6000425269e-01  1.8764057272e+00  4.5459746506e+00  8.8287370870e+01  1.2681856603e+00  6.5594606190e+00  -1.4217295048e+00  1.5188978304e+00  -9.2186337368e-01  5.8716843299e-01  1.6003986070e+00  2.3444554506e+01  
-1.7504543066e+00  9.7766614456e-02  1.1607634117e+00  2.8432328046e-01  7.0977399158e-01  1.8886860475e-01  2.5528324980e-01  1.2902076332e+00  2.8450125246e+00  3.6353939739e-01  4.9861813977e-01  -2.3385732279e+00  1.6396241309e+01  1.2729609890e-02  4.5644355913e-01  -9.1422033774e-01  1.8536236503e+00  -1.2494347156e+00  2.5628871141e+01  -9.6659147843e-01  2.2258391338e+00  -1.7448571234e+00  3.9278080802e+01  2.1254474985e+00  2.5975507216e+00  
-1.6504502296e+00  4.4803176804e-01  3.9658482690e-01  -1.3474128601e+01  2.5884823600e+02  5.6398037685e-01  5.0346073814e-01  4.3667482888e-01  5.9692377743e-01  -3.3035888836e+01  9.6342657400e+02  -4.3167035968e+00  4.0900481228e+01  -1.1612032554e-01  7.6405127686e+00  -2.3204142163e+00  8.4894726457e+01  -1.6567444606e-01  3.1993486829e-01  -3.6016911517e-01  6.2338031247e-01  -1.3711211090e+00  1.5685363533e+00  -3.0209211791e+00  5.3874345993e+00  
-1.5503020287e+00  -3.2785498102e-01  5.5740038650e-01  -8.6624896436e-01  7.5682011778e-01  1.0659004299e+00  8.5359566289e-01  6.6155373997e-01  1.0488947313e+00  -1.1439764114e+01  2.6537858194e+02  5.7362487124e-01  6.4160491188e-01  -5.3846901896e-01  6.0511243927e+00  -1.2783829613e+00  2.3391829832e+00  5.3647796440e-01  2.0778743424e+00  -5.7963908000e+01  2.8432190223e+03  5.8241046376e-01  8.9195114075e-01  -5.8650020061e+00  2.2068859446e+01  
-1.4503241777e+00  2.1613289750e-01  7.8149340930e-01  1.0995332392e+00  3.9802703632e+00  7.2685820112e-01  4.1179865764e-01  7.2234979528e+00  1.0042649331e+02  1.6098068445e+00  4.5030240955e+00  1.3106466529e+00  6.5254221478e+00  1.9872768238e+00  8.1770381766e+00  -2.3348922613e+00  1.9335639811e+01  3.4889056710e-01  9.4321042403e-01  7.6028775546e-01  2.8747254600e+00  -2.6152815965e+00  6.1385224671e+00  -5.3479918160e-01  3.1016455882e+01  
-1.3503485918e+00  6.1511955521e-01  1.1620304644e+00  2.5189244302e-01  5.6280004531e+00  7.0635364337e-01  5.6539279146e-01  -1.1568502762e+00  4.0537675176e+01  -2.5611416269e-01  7.9930751427e-01  -2.8602703004e-01  7.0536915625e+00  -4.0516767488e-02  7.8281180186e-01  1.4845314802e+00  2.0142443772e+00  1.3991655838e+00  8.1806521526e+01  -3.3382967456e-01  7.1506681852e-01  2.9172502663e-01  4.9611795940e-01  -3.2186146488e-01  1.3454227049e+00  
-1.2502626181e+00  6.3398405939e-01  1.0430853284e+00  -1.1735909956e+01  8.4253495594e+02  1.4932691031e+00  1.1521687233e+00  1.1805594213e+00  1.6606864574e+00  -1.0907612760e+01  4.1258322363e+02  -2.1820781580e+00  1.7443178141e+00  -6.1399594810e-02  7.5182133846e-01  -1.4897320915e+00  1.6784729510e+00  -2.1561486229e+00  3.2395964804e+01  1.8409456396e+01  3.6842658406e+02  -5.7902903342e-01  6.8874445242e-01  -2.2045891355e-01  6.1822010753e+00  
-1.1505833864e+00  4.3818940883e-01  5.0547049859e-01  1.0278596095e+00  7.4049466821e-01  1.0026063944e+00  3.4775908889e-01  4.6548963856e-01  6.8277468523e-01  6.5333194343e+00  1.5332039013e+02  -6.8761948205e-01  1.2758093025e+00  -5.7461640419e-01  8.9430370282e-01  2.1370497692e+00  1.1280998990e+01  1.3686364589e-01  3.2303005546e-01  3.4062082496e-02  2.5814265499e-01  -6.4922475113e-01  2.6188546624e+00  1.9037297993e-01  8.2399004766e-01  
-1.0502808094e+00  3.0656917827e-01  5.0958347556e-01  1.9100523871e+00  1.8494833472e+00  7.3145352011e-01  3.5322905968e-01  -1.5230020131e-01  7.9148144908e-01  -1.5141663569e+00  2.8542457240e+00  -1.8542012333e-01  5.8880978338e-01  2.7898812187e-01  3.9488643113e-01  -3.0851825426e+00  7.6818846955e+00  -1.3048887816e+01  3.0674323809e+02  -3.2918761521e-01  9.7771282763e-01  2.0612244948e+00  1.2943839491e+01  6.4086844297e-01  5.4488180488e-01  
-9.5032453537e-01  2.0908628917e-01  5.9627163850e-01  -6.1433629652e-01  2.8440287289e+01  3.6513912663e-01  2.0353067416e-01  4.4804748010e+00  7.1753229587e+01  2.9485186836e-01  3.2597143805e-01  1.0288588763e-01  1.2307533751e+01  1.2032356515e-01  5.5052768339e-01  -2.1463958825e+00  1.7376401724e+00  5.1664595559e-01  5.0213097151e+01  -2.0897652050e+00  9.5401171871e+00  1.6212599128e-01  3.3095186037e-01  9.3479036609e-01  1.6772359371e+00  
-8.5050302744e-01  5.4161342909e-01  1.4837224074e+01  2.5393630140e-01  7.4825671774e+01  6.0962077021e-01  5.1032855778e-01  -1.4750495960e-01  1.7984061121e+00  -4.8278094320e-01  2.5507964433e+00  -6.9779827269e-01  1.2345797701e+00  2.9604756538e-01  4.3373967761e-01  -4.2817745384e+00  3.7539080343e+01  -4.6664757556e+00  1.4454022281e+01  -9.5281500895e+00  8.3853343745e+01  -1.0738798487e+00  2.2863869010e+00  -5.8977671773e-01  3.0139054952e+00  
-7.5000435114e-01  -7.1505415844e+01  3.1371850550e+03  -1.6081799069e+00  8.2297713020e+00  5.5579074555e-01  3.5120947713e-01  1.0342384366e+00  1.3716709740e+00  -3.2144751202e+01  2.4936176770e+03  -1.4569810246e+00  1.0155271762e+01  -3.4116239493e+00  1.5606115278e+01  9.1131026266e-01  2.7309989310e+00  -4.0355972680e-01  1.2731501628e+00  -8.5269190173e-01  1.1314372134e+02  1.2120817550e+00  2.7091063529e+00  1.5448898445e+00  1.6552637607e+00  
-6.5021342039e-01  1.1723798063e+00  1.1993374418e+00  -8.5925740518e-01  9.4102053176e-01  5.8270538150e-01  2.2445434011e-01  9.1678618443e-01  1.0362741631e+00  9.2562646060e-01  5.7912565575e+01  -5.0183306289e-01  4.9366035637e+00  3.2201585861e-01  3.9218613334e-01  -4.1149549788e+00  2.9659201972e+02  -1.5102228088e+00  5.8528912331e+01  1.8621649964e-01  6.5235889975e-01  -6.8383923177e-01  6.4412594593e-01  2.1884120867e-01  3.8201932714e-01  
-5.5023413897e-01  4.2653704012e-01  2.2477962363e+00  -1.8192081783e+00  1.6871710314e+02  2.0086571361e+00  1.7665947257e+00  4.7986877906e-01  9.5630085782e-01  -6.4051842869e+00  8.8911440874e+01  8.6994014782e+01  5.0863129680e+03  8.0439972262e+00  8.6325945024e+01  5.3902951129e+00  1.2453992384e+01  2.0601815314e-01  2.3031631124e+00  -4.7698968105e+01  2.0800938730e+03  7.9962568744e-01  9.0099986235e-01  -6.9684807988e+01  1.2526939653e+03  
-4.5053836703e-01  2.2838644869e+00  2.6635216304e+01  -1.9783426243e-01  2.6424588512e+00  3.6998269292e-01  2.2410544312e-01  1.8558595096e-01  1.4897772647e+00  5.1274860928e-01  6.9762857550e-01  -1.8664192752e+00  6.8898021846e+00  1.0955749844e+01  8.1167020547e+02  -2.9878420280e+00  9.8691572039e+01  -3.1717444078e-01  5.5984850273e-01  -8.2201536786e-01  7.1541641985e+00  -3.0920278415e-01  1.7611646623e+02  1.7885675269e-01  2.5115365381e+00  
-3.5008874536e-01  4.9285289406e+00  1.2727048034e+02  2.3176466804e+00  2.2645186190e+00  1.7230273478e+00  9.9101462453e-01  6.3189354486e-01  6.1204796439e+00  -2.2403687248e-01  1.1828048332e+00  -1.9648900501e+00  9.9028018127e+01  -8.5562253437e-02  1.4402094920e+00  -1.6100968021e+00  3.7911721987e+00  -3.5833699383e-01  6.0467695977e-01  -9.3947374124e-02  1.1759103512e+00  -4.6959190516e-01  5.5106960613e+00  1.5153687218e+00  1.1151523561e+00  
-2.5001049042e-01  2.3670143304e-01  4.3627831927e-01  -3.5702567466e-01  1.1503447511e+01  6.6847580550e-01  3.1618987169e-01  1.3725249703e-01  1.8948793413e+00  7.9397036144e-01  1.2088390258e+00  -5.7151044114e-01  8.2860802321e+00  4.1826958561e+01  2.6896681072e+03  1.7457487365e+00  7.6811857861e+00  2.8001821637e-01  2.9603615589e+00  -6.0093268201e-01  1.8695542996e+00  -4.0523580295e-01  5.5093991873e+00  -4.3552204228e+00  3.0215733353e+01  
-1.5042652190e-01  5.1449323740e+00  9.5772489447e+01  7.4634926497e-01  1.0930238167e+00  7.3943054807e-01  3.3231788517e-01  2.5312160774e+00  3.5605594059e+00  -2.7388596232e+00  3.2727310770e+00  8.2378764828e-02  8.4430699000e+00  -1.6890974326e+00  2.0291756184e+02  4.2327837395e-01  7.1345916696e-01  -1.0205633128e+00  1.5841205894e+00  7.3031198918e-01  1.0439892338e+00  2.5914101350e+00  2.6213685387e+01  -2.8967482168e-01  3.7985277825e-01  
-5.0698712468e-02  -5.4513148072e+01  2.4464907318e+03  6.0144786212e-01  1.1603887021e+00  2.8296656431e+00  2.6604633104e+00  3.9317525709e-01  2.1423912051e+00  -1.2150481702e+00  4.2882759820e+00  5.2912692971e-01  2.9588662151e+00  -2.9949094683e-02  9.2510197498e-01  -8.2471449258e+01  4.2074895219e+03  4.1554805864e-01  7.5960228737e-01  1.4532957469e+00  2.0384362744e+00  -2.1142322885e+00  2.6051218435e+01  2.6344765711e-01  1.0880987145e+00  
4.9571778625e-02  1.0000000000e+00  0.0000000000e+00  1.0000000000e+00  0.0000000000e+00  1.0000000000e+00  0.0000000000e+00  1.0000000000e+00  0.0000000000e+00  1.0000000000e+00  0.0000000000e+00  1.0000000000e+00  0.0000000000e+00  1.0000000000e+00  1.6254786135e-14  1.0000000000e+00  0.0000000000e+00  1.0000000000e+00  0.0000000000e+00  1.0000000000e+00  0.0000000000e+00  1.0000000000e+00  2.9066153322e-16  1.0000000000e+00  0.0000000000e+00  
1.4957951009e-01  9.3856143799e-02  8.9257282899e-01  1.1852386234e+00  2.3643572773e+01  3.5990507522e-01  3.4540954903e-01  1.1912870760e+00  5.5534637026e+01  -1.0028069850e+00  4.4710142831e+00  3.3173231220e+00  5.4235373744e+01  4.0839403104e+00  6.3794220421e+02  1.8590922936e-02  4.0071403440e-01  2.6317636257e+00  6.5679834435e+00  7.1242629939e-01  8.9815560447e-01  -4.4849876775e-01  1.2908117616e+00  2.2979715097e+00  8.0172404052e+01  
2.4935759604e-01  3.0601257144e-01  2.2443562380e+00  1.4113557176e+00  2.8734000090e+00  1.3586027289e+00  6.5540307869e-01  4.1129114279e-01  5.9538580803e-01  -3.7633181737e-01  4.6912523517e-01  -9.9947759815e-02  1.3902206183e+02  4.1714813658e-01  1.0460182425e+00  3.1478776749e+00  2.6956523113e+01  -1.0226818271e+00  1.4344003554e+00  1.4282970912e+00  2.2178017774e+00  5.6352293853e-01  2.2939937100e+00  -3.5969113334e+00  5.6565083823e+00  
3.4889948368e-01  4.7781850238e+00  1.6473613831e+01  -1.0030551744e+00  3.3986322936e+01  1.5028953032e+00  6.9439804931e-01  5.5021325110e+00  6.4882344061e+01  1.3157683147e+00  1.8396118326e+00  -1.8314550878e+00  2.1736066747e+01  4.3542303226e-02  9.3572638380e-01  5.2273799502e-01  9.0613415386e-01  -1.1594636138e+01  6.7609317354e+02  -2.0660436862e+00  3.6330644678e+01  -2.9215389577e+00  4.3048250323e+01  -3.2410901176e-01  1.2801440494e+00  
4.4980117679e-01  3.6828210410e-01  1.2009938913e+01  4.3901741460e-01  3.7996786342e-01  5.8418724276e-01  3.1481150238e-01  1.3680649779e+00  3.2876148240e+01  -4.1577115948e+00  1.3710486874e+02  5.6516620116e+00  5.0807309598e+01  -1.9967926479e+01  6.4230090298e+02  -6.4796291751e-01  6.0544755982e-01  -3.7364690870e+00  3.2365673676e+01  -8.2891230794e+00  2.7522409506e+02  1.6139754239e+01  5.9634551999e+02  6.6732038126e-01  4.9224222903e-01  
5.4969990253e-01  3.3644894780e-01  1.4327000565e+00  -1.3232345203e-01  3.1751324049e+02  2.7239249418e+00  1.6518545049e+00  6.4281683283e+00  1.5476286001e+02  2.0297165547e+00  2.9906672898e+00  -5.7424469839e-01  5.4596692079e-01  -3.7411707587e-01  1.2470434951e+00  -1.0198189368e+00  2.7669034627e+01  -3.3425755305e+00  5.5318341757e+00  -2.2646114152e+00  3.7151193052e+01  4.2722753715e-01  1.5790615966e+00  5.2623226907e+00  7.7413755804e+01  
6.4916652441e-01  2.9149514997e+00  6.1385009706e+01  -2.6507557011e-01  1.1015179050e+00  5.0558139566e-01  4.2318847537e-01  1.8313989209e+00  1.7576988038e+01  -2.9971729173e-01  8.7061241386e-01  -3.2608502768e-01  5.7391223097e+00  1.5489398038e-01  1.4922567567e+00  1.7981920223e-01  7.5185863885e-01  7.8067481432e+00  1.0016351995e+02  9.9111042663e-02  9.8858054348e+00  1.2878173578e+00  1.6455352918e+00  -3.0363887313e-02  3.1738154009e-01  
7.4990302324e-01  8.7161247888e-01  8.7988030219e-01  -1.1965045411e+00  1.4673522188e+00  1.7215541017e+00  6.6463426003e-01  1.1120570639e+00  9.5640398972e-01  3.1752382461e+00  1.1084388464e+02  -2.7851253402e+00  8.1917197596e+00  3.2767589425e+00  7.8929604354e+00  -9.7942796377e-02  1.1534379668e+01  -4.1634752330e+00  5.5405698765e+01  6.2708696757e+00  3.6516821168e+01  -1.4872332830e+00  1.2740428880e+00  5.9525688595e+00  5.1845000866e+01  
8.4944969416e-01  4.3348659527e-01  6.4488443262e+00  -8.7600700504e-01  4.8177142033e+00  1.8174955362e+00  1.3940442918e+00  9.9926312145e-01  1.2705404151e+00  -9.5822409564e-02  1.5712425993e+00  3.5053899636e-01  5.5148252944e+01  -2.8516191010e-01  6.8004371183e-01  1.0734612286e+00  3.3359062190e+00  -2.9372570840e+00  8.1102726527e+00  7.1100034260e-01  2.5070054913e+00  9.0478935241e-01  1.9407269414e+00  6.6354655860e-01  7.4310950623e-01  
9.4955897331e-01  6.2100436457e+00  4.9263145750e+01  3.2964781283e-01  7.4064957031e+00  1.6614708851e+00  1.2133408555e+00  1.9730494751e+00  4.8254730087e+02  -2.1426390436e+00  9.4561017383e+01  -1.6496491527e+00  8.9567617703e+00  3.5327134098e+00  5.3694273239e+00  -1.8936644150e-01  9.8582234066e-01  -2.5258303027e-01  6.8405953934e-01  -4.7701557295e-02  3.6122012941e+00  -9.8152501643e-01  1.2809837354e+00  -1.9126773067e+00  1.5301419690e+01  
1.0499085188e+00  7.4734658988e+00  1.2981446246e+02  -8.2766023417e-01  8.0699973781e+00  2.7568976509e+00  1.5573528782e+00  2.7693245757e-01  1.5439180283e+00  3.4769944583e+00  3.8214451437e+00  -2.4625975464e+00  2.1928021491e+02  1.0508315473e+01  1.4168191661e+02  -4.7298204574e-01  4.2477279949e-01  4.9200325185e-01  7.9233602835e+00  -3.4957496788e-01  4.3374579983e+00  6.9388711346e+00  2.0657730521e+01  1.1104641755e+00  1.2028538084e+00  
1.1494435072e+00  3.6071164822e+00  1.2736973121e+01  5.4247546914e-01  1.0483924666e+00  1.3740292436e+00  6.7727795106e-01  -4.5674056360e+00  1.1790935031e+02  -7.1078901521e-01  1.4658758253e+00  -6.6314505466e+00  5.7627890037e+01  3.7678234766e+00  7.1878780940e+00  -3.0806125948e-01  7.4009031260e-01  -1.8503974945e-01  2.3546396786e+00  -7.6384061257e+00  2.2335830531e+02  5.5307030861e-01  2.4770610188e+00  1.5797141641e+00  1.1006804671e+00  
1.2492442131e+00  2.3661711767e+00  3.7953039399e+00  9.8374552511e-01  7.2565546422e-01  9.9999460990e-01  3.5248001674e-01  2.2555870093e+00  3.8966726298e+00  1.3265280312e-01  5.4668820639e-01  -1.3394788388e+00  3.2501015201e+00  -1.8299159283e+00  2.8802441786e+00  7.2669280936e-01  7.2960882887e+00  1.0836815378e+01  1.3639092773e+02  1.6106864501e+01  5.3034485584e+02  -2.1096795208e+00  1.0321942390e+01  4.7124164040e+00  1.8798483892e+02  
1.3492008448e+00  1.6810265816e+00  3.3733462325e+00  -1.5213981673e+00  7.1291145387e+01  6.7917871816e-01  6.0235945261e-01  8.6749066398e-01  7.6655435886e-01  -5.2911785687e-01  1.4002727185e+00  -4.6363408405e-01  3.2593901752e-01  -8.0998469366e+01  3.9899098553e+03  -6.8859073335e-01  8.3063672073e-01  -6.6569965867e-01  1.5036660764e+01  5.4373178733e-02  5.9262961188e-01  -1.7765161077e+00  2.0068877621e+00  -1.9858612851e+00  5.7807026376e+01  
1.4491094351e+00  -2.4367654914e+01  1.2229848432e+03  1.2067680444e+01  3.6431978578e+02  1.4362949599e+00  1.2613956574e+00  -1.8432282814e+01  5.7825802174e+02  -4.2621868350e+00  3.0182665895e+01  -1.2810031621e+00  5.2438721930e+01  -1.4688860708e+01  2.3546473656e+02  7.0174422137e-01  1.1930590064e+00  -7.6910443084e-01  3.3563371806e+01  -3.0468090978e+00  1.6678985062e+01  3.6753096948e+00  7.2480526735e+00  -1.3277822550e+01  8.5450943700e+02  
1.5491542816e+00  4.8363497652e+00  1.5445001682e+01  1.0140139848e+00  1.9486392183e+00  1.3853259335e+00  7.9864097690e-01  6.2591077850e-01  6.4563277073e+01  6.9736157159e-01  1.5260152796e+00  9.1754900159e-01  2.2191958586e+00  5.9556784577e-01  1.3022015375e+00  -6.2230105311e-01  3.8658667954e+00  3.4940305515e+00  1.4373282460e+01  1.0519680285e+00  1.9695553172e+01  -4.1419637361e-01  7.8796414440e-01  -8.0566343241e-01  3.6245321803e+00  
1.6490546465e+00  -3.5015082130e+00  1.6298865675e+01  -1.1726994426e+00  1.0491505179e+00  9.5060422554e-01  7.5133943576e-01  1.9715943335e+00  2.0878593322e+01  -3.8970947159e-01  2.2952949267e+00  1.7917887310e+00  2.2391407954e+00  -6.7029273646e-01  3.8094917938e+01  -7.2045849453e-01  1.7797311851e+00  5.9848779184e+00  1.6442626338e+02  -4.2829834435e-02  2.9334128126e+00  1.7988167171e+00  2.7228834731e+00  -1.8663286609e-01  1.7412402694e+00  
1.7493036985e+00  2.2632067487e+00  1.7438042071e+00  -1.5793561311e-01  1.2772466171e+00  1.8012224743e+00  1.5315342698e+00  2.3974549768e+00  4.0788539530e+00  -1.1555507853e-01  1.4729899031e+00  -1.1707048495e-01  5.2946377123e+00  1.1851780206e+00  1.4911986592e+02  8.5019815181e-01  4.0441426905e+01  -6.9161821116e+00  2.8264734285e+01  6.6599832535e-01  1.6435768540e+02  -7.5255223315e-01  9.9514311400e-01  -3.5195596652e-01  6.1056389809e-01  
1.8496397734e+00  2.4685635890e+01  7.5960694290e+02  2.9031904289e+00  4.0567143479e+01  5.5248971173e+00  8.5061556558e+00  8.3881001701e-01  1.5994937506e+00  2.9006178538e+00  5.6596192492e+00  -6.3683144918e-01  3.3004557529e+00  4.2282216106e+01  1.4740072384e+03  -1.1855372474e+00  3.5684402223e+00  -4.7823742871e-01  2.5266176718e+00  -1.1073143127e+00  1.8587361950e+00  -4.1367344989e-01  9.3598089529e+00  4.8374595983e-01  5.4305306260e-01  
1.9484691620e+00  1.9876163544e+02  7.9281874749e+03  -1.1753593579e+00  4.9961363625e+01  1.2160432627e+00  9.8201716781e-01  -5.6981824876e-01  7.8820369261e-01  6.9768117299e-02  1.9012206701e+00  1.1466011727e+01  2.3148551960e+02  3.1257932596e+00  2.5939388748e+01  3.5283591724e-01  8.4163039453e-01  9.3219556430e-01  1.7896048583e+00  -7.1920962264e-01  7.2597308748e-01  -1.0938869026e+00  6.8091130143e-01  3.0159227860e-01  6.0360628805e+00  
2.0489127636e+00  1.7995607618e+00  1.7137009631e+00  4.3835024834e+00  1.0858480372e+01  1.6360927889e+00  1.0817852888e+00  -1.2422433202e+00  1.6531991789e+00  3.0434455068e+00  1.4883452695e+01  2.5864488443e-01  4.8831644269e-01  1.8462602384e+00  4.0792731286e+00  1.2068855374e-03  5.7814939254e-01  -5.5656597184e-01  1.3237283705e+00  -5.3852590134e-01  2.7384036792e+00  -2.0909082423e+00  1.6557984832e+00  -6.2364098439e+00  2.6129501579e+01  
2.1493802071e+00  8.7034244329e-01  1.0529750878e+00  5.2919775567e-01  1.6602976570e+00  -2.2159795104e-01  1.0784085338e+00  -9.0846000687e-01  2.3406530585e+00  -3.1482300348e+01  6.9727220240e+02  -7.0564411926e-01  1.0903724910e+00  -1.9839323792e-01  1.4591225723e+00  2.7223778396e+00  5.2198244968e+00  1.3894183768e-01  1.3039132398e+00  -6.7096242222e-01  1.4139252381e+00  5.5831951232e-01  2.7256460563e+00  1.1134639957e+00  1.0290343896e+00  
2.2485830784e+00  2.1540708096e+00  2.0547764915e+00  2.2844357290e-01  1.2781929728e+00  3.1667801474e+00  2.0989479916e+00  1.1524972919e+00  6.5572054030e-01  -2.7593716596e+00  3.6790924826e+00  1.3596739592e+00  1.0659708623e+02  -1.2455402925e+00  1.1666131627e+00  7.1726217717e-01  1.0080865255e+00  -1.5940119658e+00  5.9262112425e+00  -7.4734278234e-01  3.3316707279e+00  -7.3074100895e-01  1.8580651664e+00  5.2657590931e-02  8.7149817003e-01  
2.3489959240e+00  4.4283937489e+00  3.1240431726e+00  9.6901761422e-01  2.9438935976e+00  2.3561560154e+00  3.0147490440e+00  -2.5490312422e-01  1.5002999085e+00  1.5331595440e+00  2.2078145801e+00  -8.1378869794e-01  3.1063542140e+01  -1.3547705488e+01  1.3927765451e+02  -1.9887077445e-01  3.3563816218e+00  -2.1788145904e+00  1.6042897497e+00  5.1543489842e-02  4.5605044360e+01  -4.5297695702e+01  7.7998244398e+02  6.5942369216e+00  3.4721904528e+02  
2.4490826130e+00  1.8296698213e+00  1.2072525284e+00  7.1903662032e-01  2.2302849886e+00  2.2876733238e+00  2.0479520589e+00  1.0591480371e+00  3.5196871151e+00  6.1464554763e-01  1.2960406618e+00  -5.7955938060e-01  5.5201673777e-01  1.9320268717e-01  1.8705440703e+00  -1.6708087744e+00  2.2243763713e+00  -1.0682892730e+00  1.0982666877e+00  -3.6742953250e+00  7.1384527335e+02  -2.0271695289e-01  7.7590778317e-01  6.4730897929e-01  9.8525560239e-01  
2.5486238003e+00  1.3054633579e+00  8.7728563152e-01  1.2435051460e+00  1.4108652656e+00  4.5485469836e-01  6.3504082426e-01  -3.6674689252e-01  1.0602023387e+00  -7.2483756686e-01  6.9431513241e-01  -2.2689166041e-01  3.5943968328e-01  -9.7275403752e-02  4.5840564030e-01  1.9675565850e-01  6.0232693711e-01  -3.5953069360e-01  6.3393950694e-01  -1.9811003526e+00  7.9249874055e+00  7.8141257596e-01  4.9794166667e-01  -3.8972065943e+00  3.3278581715e+02  
2.6490697861e+00  1.8519046464e+00  7.9729500239e-01  -3.6742366676e-01  6.9014633965e+01  -2.6728546362e-01  1.0599490369e+00  3.2442062032e-01  8.3277929220e-01  2.2577605265e-01  6.0232614214e-01  -1.8534397907e-01  7.6624428176e-01  2.4080067411e+00  2.6579463219e+00  4.1552059229e+00  1.5010514966e+01  4.6469339566e-01  5.5694760309e-01  -4.3447525398e-01  1.2507040942e+00  -5.3089293511e-01  1.3339532929e+00  8.4592722951e-01  5.8561673685e-01  
2.7480268478e+00  5.8202853312e-01  4.5740465433e-01  -7.4278220876e-01  3.2097129496e+00  -1.3008754617e-01  8.8364532694e-01  5.0532092733e-01  7.0448788614e-01  1.1602365272e+00  4.5188236563e-01  -8.0171625858e-01  3.0986439476e-01  8.7631574948e-01  5.0534154834e-01  1.3038903680e+00  1.2925306491e+00  2.2651728675e-01  7.0916993595e-01  8.2620079657e-01  8.9645257363e+00  2.5320865418e-01  6.6352739850e-01  3.4427409996e-01  4.6239830683e-01  
2.8484573364e+00  1.7092906295e-01  6.5089696531e-01  -7.1876086783e-01  2.0003531654e+00  -1.2533067834e+00  9.4252294659e-01  -3.8965554482e-02  3.3284490914e-01  -4.4379626609e-01  8.5402735582e-01  -5.5239243670e-01  5.0471495830e-01  -1.7708696572e+00  1.6066283036e+00  -3.0519281457e-01  7.3731802078e-01  9.2084232468e-01  1.0376237818e+00  3.9176771002e+00  3.0734477963e+01  3.5624388940e-01  7.1158960467e-01  3.2170118068e+00  9.8359643710e+00  
2.9479701519e+00  6.7260705932e-01  6.5653750696e-01  1.2940997191e-01  4.7554876641e-01  -1.0390975806e+00  1.5953214839e+00  2.4998516254e-01  6.0426009766e-01  8.8671943163e-01  6.8375278935e-01  -3.2046096082e-01  6.5941746102e-01  9.2746541611e-01  1.1160461731e+00  -2.8725118329e-01  7.0240717946e-01  9.8248314207e-01  1.6828418219e+00  1.8884067133e+00  2.8641628441e+00  -1.3934365935e+00  2.4087307071e+00  1.7630838669e+00  1.0761322234e+00  
3.0483367443e+00  2.3098072091e-01  9.1195719474e-01  -4.1912492062e-01  3.6157917144e-01  -1.3213283864e+00  1.3137669051e+00  -9.7869481930e-01  1.0843044161e+00  7.2202973852e-01  1.5384068072e+00  -1.1008627865e+00  2.1110414698e+00  -6.1583452038e-01  8.3397836420e-01  -2.1462321612e+00  1.0246106996e+01  -1.5281003480e+00  9.9882133610e-01  9.1664292561e-01  2.4960551288e+00  -1.4387476062e-01  9.7542978000e-01  -1.2393972230e-01  5.5827865345e-01  
3.1489162445e+00  6.5727691433e-01  1.0085076368e+00  -1.9025966981e-01  1.3653545668e+00  -1.7316523786e+00  1.6481425025e+00  5.9833661206e-01  4.0312868998e-01  2.0007449429e-02  8.7482685998e-01  3.8981570422e-02  9.8215055780e-01  8.7301959525e-01  1.3827401908e+00  -3.3444978301e+00  2.4492659965e+01  1.6194866147e-01  1.1742430395e+00  -3.5315375986e+00  6.5137887730e+00  -5.0760078299e-01  9.6945630788e-01  -6.0514717672e-01  6.5224506438e-01  
3.2479083538e+00  -1.9091401651e-01  8.9617654569e-01  5.7394779291e-02  3.3092730659e+00  1.1870374433e-01  1.7735040017e+00  1.0392876675e-01  7.4358911485e-01  1.0666606703e+00  1.8789564149e+00  1.9678621331e+00  2.1204822379e+01  1.0094787739e+00  8.0838271187e-01  -2.5478749261e+00  7.2469544502e+01  5.1587552566e-01  1.0485467705e+00  -2.8648734504e+00  1.0276793133e+01  9.4877623407e-01  1.4120752831e+00  2.5861742541e+00  3.5887831698e+00  
3.3471746445e+00  1.4900366197e+00  2.5411283220e+00  -5.3888168039e-01  5.6314635783e-01  2.1519765295e-02  2.0505768398e+00  4.6335064992e-01  6.6985331448e-01  -9.2792629906e-01  2.2338528097e+00  -7.5883919317e-01  7.3572100468e-01  -1.7740059099e+00  1.1359398055e+00  7.3610214626e+00  7.0061821297e+02  -7.8087699802e+00  7.7368490442e+00  9.9377602065e-01  3.0413223277e+00  -2.3640288375e+00  9.2188776277e+00  2.3011286046e+00  4.8127047164e+00  
3.4484965801e+00  4.3359663523e+00  7.3859371950e+00  -6.0090483766e+00  7.5713910975e+01  1.3434030171e-02  1.1795165650e+00  -1.0898985340e-01  1.0761092169e+00  9.4595996404e-01  1.4341130689e+00  2.7757687945e-01  3.5907900553e+01  -1.7205335456e+00  6.7565964381e+00  -1.5162861026e+00  2.3532539969e+00  -2.2531020268e+01  1.0314200175e+03  -1.1691059822e+00  2.6905776384e+00  5.0954466082e+00  2.7709516556e+00  2.1234755889e-01  9.6826400427e-01  
3.5474202633e+00  -6.0752346230e+00  1.2765444713e+01  4.2272630857e-01  1.0412565357e+00  -1.2949725088e+00  4.2393517907e+00  -8.6241348342e-02  5.5930806691e-01  1.4924646428e+00  1.3021118486e+00  -1.0271357699e+01  6.6494371282e+01  -1.8544061834e+00  1.9904352137e+00  -4.9515610113e-01  1.7473222271e+00  -5.1321330150e+00  3.7187105160e+00  -5.0298008888e-01  1.0187880642e+00  -1.1128970977e+00  8.5154175152e-01  5.5271456165e-01  3.1177676079e-01  
3.6466817856e+00  4.2418868220e+00  1.5823336493e+01  3.3421661714e-01  8.0979314856e-01  3.5372962549e-02  3.2588161519e+00  -6.3037812691e-01  2.9376947923e+00  -9.7369175613e-02  1.3291314145e+00  -2.2130569845e+01  4.5231721627e+02  2.2548091130e+00  1.6872508908e+00  -3.5103406679e+00  1.1239405181e+01  5.6991103028e+00  6.7230282687e+00  1.0275086548e+00  6.8221334766e-01  -2.1803766337e+00  1.7289164676e+00  3.3252264680e+00  1.6743890735e+01  
3.7472989559e+00  -4.6008134390e+00  4.1800437816e+00  7.8516956032e-01  2.0379448848e+00  -1.8612084318e+00  1.1037439744e+00  3.7763970292e-01  4.0475498077e-01  3.1595963569e+00  1.1546468791e+01  -4.9027488298e-01  2.2421524774e+00  2.5151432779e+00  2.2268309452e+00  -1.2826116337e+00  3.4590852560e+00  7.7496587607e-01  2.0746229196e+00  5.4084161121e-01  5.4892447387e-01  -8.3942858128e+00  8.5885656367e+01  -1.1863807037e+00  6.6412549558e+00  
3.8483123779e+00  -6.7947708096e+00  2.1218978741e+00  -7.9694209845e-01  1.0694809232e+00  2.0142335076e+00  1.6958575166e+00  5.3707480342e-01  7.4667867422e-01  3.1061081003e-01  1.7070637295e+00  -3.7171444745e-01  9.7575830041e+00  -1.9719065270e+00  4.9759652745e+00  -1.1459221829e+00  2.5965752756e+00  -7.6644615898e-01  3.2456522904e+00  -2.0337017928e+00  8.1372569632e+00  -6.1804834661e-01  2.0219281010e+00  -1.0803054541e-01  1.2119016981e+00  
3.9453105927e+00  -2.2957821960e+00  2.3100662927e+00  -2.3526789474e-01  1.0649466649e+00  -2.7963536030e-01  2.4601132598e+00  1.8997624226e-01  6.0705780016e-01  4.8958297440e+00  1.2471635731e+01  4.1009351360e+00  2.2684299196e+01  3.0144105365e-01  2.4486312730e+00  2.5625046406e-02  1.2569412742e+00  -4.5996390536e+00  3.0228559315e+01  -3.4653422374e+01  9.7868929920e+02  -2.1838857590e+00  2.5058002729e+00  6.5388377103e-01  5.1426630396e+00  
4.0456886292e+00  -1.5247802696e+01  1.9965973898e+01  -3.6892811227e-01  5.0565866693e-01  -1.2063150372e-01  9.4329399016e+00  1.8857435162e+00  2.2610311902e+00  -2.0955817739e+00  2.7762074666e+00  4.8692650383e+00  2.5628520109e+01  -1.8315167878e+00  1.9274219766e+01  1.0173386645e+00  4.3921981881e+00  -1.1122676652e+01  1.5662594440e+01  1.9222734982e+00  1.5349191478e+00  -1.7594957467e+00  1.7804600755e+00  -1.2274571073e-02  1.3239591568e+01  
4.1446561813e+00  -2.1461747683e+02  7.7490049483e+03  7.1109679947e+00  6.1621903255e+01  8.3197500555e+00  1.9147369806e+01  5.3120344054e-01  6.5591389293e-01  -1.3656804558e+01  8.9841114863e+01  -2.7432015221e+00  6.0136942120e+01  1.0609716393e+02  1.7910107420e+03  1.1112007116e+00  4.0680256532e+00  9.7527540372e-01  5.2147509216e+00  7.1314345539e+00  1.6459662304e+02  -4.0733365412e+00  7.1835174929e+00  7.0648921759e-01  6.8948462290e-01  
4.2456812859e+00  1.7475998415e+01  1.2815644836e+02  2.0416552104e-01  5.7713067685e-01  4.8612530739e+01  3.6414279247e+02  -4.1093043966e+00  5.1924443500e+01  2.5115933733e+00  5.6338745255e+00  4.6706161791e+00  2.3469671108e+01  -4.7520596863e+01  6.2478943446e+02  9.4773654455e-01  9.4966768903e-01  2.4560209886e+00  1.4879048936e+01  -5.1904568173e-03  4.7706729717e+00  -4.2052030421e+00  1.8041754832e+01  -7.3864253146e+01  3.3927484040e+03  
4.3451495171e+00  8.6910632451e+00  8.7945939728e+00  2.1393837444e+00  6.9216784412e+01  -4.8436770688e+01  6.6215666689e+02  -1.3700820457e+00  8.6808063507e+00  -8.7174088865e+00  6.4919876745e+01  -4.4932869272e-01  2.8386986157e-01  1.8042636143e+00  8.6087323707e+00  7.3608469498e-01  3.8857284298e+00  1.5248982809e+01  3.0207614774e+01  1.0232478846e+00  2.0688330982e+00  5.1225098991e+00  8.9429206140e+02  3.2176626435e+00  8.3122208537e+00  
4.4395976067e+00  1.9197781844e+01  7.5708195225e+01  -1.5472908144e+01  7.6230095970e+02  2.1393349534e+01  3.5001001470e+01  7.4437893368e+00  2.0739593480e+02  4.6936759645e+02  2.2622197886e+04  -9.0181883081e-01  1.4903077954e+00  6.7325382034e+00  1.2132853320e+02  -5.1149020972e-01  3.7551457863e+01  -4.4091119725e+00  1.7045951995e+01  -4.7146629140e-01  6.7156528369e-01  4.8979000449e+01  3.4171439305e+02  -2.5225846244e-01  9.6342077401e-01  
4.5394220352e+00  7.5847122414e+00  1.0374878851e+01  -3.0635633907e-01  1.7926466957e+01  -7.8892923203e-01  6.4499769378e+00  2.0793767630e+00  2.3217986706e+01  -1.1217730178e+01  2.1691656437e+03  5.6955863144e+00  4.6744511832e+01  -4.0162336323e+00  7.6326102745e+00  6.5616231958e-01  1.2121005185e+02  1.1950189834e+01  2.3517962877e+03  1.0586114947e+00  1.1268010868e+01  4.4970489087e+00  2.0145353590e+01  4.1430455893e-01  9.6960045673e-01  
4.6391334534e+00  1.0307828181e+01  3.1302379132e+01  -8.1405939776e+00  2.7382989787e+02  2.1145790062e+00  2.8879561186e+01  5.5049567899e+01  2.2565325627e+03  -2.4159142929e+01  7.8640744467e+02  -1.5059351350e+00  3.1354969481e+00  1.5093247381e+00  5.9649790373e+00  -4.8521583592e+00  3.4403419611e+01  -6.4272906601e+00  1.2401741903e+01  5.7129920096e+00  1.3331657559e+02  -3.1672965560e+00  1.1020647395e+01  2.5518592073e+00  4.2823754293e+00  
4.7348661423e+00  2.6460601944e+00  1.2430009806e+01  -1.7845245637e+00  1.8062349051e+00  -1.0355887495e+01  6.9740518528e+02  -2.3274992444e+00  1.4521106293e+01  1.8451527226e+02  7.8272452116e+03  3.2170963124e+00  2.4358061206e+01  -3.4559860282e+00  8.6689230531e+00  -3.5702875589e+01  2.1244676769e+03  2.7540639453e+01  5.3452558833e+02  2.0102385965e+00  1.5244096254e+00  -1.5722105877e+01  9.3770734852e+02  -3.4531348891e+01  8.8831323163e+02  
4.8294358253e+00  1.3986263238e+01  4.0469295864e+01  -7.4299746748e-01  7.3112200165e-01  5.1572131067e+00  1.1977291649e+01  -1.7867031742e+00  1.5336832899e+00  -7.4543342619e+00  4.5481980326e+01  -3.6395245670e-01  5.8864088731e-01  5.2313870533e+00  4.2853562152e+00  3.6875479070e-01  8.0323958111e-01  -5.0257189985e-01  4.2191877643e+00  -9.8167897889e-01  6.5107212052e+01  -4.1253733023e+00  4.7591153940e+01  -1.7878453871e+01  5.0780516186e+02  
4.9320087433e+00  1.4609852275e+02  5.7914773589e+03  -7.7764060143e-01  4.1127652630e-01  -3.2264100431e+01  8.2937734771e+01  7.1765812367e-01  1.7305085650e+00  6.8876988005e+00  1.1884188896e+01  4.5388908530e-01  2.5203508790e+00  -1.6296788446e+00  2.8057219160e+00  -2.6216871659e-01  1.9957457494e+00  8.4846108302e-01  1.7504135727e+02  7.5173557879e-01  1.2600506781e+00  2.4529871427e+01  4.6258590822e+01  -4.1901327967e+00  1.3092752837e+01  
5.0238275528e+00  -2.2177876219e+01  6.3662798053e+01  3.6452244915e+00  3.1587739824e+01  -1.0276262817e+00  8.4421077105e+01  -9.3569880949e-01  4.9835114570e+00  2.4401246413e+01  5.1657841705e+02  -5.0577235047e-01  1.0747904762e+00  -4.6836391675e-01  2.7857639891e+00  2.8498883466e+00  2.4428577086e+01  1.0231560648e+00  9.5561525201e+00  -5.2277239960e+01  9.5314682743e+02  -3.0130961796e+01  2.1885897825e+02  1.6242467014e+01  7.3215683930e+01  
5.1219630241e+00  3.9586473855e+00  3.2136529571e+00  1.1565778659e+00  1.4044268371e+00  1.9737000658e+01  2.2261624789e+03  1.1284511095e+00  1.1851947481e+00  -2.3874050273e+00  4.1748447029e+00  -5.1407837593e-01  6.4274873555e-01  -7.5748912357e+01  1.4970108629e+03  2.2186048664e+00  1.2994586353e+01  -8.9215921541e+00  5.9685197445e+01  -4.2978331095e+00  8.5851091375e+01  4.4344570150e+00  4.5031655595e+00  1.6001695614e+00  1.6849528883e+00  
5.2194705009e+00  9.5248391534e+01  9.3187956328e+03  2.9094255056e-01  1.9544520928e+01  -1.6172521306e+01  1.9127983534e+02  4.4906863004e-01  6.9729976751e-01  1.2201314495e+01  3.2985159380e+02  3.2170703359e+00  2.0450090589e+01  -3.8383429174e+01  2.9451879148e+02  -4.8293274906e-01  4.5716529503e+00  -8.6503237132e-02  6.6761774850e+00  1.4180373536e+00  1.4551503347e+00  -9.6029018434e+00  1.6092320772e+01  -2.0016996779e+00  1.1512216873e+01  
5.3156123161e+00  -1.6535265137e+01  4.9034467833e+01  6.5211624818e-02  7.2945737296e-01  8.1434218033e+01  9.3587670221e+02  -1.2322140665e+00  1.1120332844e+00  -5.5345960157e+00  1.0835785530e+01  5.0124435712e+00  4.3909461683e+02  -1.3177122167e+01  6.7496664466e+00  4.4471102375e-01  4.2490850275e-01  7.9966688893e+00  1.3680034164e+01  -3.8817057765e+00  5.5957342908e+01  -3.3371825339e+00  1.1349056705e+02  1.9020565552e-01  1.8395059457e+00  
5.4095587730e+00  -1.0795501120e+01  9.9480942760e+00  -8.0276987906e-01  1.8595051355e+00  5.1959277775e-01  6.0910633249e+00  4.0928916684e-01  2.2919318933e+00  -2.4280892010e+01  4.4625816876e+02  3.2090056149e-03  2.7835939652e-01  -2.5732333445e+01  1.6893166546e+03  7.7490764904e-02  6.0042530284e-01  -2.3434985738e+01  6.6202589303e+01  1.3517216709e-01  2.6123865444e-01  -2.5086599055e+00  6.6130213899e+00  9.4273750947e-01  1.4228863941e+00  
5.5096192360e+00  7.1081867078e+01  4.1899605453e+02  -2.0087339431e+00  6.1259510166e+00  -1.9018581537e-01  4.4994959858e+00  4.3793786986e+00  1.4206917205e+01  -8.7573742349e+00  2.1856421185e+01  2.0246204179e+00  1.1172114331e+01  2.0742890015e+00  7.5717425622e+00  2.8486332519e+01  1.5208709241e+02  -5.5206176207e+00  3.3264938885e+01  4.1142253720e-01  4.7091196677e+00  5.0134261431e+00  9.6774674269e+00  1.7914160338e+00  5.9005074352e+00  
5.6046161652e+00  1.5918682361e+01  2.0068879950e+02  -7.8230075808e-01  1.6046662091e+01  5.1439487291e+00  1.6435174617e+01  -1.9304755984e-01  1.2792773940e+00  9.4883873208e+01  1.1714381723e+03  1.9005668963e+00  5.3585274756e+00  1.1183385870e+01  8.7264345593e+01  3.1921240356e+00  2.1144836078e+00  3.4139687982e+01  1.5245432265e+02  7.1379228456e-02  1.2106407414e+01  1.2309087145e+01  2.9115007508e+01  -4.4523804457e+00  5.0965558766e+01  
5.7035694122e+00  -2.4495808140e+01  6.8561883125e+01  1.4128290811e+02  7.6964951711e+02  6.0000850483e+00  2.9239111297e+01  -3.7788461197e-01  5.2982701849e-01  1.6764450422e+00  7.3145691666e+00  7.1949247632e+00  3.4976504712e+01  -1.2352692205e+01  8.5287590803e+00  1.3711450408e+00  2.9275875104e+00  3.5821165358e+00  2.1170340491e+01  3.0581639106e-01  1.2668107910e+00  1.0886763940e+01  1.8917522594e+02  -3.7124500898e-01  8.0463696594e-01  
5.8043646812e+00  -8.3976880546e-01  6.3213068447e+00  3.3222797305e-01  4.7925595891e+00  1.5622153290e+00  6.3589186442e+00  -4.0640145698e-01  1.1226271684e+00  5.8143058485e-02  3.8278189112e+00  -8.2330540453e+00  9.5536772553e+01  -5.2382976476e+01  1.1432228505e+02  1.0607535753e-01  2.6359560394e+00  -3.3826459804e+01  5.9650691632e+02  -1.4410826905e+00  2.1208908176e+00  6.0254246499e+00  1.2798078401e+02  1.7024915189e+00  2.7730438175e+00  
5.9018464088e+00  7.0980547293e-01  9.8572687092e+00  5.1597462055e+00  1.1179765846e+01  5.8394719820e+00  1.0119050877e+01  1.9850655203e+00  1.9661834852e+01  2.4364156775e+00  1.0868871486e+01  1.2569689279e+00  2.2541221733e+00  -1.0838703218e+00  5.7026738596e+00  -1.3577973873e+00  5.2591525620e-01  5.6694253178e+01  2.0224418004e+02  1.9811717767e+00  4.0344417484e+01  4.5823260299e+01  5.1004188524e+02  -1.6195011006e+00  2.7242163295e+00  
6.0012855530e+00  1.1151135119e+00  1.8584491417e+01  5.7637477651e-01  1.9927543308e+00  -7.7655863808e+00  1.5846418848e+02  -8.3919650160e-01  3.4511063477e-01  1.3253882603e+00  1.7893199864e+01  -5.3002981703e-01  1.3304054364e+00  9.9506622732e+00  2.2658809578e+01  -2.2829117881e+00  3.1140305224e+00  1.0026481674e+01  1.0163804529e+01  1.1880168745e+00  9.9682136154e-01  -8.1209754010e-01  3.4975629748e+01  -5.4938022676e-01  1.5670802158e+00  
6.1020941734e+00  -1.8276868984e+01  4.6627607001e+01  1.9744762004e+00  3.0815005196e+00  7.2804169955e+00  1.2447761694e+01  -2.9986419467e+00  2.1461952309e+00  2.3600588375e+01  1.1346664636e+02  -1.3615333787e-01  1.1081276129e+00  -6.4844910640e+01  9.9805488565e+02  -5.7166525378e-02  2.8388811372e-01  1.6771678399e+00  1.3658290233e+01  1.4581649781e+01  2.8384316415e+01  1.8313773821e+01  5.9697598292e+01  -2.2192885620e-01  7.0074287643e-01  
6.2007412910e+00  -2.8676088682e+00  2.5304205124e+01  4.2931650295e-01  2.1996430241e+00  1.8531498889e+01  8.2046257622e+01  9.2950231989e-01  2.1818640632e+00  -6.0344882181e+00  1.1467214337e+01  9.8439686537e-01  1.5809200737e+00  6.4557765017e+00  5.2548969349e+01  -1.5430621932e-01  9.9296184444e-01  6.0384917400e+00  1.2281648191e+01  9.2980241399e-01  8.1869526187e-02  5.7749795137e+00  1.9677604926e+01  5.7887229859e-01  9.6618015179e-03  
6.3009324074e+00  1.4104578798e+14  6.6291520350e+15  9.2751767745e+00  9.2751767745e+00  -2.0023226754e+13  9.4109165744e+14  -9.9605604349e-01  9.9605604349e-01  -1.6692226815e+14  7.8453466029e+15  3.7021603494e+00  3.7021603494e+00  -3.9248211315e+13  1.8446659318e+15  6.1443725621e-01  6.1443725621e-01  -1.0479116032e+14  4.9251845348e+15  1.1389327875e+00  1.1389327875e+00  -6.3316377253e+13  2.9758697309e+15  -1.0618288535e+00  1.0618288535e+00  
6.3999972343e+00  5.5722408906e+15  5.2853899212e+15  0.0000000000e+00  0.0000000000e+00  -3.4860132162e+15  3.4173738112e+15  0.0000000000e+00  0.0000000000e+00  7.7066051066e+15  5.0644057500e+15  0.0000000000e+00  0.0000000000e+00  1.9884861066e+15  4.2564783399e+15  0.0000000000e+00  0.0000000000e+00  3.3280799909e+15  4.0277666813e+15  0.0000000000e+00  0.0000000000e+00  6.3130798852e+15  4.6958271517e+15  0.0000000000e+00  0.0000000000e+00  
6.5001773834e+00  -8.7160095389e+15  5.0907167365e+15  0.0000000000e+00  0.0000000000e+00  -5.5016001708e+15  6.2168360735e+15  0.0000000000e+00  0.0000000000e+00  1.1647584331e+15  6.1131063369e+15  0.0000000000e+00  0.0000000000e+00  -4.5797599689e+15  3.6044831199e+15  0.0000000000e+00  0.0000000000e+00  3.6061404207e+15  3.8387424238e+15  0.0000000000e+00  0.0000000000e+00  -3.7004661315e+15  4.0165831622e+15  0.0000000000e+00  0.0000000000e+00  
6.6000027657e+00  -3.3427963958e+15  4.2585580103e+15  0.0000000000e+00  0.0000000000e+00  -1.2093761731e+14  4.2615044745e+15  0.0000000000e+00  0.0000000000e+00  -1.5970020455e+15  4.4780895849e+15  0.0000000000e+00  0.0000000000e+00  4.0183089389e+15  4.8932931591e+15  0.0000000000e+00  0.0000000000e+00  -1.9559824104e+15  2.9932182655e+15  0.0000000000e+00  0.0000000000e+00  6.3570886108e+15  4.2131524573e+15  0.0000000000e+00  0.0000000000e+00  
6.7000007629e+00  -1.0476931426e+16  8.3002749961e+15  0.0000000000e+00  0.0000000000e+00  2.3361582279e+15  3.2773197368e+15  0.0000000000e+00  0.0000000000e+00  7.4206780469e+15  4.2441040584e+15  0.0000000000e+00  0.0000000000e+00  -3.5653903082e+15  2.7852120118e+15  0.0000000000e+00  0.0000000000e+00  4.9736478736e+15  3.0950344575e+15  0.0000000000e+00  0.0000000000e+00  -3.1843901212e+15  3.4251485937e+15  0.0000000000e+00  0.0000000000e+00  
6.7999992371e+00  5.2729830804e+15  3.4473501763e+15  0.0000000000e+00  0.0000000000e+00  -9.6565840667e+14  2.6246756299e+15  0.0000000000e+00  0.0000000000e+00  -1.7099645844e+15  2.7069283421e+15  0.0000000000e+00  0.0000000000e+00  -3.5599710330e+15  2.6102377748e+15  0.0000000000e+00  0.0000000000e+00  4.2427348388e+15  3.4117711090e+15  0.0000000000e+00  0.0000000000e+00  -2.3907892169e+15  3.9444632993e+15  0.0000000000e+00  0.0000000000e+00  
6.8999972343e+00  2.6723355343e+15  3.3774160700e+15  0.0000000000e+00  0.0000000000e+00  -4.2424007466e+15  1.8780684879e+15  0.0000000000e+00  0.0000000000e+00  -5.2266786740e+15  4.1484831764e+15  0.0000000000e+00  0.0000000000e+00  -3.4372168693e+15  2.8724630266e+15  0.0000000000e+00  0.0000000000e+00  -8.2734557383e+14  2.0114431148e+15  0.0000000000e+00  0.0000000000e+00  2.6833115347e+15  3.4214266298e+15  0.0000000000e+00  0.0000000000e+00  
