#y  dN/dy  dN/dy_err  vn{2}(y)  vn{2}(y)_err  Re{vn}(y)  Re{vn}(y)_err
-7.0000000000e+00  0.0000000000e+00  0.0000000000e+00  0.0000000000e+00  0.0000000000e+00  0.0000000000e+00  0.0000000000e+00  0.0000000000e+00  0.0000000000e+00  0.0000000000e+00  0.0000000000e+00  0.0000000000e+00  0.0000000000e+00  0.0000000000e+00  0.0000000000e+00  0.0000000000e+00  0.0000000000e+00  0.0000000000e+00  0.0000000000e+00  0.0000000000e+00  0.0000000000e+00  0.0000000000e+00  0.0000000000e+00  0.0000000000e+00  0.0000000000e+00  0.0000000000e+00  0.0000000000e+00  
-6.9000000000e+00  0.0000000000e+00  0.0000000000e+00  0.0000000000e+00  0.0000000000e+00  0.0000000000e+00  0.0000000000e+00  0.0000000000e+00  0.0000000000e+00  0.0000000000e+00  0.0000000000e+00  0.0000000000e+00  0.0000000000e+00  0.0000000000e+00  0.0000000000e+00  0.0000000000e+00  0.0000000000e+00  0.0000000000e+00  0.0000000000e+00  0.0000000000e+00  0.0000000000e+00  0.0000000000e+00  0.0000000000e+00  0.0000000000e+00  0.0000000000e+00  0.0000000000e+00  0.0000000000e+00  
-6.8000000000e+00  0.0000000000e+00  0.0000000000e+00  0.0000000000e+00  0.0000000000e+00  0.0000000000e+00  0.0000000000e+00  0.0000000000e+00  0.0000000000e+00  0.0000000000e+00  0.0000000000e+00  0.0000000000e+00  0.0000000000e+00  0.0000000000e+00  0.0000000000e+00  0.0000000000e+00  0.0000000000e+00  0.0000000000e+00  0.0000000000e+00  0.0000000000e+00  0.0000000000e+00  0.0000000000e+00  0.0000000000e+00  0.0000000000e+00  0.0000000000e+00  0.0000000000e+00  0.0000000000e+00  
-6.7000000000e+00  0.0000000000e+00  0.0000000000e+00  0.0000000000e+00  0.0000000000e+00  0.0000000000e+00  0.0000000000e+00  0.0000000000e+00  0.0000000000e+00  0.0000000000e+00  0.0000000000e+00  0.0000000000e+00  0.0000000000e+00  0.0000000000e+00  0.0000000000e+00  0.0000000000e+00  0.0000000000e+00  0.0000000000e+00  0.0000000000e+00  0.0000000000e+00  0.0000000000e+00  0.0000000000e+00  0.0000000000e+00  0.0000000000e+00  0.0000000000e+00  0.0000000000e+00  0.0000000000e+00  
-6.6000000000e+00  0.0000000000e+00  0.0000000000e+00  0.0000000000e+00  0.0000000000e+00  0.0000000000e+00  0.0000000000e+00  0.0000000000e+00  0.0000000000e+00  0.0000000000e+00  0.0000000000e+00  0.0000000000e+00  0.0000000000e+00  0.0000000000e+00  0.0000000000e+00  0.0000000000e+00  0.0000000000e+00  0.0000000000e+00  0.0000000000e+00  0.0000000000e+00  0.0000000000e+00  0.0000000000e+00  0.0000000000e+00  0.0000000000e+00  0.0000000000e+00  0.0000000000e+00  0.0000000000e+00  
-6.5000000000e+00  0.0000000000e+00  0.0000000000e+00  0.0000000000e+00  0.0000000000e+00  0.0000000000e+00  0.0000000000e+00  0.0000000000e+00  0.0000000000e+00  0.0000000000e+00  0.0000000000e+00  0.0000000000e+00  0.0000000000e+00  0.0000000000e+00  0.0000000000e+00  0.0000000000e+00  0.0000000000e+00  0.0000000000e+00  0.0000000000e+00  0.0000000000e+00  0.0000000000e+00  0.0000000000e+00  0.0000000000e+00  0.0000000000e+00  0.0000000000e+00  0.0000000000e+00  0.0000000000e+00  
-6.4000000000e+00  0.0000000000e+00  0.0000000000e+00  0.0000000000e+00  0.0000000000e+00  0.0000000000e+00  0.0000000000e+00  0.0000000000e+00  0.0000000000e+00  0.0000000000e+00  0.0000000000e+00  0.0000000000e+00  0.0000000000e+00  0.0000000000e+00  0.0000000000e+00  0.0000000000e+00  0.0000000000e+00  0.0000000000e+00  0.0000000000e+00  0.0000000000e+00  0.0000000000e+00  0.0000000000e+00  0.0000000000e+00  0.0000000000e+00  0.0000000000e+00  0.0000000000e+00  0.0000000000e+00  
-6.3000000000e+00  0.0000000000e+00  0.0000000000e+00  0.0000000000e+00  0.0000000000e+00  0.0000000000e+00  0.0000000000e+00  0.0000000000e+00  0.0000000000e+00  0.0000000000e+00  0.0000000000e+00  0.0000000000e+00  0.0000000000e+00  0.0000000000e+00  0.0000000000e+00  0.0000000000e+00  0.0000000000e+00  0.0000000000e+00  0.0000000000e+00  0.0000000000e+00  0.0000000000e+00  0.0000000000e+00  0.0000000000e+00  0.0000000000e+00  0.0000000000e+00  0.0000000000e+00  0.0000000000e+00  
-6.2000000000e+00  0.0000000000e+00  0.0000000000e+00  0.0000000000e+00  0.0000000000e+00  0.0000000000e+00  0.0000000000e+00  0.0000000000e+00  0.0000000000e+00  0.0000000000e+00  0.0000000000e+00  0.0000000000e+00  0.0000000000e+00  0.0000000000e+00  0.0000000000e+00  0.0000000000e+00  0.0000000000e+00  0.0000000000e+00  0.0000000000e+00  0.0000000000e+00  0.0000000000e+00  0.0000000000e+00  0.0000000000e+00  0.0000000000e+00  0.0000000000e+00  0.0000000000e+00  0.0000000000e+00  
-6.1000000000e+00  0.0000000000e+00  0.0000000000e+00  0.0000000000e+00  0.0000000000e+00  0.0000000000e+00  0.0000000000e+00  0.0000000000e+00  0.0000000000e+00  0.0000000000e+00  0.0000000000e+00  0.0000000000e+00  0.0000000000e+00  0.0000000000e+00  0.0000000000e+00  0.0000000000e+00  0.0000000000e+00  0.0000000000e+00  0.0000000000e+00  0.0000000000e+00  0.0000000000e+00  0.0000000000e+00  0.0000000000e+00  0.0000000000e+00  0.0000000000e+00  0.0000000000e+00  0.0000000000e+00  
-6.0000000000e+00  0.0000000000e+00  0.0000000000e+00  0.0000000000e+00  0.0000000000e+00  0.0000000000e+00  0.0000000000e+00  0.0000000000e+00  0.0000000000e+00  0.0000000000e+00  0.0000000000e+00  0.0000000000e+00  0.0000000000e+00  0.0000000000e+00  0.0000000000e+00  0.0000000000e+00  0.0000000000e+00  0.0000000000e+00  0.0000000000e+00  0.0000000000e+00  0.0000000000e+00  0.0000000000e+00  0.0000000000e+00  0.0000000000e+00  0.0000000000e+00  0.0000000000e+00  0.0000000000e+00  
-5.9000000000e+00  0.0000000000e+00  0.0000000000e+00  0.0000000000e+00  0.0000000000e+00  0.0000000000e+00  0.0000000000e+00  0.0000000000e+00  0.0000000000e+00  0.0000000000e+00  0.0000000000e+00  0.0000000000e+00  0.0000000000e+00  0.0000000000e+00  0.0000000000e+00  0.0000000000e+00  0.0000000000e+00  0.0000000000e+00  0.0000000000e+00  0.0000000000e+00  0.0000000000e+00  0.0000000000e+00  0.0000000000e+00  0.0000000000e+00  0.0000000000e+00  0.0000000000e+00  0.0000000000e+00  
-5.8000000000e+00  0.0000000000e+00  0.0000000000e+00  0.0000000000e+00  0.0000000000e+00  0.0000000000e+00  0.0000000000e+00  0.0000000000e+00  0.0000000000e+00  0.0000000000e+00  0.0000000000e+00  0.0000000000e+00  0.0000000000e+00  0.0000000000e+00  0.0000000000e+00  0.0000000000e+00  0.0000000000e+00  0.0000000000e+00  0.0000000000e+00  0.0000000000e+00  0.0000000000e+00  0.0000000000e+00  0.0000000000e+00  0.0000000000e+00  0.0000000000e+00  0.0000000000e+00  0.0000000000e+00  
-5.7000000000e+00  0.0000000000e+00  0.0000000000e+00  0.0000000000e+00  0.0000000000e+00  0.0000000000e+00  0.0000000000e+00  0.0000000000e+00  0.0000000000e+00  0.0000000000e+00  0.0000000000e+00  0.0000000000e+00  0.0000000000e+00  0.0000000000e+00  0.0000000000e+00  0.0000000000e+00  0.0000000000e+00  0.0000000000e+00  0.0000000000e+00  0.0000000000e+00  0.0000000000e+00  0.0000000000e+00  0.0000000000e+00  0.0000000000e+00  0.0000000000e+00  0.0000000000e+00  0.0000000000e+00  
-5.6000000000e+00  0.0000000000e+00  0.0000000000e+00  0.0000000000e+00  0.0000000000e+00  0.0000000000e+00  0.0000000000e+00  0.0000000000e+00  0.0000000000e+00  0.0000000000e+00  0.0000000000e+00  0.0000000000e+00  0.0000000000e+00  0.0000000000e+00  0.0000000000e+00  0.0000000000e+00  0.0000000000e+00  0.0000000000e+00  0.0000000000e+00  0.0000000000e+00  0.0000000000e+00  0.0000000000e+00  0.0000000000e+00  0.0000000000e+00  0.0000000000e+00  0.0000000000e+00  0.0000000000e+00  
-5.5000000000e+00  0.0000000000e+00  0.0000000000e+00  0.0000000000e+00  0.0000000000e+00  0.0000000000e+00  0.0000000000e+00  0.0000000000e+00  0.0000000000e+00  0.0000000000e+00  0.0000000000e+00  0.0000000000e+00  0.0000000000e+00  0.0000000000e+00  0.0000000000e+00  0.0000000000e+00  0.0000000000e+00  0.0000000000e+00  0.0000000000e+00  0.0000000000e+00  0.0000000000e+00  0.0000000000e+00  0.0000000000e+00  0.0000000000e+00  0.0000000000e+00  0.0000000000e+00  0.0000000000e+00  
-5.4000000000e+00  0.0000000000e+00  0.0000000000e+00  0.0000000000e+00  0.0000000000e+00  0.0000000000e+00  0.0000000000e+00  0.0000000000e+00  0.0000000000e+00  0.0000000000e+00  0.0000000000e+00  0.0000000000e+00  0.0000000000e+00  0.0000000000e+00  0.0000000000e+00  0.0000000000e+00  0.0000000000e+00  0.0000000000e+00  0.0000000000e+00  0.0000000000e+00  0.0000000000e+00  0.0000000000e+00  0.0000000000e+00  0.0000000000e+00  0.0000000000e+00  0.0000000000e+00  0.0000000000e+00  
-5.3000000000e+00  0.0000000000e+00  0.0000000000e+00  0.0000000000e+00  0.0000000000e+00  0.0000000000e+00  0.0000000000e+00  0.0000000000e+00  0.0000000000e+00  0.0000000000e+00  0.0000000000e+00  0.0000000000e+00  0.0000000000e+00  0.0000000000e+00  0.0000000000e+00  0.0000000000e+00  0.0000000000e+00  0.0000000000e+00  0.0000000000e+00  0.0000000000e+00  0.0000000000e+00  0.0000000000e+00  0.0000000000e+00  0.0000000000e+00  0.0000000000e+00  0.0000000000e+00  0.0000000000e+00  
-5.2000000000e+00  0.0000000000e+00  0.0000000000e+00  0.0000000000e+00  0.0000000000e+00  0.0000000000e+00  0.0000000000e+00  0.0000000000e+00  0.0000000000e+00  0.0000000000e+00  0.0000000000e+00  0.0000000000e+00  0.0000000000e+00  0.0000000000e+00  0.0000000000e+00  0.0000000000e+00  0.0000000000e+00  0.0000000000e+00  0.0000000000e+00  0.0000000000e+00  0.0000000000e+00  0.0000000000e+00  0.0000000000e+00  0.0000000000e+00  0.0000000000e+00  0.0000000000e+00  0.0000000000e+00  
-5.1000000000e+00  0.0000000000e+00  0.0000000000e+00  0.0000000000e+00  0.0000000000e+00  0.0000000000e+00  0.0000000000e+00  0.0000000000e+00  0.0000000000e+00  0.0000000000e+00  0.0000000000e+00  0.0000000000e+00  0.0000000000e+00  0.0000000000e+00  0.0000000000e+00  0.0000000000e+00  0.0000000000e+00  0.0000000000e+00  0.0000000000e+00  0.0000000000e+00  0.0000000000e+00  0.0000000000e+00  0.0000000000e+00  0.0000000000e+00  0.0000000000e+00  0.0000000000e+00  0.0000000000e+00  
-5.0000000000e+00  0.0000000000e+00  0.0000000000e+00  0.0000000000e+00  0.0000000000e+00  0.0000000000e+00  0.0000000000e+00  0.0000000000e+00  0.0000000000e+00  0.0000000000e+00  0.0000000000e+00  0.0000000000e+00  0.0000000000e+00  0.0000000000e+00  0.0000000000e+00  0.0000000000e+00  0.0000000000e+00  0.0000000000e+00  0.0000000000e+00  0.0000000000e+00  0.0000000000e+00  0.0000000000e+00  0.0000000000e+00  0.0000000000e+00  0.0000000000e+00  0.0000000000e+00  0.0000000000e+00  
-4.9000000000e+00  0.0000000000e+00  0.0000000000e+00  0.0000000000e+00  0.0000000000e+00  0.0000000000e+00  0.0000000000e+00  0.0000000000e+00  0.0000000000e+00  0.0000000000e+00  0.0000000000e+00  0.0000000000e+00  0.0000000000e+00  0.0000000000e+00  0.0000000000e+00  0.0000000000e+00  0.0000000000e+00  0.0000000000e+00  0.0000000000e+00  0.0000000000e+00  0.0000000000e+00  0.0000000000e+00  0.0000000000e+00  0.0000000000e+00  0.0000000000e+00  0.0000000000e+00  0.0000000000e+00  
-4.8000000000e+00  0.0000000000e+00  0.0000000000e+00  0.0000000000e+00  0.0000000000e+00  0.0000000000e+00  0.0000000000e+00  0.0000000000e+00  0.0000000000e+00  0.0000000000e+00  0.0000000000e+00  0.0000000000e+00  0.0000000000e+00  0.0000000000e+00  0.0000000000e+00  0.0000000000e+00  0.0000000000e+00  0.0000000000e+00  0.0000000000e+00  0.0000000000e+00  0.0000000000e+00  0.0000000000e+00  0.0000000000e+00  0.0000000000e+00  0.0000000000e+00  0.0000000000e+00  0.0000000000e+00  
-4.7000000000e+00  0.0000000000e+00  0.0000000000e+00  0.0000000000e+00  0.0000000000e+00  0.0000000000e+00  0.0000000000e+00  0.0000000000e+00  0.0000000000e+00  0.0000000000e+00  0.0000000000e+00  0.0000000000e+00  0.0000000000e+00  0.0000000000e+00  0.0000000000e+00  0.0000000000e+00  0.0000000000e+00  0.0000000000e+00  0.0000000000e+00  0.0000000000e+00  0.0000000000e+00  0.0000000000e+00  0.0000000000e+00  0.0000000000e+00  0.0000000000e+00  0.0000000000e+00  0.0000000000e+00  
-4.6000000000e+00  0.0000000000e+00  0.0000000000e+00  0.0000000000e+00  0.0000000000e+00  0.0000000000e+00  0.0000000000e+00  0.0000000000e+00  0.0000000000e+00  0.0000000000e+00  0.0000000000e+00  0.0000000000e+00  0.0000000000e+00  0.0000000000e+00  0.0000000000e+00  0.0000000000e+00  0.0000000000e+00  0.0000000000e+00  0.0000000000e+00  0.0000000000e+00  0.0000000000e+00  0.0000000000e+00  0.0000000000e+00  0.0000000000e+00  0.0000000000e+00  0.0000000000e+00  0.0000000000e+00  
-4.5000000000e+00  0.0000000000e+00  0.0000000000e+00  0.0000000000e+00  0.0000000000e+00  0.0000000000e+00  0.0000000000e+00  0.0000000000e+00  0.0000000000e+00  0.0000000000e+00  0.0000000000e+00  0.0000000000e+00  0.0000000000e+00  0.0000000000e+00  0.0000000000e+00  0.0000000000e+00  0.0000000000e+00  0.0000000000e+00  0.0000000000e+00  0.0000000000e+00  0.0000000000e+00  0.0000000000e+00  0.0000000000e+00  0.0000000000e+00  0.0000000000e+00  0.0000000000e+00  0.0000000000e+00  
-4.4000000000e+00  0.0000000000e+00  0.0000000000e+00  0.0000000000e+00  0.0000000000e+00  0.0000000000e+00  0.0000000000e+00  0.0000000000e+00  0.0000000000e+00  0.0000000000e+00  0.0000000000e+00  0.0000000000e+00  0.0000000000e+00  0.0000000000e+00  0.0000000000e+00  0.0000000000e+00  0.0000000000e+00  0.0000000000e+00  0.0000000000e+00  0.0000000000e+00  0.0000000000e+00  0.0000000000e+00  0.0000000000e+00  0.0000000000e+00  0.0000000000e+00  0.0000000000e+00  0.0000000000e+00  
-4.3000000000e+00  0.0000000000e+00  0.0000000000e+00  0.0000000000e+00  0.0000000000e+00  0.0000000000e+00  0.0000000000e+00  0.0000000000e+00  0.0000000000e+00  0.0000000000e+00  0.0000000000e+00  0.0000000000e+00  0.0000000000e+00  0.0000000000e+00  0.0000000000e+00  0.0000000000e+00  0.0000000000e+00  0.0000000000e+00  0.0000000000e+00  0.0000000000e+00  0.0000000000e+00  0.0000000000e+00  0.0000000000e+00  0.0000000000e+00  0.0000000000e+00  0.0000000000e+00  0.0000000000e+00  
-4.2000000000e+00  0.0000000000e+00  0.0000000000e+00  0.0000000000e+00  0.0000000000e+00  0.0000000000e+00  0.0000000000e+00  0.0000000000e+00  0.0000000000e+00  0.0000000000e+00  0.0000000000e+00  0.0000000000e+00  0.0000000000e+00  0.0000000000e+00  0.0000000000e+00  0.0000000000e+00  0.0000000000e+00  0.0000000000e+00  0.0000000000e+00  0.0000000000e+00  0.0000000000e+00  0.0000000000e+00  0.0000000000e+00  0.0000000000e+00  0.0000000000e+00  0.0000000000e+00  0.0000000000e+00  
-4.1000000000e+00  0.0000000000e+00  0.0000000000e+00  0.0000000000e+00  0.0000000000e+00  0.0000000000e+00  0.0000000000e+00  0.0000000000e+00  0.0000000000e+00  0.0000000000e+00  0.0000000000e+00  0.0000000000e+00  0.0000000000e+00  0.0000000000e+00  0.0000000000e+00  0.0000000000e+00  0.0000000000e+00  0.0000000000e+00  0.0000000000e+00  0.0000000000e+00  0.0000000000e+00  0.0000000000e+00  0.0000000000e+00  0.0000000000e+00  0.0000000000e+00  0.0000000000e+00  0.0000000000e+00  
-4.0000000000e+00  0.0000000000e+00  0.0000000000e+00  0.0000000000e+00  0.0000000000e+00  0.0000000000e+00  0.0000000000e+00  0.0000000000e+00  0.0000000000e+00  0.0000000000e+00  0.0000000000e+00  0.0000000000e+00  0.0000000000e+00  0.0000000000e+00  0.0000000000e+00  0.0000000000e+00  0.0000000000e+00  0.0000000000e+00  0.0000000000e+00  0.0000000000e+00  0.0000000000e+00  0.0000000000e+00  0.0000000000e+00  0.0000000000e+00  0.0000000000e+00  0.0000000000e+00  0.0000000000e+00  
-3.9000000000e+00  0.0000000000e+00  0.0000000000e+00  0.0000000000e+00  0.0000000000e+00  0.0000000000e+00  0.0000000000e+00  0.0000000000e+00  0.0000000000e+00  0.0000000000e+00  0.0000000000e+00  0.0000000000e+00  0.0000000000e+00  0.0000000000e+00  0.0000000000e+00  0.0000000000e+00  0.0000000000e+00  0.0000000000e+00  0.0000000000e+00  0.0000000000e+00  0.0000000000e+00  0.0000000000e+00  0.0000000000e+00  0.0000000000e+00  0.0000000000e+00  0.0000000000e+00  0.0000000000e+00  
-3.8000000000e+00  0.0000000000e+00  0.0000000000e+00  0.0000000000e+00  0.0000000000e+00  0.0000000000e+00  0.0000000000e+00  0.0000000000e+00  0.0000000000e+00  0.0000000000e+00  0.0000000000e+00  0.0000000000e+00  0.0000000000e+00  0.0000000000e+00  0.0000000000e+00  0.0000000000e+00  0.0000000000e+00  0.0000000000e+00  0.0000000000e+00  0.0000000000e+00  0.0000000000e+00  0.0000000000e+00  0.0000000000e+00  0.0000000000e+00  0.0000000000e+00  0.0000000000e+00  0.0000000000e+00  
-3.6995828034e+00  1.2500000000e-05  1.2421629321e-05  -9.7201005516e-03  9.7307764554e-03  -1.0242464845e-02  1.0262020899e-02  3.1205722162e-03  3.1256533660e-03  2.7131443902e-03  2.7182792116e-03  -2.3913879383e-02  2.3950103432e-02  -2.0489375892e-02  2.0520603571e-02  5.0793332154e-03  5.0908312901e-03  8.0249788201e-03  8.0411032397e-03  1.0531493146e-02  1.0546326926e-02  1.0818943124e-02  1.0833722726e-02  -2.7863505941e-03  2.7926467186e-03  4.4495636831e-03  4.4559954951e-03  
-3.5993306346e+00  3.7500000000e-05  2.7634613712e-05  6.0806125445e-03  4.6170511325e-03  8.4261781003e-03  6.4414638834e-03  -6.5819542699e-03  4.9621650193e-03  2.6390043896e-03  5.4862868521e-03  -3.3582121750e-02  2.5150069240e-02  -2.3995790178e-02  2.5139898828e-02  2.9576718045e-03  6.1776684404e-03  9.5680950863e-03  7.6453041111e-03  -1.3230619078e-03  2.7859121455e-03  -4.8000993846e-03  5.5886331996e-03  -1.5165874977e-02  1.1213206918e-02  -7.6998273598e-03  5.4434436947e-03  
-3.4976304011e+00  7.5000000000e-05  3.4346579160e-05  -1.2831356725e-02  1.6459228039e-02  1.2079186583e-03  1.4405661766e-02  -2.6940115116e-02  1.6959838391e-02  -1.5365731421e-02  1.6521175561e-02  9.3874424803e-03  1.7970377264e-02  1.8034887223e-02  2.1686193216e-02  -2.1172473695e-02  1.3723703327e-02  -1.1811074194e-02  1.7395905580e-02  1.3490218830e-03  4.6261903227e-03  -1.0884914135e-03  4.8086331392e-03  1.8125261543e-02  1.8321284144e-02  6.7639691915e-03  1.5004787599e-02  
-3.3986335874e+00  7.5000000000e-05  4.6012905798e-05  5.2855220176e-03  4.1320266680e-03  -5.1826503208e-03  1.0739477449e-02  -5.8507295862e-03  4.7123894028e-03  -5.3220520522e-05  3.7844649510e-03  1.3199021316e-02  2.3557339004e-02  1.4116380942e-02  2.0499882600e-02  -1.3914107962e-02  1.5572915831e-02  -8.3963291580e-03  1.4605347198e-02  6.3430183646e-03  1.7992261276e-02  1.0060203956e-02  2.1378627438e-02  -8.9831300809e-03  1.6962812112e-02  -5.9874243968e-04  1.2016551369e-02  
-3.2968040090e+00  2.7500000000e-04  1.3803871739e-04  1.5086368868e-02  1.8974837901e-02  -2.0312904605e-02  2.4288560296e-02  2.6881070360e-02  1.9604010968e-02  2.7392516573e-02  1.8062041131e-02  1.1565983331e-02  8.9318402327e-03  -5.8993495108e-03  1.0320265314e-02  -6.4177754071e-03  1.7545920593e-02  5.3860678794e-03  1.7875697709e-02  2.3195766709e-02  1.8469479077e-02  1.8107292643e-02  1.3630961033e-02  -1.1336055346e-03  1.1782937748e-02  1.3579506365e-02  1.3680520105e-02  
-3.1932153641e+00  5.2500000000e-04  1.6861105391e-04  1.8156180178e-03  1.9202121645e-02  1.3115711837e-02  1.5180985112e-02  3.0060143236e-02  1.8275602342e-02  4.8193642997e-02  2.4703341568e-02  -9.5836574073e-03  1.5070503333e-02  -9.7974769622e-03  2.2945540709e-02  -1.9620147646e-02  2.1288280531e-02  4.5327423531e-05  2.1662210481e-02  2.2403828983e-02  1.7784719486e-02  5.9577361805e-02  2.8090701049e-02  2.3812957187e-02  2.3351052011e-02  4.5505528090e-02  2.9154092526e-02  
-3.0907622236e+00  8.5000000000e-04  2.3723669615e-04  9.0945807298e-03  1.8878292792e-02  9.4705714426e-03  2.2888413113e-02  3.0168500194e-02  1.7188097682e-02  1.2630196583e-02  2.0238038596e-02  1.6573062678e-02  3.2723641107e-02  -3.3763435309e-02  3.1528220825e-02  -1.1574770048e-02  2.3623695843e-02  -3.0131949425e-02  2.9006767312e-02  -2.8305663590e-02  2.5270206062e-02  -2.0449685939e-02  2.6502621442e-02  2.0401161945e-02  2.3667592263e-02  3.0649110516e-02  2.8157126423e-02  
-2.9888483993e+00  1.2125000000e-03  3.5998860659e-04  6.4311224971e-02  3.5802751472e-02  3.5340692781e-03  3.0372189188e-02  -1.2333005998e-02  3.3108290682e-02  -3.2899876381e-03  2.9574799463e-02  -1.8065717521e-03  2.1397185526e-02  8.5071966952e-03  2.4601366016e-02  1.0850176336e-02  1.9370163336e-02  -3.6655671038e-02  3.1989569441e-02  2.6157250740e-02  2.6052109928e-02  -3.2873002051e-02  3.6120504075e-02  2.0475861105e-02  2.6657695819e-02  -1.1832264480e-03  2.6383903207e-02  
-2.8837480414e+00  1.9875000000e-03  4.1021859645e-04  -2.6923236072e-02  3.0003156005e-02  -3.2449208101e-02  2.6567442694e-02  1.6166295760e-02  3.1121466593e-02  4.3766719676e-02  2.7202978496e-02  1.5030835353e-02  4.0182500949e-02  -4.4718724532e-03  3.7275936638e-02  4.0748630933e-02  3.2800678509e-02  -1.0296388457e-02  3.6827609698e-02  1.6630637108e-02  4.5198354110e-02  -2.0067639583e-02  4.4083731246e-02  -1.0968306723e-02  4.0261867694e-02  2.5847842456e-03  4.0144476983e-02  
-2.7772361176e+00  2.9125000000e-03  5.7803377659e-04  1.1572766658e-02  4.4847659182e-02  -2.8693082075e-03  4.0140493693e-02  -8.5988485513e-03  4.7654217553e-02  -1.3269311290e-02  3.4982039099e-02  2.1020080075e-02  4.9608111811e-02  7.7767730304e-03  4.3326035755e-02  -4.0582330075e-02  4.2342278675e-02  -1.1213479066e-01  4.2736132864e-02  5.0049426659e-02  3.8615175733e-02  3.7981569304e-02  4.1080561396e-02  -5.3841033386e-02  4.8775970257e-02  -1.0772871699e-01  4.3834256550e-02  
-2.6760238126e+00  4.1750000000e-03  7.1627835895e-04  2.1326000240e-02  4.4238632118e-02  1.4101520745e-02  4.7924113199e-02  7.3182107436e-02  3.1559907716e-02  3.2330009064e-02  3.2002325909e-02  -1.4625001450e-02  3.4273663584e-02  -3.5073050211e-02  3.6539594352e-02  7.2667132606e-02  4.5748157500e-02  8.8909968803e-02  5.0372442432e-02  -1.5251397268e-02  4.2846846018e-02  -2.8522602053e-02  3.7813042580e-02  5.7357311040e-02  3.7726589540e-02  4.7010210281e-02  3.3724949057e-02  
-2.5729608935e+00  5.1375000000e-03  7.9328111151e-04  7.2902351065e-02  4.0202305650e-02  2.7697301496e-03  3.3596982620e-02  2.5633452117e-02  3.9420665038e-02  -6.7697501511e-02  3.6279539315e-02  6.1196049673e-02  4.2141238083e-02  3.0703157744e-02  3.4247969068e-02  2.9545750794e-02  4.0768311310e-02  -2.0857346414e-02  3.6526037048e-02  -2.3425239973e-03  3.5250707862e-02  -1.9028907513e-02  3.6835126947e-02  1.6172470134e-04  4.0466000234e-02  -3.2077756698e-02  3.8335438358e-02  
-2.4679875239e+00  6.2000000000e-03  8.5392476249e-04  5.1109151168e-02  4.0945142217e-02  2.5767879287e-02  4.0110258240e-02  5.2569347756e-02  4.2206822502e-02  -5.1945576075e-02  4.1898103080e-02  3.7452357108e-02  3.8248262670e-02  2.8760895939e-02  3.6668673552e-02  5.5837305736e-02  4.3862021216e-02  3.2644390269e-02  3.8497813725e-02  -2.7336169145e-02  4.1659005634e-02  -5.6238527665e-02  4.1505972478e-02  1.0024070727e-01  3.8555753717e-02  6.8615217103e-02  3.4850332532e-02  
-2.3669760366e+00  7.8000000000e-03  1.0002187261e-03  6.9349675716e-02  4.0460905166e-02  3.9968453744e-02  4.6671571996e-02  1.0709610798e-02  4.6159493887e-02  8.3888591384e-05  4.0217557508e-02  1.2529442261e-02  3.3589272019e-02  3.9324898943e-03  2.9320504475e-02  3.8092509135e-02  2.8895823240e-02  1.0444372425e-02  2.6258453100e-02  7.8001714391e-02  4.5396998151e-02  2.2421098885e-02  4.0010977291e-02  1.4913390447e-02  3.4345238809e-02  2.1546225120e-02  3.6798080021e-02  
-2.2602298365e+00  9.0875000000e-03  1.0257914246e-03  3.6498049532e-02  3.2876218402e-02  1.5572682893e-02  3.3658475402e-02  2.6551378721e-02  2.8746311592e-02  -5.2814586388e-02  4.0782034395e-02  6.5042455279e-02  3.8595746008e-02  5.0926488396e-02  4.0109037976e-02  -7.7770229807e-04  3.3103957891e-02  -4.1367466976e-02  3.7677610057e-02  3.7017908128e-02  3.5445759735e-02  3.6090969433e-02  3.8927425356e-02  1.2048417717e-02  3.6130115033e-02  -1.6803060867e-02  4.1741120900e-02  
-2.1589163725e+00  1.1362500000e-02  1.1141481822e-03  3.1687221215e-02  3.3925760731e-02  -3.0370737351e-02  3.8962586052e-02  -1.8574351508e-02  3.9665915211e-02  -4.8275700727e-02  3.9836491344e-02  1.1197199209e-02  3.6318689504e-02  -4.2367874449e-02  3.0163425643e-02  4.3758066238e-02  2.8888795415e-02  -2.7462871477e-03  2.9035526752e-02  -5.1844099359e-02  4.0896490538e-02  -6.9826501981e-02  3.6121204509e-02  1.1940289522e-02  4.3997327473e-02  -2.0066036863e-02  3.8233683951e-02  
-2.0588655440e+00  1.2987500000e-02  1.3083259521e-03  5.4815017690e-02  4.0107839334e-02  -4.2497681712e-02  3.7686162680e-02  5.8270546394e-02  3.4554125970e-02  1.6355373763e-02  3.5869161255e-02  8.4516293178e-02  3.2211830636e-02  1.5215920849e-02  2.8575818804e-02  3.1375849211e-02  4.0397846705e-02  -8.9639373513e-03  3.0340781774e-02  8.0480318182e-02  3.4308664238e-02  3.7788756415e-02  2.9691809712e-02  8.5209896021e-02  3.8352573434e-02  5.1810231522e-02  4.1019740016e-02  
-1.9568350199e+00  1.4400000000e-02  1.2923573422e-03  8.4942679963e-02  3.4835970357e-02  2.5580115010e-03  2.9882619833e-02  -4.4842414874e-02  3.9535046233e-02  -6.6762407439e-02  3.3608185149e-02  1.0114227922e-02  3.8440636587e-02  2.0363799169e-02  3.4429624092e-02  2.9180908192e-02  3.2373316970e-02  3.5694279831e-02  3.4863592403e-02  8.3769337188e-03  3.8363142158e-02  -4.4687323458e-02  4.2637777136e-02  2.4399918046e-02  4.2149372010e-02  -2.1282609095e-02  3.8433137904e-02  
-1.8526316368e+00  1.6812500000e-02  1.4478533409e-03  -6.2489976335e-06  3.3686249146e-02  -2.5764694512e-02  3.9030493809e-02  2.7087801392e-02  3.7170064210e-02  -7.8629036363e-04  3.1704697489e-02  3.5471372485e-02  2.1131211794e-02  3.6584852335e-02  3.1867163238e-02  6.9318850650e-02  3.1048803509e-02  3.2785601932e-02  3.3268543646e-02  1.0403825893e-01  3.9334613630e-02  3.0957894330e-02  3.2296436052e-02  1.5035727697e-02  2.9038199252e-02  -3.9067178085e-02  2.9308020004e-02  
-1.7572072640e+00  1.6762500000e-02  1.2802885112e-03  1.9748239757e-02  2.4840389298e-02  -3.1928199366e-02  2.4201940859e-02  1.6335249254e-02  3.4211648599e-02  -2.7891178383e-03  3.1819626462e-02  1.0097853998e-02  2.8128103281e-02  2.3950072549e-03  2.6211012974e-02  -1.6893568143e-02  3.2635368603e-02  -2.4060055355e-02  2.5849101766e-02  4.4072966201e-02  2.9665697314e-02  2.7767254292e-02  2.7739914627e-02  2.3958858417e-02  2.6278516559e-02  -1.1094128146e-02  2.8831476975e-02  
-1.6531799910e+00  1.9337500000e-02  1.3905870781e-03  3.6751058782e-02  2.6821829316e-02  1.1289792646e-02  3.0660723437e-02  2.8829362335e-02  2.6242269008e-02  -3.6907100608e-02  2.4338063439e-02  2.6251413257e-02  2.4080158181e-02  -3.3904846013e-02  2.8376165236e-02  1.8811047259e-02  3.7758567713e-02  -1.8979600732e-02  3.3219882790e-02  1.3466391030e-02  2.3658647999e-02  -6.3307733883e-03  2.6252517981e-02  -3.6308480713e-03  3.4474357903e-02  -4.5041171235e-03  2.6805658380e-02  
-1.5534830009e+00  2.1087500000e-02  1.4504518423e-03  7.7988075648e-03  2.7203490479e-02  -2.4442790090e-02  2.8023184811e-02  -5.7233618342e-03  2.0069792330e-02  -2.3896781713e-02  2.4653656497e-02  2.3670621185e-02  2.2035493071e-02  2.1538376229e-03  1.9473896382e-02  4.8754242999e-02  1.9813189064e-02  7.4455753884e-03  1.9179699774e-02  1.8205413856e-02  2.3326664909e-02  -1.8321635727e-02  1.6422547724e-02  1.9529783582e-02  2.9114343228e-02  -3.3964205288e-02  2.1406971678e-02  
-1.4533288472e+00  2.2275000000e-02  1.2637957460e-03  2.8296758407e-02  2.2321856197e-02  3.1846007827e-03  2.2263069007e-02  4.3192181913e-02  2.1933413923e-02  2.0403838144e-02  1.9533034346e-02  4.7941199424e-02  1.8314785802e-02  2.2746329447e-02  2.2624540112e-02  6.6136247964e-02  2.1636208071e-02  1.8036921596e-02  1.7930492432e-02  2.5101663506e-02  2.1488479545e-02  -4.5849667335e-03  1.7431262641e-02  9.7661394093e-03  2.2868418721e-02  -2.9303457028e-02  2.4056076690e-02  
-1.3522757447e+00  2.3975000000e-02  1.5814327958e-03  5.8326516270e-02  2.0179090406e-02  1.6200507594e-02  1.7757455057e-02  4.5664678961e-02  2.3628781464e-02  1.1862986274e-02  2.2065109829e-02  5.5676876494e-02  2.3278037279e-02  9.8927688124e-03  2.3974504854e-02  1.4648870645e-02  2.0287611178e-02  -4.6497947151e-03  2.2879428049e-02  2.6648930880e-02  2.9941574771e-02  1.7713196754e-02  2.3677904694e-02  2.9633923345e-02  2.1568260079e-02  4.8579243511e-03  2.4394408296e-02  
-1.2519266267e+00  2.5537500000e-02  1.2974667325e-03  4.4768586002e-02  1.7283016098e-02  1.1837498771e-02  1.7632449671e-02  4.0220564098e-02  2.1107154301e-02  1.0551914210e-03  2.0400213341e-02  2.9613654007e-02  1.7735293982e-02  -3.2940803752e-02  1.8405940109e-02  2.5771831410e-02  1.8162400398e-02  -1.3334002168e-02  1.7359470727e-02  2.3020224359e-02  2.4712755634e-02  -1.3737102411e-02  2.3159692128e-02  3.7914832809e-02  1.7055354411e-02  3.8045735179e-02  1.8617826443e-02  
-1.1525230204e+00  2.5100000000e-02  1.4340284167e-03  6.4741890552e-02  1.8402273527e-02  1.0252246115e-02  2.2958225089e-02  -1.7876236478e-02  1.8714306394e-02  -2.8361091631e-02  1.7899315827e-02  1.0898771294e-02  2.0856104377e-02  1.8058224959e-03  2.2305736419e-02  7.4227050444e-02  2.4689834480e-02  1.7573839647e-02  2.3572752008e-02  2.5981816665e-02  1.8614085213e-02  -1.1559412895e-02  1.9809893536e-02  1.1968351505e-02  2.3226757587e-02  -5.8906008597e-03  2.2020469048e-02  
-1.0519008190e+00  2.6750000000e-02  1.2569183545e-03  5.7813031880e-02  2.0254728778e-02  2.6320306448e-02  1.9520923465e-02  2.0020607614e-02  1.5892953387e-02  -3.1475450803e-03  1.4461601376e-02  1.3152054548e-03  1.5892480857e-02  -2.6831989267e-02  1.6717542385e-02  2.6270577851e-02  1.6131407407e-02  -1.9463674024e-03  1.5091126111e-02  2.1886858198e-02  1.8710216417e-02  -3.3155575819e-02  1.8697941953e-02  6.5636308955e-02  1.3652035953e-02  1.4714274061e-02  1.6540566014e-02  
-9.5136987814e-01  2.7112500000e-02  1.2758567893e-03  1.7432207138e-02  1.9452456659e-02  8.2767577083e-03  1.8951274269e-02  5.7725257832e-02  1.8688613211e-02  2.6461104393e-02  1.6610021808e-02  3.7041125470e-02  1.9567036524e-02  -5.2889859351e-03  1.8793777842e-02  -4.2868468469e-03  2.5169386185e-02  -1.6826375866e-02  2.0456780597e-02  3.4674871181e-02  1.9576512807e-02  1.6549326012e-02  2.0936337401e-02  2.2858340492e-02  1.8787802457e-02  -1.9017792865e-02  2.0593175109e-02  
-8.5195670846e-01  2.8125000000e-02  1.2924510387e-03  3.3666852787e-02  1.7461533291e-02  1.9258652718e-02  1.9067184490e-02  3.6385180987e-02  1.6911568464e-02  8.0483355218e-03  1.8315369641e-02  3.7300564644e-02  1.6193452279e-02  -4.6055062416e-03  1.7849095314e-02  3.6479229799e-02  1.9992485096e-02  -2.7917773218e-02  2.0604371672e-02  4.0023692983e-02  1.8399107828e-02  3.8774398645e-03  1.6705632733e-02  2.1004724772e-02  1.6916662338e-02  -2.0969344559e-02  1.8233254773e-02  
-7.5170136746e-01  2.9550000000e-02  1.2453538654e-03  3.8299585706e-02  1.8449023604e-02  4.0914529286e-02  1.7508750296e-02  6.6944189089e-02  1.8448876796e-02  6.8230151907e-02  2.0320429470e-02  6.0880951047e-02  2.0371125624e-02  6.0364772919e-02  1.6602414358e-02  2.8130055838e-02  1.4267834884e-02  4.2695729742e-02  1.5898042979e-02  6.1737170769e-02  1.4470523030e-02  5.4918025124e-02  1.4349924803e-02  2.6478028567e-02  1.5996327861e-02  4.1830300287e-02  1.3815530158e-02  
-6.5104176143e-01  2.8825000000e-02  1.2290462512e-03  4.9858311900e-02  1.3539937824e-02  5.9975947281e-02  1.2509049373e-02  6.2393980990e-02  1.7181773335e-02  7.6564843793e-02  1.7512632369e-02  5.6516628834e-02  2.1498103917e-02  5.2722065797e-02  1.9255421210e-02  5.1004506650e-02  1.3581225619e-02  5.6933611308e-02  1.3331534657e-02  4.2564022620e-02  1.6140330440e-02  3.9789737505e-02  1.9983566843e-02  3.5873349434e-02  1.7548760655e-02  4.7970213241e-02  1.5590218763e-02  
-5.5125005944e-01  2.9375000000e-02  1.1763788452e-03  4.4278987178e-02  1.7925714970e-02  5.9783076791e-02  1.7005909102e-02  6.4287362682e-02  1.5973072950e-02  7.2989268068e-02  1.6738731536e-02  5.1000655007e-02  1.5395583127e-02  5.7056141612e-02  1.4679150022e-02  3.7038827867e-02  1.7356001997e-02  7.1385531764e-02  1.8651519784e-02  3.9271778502e-02  1.5611698784e-02  6.9021091804e-02  1.5004377850e-02  3.2694267033e-02  1.2175665011e-02  5.5414310007e-02  1.3860265716e-02  
-4.5198211927e-01  2.9175000000e-02  1.0563461495e-03  3.1226306485e-02  1.5013607972e-02  5.9949450503e-02  1.5786021984e-02  4.3956323022e-02  1.7199542016e-02  5.8521260049e-02  1.6063020373e-02  3.0943662428e-02  1.9671663828e-02  5.9442877145e-02  1.8815860017e-02  1.1412015139e-02  1.2982253090e-02  5.6251730958e-02  1.2769374057e-02  1.8427643392e-02  1.3869733550e-02  5.0581390154e-02  1.5579839629e-02  4.6750368112e-02  1.5463430879e-02  5.6212596455e-02  1.7097266531e-02  
-3.5132180884e-01  3.1375000000e-02  1.2210875020e-03  1.4746383250e-02  1.5466186351e-02  3.2907336571e-02  1.4441521340e-02  3.0255034604e-02  1.2054365457e-02  4.1203019847e-02  1.4777642091e-02  -5.0210011455e-04  1.2870308645e-02  3.2539161156e-02  1.4470310957e-02  4.0930519777e-02  1.3603492569e-02  4.9608128420e-02  1.4733422712e-02  3.2519564296e-02  1.8114979187e-02  3.7878496132e-02  1.7612058197e-02  5.5268466754e-02  1.5668948361e-02  8.1915177094e-02  1.4771512828e-02  
-2.5242394244e-01  3.1450000000e-02  1.0568082844e-03  4.6748444880e-02  1.3347764961e-02  8.3814485871e-02  1.2402470145e-02  6.3719352388e-02  1.7109882387e-02  6.9121496180e-02  1.5646546504e-02  4.0861742058e-02  1.9934841499e-02  6.6850936125e-02  1.7056904144e-02  3.8113833417e-02  1.9566057947e-02  6.2192914989e-02  1.7651227279e-02  3.6525936793e-02  1.5195213596e-02  4.7121772407e-02  1.5656455345e-02  2.5177244887e-02  1.7004254608e-02  3.8825996064e-02  1.5725290926e-02  
-1.5079508700e-01  3.0025000000e-02  1.0348573271e-03  5.2595276676e-02  1.4333027515e-02  6.6678412142e-02  1.4175431404e-02  3.7375624723e-03  1.5562834214e-02  4.2105419253e-02  1.4914672369e-02  8.3661103891e-03  1.7298039350e-02  3.8171546084e-02  1.7355837781e-02  3.2321633554e-02  1.6080792977e-02  5.6400611416e-02  1.5806799255e-02  2.4380866988e-02  1.7907819303e-02  5.4948458944e-02  1.8997953048e-02  4.9826771605e-02  1.9307119085e-02  6.6711879289e-02  1.6195762407e-02  
-5.2046972406e-02  3.1937500000e-02  1.0670262049e-03  4.2181783322e-02  1.2471914808e-02  5.6670333612e-02  1.3054496183e-02  3.4246081100e-02  1.4715985256e-02  4.9802721002e-02  1.5279113989e-02  3.6689627915e-02  1.3832222400e-02  5.6893149763e-02  1.6959964004e-02  3.6236570910e-02  1.4605804059e-02  3.1513991920e-02  1.6107348338e-02  4.1897469026e-02  1.8285883270e-02  5.4699290461e-02  1.4436147868e-02  2.1483465733e-02  1.8545269616e-02  4.3675933061e-02  1.5641724862e-02  
4.8383799911e-02  3.0300000000e-02  1.1249166636e-03  4.6195881639e-02  1.4867845063e-02  7.3251261361e-02  1.6139878618e-02  2.3787556644e-02  2.3780965093e-02  2.8045089538e-02  2.3119808214e-02  3.7265451132e-02  1.5213603993e-02  5.2753713373e-02  1.5871488450e-02  3.3979312891e-02  1.9391054355e-02  7.9260102529e-02  1.8842324671e-02  2.5887165825e-02  1.4519550964e-02  6.0570022418e-02  1.5741248651e-02  3.1865845755e-02  1.7014769545e-02  4.3195537051e-02  1.5696212165e-02  
1.4844647714e-01  3.1000000000e-02  1.0997158724e-03  3.6811665542e-02  1.4821467306e-02  5.5571751901e-02  1.5875712492e-02  3.8183599512e-02  1.7155290729e-02  3.9694054773e-02  1.7371591899e-02  4.8601887037e-02  1.7666083351e-02  5.6619435205e-02  1.8328217958e-02  3.3514311100e-02  1.9303175758e-02  6.7966102041e-02  1.5714684524e-02  3.5114379826e-02  1.5883078217e-02  4.6101041192e-02  1.4643738462e-02  4.7302983493e-02  1.5972252522e-02  6.1274103069e-02  1.8672301945e-02  
2.4725847509e-01  2.9037500000e-02  9.7378830958e-04  3.4606748932e-02  1.6388381020e-02  3.9975688682e-02  1.5423592511e-02  4.7774847294e-02  1.5201643631e-02  7.3514525817e-02  1.6146297439e-02  6.3708662611e-02  1.8555955612e-02  9.0483738766e-02  1.8017745958e-02  3.0025863965e-02  1.3177031166e-02  5.9019431509e-02  1.4358073171e-02  4.9163308912e-02  1.8303700617e-02  4.8607243275e-02  1.6510350988e-02  2.7260224775e-02  1.3714876378e-02  3.5045501396e-02  1.5218990264e-02  
3.4776302285e-01  3.2375000000e-02  9.7136743177e-04  4.5206319394e-02  1.6608910104e-02  5.3681322195e-02  1.3220770320e-02  3.6389950597e-02  1.3922899367e-02  5.4505134714e-02  1.1815165902e-02  2.9715197168e-02  1.4377512431e-02  4.7040252809e-02  1.3496383660e-02  5.1338186591e-02  1.8514091606e-02  7.3882913121e-02  1.5608167592e-02  2.3413609408e-02  1.2348920423e-02  4.1274160695e-02  1.1898741549e-02  4.7879633607e-02  1.3491618359e-02  5.3894878795e-02  1.3900081846e-02  
4.4733443731e-01  3.0025000000e-02  1.0127275979e-03  2.7575645517e-02  1.4517094010e-02  4.1161633265e-02  1.2652841406e-02  5.7088752335e-02  1.5350436502e-02  7.2654413893e-02  1.4412888509e-02  6.1813916161e-03  1.6933047485e-02  4.2157852431e-02  1.5670573229e-02  3.1688748957e-02  1.3892397110e-02  2.0024841252e-02  1.2527930983e-02  1.7440731222e-02  1.3538855750e-02  4.7488891366e-02  1.7129195806e-02  1.0758402877e-02  1.2092380870e-02  5.3926574607e-02  1.2852962030e-02  
5.4887653279e-01  2.9487500000e-02  1.0102589009e-03  2.5945952188e-02  1.4644861772e-02  3.9735075737e-02  1.2772115117e-02  2.2841586927e-02  1.1420026700e-02  2.8599299961e-02  1.3472422185e-02  4.2634631446e-02  1.4651049645e-02  4.7117835214e-02  1.5141334368e-02  3.7843154080e-02  1.8172729129e-02  5.1199307123e-02  1.5099829651e-02  4.1804907985e-02  1.7850028088e-02  5.6143874534e-02  1.8427848376e-02  1.3746218746e-02  1.8414299890e-02  4.2965270285e-02  1.6691170671e-02  
6.4886117275e-01  2.8625000000e-02  8.4951732619e-04  4.3813707479e-02  1.5894874193e-02  5.9916748339e-02  1.4758507739e-02  2.8409253426e-02  1.3281338344e-02  5.4189940936e-02  1.3177656383e-02  2.3980825834e-02  1.7411601831e-02  5.3991442949e-02  1.8017942316e-02  5.1643866483e-02  1.6014704622e-02  4.7488096577e-02  1.5433927859e-02  3.4030737894e-02  1.6768295158e-02  3.1915591561e-02  1.5313983184e-02  2.6404255183e-02  1.4758854292e-02  2.0630120909e-02  1.4356864640e-02  
7.4694790433e-01  2.7212500000e-02  9.8070347041e-04  4.2685367070e-02  1.6034526333e-02  4.8920822671e-02  1.8516760683e-02  1.8759487883e-02  1.6042787839e-02  5.6363502540e-02  1.8581071343e-02  9.3704730535e-03  1.7260616521e-02  2.9257552183e-02  1.8979996949e-02  1.1866857053e-02  1.5700945660e-02  3.6078291091e-02  1.4832909738e-02  2.5630315105e-02  1.8453442766e-02  5.4877021896e-02  1.6746993489e-02  3.5287847084e-02  1.4094437829e-02  4.5902833187e-02  1.4158508958e-02  
8.4758610756e-01  2.7437500000e-02  9.7737591124e-04  2.4593746413e-02  1.3841071226e-02  4.8266829368e-03  1.9094961800e-02  1.3946826965e-02  1.8206265751e-02  -5.1740764972e-03  1.5317388640e-02  3.8341221992e-02  1.5693316112e-02  5.4286857673e-03  1.5864548748e-02  5.7587327351e-02  1.8918593558e-02  3.2004928810e-02  2.0365213722e-02  5.8320717096e-02  1.8392689190e-02  -5.5749227308e-04  1.9448141027e-02  2.4984968494e-02  1.8358114017e-02  -7.9547483874e-03  1.7448805868e-02  
9.4697669293e-01  2.5475000000e-02  1.0190337028e-03  2.2346874088e-03  1.6897686958e-02  -5.5619645851e-03  1.4411863650e-02  2.9856729650e-02  1.6642725459e-02  -4.3791017011e-03  1.7220642090e-02  6.9647450279e-02  1.9829924543e-02  3.3134474662e-02  1.8232911051e-02  3.6784622465e-02  1.8099192456e-02  8.1188734027e-03  1.6144084959e-02  3.9562090596e-02  1.8324413984e-02  1.5293735989e-02  1.7508185326e-02  1.3298420063e-02  1.7104617701e-02  -2.1012757338e-02  1.8517199305e-02  
1.0470235160e+00  2.5012500000e-02  9.9537897149e-04  4.4626775614e-02  1.7212711965e-02  3.9644743954e-02  2.1672126687e-02  3.6569611134e-02  1.8312663716e-02  2.8849013620e-02  1.7496951154e-02  9.3925969257e-03  2.2498589466e-02  -1.0410935478e-02  1.7768774994e-02  3.0177949486e-02  1.5216153086e-02  6.7496073085e-03  1.7505798195e-02  3.4141744816e-02  1.5513331619e-02  9.2306898478e-03  1.7160550712e-02  3.6380598881e-02  1.6829965207e-02  1.4835998418e-02  1.7283824033e-02  
1.1467107010e+00  2.4637500000e-02  1.1823234210e-03  3.1145737084e-02  1.9505543741e-02  -2.8052426769e-02  1.6371748035e-02  1.9483293052e-02  1.7352802737e-02  -1.3809126760e-02  1.8800516070e-02  5.2109283471e-02  1.8777898511e-02  1.2302215389e-03  2.0876355370e-02  5.8183143555e-02  1.7659342886e-02  4.0083018957e-02  1.9460847210e-02  4.1867573197e-02  1.7826274813e-02  1.9614421794e-03  1.8386913352e-02  1.4421189303e-02  1.5977206516e-02  -5.8770166449e-03  1.5765696831e-02  
1.2463516667e+00  2.2162500000e-02  9.8859808409e-04  5.7161633265e-02  1.9249986388e-02  2.8795215840e-02  1.7335004638e-02  2.1259811972e-02  2.2510846480e-02  -1.1148878667e-03  2.1733643666e-02  1.9043509935e-02  1.8097779213e-02  -2.5942529909e-02  1.7332373074e-02  1.7787906659e-02  1.7255633482e-02  -1.2446022904e-02  2.2085599906e-02  2.5011570424e-02  2.0318897693e-02  1.0316160334e-02  1.9248459485e-02  7.3404113158e-02  1.9783310953e-02  2.6178456775e-02  1.7963639567e-02  
1.3458360286e+00  2.1287500000e-02  1.0251819579e-03  4.3660364790e-02  2.0565107232e-02  -2.7085930584e-03  2.1193796545e-02  5.6340452987e-02  2.2973022624e-02  2.1670407526e-02  2.2519823941e-02  5.0711605020e-02  1.9372214419e-02  -1.1911294041e-04  2.2744890356e-02  3.9462706967e-02  1.7950912393e-02  -1.4051643501e-02  1.7360268866e-02  2.3557512613e-02  2.2116573275e-02  -6.5402387080e-03  1.9410417579e-02  6.8395170468e-02  1.9630588446e-02  1.9212973632e-02  2.1277560321e-02  
1.4472414541e+00  2.0887500000e-02  9.7563981411e-04  1.6526202310e-02  1.8464641290e-02  -1.3552580411e-02  2.0718800825e-02  8.7322347858e-03  1.5784139359e-02  -1.0424129091e-02  1.6853305477e-02  5.2475039313e-02  2.3735197115e-02  -2.1017550554e-02  2.2340862157e-02  2.9899844398e-02  2.1735443067e-02  -2.5244136779e-02  2.1607721035e-02  3.9641587151e-02  2.0170825333e-02  6.2683187521e-03  1.9532860713e-02  3.1450165166e-02  2.2421109570e-02  -1.7069073509e-02  2.1638995197e-02  
1.5464176051e+00  1.9612500000e-02  1.0390039927e-03  3.8373873381e-02  2.1473877376e-02  3.0760306170e-03  2.1095675101e-02  6.7882427599e-02  2.2258314102e-02  2.6169454024e-02  2.4169262627e-02  5.4377524048e-02  2.4094444560e-02  5.6437715442e-03  2.3643349530e-02  5.0338599075e-02  2.6097876535e-02  -2.1806578593e-02  2.1905841958e-02  -1.3965520895e-02  2.6752490313e-02  -1.8450073095e-02  2.6515680389e-02  6.2651097238e-02  2.1503306020e-02  2.5489570329e-02  2.1395162594e-02  
1.6457195631e+00  1.8825000000e-02  1.1404186457e-03  2.9816193217e-02  2.2654280713e-02  -1.3675311996e-02  2.1131087910e-02  4.8179307340e-02  2.6883881694e-02  -2.8113628233e-03  2.4836574740e-02  1.0615025517e-02  2.3138087032e-02  -1.8782100625e-02  2.5075161486e-02  1.2126390488e-02  2.0450845405e-02  -8.0195096960e-03  2.2852787346e-02  3.5386855347e-02  2.3756873146e-02  -1.4418420125e-02  2.2872258461e-02  3.5643996401e-02  2.3686248413e-02  1.7454854455e-02  2.1140903874e-02  
1.7453163641e+00  1.6637500000e-02  1.0596644147e-03  2.9247806718e-02  3.2746921547e-02  3.4526164892e-02  2.8090721008e-02  6.5529111116e-02  2.3755287673e-02  1.1612302031e-02  2.3251748850e-02  3.0645803289e-02  2.6092733446e-02  -1.2768256849e-02  2.9594157639e-02  2.7618567939e-02  3.5409350951e-02  8.2657199421e-03  3.3752228567e-02  4.2944063025e-02  3.3047834394e-02  2.0622627475e-02  2.3757110610e-02  1.1267613219e-02  2.7868289385e-02  -5.3733654928e-03  2.1390330088e-02  
1.8446083216e+00  1.6487500000e-02  1.1290197283e-03  5.3000831440e-03  2.1226779434e-02  -6.5464035824e-03  1.9739563526e-02  1.8425397453e-02  2.2509560825e-02  -3.1578371506e-02  2.3111400499e-02  2.5049021599e-02  2.8823877742e-02  -8.2005143671e-03  3.1800514068e-02  1.8163685904e-02  2.8455108659e-02  -3.1665893174e-02  2.4143351879e-02  3.8934454463e-02  3.0314670252e-02  2.4922021392e-02  2.6880068346e-02  5.2313690899e-02  2.8162463080e-02  2.0348657730e-02  2.4222280081e-02  
1.9420674301e+00  1.4700000000e-02  1.0854722475e-03  3.8024988312e-02  3.2091034086e-02  -8.5795485211e-03  3.4173440691e-02  1.5425441586e-02  2.9236848273e-02  -1.6218408185e-02  2.8036559364e-02  1.6996576554e-02  2.6699221745e-02  -1.1496249834e-03  3.0887448290e-02  2.4017577393e-02  3.8697477998e-02  6.5808151207e-03  3.9562031432e-02  7.2717337558e-03  3.3252001909e-02  -7.5844681279e-03  3.2695944370e-02  2.4820756078e-02  3.0636058449e-02  1.1038268934e-02  3.2972002417e-02  
2.0400177228e+00  1.2187500000e-02  1.0529858959e-03  1.2325105279e-02  3.6297232589e-02  -2.2638648634e-02  2.8709976752e-02  2.4647780403e-02  3.2863066093e-02  1.8143790280e-02  3.0634496931e-02  4.4582535941e-02  1.9987809154e-02  6.7885466270e-02  2.3190950925e-02  5.0408684214e-02  3.0453599434e-02  -6.6541783984e-03  3.1781134125e-02  -2.9353429280e-02  2.9767010837e-02  -6.0671959049e-02  2.6255790384e-02  1.3556183924e-02  3.2542575318e-02  1.2208507660e-02  3.3203675793e-02  
2.1363298125e+00  1.0400000000e-02  9.9114832392e-04  1.7437494131e-02  3.1321482990e-02  -1.8036516103e-02  2.9344529364e-02  9.7233024030e-03  3.8112659613e-02  4.3787320785e-04  3.9920251252e-02  1.9047417401e-02  3.1520351939e-02  6.2118498884e-03  3.0800124365e-02  1.5039162770e-03  2.8445379254e-02  -4.0880350628e-02  3.2531537718e-02  5.8602774177e-02  3.4670581217e-02  5.8274637658e-02  3.1974985588e-02  1.9051520326e-02  2.5063211236e-02  -2.3127282495e-02  2.5830172134e-02  
2.2370128022e+00  9.4250000000e-03  9.0065514349e-04  -6.7284726712e-04  3.6721421113e-02  -1.9752675689e-02  3.2763950234e-02  4.0892411002e-02  3.1147299284e-02  2.1911369105e-02  2.5724245776e-02  8.7342225035e-02  3.1011286548e-02  8.6864911736e-03  2.9545074540e-02  7.6125921079e-04  3.6582629838e-02  -4.2151813477e-02  2.7414028804e-02  5.6427240313e-02  4.1087778895e-02  3.1113515681e-02  3.1503289701e-02  -3.2151602121e-02  3.2832707591e-02  -3.5604408330e-02  3.1255670578e-02  
2.3334681818e+00  7.7000000000e-03  8.3280399855e-04  2.8854707063e-02  3.2730027652e-02  1.2840410833e-02  3.4336738230e-02  2.7552286004e-03  5.1238652482e-02  3.8007126670e-03  4.8732425155e-02  1.0281620135e-01  3.4970962783e-02  6.7201609990e-02  3.2198303119e-02  1.2158264085e-01  4.3866627106e-02  2.8556809886e-02  4.6414288031e-02  -2.7270281467e-02  4.1777594625e-02  -1.2951926611e-02  3.6053080260e-02  -1.6052242968e-02  4.8941079955e-02  -2.0460199341e-02  4.7940840460e-02  
2.4311936003e+00  6.2250000000e-03  7.9882237544e-04  3.1495373345e-02  3.6214249776e-02  2.7490481972e-02  3.3760145333e-02  1.0600671545e-02  3.8163812781e-02  -2.1437740647e-02  4.2876290807e-02  1.2706809438e-02  3.5930587141e-02  4.3656232224e-03  3.5226874470e-02  -1.9707426058e-02  3.4862719500e-02  -2.9409413808e-02  3.5006685066e-02  -9.4078114602e-03  3.7729912794e-02  -4.2777126333e-02  3.4793085530e-02  7.5051700752e-02  3.6534519674e-02  3.6665908182e-02  4.2325183017e-02  
2.5258540455e+00  4.1750000000e-03  5.6396337425e-04  6.5928394930e-02  4.3594705210e-02  -1.9364310990e-02  4.2270764385e-02  9.6095557005e-02  4.6641732843e-02  7.1020312702e-02  5.2810074626e-02  -5.8763526145e-02  4.2402656481e-02  -1.4519349834e-02  3.9397491077e-02  -1.8049871608e-03  4.7938993875e-02  1.2896871900e-03  4.5021460318e-02  4.8302558949e-02  4.5717961473e-02  3.6860677576e-02  4.3757291919e-02  6.5241975793e-02  4.4788113786e-02  4.7741740037e-02  4.8213657868e-02  
2.6256184590e+00  3.3500000000e-03  4.7437458827e-04  9.8741413187e-02  4.8078362977e-02  6.0208042843e-03  3.8018732000e-02  -2.1151146540e-03  3.8203966286e-02  -3.4221355741e-03  3.6618559508e-02  8.3953832106e-03  4.3232355916e-02  -3.4547169299e-02  4.2948912529e-02  2.0736252368e-02  3.9786083047e-02  6.4840875045e-03  3.6240352065e-02  -1.4939438124e-02  4.4983309072e-02  -3.7071624364e-02  4.2441500392e-02  8.3736100810e-03  4.7524725560e-02  -1.3413476443e-02  4.8310672624e-02  
2.7196952344e+00  2.9000000000e-03  4.8237692731e-04  4.5468979000e-02  3.7795841023e-02  2.9098422179e-02  4.0696527149e-02  -2.5521013984e-02  3.5406288163e-02  3.3731606124e-03  4.5278919774e-02  5.4765921263e-03  4.1811438998e-02  3.0607033648e-02  4.2180193348e-02  5.5005566769e-02  4.0956021277e-02  3.7274215184e-02  4.1510609566e-02  9.3711943308e-03  4.4096384967e-02  -4.2706398532e-02  4.3985581391e-02  4.8020297239e-03  4.2297137176e-02  6.4046253196e-05  4.6225585010e-02  
2.8153391240e+00  1.7375000000e-03  3.0758319505e-04  -4.5633305780e-02  3.8382771728e-02  -3.6397694882e-02  3.2380903208e-02  -7.6713393840e-03  3.2972615988e-02  -2.0408449301e-02  4.0963595746e-02  -1.0927824974e-02  5.6278247154e-02  -1.0752627230e-02  5.1201043572e-02  6.6752217364e-02  3.4395554972e-02  -1.1565106076e-03  3.3143629868e-02  4.1626692371e-02  4.0081834853e-02  4.6337256295e-02  3.5093163080e-02  -3.1502918354e-02  3.9160052084e-02  -5.1891196709e-02  3.5897446132e-02  
2.9129776453e+00  1.2250000000e-03  2.7724932371e-04  3.4256525780e-03  3.4838471926e-02  -5.6745024555e-02  5.2839800916e-02  -5.6134840094e-02  4.7154604927e-02  -7.5858881660e-02  4.8023871307e-02  6.3284761113e-02  3.4497505623e-02  -7.3184361243e-03  3.7200866723e-02  2.4345449295e-02  3.7668721152e-02  1.2072415104e-02  4.6428266475e-02  -3.5591952732e-02  3.3235817035e-02  -3.1621873525e-02  3.9968994994e-02  2.8345685786e-02  4.3186708417e-02  1.8755863682e-02  3.8824317999e-02  
3.0092028565e+00  7.0000000000e-04  1.8234582529e-04  1.9342087299e-02  3.4506887316e-02  -1.1947207591e-02  2.4741955463e-02  2.3628107886e-02  2.5532547720e-02  -4.7266756853e-03  2.2252930251e-02  -2.3639129738e-02  2.6248146080e-02  -1.4087035786e-02  2.9005123248e-02  2.0955873052e-02  3.1909671418e-02  -7.1260471641e-04  3.3401111595e-02  4.0950685208e-02  2.9707598592e-02  2.1464951046e-02  2.4984258313e-02  -1.6350967202e-03  2.7913247863e-02  -8.2355734147e-03  2.6836082252e-02  
3.1065687749e+00  3.5000000000e-04  9.0311959341e-05  -1.7055599436e-02  2.4587094325e-02  -8.5876748643e-04  2.3304718436e-02  3.6692128972e-02  2.1858636861e-02  3.1793241328e-02  2.0705382164e-02  2.7649678414e-02  4.1335621997e-02  2.7421825094e-02  4.3889868936e-02  4.3792535218e-02  2.3691895696e-02  1.2189361763e-02  2.9528337376e-02  2.3901686860e-02  3.0719439488e-02  8.2162846623e-03  2.0528316522e-02  2.6424944847e-02  3.9491485437e-02  3.0202832003e-02  3.9210252381e-02  
3.2031068015e+00  2.1250000000e-04  7.8449326798e-05  -3.7122715481e-02  2.5641326891e-02  -5.4974364951e-02  2.7140737101e-02  5.7861877700e-02  2.6894018131e-02  1.1718441515e-03  2.9599694725e-02  -2.0639311778e-02  1.7080281095e-02  1.3052717299e-02  2.3267914447e-02  -8.9888185825e-03  2.5122178937e-02  -1.8078787155e-02  1.7744110969e-02  1.1999155689e-03  3.8270680513e-02  3.9523057785e-03  2.9971161209e-02  -3.7380915486e-02  2.8720994930e-02  -1.2200619228e-02  2.6692311242e-02  
3.3013700404e+00  7.5000000000e-05  3.4346579160e-05  -4.3047316499e-03  1.6812341076e-02  6.2769932079e-03  1.5816288155e-02  -1.8944171882e-02  2.1993130967e-02  -1.0267875427e-02  1.8497930103e-02  -5.0100494947e-03  1.8981028706e-02  -1.5120233200e-02  1.7092715589e-02  -1.9837324230e-02  1.2966064477e-02  -1.6628474017e-02  1.3590228227e-02  8.7804487775e-03  1.2435092253e-02  -3.3076497492e-04  1.1810739985e-02  -2.9649013437e-03  9.3587020694e-03  2.0677790941e-03  1.6955876271e-02  
3.4017557279e+00  7.5000000000e-05  2.9448047473e-05  -4.8222839401e-02  2.5601698820e-02  -4.0282104095e-02  2.4545700463e-02  -9.2996277271e-03  1.4083664974e-02  8.3555155735e-03  2.0330108656e-02  -4.2204184060e-03  1.6087228235e-02  -1.5804610718e-02  2.0835281753e-02  -2.5456958011e-02  2.2158139547e-02  -1.9311066882e-02  2.2033164728e-02  2.1643918329e-02  1.7364168408e-02  2.2529250586e-02  1.5503126695e-02  1.7894301349e-02  1.4793399887e-02  4.0285809624e-03  8.1474632697e-03  
3.5000000000e+00  0.0000000000e+00  0.0000000000e+00  0.0000000000e+00  0.0000000000e+00  0.0000000000e+00  0.0000000000e+00  0.0000000000e+00  0.0000000000e+00  0.0000000000e+00  0.0000000000e+00  0.0000000000e+00  0.0000000000e+00  0.0000000000e+00  0.0000000000e+00  0.0000000000e+00  0.0000000000e+00  0.0000000000e+00  0.0000000000e+00  0.0000000000e+00  0.0000000000e+00  0.0000000000e+00  0.0000000000e+00  0.0000000000e+00  0.0000000000e+00  0.0000000000e+00  0.0000000000e+00  
3.6000665429e+00  1.2500000000e-05  1.2421629321e-05  1.9347664601e-03  1.9368904492e-03  -4.4964321650e-04  4.5049289431e-04  -2.1323552337e-02  2.1356909312e-02  -1.1017936064e-02  1.1038889476e-02  5.0775560376e-03  5.0862471398e-03  -7.4136498969e-03  7.4265277069e-03  8.2653417140e-03  8.2838011063e-03  2.7474135998e-03  2.7528900750e-03  2.1224259837e-02  2.1250224053e-02  1.7668778849e-02  1.7692362705e-02  -9.9913184850e-03  1.0013905052e-02  -8.8598788603e-03  8.8727418324e-03  
3.7000000000e+00  0.0000000000e+00  0.0000000000e+00  0.0000000000e+00  0.0000000000e+00  0.0000000000e+00  0.0000000000e+00  0.0000000000e+00  0.0000000000e+00  0.0000000000e+00  0.0000000000e+00  0.0000000000e+00  0.0000000000e+00  0.0000000000e+00  0.0000000000e+00  0.0000000000e+00  0.0000000000e+00  0.0000000000e+00  0.0000000000e+00  0.0000000000e+00  0.0000000000e+00  0.0000000000e+00  0.0000000000e+00  0.0000000000e+00  0.0000000000e+00  0.0000000000e+00  0.0000000000e+00  
3.8000000000e+00  0.0000000000e+00  0.0000000000e+00  0.0000000000e+00  0.0000000000e+00  0.0000000000e+00  0.0000000000e+00  0.0000000000e+00  0.0000000000e+00  0.0000000000e+00  0.0000000000e+00  0.0000000000e+00  0.0000000000e+00  0.0000000000e+00  0.0000000000e+00  0.0000000000e+00  0.0000000000e+00  0.0000000000e+00  0.0000000000e+00  0.0000000000e+00  0.0000000000e+00  0.0000000000e+00  0.0000000000e+00  0.0000000000e+00  0.0000000000e+00  0.0000000000e+00  0.0000000000e+00  
3.9000000000e+00  0.0000000000e+00  0.0000000000e+00  0.0000000000e+00  0.0000000000e+00  0.0000000000e+00  0.0000000000e+00  0.0000000000e+00  0.0000000000e+00  0.0000000000e+00  0.0000000000e+00  0.0000000000e+00  0.0000000000e+00  0.0000000000e+00  0.0000000000e+00  0.0000000000e+00  0.0000000000e+00  0.0000000000e+00  0.0000000000e+00  0.0000000000e+00  0.0000000000e+00  0.0000000000e+00  0.0000000000e+00  0.0000000000e+00  0.0000000000e+00  0.0000000000e+00  0.0000000000e+00  
4.0000000000e+00  0.0000000000e+00  0.0000000000e+00  0.0000000000e+00  0.0000000000e+00  0.0000000000e+00  0.0000000000e+00  0.0000000000e+00  0.0000000000e+00  0.0000000000e+00  0.0000000000e+00  0.0000000000e+00  0.0000000000e+00  0.0000000000e+00  0.0000000000e+00  0.0000000000e+00  0.0000000000e+00  0.0000000000e+00  0.0000000000e+00  0.0000000000e+00  0.0000000000e+00  0.0000000000e+00  0.0000000000e+00  0.0000000000e+00  0.0000000000e+00  0.0000000000e+00  0.0000000000e+00  
4.1000000000e+00  0.0000000000e+00  0.0000000000e+00  0.0000000000e+00  0.0000000000e+00  0.0000000000e+00  0.0000000000e+00  0.0000000000e+00  0.0000000000e+00  0.0000000000e+00  0.0000000000e+00  0.0000000000e+00  0.0000000000e+00  0.0000000000e+00  0.0000000000e+00  0.0000000000e+00  0.0000000000e+00  0.0000000000e+00  0.0000000000e+00  0.0000000000e+00  0.0000000000e+00  0.0000000000e+00  0.0000000000e+00  0.0000000000e+00  0.0000000000e+00  0.0000000000e+00  0.0000000000e+00  
4.2000000000e+00  0.0000000000e+00  0.0000000000e+00  0.0000000000e+00  0.0000000000e+00  0.0000000000e+00  0.0000000000e+00  0.0000000000e+00  0.0000000000e+00  0.0000000000e+00  0.0000000000e+00  0.0000000000e+00  0.0000000000e+00  0.0000000000e+00  0.0000000000e+00  0.0000000000e+00  0.0000000000e+00  0.0000000000e+00  0.0000000000e+00  0.0000000000e+00  0.0000000000e+00  0.0000000000e+00  0.0000000000e+00  0.0000000000e+00  0.0000000000e+00  0.0000000000e+00  0.0000000000e+00  
4.3000000000e+00  0.0000000000e+00  0.0000000000e+00  0.0000000000e+00  0.0000000000e+00  0.0000000000e+00  0.0000000000e+00  0.0000000000e+00  0.0000000000e+00  0.0000000000e+00  0.0000000000e+00  0.0000000000e+00  0.0000000000e+00  0.0000000000e+00  0.0000000000e+00  0.0000000000e+00  0.0000000000e+00  0.0000000000e+00  0.0000000000e+00  0.0000000000e+00  0.0000000000e+00  0.0000000000e+00  0.0000000000e+00  0.0000000000e+00  0.0000000000e+00  0.0000000000e+00  0.0000000000e+00  
4.4000000000e+00  0.0000000000e+00  0.0000000000e+00  0.0000000000e+00  0.0000000000e+00  0.0000000000e+00  0.0000000000e+00  0.0000000000e+00  0.0000000000e+00  0.0000000000e+00  0.0000000000e+00  0.0000000000e+00  0.0000000000e+00  0.0000000000e+00  0.0000000000e+00  0.0000000000e+00  0.0000000000e+00  0.0000000000e+00  0.0000000000e+00  0.0000000000e+00  0.0000000000e+00  0.0000000000e+00  0.0000000000e+00  0.0000000000e+00  0.0000000000e+00  0.0000000000e+00  0.0000000000e+00  
4.5000000000e+00  0.0000000000e+00  0.0000000000e+00  0.0000000000e+00  0.0000000000e+00  0.0000000000e+00  0.0000000000e+00  0.0000000000e+00  0.0000000000e+00  0.0000000000e+00  0.0000000000e+00  0.0000000000e+00  0.0000000000e+00  0.0000000000e+00  0.0000000000e+00  0.0000000000e+00  0.0000000000e+00  0.0000000000e+00  0.0000000000e+00  0.0000000000e+00  0.0000000000e+00  0.0000000000e+00  0.0000000000e+00  0.0000000000e+00  0.0000000000e+00  0.0000000000e+00  0.0000000000e+00  
4.6000000000e+00  0.0000000000e+00  0.0000000000e+00  0.0000000000e+00  0.0000000000e+00  0.0000000000e+00  0.0000000000e+00  0.0000000000e+00  0.0000000000e+00  0.0000000000e+00  0.0000000000e+00  0.0000000000e+00  0.0000000000e+00  0.0000000000e+00  0.0000000000e+00  0.0000000000e+00  0.0000000000e+00  0.0000000000e+00  0.0000000000e+00  0.0000000000e+00  0.0000000000e+00  0.0000000000e+00  0.0000000000e+00  0.0000000000e+00  0.0000000000e+00  0.0000000000e+00  0.0000000000e+00  
4.7000000000e+00  0.0000000000e+00  0.0000000000e+00  0.0000000000e+00  0.0000000000e+00  0.0000000000e+00  0.0000000000e+00  0.0000000000e+00  0.0000000000e+00  0.0000000000e+00  0.0000000000e+00  0.0000000000e+00  0.0000000000e+00  0.0000000000e+00  0.0000000000e+00  0.0000000000e+00  0.0000000000e+00  0.0000000000e+00  0.0000000000e+00  0.0000000000e+00  0.0000000000e+00  0.0000000000e+00  0.0000000000e+00  0.0000000000e+00  0.0000000000e+00  0.0000000000e+00  0.0000000000e+00  
4.8000000000e+00  0.0000000000e+00  0.0000000000e+00  0.0000000000e+00  0.0000000000e+00  0.0000000000e+00  0.0000000000e+00  0.0000000000e+00  0.0000000000e+00  0.0000000000e+00  0.0000000000e+00  0.0000000000e+00  0.0000000000e+00  0.0000000000e+00  0.0000000000e+00  0.0000000000e+00  0.0000000000e+00  0.0000000000e+00  0.0000000000e+00  0.0000000000e+00  0.0000000000e+00  0.0000000000e+00  0.0000000000e+00  0.0000000000e+00  0.0000000000e+00  0.0000000000e+00  0.0000000000e+00  
4.9000000000e+00  0.0000000000e+00  0.0000000000e+00  0.0000000000e+00  0.0000000000e+00  0.0000000000e+00  0.0000000000e+00  0.0000000000e+00  0.0000000000e+00  0.0000000000e+00  0.0000000000e+00  0.0000000000e+00  0.0000000000e+00  0.0000000000e+00  0.0000000000e+00  0.0000000000e+00  0.0000000000e+00  0.0000000000e+00  0.0000000000e+00  0.0000000000e+00  0.0000000000e+00  0.0000000000e+00  0.0000000000e+00  0.0000000000e+00  0.0000000000e+00  0.0000000000e+00  0.0000000000e+00  
5.0000000000e+00  0.0000000000e+00  0.0000000000e+00  0.0000000000e+00  0.0000000000e+00  0.0000000000e+00  0.0000000000e+00  0.0000000000e+00  0.0000000000e+00  0.0000000000e+00  0.0000000000e+00  0.0000000000e+00  0.0000000000e+00  0.0000000000e+00  0.0000000000e+00  0.0000000000e+00  0.0000000000e+00  0.0000000000e+00  0.0000000000e+00  0.0000000000e+00  0.0000000000e+00  0.0000000000e+00  0.0000000000e+00  0.0000000000e+00  0.0000000000e+00  0.0000000000e+00  0.0000000000e+00  
5.1000000000e+00  0.0000000000e+00  0.0000000000e+00  0.0000000000e+00  0.0000000000e+00  0.0000000000e+00  0.0000000000e+00  0.0000000000e+00  0.0000000000e+00  0.0000000000e+00  0.0000000000e+00  0.0000000000e+00  0.0000000000e+00  0.0000000000e+00  0.0000000000e+00  0.0000000000e+00  0.0000000000e+00  0.0000000000e+00  0.0000000000e+00  0.0000000000e+00  0.0000000000e+00  0.0000000000e+00  0.0000000000e+00  0.0000000000e+00  0.0000000000e+00  0.0000000000e+00  0.0000000000e+00  
5.2000000000e+00  0.0000000000e+00  0.0000000000e+00  0.0000000000e+00  0.0000000000e+00  0.0000000000e+00  0.0000000000e+00  0.0000000000e+00  0.0000000000e+00  0.0000000000e+00  0.0000000000e+00  0.0000000000e+00  0.0000000000e+00  0.0000000000e+00  0.0000000000e+00  0.0000000000e+00  0.0000000000e+00  0.0000000000e+00  0.0000000000e+00  0.0000000000e+00  0.0000000000e+00  0.0000000000e+00  0.0000000000e+00  0.0000000000e+00  0.0000000000e+00  0.0000000000e+00  0.0000000000e+00  
5.3000000000e+00  0.0000000000e+00  0.0000000000e+00  0.0000000000e+00  0.0000000000e+00  0.0000000000e+00  0.0000000000e+00  0.0000000000e+00  0.0000000000e+00  0.0000000000e+00  0.0000000000e+00  0.0000000000e+00  0.0000000000e+00  0.0000000000e+00  0.0000000000e+00  0.0000000000e+00  0.0000000000e+00  0.0000000000e+00  0.0000000000e+00  0.0000000000e+00  0.0000000000e+00  0.0000000000e+00  0.0000000000e+00  0.0000000000e+00  0.0000000000e+00  0.0000000000e+00  0.0000000000e+00  
5.4000000000e+00  0.0000000000e+00  0.0000000000e+00  0.0000000000e+00  0.0000000000e+00  0.0000000000e+00  0.0000000000e+00  0.0000000000e+00  0.0000000000e+00  0.0000000000e+00  0.0000000000e+00  0.0000000000e+00  0.0000000000e+00  0.0000000000e+00  0.0000000000e+00  0.0000000000e+00  0.0000000000e+00  0.0000000000e+00  0.0000000000e+00  0.0000000000e+00  0.0000000000e+00  0.0000000000e+00  0.0000000000e+00  0.0000000000e+00  0.0000000000e+00  0.0000000000e+00  0.0000000000e+00  
5.5000000000e+00  0.0000000000e+00  0.0000000000e+00  0.0000000000e+00  0.0000000000e+00  0.0000000000e+00  0.0000000000e+00  0.0000000000e+00  0.0000000000e+00  0.0000000000e+00  0.0000000000e+00  0.0000000000e+00  0.0000000000e+00  0.0000000000e+00  0.0000000000e+00  0.0000000000e+00  0.0000000000e+00  0.0000000000e+00  0.0000000000e+00  0.0000000000e+00  0.0000000000e+00  0.0000000000e+00  0.0000000000e+00  0.0000000000e+00  0.0000000000e+00  0.0000000000e+00  0.0000000000e+00  
5.6000000000e+00  0.0000000000e+00  0.0000000000e+00  0.0000000000e+00  0.0000000000e+00  0.0000000000e+00  0.0000000000e+00  0.0000000000e+00  0.0000000000e+00  0.0000000000e+00  0.0000000000e+00  0.0000000000e+00  0.0000000000e+00  0.0000000000e+00  0.0000000000e+00  0.0000000000e+00  0.0000000000e+00  0.0000000000e+00  0.0000000000e+00  0.0000000000e+00  0.0000000000e+00  0.0000000000e+00  0.0000000000e+00  0.0000000000e+00  0.0000000000e+00  0.0000000000e+00  0.0000000000e+00  
5.7000000000e+00  0.0000000000e+00  0.0000000000e+00  0.0000000000e+00  0.0000000000e+00  0.0000000000e+00  0.0000000000e+00  0.0000000000e+00  0.0000000000e+00  0.0000000000e+00  0.0000000000e+00  0.0000000000e+00  0.0000000000e+00  0.0000000000e+00  0.0000000000e+00  0.0000000000e+00  0.0000000000e+00  0.0000000000e+00  0.0000000000e+00  0.0000000000e+00  0.0000000000e+00  0.0000000000e+00  0.0000000000e+00  0.0000000000e+00  0.0000000000e+00  0.0000000000e+00  0.0000000000e+00  
5.8000000000e+00  0.0000000000e+00  0.0000000000e+00  0.0000000000e+00  0.0000000000e+00  0.0000000000e+00  0.0000000000e+00  0.0000000000e+00  0.0000000000e+00  0.0000000000e+00  0.0000000000e+00  0.0000000000e+00  0.0000000000e+00  0.0000000000e+00  0.0000000000e+00  0.0000000000e+00  0.0000000000e+00  0.0000000000e+00  0.0000000000e+00  0.0000000000e+00  0.0000000000e+00  0.0000000000e+00  0.0000000000e+00  0.0000000000e+00  0.0000000000e+00  0.0000000000e+00  0.0000000000e+00  
5.9000000000e+00  0.0000000000e+00  0.0000000000e+00  0.0000000000e+00  0.0000000000e+00  0.0000000000e+00  0.0000000000e+00  0.0000000000e+00  0.0000000000e+00  0.0000000000e+00  0.0000000000e+00  0.0000000000e+00  0.0000000000e+00  0.0000000000e+00  0.0000000000e+00  0.0000000000e+00  0.0000000000e+00  0.0000000000e+00  0.0000000000e+00  0.0000000000e+00  0.0000000000e+00  0.0000000000e+00  0.0000000000e+00  0.0000000000e+00  0.0000000000e+00  0.0000000000e+00  0.0000000000e+00  
6.0000000000e+00  0.0000000000e+00  0.0000000000e+00  0.0000000000e+00  0.0000000000e+00  0.0000000000e+00  0.0000000000e+00  0.0000000000e+00  0.0000000000e+00  0.0000000000e+00  0.0000000000e+00  0.0000000000e+00  0.0000000000e+00  0.0000000000e+00  0.0000000000e+00  0.0000000000e+00  0.0000000000e+00  0.0000000000e+00  0.0000000000e+00  0.0000000000e+00  0.0000000000e+00  0.0000000000e+00  0.0000000000e+00  0.0000000000e+00  0.0000000000e+00  0.0000000000e+00  0.0000000000e+00  
6.1000000000e+00  0.0000000000e+00  0.0000000000e+00  0.0000000000e+00  0.0000000000e+00  0.0000000000e+00  0.0000000000e+00  0.0000000000e+00  0.0000000000e+00  0.0000000000e+00  0.0000000000e+00  0.0000000000e+00  0.0000000000e+00  0.0000000000e+00  0.0000000000e+00  0.0000000000e+00  0.0000000000e+00  0.0000000000e+00  0.0000000000e+00  0.0000000000e+00  0.0000000000e+00  0.0000000000e+00  0.0000000000e+00  0.0000000000e+00  0.0000000000e+00  0.0000000000e+00  0.0000000000e+00  
6.2000000000e+00  0.0000000000e+00  0.0000000000e+00  0.0000000000e+00  0.0000000000e+00  0.0000000000e+00  0.0000000000e+00  0.0000000000e+00  0.0000000000e+00  0.0000000000e+00  0.0000000000e+00  0.0000000000e+00  0.0000000000e+00  0.0000000000e+00  0.0000000000e+00  0.0000000000e+00  0.0000000000e+00  0.0000000000e+00  0.0000000000e+00  0.0000000000e+00  0.0000000000e+00  0.0000000000e+00  0.0000000000e+00  0.0000000000e+00  0.0000000000e+00  0.0000000000e+00  0.0000000000e+00  
6.3000000000e+00  0.0000000000e+00  0.0000000000e+00  0.0000000000e+00  0.0000000000e+00  0.0000000000e+00  0.0000000000e+00  0.0000000000e+00  0.0000000000e+00  0.0000000000e+00  0.0000000000e+00  0.0000000000e+00  0.0000000000e+00  0.0000000000e+00  0.0000000000e+00  0.0000000000e+00  0.0000000000e+00  0.0000000000e+00  0.0000000000e+00  0.0000000000e+00  0.0000000000e+00  0.0000000000e+00  0.0000000000e+00  0.0000000000e+00  0.0000000000e+00  0.0000000000e+00  0.0000000000e+00  
6.4000000000e+00  0.0000000000e+00  0.0000000000e+00  0.0000000000e+00  0.0000000000e+00  0.0000000000e+00  0.0000000000e+00  0.0000000000e+00  0.0000000000e+00  0.0000000000e+00  0.0000000000e+00  0.0000000000e+00  0.0000000000e+00  0.0000000000e+00  0.0000000000e+00  0.0000000000e+00  0.0000000000e+00  0.0000000000e+00  0.0000000000e+00  0.0000000000e+00  0.0000000000e+00  0.0000000000e+00  0.0000000000e+00  0.0000000000e+00  0.0000000000e+00  0.0000000000e+00  0.0000000000e+00  
6.5000000000e+00  0.0000000000e+00  0.0000000000e+00  0.0000000000e+00  0.0000000000e+00  0.0000000000e+00  0.0000000000e+00  0.0000000000e+00  0.0000000000e+00  0.0000000000e+00  0.0000000000e+00  0.0000000000e+00  0.0000000000e+00  0.0000000000e+00  0.0000000000e+00  0.0000000000e+00  0.0000000000e+00  0.0000000000e+00  0.0000000000e+00  0.0000000000e+00  0.0000000000e+00  0.0000000000e+00  0.0000000000e+00  0.0000000000e+00  0.0000000000e+00  0.0000000000e+00  0.0000000000e+00  
6.6000000000e+00  0.0000000000e+00  0.0000000000e+00  0.0000000000e+00  0.0000000000e+00  0.0000000000e+00  0.0000000000e+00  0.0000000000e+00  0.0000000000e+00  0.0000000000e+00  0.0000000000e+00  0.0000000000e+00  0.0000000000e+00  0.0000000000e+00  0.0000000000e+00  0.0000000000e+00  0.0000000000e+00  0.0000000000e+00  0.0000000000e+00  0.0000000000e+00  0.0000000000e+00  0.0000000000e+00  0.0000000000e+00  0.0000000000e+00  0.0000000000e+00  0.0000000000e+00  0.0000000000e+00  
6.7000000000e+00  0.0000000000e+00  0.0000000000e+00  0.0000000000e+00  0.0000000000e+00  0.0000000000e+00  0.0000000000e+00  0.0000000000e+00  0.0000000000e+00  0.0000000000e+00  0.0000000000e+00  0.0000000000e+00  0.0000000000e+00  0.0000000000e+00  0.0000000000e+00  0.0000000000e+00  0.0000000000e+00  0.0000000000e+00  0.0000000000e+00  0.0000000000e+00  0.0000000000e+00  0.0000000000e+00  0.0000000000e+00  0.0000000000e+00  0.0000000000e+00  0.0000000000e+00  0.0000000000e+00  
6.8000000000e+00  0.0000000000e+00  0.0000000000e+00  0.0000000000e+00  0.0000000000e+00  0.0000000000e+00  0.0000000000e+00  0.0000000000e+00  0.0000000000e+00  0.0000000000e+00  0.0000000000e+00  0.0000000000e+00  0.0000000000e+00  0.0000000000e+00  0.0000000000e+00  0.0000000000e+00  0.0000000000e+00  0.0000000000e+00  0.0000000000e+00  0.0000000000e+00  0.0000000000e+00  0.0000000000e+00  0.0000000000e+00  0.0000000000e+00  0.0000000000e+00  0.0000000000e+00  0.0000000000e+00  
6.9000000000e+00  0.0000000000e+00  0.0000000000e+00  0.0000000000e+00  0.0000000000e+00  0.0000000000e+00  0.0000000000e+00  0.0000000000e+00  0.0000000000e+00  0.0000000000e+00  0.0000000000e+00  0.0000000000e+00  0.0000000000e+00  0.0000000000e+00  0.0000000000e+00  0.0000000000e+00  0.0000000000e+00  0.0000000000e+00  0.0000000000e+00  0.0000000000e+00  0.0000000000e+00  0.0000000000e+00  0.0000000000e+00  0.0000000000e+00  0.0000000000e+00  0.0000000000e+00  0.0000000000e+00  
7.0000000000e+00  0.0000000000e+00  0.0000000000e+00  0.0000000000e+00  0.0000000000e+00  0.0000000000e+00  0.0000000000e+00  0.0000000000e+00  0.0000000000e+00  0.0000000000e+00  0.0000000000e+00  0.0000000000e+00  0.0000000000e+00  0.0000000000e+00  0.0000000000e+00  0.0000000000e+00  0.0000000000e+00  0.0000000000e+00  0.0000000000e+00  0.0000000000e+00  0.0000000000e+00  0.0000000000e+00  0.0000000000e+00  0.0000000000e+00  0.0000000000e+00  0.0000000000e+00  0.0000000000e+00  
