#pT  dN/(2pi dy pT dpT)  dN/(2pi dy pT dpT)_err  vn[2]  vn[2]_err
1.0796685517e-01  7.7510058611e-02  1.5920245021e-03  0.0000000000e+00  0.0000000000e+00  0.0000000000e+00  0.0000000000e+00  0.0000000000e+00  0.0000000000e+00  1.2193844654e-02  4.7700010240e-02  0.0000000000e+00  0.0000000000e+00  3.9929211140e-02  2.4083822966e-02  
2.0372138917e-01  7.7602431801e-02  1.4720554147e-03  3.1340811402e-02  1.2762377970e-02  2.8720404953e-02  1.2650584802e-02  2.6309875771e-02  1.4821023680e-02  0.0000000000e+00  0.0000000000e+00  1.9238356501e-02  1.7872456461e-02  1.9348308444e-02  1.6294565052e-02  
3.0197727680e-01  7.2802220509e-02  1.3034517339e-03  3.8738295436e-02  8.0202817917e-03  1.6218475997e-02  1.3393827714e-02  2.2518014535e-02  1.1895688251e-02  0.0000000000e+00  0.0000000000e+00  1.0445689783e-02  2.4516437203e-02  0.0000000000e+00  0.0000000000e+00  
4.0113168955e-01  6.6393191967e-02  1.2147930393e-03  3.1567927450e-02  8.0700973049e-03  0.0000000000e+00  0.0000000000e+00  2.9437877238e-02  7.1499757469e-03  0.0000000000e+00  0.0000000000e+00  0.0000000000e+00  0.0000000000e+00  0.0000000000e+00  0.0000000000e+00  
5.0065463781e-01  5.8987857266e-02  1.0934842771e-03  3.8521435112e-02  6.2354649417e-03  0.0000000000e+00  0.0000000000e+00  1.7061475664e-02  1.0666087270e-02  1.1311033741e-02  1.4973754995e-02  1.4691528864e-02  1.3788796030e-02  0.0000000000e+00  0.0000000000e+00  
6.0011225939e-01  5.2366082740e-02  9.8403292070e-04  3.3035315573e-02  7.6720681973e-03  2.5130782276e-02  7.8205866739e-03  1.9567996264e-02  9.2623671517e-03  6.7852982320e-03  2.4090345949e-02  0.0000000000e+00  0.0000000000e+00  0.0000000000e+00  0.0000000000e+00  
6.9963014126e-01  4.5126252295e-02  9.1980593246e-04  4.6161010861e-02  7.5784777291e-03  1.6895074397e-02  1.0887717828e-02  9.9761337042e-03  1.8183136359e-02  1.8453557044e-02  8.9792422950e-03  1.8727410585e-02  1.0895068757e-02  0.0000000000e+00  0.0000000000e+00  
7.9932898283e-01  3.7900688378e-02  7.2659726405e-04  3.8913909346e-02  9.0017160401e-03  3.8268562406e-02  6.0448730364e-03  0.0000000000e+00  0.0000000000e+00  0.0000000000e+00  0.0000000000e+00  6.6316765733e-03  2.5736045092e-02  2.2508906201e-02  8.3261486143e-03  
8.9920657873e-01  3.2008139915e-02  7.1006128711e-04  5.4005879909e-02  7.0139197633e-03  3.5066734999e-02  7.7315769158e-03  2.3068957031e-02  7.9752057791e-03  0.0000000000e+00  0.0000000000e+00  0.0000000000e+00  0.0000000000e+00  0.0000000000e+00  0.0000000000e+00  
9.9900126457e-01  2.6274060721e-02  6.2009058128e-04  4.8444233835e-02  6.6345771775e-03  5.6671492755e-02  6.5210224129e-03  3.0852289870e-02  1.1174408719e-02  0.0000000000e+00  0.0000000000e+00  1.0574103333e-02  2.0179776475e-02  0.0000000000e+00  0.0000000000e+00  
1.0990146399e+00  2.0953850010e-02  5.3835985480e-04  4.5104328543e-02  7.9941181466e-03  6.1451099813e-02  6.9434079342e-03  2.5368612260e-02  1.0685022920e-02  7.9307546839e-03  2.9828285798e-02  1.4043661766e-02  1.6835832968e-02  0.0000000000e+00  0.0000000000e+00  
1.1986091137e+00  1.7147476278e-02  4.8755403075e-04  5.3557012230e-02  8.1955408677e-03  6.7507162690e-02  6.9589256309e-03  3.4391991794e-02  1.0359972715e-02  3.0502149835e-02  1.1259073392e-02  0.0000000000e+00  0.0000000000e+00  1.0590220802e-02  2.7967931703e-02  
1.2984871864e+00  1.3101288157e-02  4.2077051340e-04  5.9701308608e-02  9.2549752444e-03  8.1577196717e-02  8.2597713917e-03  2.9906362295e-02  1.6953770071e-02  1.4200192876e-02  2.2047853097e-02  0.0000000000e+00  0.0000000000e+00  2.5103140622e-02  1.8473584205e-02  
1.3985525370e+00  1.0236893645e-02  3.5401523685e-04  6.0336511582e-02  8.8545102626e-03  8.6831063032e-02  8.9504374191e-03  0.0000000000e+00  0.0000000000e+00  0.0000000000e+00  0.0000000000e+00  9.3531562015e-03  4.1846834123e-02  1.6981672496e-02  2.8500804678e-02  
1.4977782965e+00  7.7532136007e-03  2.8873561989e-04  5.7736385614e-02  1.3809959404e-02  1.2004972994e-01  1.0301759467e-02  3.4450255334e-02  1.4678503387e-02  4.9148920923e-02  1.7439668998e-02  0.0000000000e+00  0.0000000000e+00  0.0000000000e+00  0.0000000000e+00  
1.5978590250e+00  5.8253788726e-03  2.4695392904e-04  9.3041166663e-02  1.2921395712e-02  1.3180904090e-01  1.1380230077e-02  6.7340716720e-02  1.4988503419e-02  4.1777685285e-02  1.5233784914e-02  0.0000000000e+00  0.0000000000e+00  2.8827164322e-02  2.2562690079e-02  
1.6973454952e+00  4.1837369629e-03  1.9669377891e-04  9.5621056855e-02  1.6796309501e-02  1.3349184394e-01  1.5149856918e-02  4.0050435811e-02  2.1989176050e-02  7.4174188077e-02  1.9629199058e-02  0.0000000000e+00  0.0000000000e+00  2.1556522697e-02  4.0449813008e-02  
1.7973189354e+00  3.0566150713e-03  1.5781608866e-04  8.1469133496e-02  1.6205467284e-02  1.3890925050e-01  1.2408783659e-02  5.1607754081e-02  2.4762282148e-02  3.8991689682e-02  2.7812108397e-02  7.1222931147e-02  2.3708961904e-02  0.0000000000e+00  0.0000000000e+00  
1.8974696398e+00  2.2371499223e-03  1.3197921554e-04  1.1534904689e-01  2.5987563655e-02  1.6021710634e-01  1.6229016706e-02  0.0000000000e+00  0.0000000000e+00  3.5768225789e-02  5.6610777974e-02  0.0000000000e+00  0.0000000000e+00  0.0000000000e+00  0.0000000000e+00  
1.9976749420e+00  1.5514624513e-03  9.6776119829e-05  1.3124088943e-01  2.6008514687e-02  1.3113322854e-01  3.9027124643e-02  0.0000000000e+00  0.0000000000e+00  0.0000000000e+00  0.0000000000e+00  1.2987995148e-01  4.3911740184e-02  3.4993644804e-02  1.0613431036e-01  
2.0968136787e+00  1.1027091821e-03  6.9821247461e-05  1.5442353487e-01  4.0660019964e-02  1.9450487196e-01  2.7067013085e-02  0.0000000000e+00  0.0000000000e+00  0.0000000000e+00  0.0000000000e+00  1.1157390475e-01  3.8888681680e-02  9.8221741617e-02  4.8280302435e-02  
2.1979391575e+00  7.8430982680e-04  6.1003364921e-05  0.0000000000e+00  0.0000000000e+00  1.8691620231e-01  4.1086293757e-02  0.0000000000e+00  0.0000000000e+00  0.0000000000e+00  0.0000000000e+00  1.3332152367e-01  5.0795581192e-02  0.0000000000e+00  0.0000000000e+00  
2.2981793880e+00  5.1004703773e-04  4.2645395628e-05  0.0000000000e+00  0.0000000000e+00  1.1029149170e+03  5.4863659668e+02  0.0000000000e+00  0.0000000000e+00  0.0000000000e+00  0.0000000000e+00  0.0000000000e+00  0.0000000000e+00  0.0000000000e+00  0.0000000000e+00  
2.3975501060e+00  3.6737795547e-04  3.1964729708e-05  0.0000000000e+00  0.0000000000e+00  0.0000000000e+00  0.0000000000e+00  0.0000000000e+00  0.0000000000e+00  1.2395605445e-01  9.9086619914e-02  0.0000000000e+00  0.0000000000e+00  1.3507894287e+03  6.7193927002e+02  
2.4977841377e+00  2.5069864122e-04  2.5990038778e-05  7.7987860107e+02  8.7104144287e+02  0.0000000000e+00  0.0000000000e+00  0.0000000000e+00  0.0000000000e+00  0.0000000000e+00  0.0000000000e+00  1.1029149170e+03  8.7014941406e+02  1.1029149170e+03  5.4863665771e+02  
2.5976350307e+00  1.6874176922e-04  1.7049103108e-05  1.3407814503e-01  5.5557365000e+06  0.0000000000e+00  0.0000000000e+00  0.0000000000e+00  0.0000000000e+00  0.0000000000e+00  0.0000000000e+00  1.6750663519e-01  4.4470050000e+06  7.7987860107e+02  8.7104168701e+02  
2.6976420879e+00  1.0304300921e-04  1.2562924265e-05  0.0000000000e+00  0.0000000000e+00  1.1029149170e+03  1.1015078125e+03  0.0000000000e+00  0.0000000000e+00  8.9164048433e-02  1.2761398000e+07  2.9629334807e-01  3.8403085000e+06  0.0000000000e+00  0.0000000000e+00  
2.7977051735e+00  8.3678465586e-05  8.6663451404e-06  0.0000000000e+00  0.0000000000e+00  0.0000000000e+00  0.0000000000e+00  0.0000000000e+00  0.0000000000e+00  0.0000000000e+00  0.0000000000e+00  0.0000000000e+00  0.0000000000e+00  0.0000000000e+00  0.0000000000e+00  
2.8974306583e+00  4.4762350652e-05  5.8838835020e-06  0.0000000000e+00  0.0000000000e+00  0.0000000000e+00  0.0000000000e+00  0.0000000000e+00  0.0000000000e+00  0.0000000000e+00  0.0000000000e+00  0.0000000000e+00  0.0000000000e+00  0.0000000000e+00  0.0000000000e+00  
3.0003919601e+00  3.3883020664e-05  4.6809578048e-06  0.0000000000e+00  0.0000000000e+00  0.0000000000e+00  0.0000000000e+00  0.0000000000e+00  0.0000000000e+00  7.7987860107e+02  1.2926822510e+03  0.0000000000e+00  0.0000000000e+00  7.7987860107e+02  1.2926822510e+03  
3.0892162323e+00  2.0590293652e-05  3.3766453805e-06  0.0000000000e+00  0.0000000000e+00  0.0000000000e+00  0.0000000000e+00  2.8571426868e-01  3.6870812500e+06  0.0000000000e+00  0.0000000000e+00  7.7987860107e+02  8.7104095459e+02  0.0000000000e+00  0.0000000000e+00  
3.2007405758e+00  1.6306858523e-05  2.5758432708e-06  7.7987860107e+02  1.2926824951e+03  7.7987866211e+02  1.6072777100e+03  0.0000000000e+00  0.0000000000e+00  0.0000000000e+00  0.0000000000e+00  0.0000000000e+00  0.0000000000e+00  0.0000000000e+00  0.0000000000e+00  
3.2977769375e+00  9.7868238266e-06  1.8921918747e-06  0.0000000000e+00  0.0000000000e+00  0.0000000000e+00  0.0000000000e+00  0.0000000000e+00  0.0000000000e+00  0.0000000000e+00  0.0000000000e+00  0.0000000000e+00  0.0000000000e+00  0.0000000000e+00  0.0000000000e+00  
3.4041483402e+00  7.2774776327e-06  1.8458925465e-06  0.0000000000e+00  0.0000000000e+00  0.0000000000e+00  0.0000000000e+00  0.0000000000e+00  0.0000000000e+00  1.3507894287e+03  6.7194012451e+02  0.0000000000e+00  0.0000000000e+00  0.0000000000e+00  0.0000000000e+00  
3.4992778301e+00  6.3832388046e-06  1.4163297706e-06  0.0000000000e+00  0.0000000000e+00  0.0000000000e+00  0.0000000000e+00  0.0000000000e+00  0.0000000000e+00  1.5597573242e+03  7.2524340820e+02  0.0000000000e+00  0.0000000000e+00  0.0000000000e+00  0.0000000000e+00  
3.5981438160e+00  3.5018572428e-06  1.1179791239e-06  0.0000000000e+00  0.0000000000e+00  0.0000000000e+00  0.0000000000e+00  0.0000000000e+00  0.0000000000e+00  0.0000000000e+00  0.0000000000e+00  7.7987860107e+02  8.7104107666e+02  7.7987860107e+02  8.7104083252e+02  
3.6893367767e+00  3.6728933853e-06  9.9700188679e-07  0.0000000000e+00  0.0000000000e+00  0.0000000000e+00  0.0000000000e+00  0.0000000000e+00  0.0000000000e+00  0.0000000000e+00  0.0000000000e+00  0.0000000000e+00  0.0000000000e+00  0.0000000000e+00  0.0000000000e+00  
3.7759175301e+00  1.2898901293e-06  6.3377852284e-07  0.0000000000e+00  0.0000000000e+00  0.0000000000e+00  0.0000000000e+00  0.0000000000e+00  0.0000000000e+00  0.0000000000e+00  0.0000000000e+00  0.0000000000e+00  0.0000000000e+00  0.0000000000e+00  0.0000000000e+00  
3.9267587662e+00  1.2024606024e-06  5.9192952345e-07  0.0000000000e+00  0.0000000000e+00  0.0000000000e+00  0.0000000000e+00  1.1029149170e+03  5.4863665771e+02  0.0000000000e+00  0.0000000000e+00  0.0000000000e+00  0.0000000000e+00  0.0000000000e+00  0.0000000000e+00  
3.9871411324e+00  2.0163447605e-06  8.3688893806e-07  0.0000000000e+00  0.0000000000e+00  0.0000000000e+00  0.0000000000e+00  0.0000000000e+00  0.0000000000e+00  0.0000000000e+00  0.0000000000e+00  1.1029149170e+03  5.4863647461e+02  0.0000000000e+00  0.0000000000e+00  
