#pT  vn{4}  vn{4}_err
1.0793258250e-01  6.0704976919e-02  1.2387653520e-01  7.1312723322e-01  1.5146252678e+01  0.0000000000e+00  0.0000000000e+00  
2.0382715762e-01  8.3023503809e-02  1.2161840516e-01  1.2577109817e+00  2.6654125059e+01  0.0000000000e+00  0.0000000000e+00  
3.0154424906e-01  6.5056929689e-02  1.2464651875e-01  2.7235191133e-01  5.6257632534e+00  0.0000000000e+00  0.0000000000e+00  
4.0072998405e-01  3.6034073566e-02  1.0669967424e-01  1.6731947780e-01  3.6378925885e+00  0.0000000000e+00  0.0000000000e+00  
5.0130933523e-01  4.4270585384e-02  6.4482910949e-02  1.1249349415e+00  2.3947105114e+01  0.0000000000e+00  0.0000000000e+00  
6.0036581755e-01  1.4759400511e-02  1.2209497997e-01  4.4286765449e-01  9.4238119242e+00  0.0000000000e+00  0.0000000000e+00  
6.9987297058e-01  5.4421216539e-02  7.1170378369e-02  3.2095761106e-01  6.8103921767e+00  0.0000000000e+00  0.0000000000e+00  
7.9974800348e-01  6.0536870332e-02  7.5460535998e-02  7.5477649942e-01  1.6043862940e+01  0.0000000000e+00  0.0000000000e+00  
8.9946061373e-01  7.1015798756e-03  6.6032727331e-02  7.3308701849e-01  1.5786437600e+01  0.0000000000e+00  0.0000000000e+00  
9.9983525276e-01  1.3967518813e-02  7.0515015074e-02  2.7477009558e-01  5.5656253808e+00  0.0000000000e+00  0.0000000000e+00  
1.0990272760e+00  7.6908368310e-02  1.1462248661e-01  5.6628377692e-01  1.1902627938e+01  0.0000000000e+00  0.0000000000e+00  
1.1987698078e+00  1.6631851613e-01  1.9160822124e-01  5.3091134166e-01  1.1527348482e+01  0.0000000000e+00  0.0000000000e+00  
1.2988379002e+00  5.3688372441e-02  9.9399889785e-02  6.0704401381e-01  1.2553520663e+01  0.0000000000e+00  0.0000000000e+00  
1.4001265764e+00  1.9861395816e-02  3.6239637818e-01  5.8959443828e-01  1.2259682894e+01  0.0000000000e+00  0.0000000000e+00  
1.4988915920e+00  1.2430120655e-02  1.2194638259e-01  6.1115175279e-01  1.2406864211e+01  0.0000000000e+00  0.0000000000e+00  
1.5982627869e+00  3.4041913411e-02  9.7971792403e-02  4.0734776582e-01  7.9571132556e+00  0.0000000000e+00  0.0000000000e+00  
1.6986260414e+00  3.3759134217e-02  1.2594865782e-01  2.3199695562e-01  3.4440166158e+00  0.0000000000e+00  0.0000000000e+00  
1.7989135981e+00  5.1066647924e-02  1.2666872757e-01  3.8529765092e-01  8.8382751570e+00  0.0000000000e+00  0.0000000000e+00  
1.8971198797e+00  4.4464622041e-02  1.8741092851e-01  1.2738993629e+00  2.5930519590e+01  0.0000000000e+00  0.0000000000e+00  
1.9974626303e+00  1.3633031916e-01  2.0622441508e-01  1.5004542549e+00  3.1483466807e+01  0.0000000000e+00  0.0000000000e+00  
2.0993843079e+00  1.4252888467e-01  1.9181740108e-01  1.3339999652e-01  2.5337493075e+00  0.0000000000e+00  0.0000000000e+00  
2.1992182732e+00  3.7627963899e-01  4.7008146698e-01  1.5459057767e+00  3.1492975871e+01  0.0000000000e+00  0.0000000000e+00  
2.2990264893e+00  3.7700108140e-02  7.3495754574e-01  4.7953506445e+00  1.0341328526e+02  0.0000000000e+00  0.0000000000e+00  
2.3940887451e+00  7.8154978107e-02  6.7176843749e-01  4.3648769066e+00  9.0574179598e+01  0.0000000000e+00  0.0000000000e+00  
2.4997305870e+00  4.1358197598e-01  4.4710198294e-01  2.4579319114e+00  4.8050828002e+01  0.0000000000e+00  0.0000000000e+00  
2.5957729816e+00  4.5908720313e-01  5.8372820307e-01  3.3352082053e+00  6.7654135667e+01  0.0000000000e+00  0.0000000000e+00  
2.6998732090e+00  2.2710481422e-01  3.3981984363e-01  3.0421155652e+00  6.2541133275e+01  0.0000000000e+00  0.0000000000e+00  
2.7933847904e+00  6.4101851614e-02  6.0531654451e-01  4.0788942283e+00  8.8034286052e+01  0.0000000000e+00  0.0000000000e+00  
2.8896300793e+00  8.1015482034e-02  6.7177588302e-01  9.2956949725e+00  1.9305129609e+02  0.0000000000e+00  0.0000000000e+00  
3.0014007092e+00  4.9269100964e-01  1.1856727411e+00  7.8681573080e+00  1.8334387316e+02  0.0000000000e+00  0.0000000000e+00  
3.0915935040e+00  1.7067133240e+00  2.0981798796e+00  2.3638022064e+01  4.9371034942e+02  0.0000000000e+00  0.0000000000e+00  
3.2041051388e+00  2.5567200518e+00  2.6479905652e+00  4.6347950860e+00  5.8083397764e+01  0.0000000000e+00  0.0000000000e+00  
3.2863252163e+00  6.9467156967e-01  7.2871233457e+00  1.3249291630e+01  2.8133035944e+02  0.0000000000e+00  0.0000000000e+00  
3.3783643246e+00  1.1772779170e+00  1.7206420353e+00  7.1905394057e+00  1.2965678431e+02  0.0000000000e+00  0.0000000000e+00  
3.4876368046e+00  1.0029047831e+00  2.4577854213e+00  9.2913682561e+00  1.9328364352e+02  0.0000000000e+00  0.0000000000e+00  
3.5843305588e+00  1.3095358845e+00  6.6936770609e+00  1.1374631414e+01  2.3795447322e+02  0.0000000000e+00  0.0000000000e+00  
3.6500000954e+00  0.0000000000e+00  0.0000000000e+00  0.0000000000e+00  0.0000000000e+00  0.0000000000e+00  0.0000000000e+00  
3.8394546509e+00  1.8740963203e+00  5.4346273227e+00  1.2878984828e+02  2.7255479528e+03  0.0000000000e+00  0.0000000000e+00  
3.8775806427e+00  3.6048545733e+00  3.4485111266e+00  2.8195226208e+01  5.9984827756e+02  0.0000000000e+00  0.0000000000e+00  
3.9988052845e+00  2.2197629844e+00  9.7606464389e+00  9.1503587382e+00  8.6527229206e+01  0.0000000000e+00  0.0000000000e+00  
