#eta  rn(eta)  rn_err(eta)  rnn(eta)  rnn_err(eta)
-7.0000000000e+00  0.0000000000e+00  0.0000000000e+00  0.0000000000e+00  0.0000000000e+00  0.0000000000e+00  0.0000000000e+00  0.0000000000e+00  0.0000000000e+00  0.0000000000e+00  0.0000000000e+00  0.0000000000e+00  0.0000000000e+00  0.0000000000e+00  0.0000000000e+00  0.0000000000e+00  0.0000000000e+00  0.0000000000e+00  0.0000000000e+00  0.0000000000e+00  0.0000000000e+00  0.0000000000e+00  0.0000000000e+00  0.0000000000e+00  0.0000000000e+00  
-6.9000029564e+00  0.0000000000e+00  0.0000000000e+00  0.0000000000e+00  0.0000000000e+00  0.0000000000e+00  0.0000000000e+00  0.0000000000e+00  0.0000000000e+00  0.0000000000e+00  0.0000000000e+00  0.0000000000e+00  0.0000000000e+00  0.0000000000e+00  0.0000000000e+00  0.0000000000e+00  0.0000000000e+00  0.0000000000e+00  0.0000000000e+00  0.0000000000e+00  0.0000000000e+00  0.0000000000e+00  0.0000000000e+00  0.0000000000e+00  0.0000000000e+00  
-6.7999935150e+00  0.0000000000e+00  0.0000000000e+00  0.0000000000e+00  0.0000000000e+00  0.0000000000e+00  0.0000000000e+00  0.0000000000e+00  0.0000000000e+00  0.0000000000e+00  0.0000000000e+00  0.0000000000e+00  0.0000000000e+00  0.0000000000e+00  0.0000000000e+00  0.0000000000e+00  0.0000000000e+00  0.0000000000e+00  0.0000000000e+00  0.0000000000e+00  0.0000000000e+00  0.0000000000e+00  0.0000000000e+00  0.0000000000e+00  0.0000000000e+00  
-6.7000064850e+00  0.0000000000e+00  0.0000000000e+00  0.0000000000e+00  0.0000000000e+00  0.0000000000e+00  0.0000000000e+00  0.0000000000e+00  0.0000000000e+00  0.0000000000e+00  0.0000000000e+00  0.0000000000e+00  0.0000000000e+00  0.0000000000e+00  0.0000000000e+00  0.0000000000e+00  0.0000000000e+00  0.0000000000e+00  0.0000000000e+00  0.0000000000e+00  0.0000000000e+00  0.0000000000e+00  0.0000000000e+00  0.0000000000e+00  0.0000000000e+00  
-6.5999975204e+00  0.0000000000e+00  0.0000000000e+00  0.0000000000e+00  0.0000000000e+00  0.0000000000e+00  0.0000000000e+00  0.0000000000e+00  0.0000000000e+00  0.0000000000e+00  0.0000000000e+00  0.0000000000e+00  0.0000000000e+00  0.0000000000e+00  0.0000000000e+00  0.0000000000e+00  0.0000000000e+00  0.0000000000e+00  0.0000000000e+00  0.0000000000e+00  0.0000000000e+00  0.0000000000e+00  0.0000000000e+00  0.0000000000e+00  0.0000000000e+00  
-6.5000000000e+00  0.0000000000e+00  0.0000000000e+00  0.0000000000e+00  0.0000000000e+00  0.0000000000e+00  0.0000000000e+00  0.0000000000e+00  0.0000000000e+00  0.0000000000e+00  0.0000000000e+00  0.0000000000e+00  0.0000000000e+00  0.0000000000e+00  0.0000000000e+00  0.0000000000e+00  0.0000000000e+00  0.0000000000e+00  0.0000000000e+00  0.0000000000e+00  0.0000000000e+00  0.0000000000e+00  0.0000000000e+00  0.0000000000e+00  0.0000000000e+00  
-6.4000010490e+00  0.0000000000e+00  0.0000000000e+00  0.0000000000e+00  0.0000000000e+00  0.0000000000e+00  0.0000000000e+00  0.0000000000e+00  0.0000000000e+00  0.0000000000e+00  0.0000000000e+00  0.0000000000e+00  0.0000000000e+00  0.0000000000e+00  0.0000000000e+00  0.0000000000e+00  0.0000000000e+00  0.0000000000e+00  0.0000000000e+00  0.0000000000e+00  0.0000000000e+00  0.0000000000e+00  0.0000000000e+00  0.0000000000e+00  0.0000000000e+00  
-6.2999939919e+00  0.0000000000e+00  0.0000000000e+00  0.0000000000e+00  0.0000000000e+00  0.0000000000e+00  0.0000000000e+00  0.0000000000e+00  0.0000000000e+00  0.0000000000e+00  0.0000000000e+00  0.0000000000e+00  0.0000000000e+00  0.0000000000e+00  0.0000000000e+00  0.0000000000e+00  0.0000000000e+00  0.0000000000e+00  0.0000000000e+00  0.0000000000e+00  0.0000000000e+00  0.0000000000e+00  0.0000000000e+00  0.0000000000e+00  0.0000000000e+00  
-6.2000060081e+00  0.0000000000e+00  0.0000000000e+00  0.0000000000e+00  0.0000000000e+00  0.0000000000e+00  0.0000000000e+00  0.0000000000e+00  0.0000000000e+00  0.0000000000e+00  0.0000000000e+00  0.0000000000e+00  0.0000000000e+00  0.0000000000e+00  0.0000000000e+00  0.0000000000e+00  0.0000000000e+00  0.0000000000e+00  0.0000000000e+00  0.0000000000e+00  0.0000000000e+00  0.0000000000e+00  0.0000000000e+00  0.0000000000e+00  0.0000000000e+00  
-6.0999994278e+00  0.0000000000e+00  0.0000000000e+00  0.0000000000e+00  0.0000000000e+00  0.0000000000e+00  0.0000000000e+00  0.0000000000e+00  0.0000000000e+00  0.0000000000e+00  0.0000000000e+00  0.0000000000e+00  0.0000000000e+00  0.0000000000e+00  0.0000000000e+00  0.0000000000e+00  0.0000000000e+00  0.0000000000e+00  0.0000000000e+00  0.0000000000e+00  0.0000000000e+00  0.0000000000e+00  0.0000000000e+00  0.0000000000e+00  0.0000000000e+00  
-6.0000000000e+00  0.0000000000e+00  0.0000000000e+00  0.0000000000e+00  0.0000000000e+00  0.0000000000e+00  0.0000000000e+00  0.0000000000e+00  0.0000000000e+00  0.0000000000e+00  0.0000000000e+00  0.0000000000e+00  0.0000000000e+00  0.0000000000e+00  0.0000000000e+00  0.0000000000e+00  0.0000000000e+00  0.0000000000e+00  0.0000000000e+00  0.0000000000e+00  0.0000000000e+00  0.0000000000e+00  0.0000000000e+00  0.0000000000e+00  0.0000000000e+00  
-5.8999996185e+00  0.0000000000e+00  0.0000000000e+00  0.0000000000e+00  0.0000000000e+00  0.0000000000e+00  0.0000000000e+00  0.0000000000e+00  0.0000000000e+00  0.0000000000e+00  0.0000000000e+00  0.0000000000e+00  0.0000000000e+00  0.0000000000e+00  0.0000000000e+00  0.0000000000e+00  0.0000000000e+00  0.0000000000e+00  0.0000000000e+00  0.0000000000e+00  0.0000000000e+00  0.0000000000e+00  0.0000000000e+00  0.0000000000e+00  0.0000000000e+00  
-5.7999944687e+00  0.0000000000e+00  0.0000000000e+00  0.0000000000e+00  0.0000000000e+00  0.0000000000e+00  0.0000000000e+00  0.0000000000e+00  0.0000000000e+00  0.0000000000e+00  0.0000000000e+00  0.0000000000e+00  0.0000000000e+00  0.0000000000e+00  0.0000000000e+00  0.0000000000e+00  0.0000000000e+00  0.0000000000e+00  0.0000000000e+00  0.0000000000e+00  0.0000000000e+00  0.0000000000e+00  0.0000000000e+00  0.0000000000e+00  0.0000000000e+00  
-5.7000055313e+00  0.0000000000e+00  0.0000000000e+00  0.0000000000e+00  0.0000000000e+00  0.0000000000e+00  0.0000000000e+00  0.0000000000e+00  0.0000000000e+00  0.0000000000e+00  0.0000000000e+00  0.0000000000e+00  0.0000000000e+00  0.0000000000e+00  0.0000000000e+00  0.0000000000e+00  0.0000000000e+00  0.0000000000e+00  0.0000000000e+00  0.0000000000e+00  0.0000000000e+00  0.0000000000e+00  0.0000000000e+00  0.0000000000e+00  0.0000000000e+00  
-5.6000018120e+00  0.0000000000e+00  0.0000000000e+00  0.0000000000e+00  0.0000000000e+00  0.0000000000e+00  0.0000000000e+00  0.0000000000e+00  0.0000000000e+00  0.0000000000e+00  0.0000000000e+00  0.0000000000e+00  0.0000000000e+00  0.0000000000e+00  0.0000000000e+00  0.0000000000e+00  0.0000000000e+00  0.0000000000e+00  0.0000000000e+00  0.0000000000e+00  0.0000000000e+00  0.0000000000e+00  0.0000000000e+00  0.0000000000e+00  0.0000000000e+00  
-5.5000000000e+00  0.0000000000e+00  0.0000000000e+00  0.0000000000e+00  0.0000000000e+00  0.0000000000e+00  0.0000000000e+00  0.0000000000e+00  0.0000000000e+00  0.0000000000e+00  0.0000000000e+00  0.0000000000e+00  0.0000000000e+00  0.0000000000e+00  0.0000000000e+00  0.0000000000e+00  0.0000000000e+00  0.0000000000e+00  0.0000000000e+00  0.0000000000e+00  0.0000000000e+00  0.0000000000e+00  0.0000000000e+00  0.0000000000e+00  0.0000000000e+00  
-5.3999977112e+00  0.0000000000e+00  0.0000000000e+00  0.0000000000e+00  0.0000000000e+00  0.0000000000e+00  0.0000000000e+00  0.0000000000e+00  0.0000000000e+00  0.0000000000e+00  0.0000000000e+00  0.0000000000e+00  0.0000000000e+00  0.0000000000e+00  0.0000000000e+00  0.0000000000e+00  0.0000000000e+00  0.0000000000e+00  0.0000000000e+00  0.0000000000e+00  0.0000000000e+00  0.0000000000e+00  0.0000000000e+00  0.0000000000e+00  0.0000000000e+00  
-5.2999949455e+00  0.0000000000e+00  0.0000000000e+00  0.0000000000e+00  0.0000000000e+00  0.0000000000e+00  0.0000000000e+00  0.0000000000e+00  0.0000000000e+00  0.0000000000e+00  0.0000000000e+00  0.0000000000e+00  0.0000000000e+00  0.0000000000e+00  0.0000000000e+00  0.0000000000e+00  0.0000000000e+00  0.0000000000e+00  0.0000000000e+00  0.0000000000e+00  0.0000000000e+00  0.0000000000e+00  0.0000000000e+00  0.0000000000e+00  0.0000000000e+00  
-5.2000050545e+00  0.0000000000e+00  0.0000000000e+00  0.0000000000e+00  0.0000000000e+00  0.0000000000e+00  0.0000000000e+00  0.0000000000e+00  0.0000000000e+00  0.0000000000e+00  0.0000000000e+00  0.0000000000e+00  0.0000000000e+00  0.0000000000e+00  0.0000000000e+00  0.0000000000e+00  0.0000000000e+00  0.0000000000e+00  0.0000000000e+00  0.0000000000e+00  0.0000000000e+00  0.0000000000e+00  0.0000000000e+00  0.0000000000e+00  0.0000000000e+00  
-5.1000041962e+00  0.0000000000e+00  0.0000000000e+00  0.0000000000e+00  0.0000000000e+00  0.0000000000e+00  0.0000000000e+00  0.0000000000e+00  0.0000000000e+00  0.0000000000e+00  0.0000000000e+00  0.0000000000e+00  0.0000000000e+00  0.0000000000e+00  0.0000000000e+00  0.0000000000e+00  0.0000000000e+00  0.0000000000e+00  0.0000000000e+00  0.0000000000e+00  0.0000000000e+00  0.0000000000e+00  0.0000000000e+00  0.0000000000e+00  0.0000000000e+00  
-5.0000000000e+00  0.0000000000e+00  0.0000000000e+00  0.0000000000e+00  0.0000000000e+00  0.0000000000e+00  0.0000000000e+00  0.0000000000e+00  0.0000000000e+00  0.0000000000e+00  0.0000000000e+00  0.0000000000e+00  0.0000000000e+00  0.0000000000e+00  0.0000000000e+00  0.0000000000e+00  0.0000000000e+00  0.0000000000e+00  0.0000000000e+00  0.0000000000e+00  0.0000000000e+00  0.0000000000e+00  0.0000000000e+00  0.0000000000e+00  0.0000000000e+00  
-4.8999958038e+00  0.0000000000e+00  0.0000000000e+00  0.0000000000e+00  0.0000000000e+00  0.0000000000e+00  0.0000000000e+00  0.0000000000e+00  0.0000000000e+00  0.0000000000e+00  0.0000000000e+00  0.0000000000e+00  0.0000000000e+00  0.0000000000e+00  0.0000000000e+00  0.0000000000e+00  0.0000000000e+00  0.0000000000e+00  0.0000000000e+00  0.0000000000e+00  0.0000000000e+00  0.0000000000e+00  0.0000000000e+00  0.0000000000e+00  0.0000000000e+00  
-4.7999954224e+00  0.0000000000e+00  0.0000000000e+00  0.0000000000e+00  0.0000000000e+00  0.0000000000e+00  0.0000000000e+00  0.0000000000e+00  0.0000000000e+00  0.0000000000e+00  0.0000000000e+00  0.0000000000e+00  0.0000000000e+00  0.0000000000e+00  0.0000000000e+00  0.0000000000e+00  0.0000000000e+00  0.0000000000e+00  0.0000000000e+00  0.0000000000e+00  0.0000000000e+00  0.0000000000e+00  0.0000000000e+00  0.0000000000e+00  0.0000000000e+00  
-4.7000041008e+00  0.0000000000e+00  0.0000000000e+00  0.0000000000e+00  0.0000000000e+00  0.0000000000e+00  0.0000000000e+00  0.0000000000e+00  0.0000000000e+00  0.0000000000e+00  0.0000000000e+00  0.0000000000e+00  0.0000000000e+00  0.0000000000e+00  0.0000000000e+00  0.0000000000e+00  0.0000000000e+00  0.0000000000e+00  0.0000000000e+00  0.0000000000e+00  0.0000000000e+00  0.0000000000e+00  0.0000000000e+00  0.0000000000e+00  0.0000000000e+00  
-4.6000041962e+00  0.0000000000e+00  0.0000000000e+00  0.0000000000e+00  0.0000000000e+00  0.0000000000e+00  0.0000000000e+00  0.0000000000e+00  0.0000000000e+00  0.0000000000e+00  0.0000000000e+00  0.0000000000e+00  0.0000000000e+00  0.0000000000e+00  0.0000000000e+00  0.0000000000e+00  0.0000000000e+00  0.0000000000e+00  0.0000000000e+00  0.0000000000e+00  0.0000000000e+00  0.0000000000e+00  0.0000000000e+00  0.0000000000e+00  0.0000000000e+00  
-4.5000000000e+00  0.0000000000e+00  0.0000000000e+00  0.0000000000e+00  0.0000000000e+00  0.0000000000e+00  0.0000000000e+00  0.0000000000e+00  0.0000000000e+00  0.0000000000e+00  0.0000000000e+00  0.0000000000e+00  0.0000000000e+00  0.0000000000e+00  0.0000000000e+00  0.0000000000e+00  0.0000000000e+00  0.0000000000e+00  0.0000000000e+00  0.0000000000e+00  0.0000000000e+00  0.0000000000e+00  0.0000000000e+00  0.0000000000e+00  0.0000000000e+00  
-4.3999958038e+00  0.0000000000e+00  0.0000000000e+00  0.0000000000e+00  0.0000000000e+00  0.0000000000e+00  0.0000000000e+00  0.0000000000e+00  0.0000000000e+00  0.0000000000e+00  0.0000000000e+00  0.0000000000e+00  0.0000000000e+00  0.0000000000e+00  0.0000000000e+00  0.0000000000e+00  0.0000000000e+00  0.0000000000e+00  0.0000000000e+00  0.0000000000e+00  0.0000000000e+00  0.0000000000e+00  0.0000000000e+00  0.0000000000e+00  0.0000000000e+00  
-4.2999963760e+00  0.0000000000e+00  0.0000000000e+00  0.0000000000e+00  0.0000000000e+00  0.0000000000e+00  0.0000000000e+00  0.0000000000e+00  0.0000000000e+00  0.0000000000e+00  0.0000000000e+00  0.0000000000e+00  0.0000000000e+00  0.0000000000e+00  0.0000000000e+00  0.0000000000e+00  0.0000000000e+00  0.0000000000e+00  0.0000000000e+00  0.0000000000e+00  0.0000000000e+00  0.0000000000e+00  0.0000000000e+00  0.0000000000e+00  0.0000000000e+00  
-4.2000036240e+00  0.0000000000e+00  0.0000000000e+00  0.0000000000e+00  0.0000000000e+00  0.0000000000e+00  0.0000000000e+00  0.0000000000e+00  0.0000000000e+00  0.0000000000e+00  0.0000000000e+00  0.0000000000e+00  0.0000000000e+00  0.0000000000e+00  0.0000000000e+00  0.0000000000e+00  0.0000000000e+00  0.0000000000e+00  0.0000000000e+00  0.0000000000e+00  0.0000000000e+00  0.0000000000e+00  0.0000000000e+00  0.0000000000e+00  0.0000000000e+00  
-4.1000037193e+00  0.0000000000e+00  0.0000000000e+00  0.0000000000e+00  0.0000000000e+00  0.0000000000e+00  0.0000000000e+00  0.0000000000e+00  0.0000000000e+00  0.0000000000e+00  0.0000000000e+00  0.0000000000e+00  0.0000000000e+00  0.0000000000e+00  0.0000000000e+00  0.0000000000e+00  0.0000000000e+00  0.0000000000e+00  0.0000000000e+00  0.0000000000e+00  0.0000000000e+00  0.0000000000e+00  0.0000000000e+00  0.0000000000e+00  0.0000000000e+00  
-3.9995789528e+00  1.9239792118e+11  1.9047394197e+13  0.0000000000e+00  0.0000000000e+00  5.7459272020e+10  5.6884679299e+12  0.0000000000e+00  0.0000000000e+00  2.1694398220e+11  2.1477454236e+13  0.0000000000e+00  0.0000000000e+00  9.9052861535e+10  9.8062332921e+12  0.0000000000e+00  0.0000000000e+00  1.7760237918e+11  1.7582635539e+13  0.0000000000e+00  0.0000000000e+00  2.0686338498e+11  2.0479475114e+13  0.0000000000e+00  0.0000000000e+00  
-3.8997759819e+00  1.2513685697e+11  1.2388548840e+13  0.0000000000e+00  0.0000000000e+00  7.3483015118e+10  7.2748184966e+12  0.0000000000e+00  0.0000000000e+00  1.5005684058e+11  1.4855627218e+13  0.0000000000e+00  0.0000000000e+00  -5.1179703900e+10  5.0667906862e+12  0.0000000000e+00  0.0000000000e+00  -2.8640388180e+10  2.8353984299e+12  0.0000000000e+00  0.0000000000e+00  1.5036785388e+11  1.4886417528e+13  0.0000000000e+00  0.0000000000e+00  
-3.7990775108e+00  0.0000000000e+00  0.0000000000e+00  0.0000000000e+00  0.0000000000e+00  0.0000000000e+00  0.0000000000e+00  0.0000000000e+00  0.0000000000e+00  0.0000000000e+00  0.0000000000e+00  0.0000000000e+00  0.0000000000e+00  0.0000000000e+00  0.0000000000e+00  0.0000000000e+00  0.0000000000e+00  0.0000000000e+00  0.0000000000e+00  0.0000000000e+00  0.0000000000e+00  0.0000000000e+00  0.0000000000e+00  0.0000000000e+00  0.0000000000e+00  
-3.6987302303e+00  9.2718048831e-02  1.4354398067e-01  0.0000000000e+00  0.0000000000e+00  4.6499914225e-01  1.1733590332e+00  0.0000000000e+00  0.0000000000e+00  1.2316344822e+00  1.0369126674e+01  0.0000000000e+00  0.0000000000e+00  -1.8370995597e-01  2.7954450689e-01  0.0000000000e+00  0.0000000000e+00  2.2048131045e+00  6.5142117183e+00  0.0000000000e+00  0.0000000000e+00  1.8258086437e+00  2.8898759009e+01  0.0000000000e+00  0.0000000000e+00  
-3.5966989994e+00  1.7039312148e+00  2.0437383476e+01  -1.8480008757e+01  1.8480008757e+01  1.5605476515e-01  7.2954140987e-01  6.7313188209e-01  6.7313188209e-01  1.6375157620e+00  7.8032634834e+00  9.9021017492e-01  9.9021017492e-01  -8.7492896378e-01  1.2041222625e+00  1.6838038099e+00  1.6838038099e+00  1.9073115844e-01  6.8706034880e-01  -5.2119294022e-01  5.2119294022e-01  2.0073605142e+00  6.5259691215e+00  9.8636807206e-01  9.8636807206e-01  
-3.4963881969e+00  1.3701565735e+00  3.6976909073e+00  5.8274724497e-01  5.8274724497e-01  -9.2797238887e-01  1.1726525748e+00  -6.1965479614e+00  6.1965479614e+00  -3.2653262630e+00  1.8933947178e+01  -8.3634532374e-01  8.3634532374e-01  1.1715189562e+00  2.1738814607e+01  -1.0660744270e+00  1.0660744270e+00  -2.2397695078e+00  2.2491560619e+00  9.1024814664e+00  9.1024814664e+00  -2.2896595751e+00  1.8624825704e+01  -3.7997981218e-01  3.7997981218e-01  
-3.3985052109e+00  -3.5808941616e+00  4.4213258116e+00  0.0000000000e+00  0.0000000000e+00  -1.9175523557e+00  3.6559193683e+00  0.0000000000e+00  0.0000000000e+00  1.3532442768e+01  3.9359850146e+02  0.0000000000e+00  0.0000000000e+00  -2.4881919804e+00  1.2940939767e+02  0.0000000000e+00  0.0000000000e+00  3.5849475032e+00  7.0119751281e+00  0.0000000000e+00  0.0000000000e+00  3.5784928392e+00  6.6803450956e+00  0.0000000000e+00  0.0000000000e+00  
-3.2961566448e+00  2.5788969527e+01  1.5961523811e+02  -1.1081767157e-01  1.2398615805e+00  -2.7659105102e+00  3.9842589949e+00  3.0236101097e+00  2.5713744563e+00  3.2257914353e+00  2.5076385358e+01  2.2794783387e+00  2.8061782648e+00  2.3269898685e+01  1.4893947085e+03  -1.4863429398e-01  1.4515919054e+00  -7.5933853970e+00  6.4519214564e+01  8.8548905408e-01  3.2145896255e-01  3.6177647662e+00  3.5124233238e+01  -1.5878242146e+00  1.2665137732e+00  
-3.1929128170e+00  5.5408382926e+01  8.4076299158e+02  -3.2976116323e+00  2.7197014736e+01  -1.1548945761e+00  4.1182619842e+01  4.7134576965e-01  3.6346565781e+00  -4.5688301499e-01  4.7840434822e-01  3.2324371796e+00  2.2313553631e+01  1.2354266424e+00  1.5835690651e+00  -2.5219347688e-01  1.2357286438e+00  -1.8704746926e+00  4.0085079810e+01  1.3913180086e-01  1.8563610224e+00  1.5763569209e+00  2.7569887329e+00  3.4700552200e-01  1.3843247782e+00  
-3.0911829472e+00  -9.6637748368e+00  7.5099506304e+01  1.2691533901e-01  2.8556947508e+00  -2.2655244108e+00  1.7804374439e+00  2.9151913872e+00  9.7997743502e+00  2.1376184216e+01  9.1182170348e+02  -2.9443558721e+00  3.3506193334e+00  -2.6043471424e+00  1.2634563869e+01  1.0369559509e+01  5.7086522619e+01  -1.5695603970e+00  1.0227199513e+00  -4.3980088674e-01  1.8984761618e+00  -9.5863795635e+00  5.8248201444e+03  -1.1292933756e+00  8.7914033747e-01  
-2.9929549694e+00  -2.5868850793e+00  2.1039717687e+00  1.2725541010e+00  8.1034062480e-01  1.9710410967e+00  1.8470407176e+00  -9.5310933811e-01  2.9920787331e+00  -5.5087071345e+00  1.9858338729e+01  5.0795052075e-02  9.8663558062e-01  -3.1493512156e+00  9.5372407723e+00  -3.4965315679e+00  1.4742300028e+01  6.8129806733e+00  9.9289286120e+00  -1.1995202424e+01  7.5397933970e+01  1.7980336044e+00  1.3890833963e+00  -1.0512454062e+01  8.6640177465e+01  
-2.8879971504e+00  2.6182684752e+01  5.2576667588e+03  -6.9281608257e-01  1.4641199055e+00  -5.2718672666e+00  4.8403212936e+00  1.1218889682e+01  6.1698276628e+01  3.6344431748e+00  3.1933773159e+00  -9.5225723564e-01  1.4985258952e+01  4.7483986997e+01  8.0698299901e+02  4.0284303868e+00  7.9786444022e+00  -8.0499017700e+00  1.7328458712e+01  6.3663927914e-01  5.1080571916e-01  2.6446208126e+01  6.0947209987e+02  -2.7861443947e+00  3.1654295411e+01  
-2.7875444889e+00  -1.7813632222e+01  3.9359227470e+02  6.4527732195e-01  5.9054503366e-01  7.9924543875e+00  1.8396580118e+01  5.9594718174e-01  7.9057503592e-01  -5.7988995897e+00  1.1327470443e+01  1.7237529568e+00  1.6000452444e+01  5.3537412099e+00  6.7657258066e+00  1.5849988412e+00  3.5204085395e+00  -2.2598105444e+01  6.4410251261e+02  3.2553550968e+00  1.7302030466e+01  2.8280618345e+00  7.3587046552e+02  -5.2222241030e+00  3.4176968327e+01  
-2.6849379539e+00  -5.0045077224e+01  9.2696147404e+02  -8.6127121695e+00  5.9076037826e+01  -3.4801003219e+00  2.4581807476e+00  -4.4143543919e-01  1.1770818235e+00  -4.8185656434e+00  4.0251028364e+00  -7.8008453801e-01  1.2669985890e+01  -8.8734604502e+00  1.1325247983e+01  -7.4843498882e+00  1.9371513401e+01  -2.5568742546e+00  2.4254958259e+00  7.7922998349e+00  1.9052899320e+02  3.7905253718e+01  1.1031994291e+03  1.1605142079e+01  6.2667150752e+02  
-2.5884711742e+00  -7.7777880459e+00  2.3490009910e+01  1.3706258410e+00  1.3904354811e+00  -7.7428998864e+00  1.4069930408e+01  1.1696203155e+00  6.6625635073e-01  4.2317813110e+00  6.0470288257e+00  -1.4118633923e+00  2.4892519836e+00  1.5460984134e+01  1.0331120315e+02  5.9988932205e+00  3.1823140464e+01  -4.6185362486e+00  3.5223329038e+00  1.8602813366e+01  9.0953533722e+02  -1.0782814524e+01  1.3610918527e+01  -6.2446327725e+00  1.8044231508e+01  
-2.4849731922e+00  -8.5289280341e+00  1.9769813459e+02  -9.5658397844e-01  9.4265767788e-01  9.1922262010e+00  4.4783599617e+01  2.9846714585e+00  1.0123087989e+01  -6.9840395569e+00  6.0285954534e+00  -1.2572698418e+00  1.7934111072e+00  -1.6616893760e+01  5.3232678720e+02  -6.4720920579e-01  9.0067079360e-01  -2.6088939597e+01  4.7226399891e+02  7.7865702896e-01  1.2106475255e+00  -4.1543092957e+00  4.6501965874e+00  -6.3542878395e-01  8.3191633376e-01  
-2.3852839470e+00  1.6001739526e+00  2.8074707865e+00  -2.3822644027e+00  1.1406600958e+02  -5.1770764513e-01  1.2402224231e+02  -2.2510920084e+00  1.4975188466e+01  -5.3888179784e-01  6.4904551163e-01  2.5184981945e+00  1.5085408409e+01  1.0112860357e-01  6.2760027552e-01  6.7655339787e-01  1.6682313016e+00  4.2239285974e+00  1.7430033755e+02  -4.0764352477e-01  1.0548968645e+00  2.2113491583e-01  8.3875973934e-01  -8.9811191632e+00  3.3158679873e+02  
-2.2804002762e+00  -1.0363642814e+00  5.2392530796e+00  4.2474272772e-01  6.8030381843e-01  1.4937118369e-01  5.7698689442e-01  -3.2256388930e-01  6.1575106424e+00  7.9783671098e+00  2.9384275625e+02  -7.2591169498e-01  7.8778538954e-01  -3.4238138541e-01  2.1362513597e+00  1.0149075390e+00  7.7854035574e+00  -1.0319535006e+00  3.6617241551e+00  6.7850371574e-01  5.6870004602e+00  -4.3361646239e-01  1.7812863459e+00  -1.9470800734e+00  1.4787476193e+00  
-2.1815955639e+00  6.7181508390e-01  4.9200066816e+00  1.1207255108e-01  7.6311073537e-01  -9.9232697961e-01  1.4187362888e+00  -2.1733702380e+00  9.2569546269e+00  -9.3452463176e-01  2.0009795205e+00  2.1872884748e-01  4.7437601559e-01  -7.7161239097e-01  9.9796767744e-01  -5.5443021636e+01  5.8895706116e+02  -1.7470283278e+00  1.6504892039e+00  -2.7196258378e+00  6.7173574072e+00  -1.6009946447e+00  5.9173124799e+01  1.0571545187e+01  2.6574855546e+02  
-2.0794193745e+00  -3.5768495063e-01  2.5475974128e+01  2.5087117588e-01  5.1704589192e+00  -1.1351467070e+00  5.0579290503e+00  -4.7490584544e-01  4.5502638020e-01  2.9803060873e+00  8.2759825470e+01  -3.6864712304e-01  8.0749790532e+00  2.3663385505e+00  4.3274672819e+00  2.2271943656e-01  6.3996134245e-01  -8.6440901509e-01  1.6558227444e+00  1.6044510328e-01  9.7502949543e-01  -9.0907778227e-02  5.9380320274e+00  3.6949722240e-01  1.3418467840e+01  
-1.9730117321e+00  1.3857992084e+00  3.5490208928e+00  -1.6745542224e+00  2.1126739749e+00  -6.2071019820e-01  1.6427892751e+00  6.6242584620e-01  3.5183726741e-01  -1.0581844725e+00  3.4453379799e+00  6.0119949629e-01  9.2030713224e-01  -4.6903467979e-01  1.4493024874e+00  -3.2627760527e-02  7.7482455520e+00  -2.2289635586e-01  1.7333002298e+00  -5.9971244000e+00  6.0461116615e+01  -7.1035000285e-01  7.0821861249e-01  1.7888036082e+00  3.6035464253e+00  
-1.8769176006e+00  7.9622070293e-01  2.3912027833e+00  8.1050170466e+00  4.8729303963e+02  8.3003109764e-02  1.4102305182e+00  -2.2109658305e+02  3.0988898058e+03  -1.4776538061e+01  1.3174645440e+03  -7.0753433751e-02  3.0183816923e+00  2.8617247383e-01  4.9476919537e-01  -1.1801205875e+00  6.8814204185e+00  1.6392151098e-01  8.3389394541e-01  -9.2367355172e-01  5.7747804646e+00  3.3087736978e-01  6.6738318518e-01  5.3327022242e-01  1.2728679020e+00  
-1.7759633064e+00  1.7378418586e+00  2.8525740055e+01  4.2182823518e-01  7.9043188152e-01  3.9676088092e-01  7.2753789643e-01  7.9695905402e-01  1.6240076804e+00  1.4379004465e+00  1.4867023020e+00  -1.0821654848e+00  3.1681389897e+00  -2.3199551486e-01  9.3566764045e-01  -3.0516432220e+00  2.7633886162e+01  -1.5725258502e+00  2.2340825926e+00  -7.9989265978e-01  8.1203734057e-01  1.1598029640e+00  1.9941568277e+00  -1.0221030471e+00  1.4945327664e+00  
-1.6744941473e+00  1.2736973090e+00  7.5131452314e+00  4.3312256915e+00  8.7201198151e+01  8.4119000473e-01  1.0450172603e+00  -1.9197732124e+00  3.7235369190e+01  -3.0462734587e-01  1.1247181210e+00  -9.2326301339e-01  7.9085906863e-01  1.3223522727e+00  1.3479934305e+01  8.4541829631e-02  3.0130684054e+00  -1.6857016111e+00  7.4510310373e+00  5.6428959593e-01  3.7194938564e-01  2.9662451789e+00  3.7539182702e+01  -2.8122905521e-01  9.6236941718e-01  
-1.5743336678e+00  -1.2951587630e+00  2.4051003868e+00  5.3827347296e-01  2.9362083718e+00  1.9539397296e+00  4.1272990297e+00  7.7003547394e+00  1.7626839732e+02  -3.7875047917e+00  2.3428974337e+02  1.8518234653e+00  2.5330695046e+00  3.5329394088e+00  2.9231175080e+01  -9.3277297234e-01  1.0756183173e+02  3.3663883758e+00  1.1049321205e+01  8.2087556857e-01  1.1560850363e+00  -8.8970405804e-01  1.5221534504e+00  -1.3799470869e+01  1.4335377609e+03  
-1.4728008509e+00  5.1691920976e-01  9.8790990921e-01  -2.9633381104e-01  6.9825125436e-01  1.3145930616e+01  4.5314400847e+02  -6.5631123008e-01  8.3349992304e-01  1.7777675744e-01  7.8017801266e-01  8.9781300855e-01  4.5493974600e+01  1.0348819212e+01  2.0058435549e+02  -4.3060938159e-01  2.1500356365e+01  9.4326716782e+00  2.8926914385e+01  4.4508421840e+00  1.7462174643e+01  3.1023237713e-01  1.3993608494e+00  -3.9197750499e-01  5.7506879325e-01  
-1.3710476160e+00  5.7437463241e+00  5.5292609382e+02  -2.9224299134e-01  1.8108273068e+01  -2.9193171205e+00  9.2384317653e+00  7.0163086742e-01  2.0687154071e+00  5.9595194170e+00  1.6631160162e+01  4.2639858285e-01  5.2411597995e-01  9.3459763369e-01  9.4880946954e-01  -4.7283992204e-01  1.5110909128e+00  1.0979356698e+00  1.2055825820e+00  1.3268199806e+00  8.7798446420e-01  1.6172348352e-01  3.3295638164e+00  8.7645012224e+00  6.9749262605e+01  
-1.2715109587e+00  1.4380002021e+00  3.6217032867e+01  2.7072193552e+00  5.7169246066e+00  -1.7918946278e-01  4.6343334130e-01  -1.0769744550e-01  5.6503752512e-01  -6.7414521915e-01  8.3467006813e-01  -4.1892335752e+00  6.9487182634e+01  2.1455272644e-01  1.0323892411e+00  7.9626636805e-01  1.4796269571e+01  9.2136942862e-01  1.3113759782e+00  -8.9363692175e+00  5.5998295049e+02  2.4713697182e+00  2.4271103413e+00  -1.7512012306e+00  1.6504437952e+00  
-1.1692277193e+00  3.4541048865e-01  1.1732210245e+00  -1.3958858698e+00  1.2957267962e+00  -5.1078416457e-01  1.2658345144e+00  -2.7857028612e-01  1.0429565219e+00  2.2355176884e+00  3.8732073898e+02  -1.7854715811e-01  1.9833579098e+00  -2.0517616953e+00  2.8498845898e+02  1.0247637456e-01  4.4444266436e-01  -1.7295806200e+00  1.5600172501e+00  -1.2666281479e-01  9.9858449786e-01  5.3338158602e-01  1.7561693561e+00  8.3757363500e-01  5.4206493085e+01  
-1.0663779974e+00  5.7749642949e-01  1.1443110351e+00  -2.5534991620e-01  5.0793575871e-01  -7.6114638618e+00  9.6781762124e+01  -3.0737489865e+01  3.7929203551e+03  8.5072908300e-01  1.7524369682e+00  -2.1378496207e+00  1.1549441193e+01  4.5967324765e-01  4.8632781349e-01  4.9567695701e-01  8.2117449500e-01  -2.8900128779e+00  1.7003947334e+01  -1.2638945341e-01  7.4333589653e-01  2.3342220200e+00  3.8658381957e+00  7.9706922820e-02  1.6368131631e+00  
-9.6846336126e-01  -2.1117349485e+00  1.2127282494e+01  -6.7788928757e+00  3.8431803036e+02  -3.8747362814e-02  8.6676682465e-01  -9.9971989695e-03  1.5686200994e+00  7.2460988352e+00  1.1565586273e+02  -9.3398090227e-01  9.9311275980e-01  1.9872219751e+00  1.3808975503e+01  7.7417789861e-01  6.8780143552e-01  7.6494636966e+00  1.3855425135e+02  -8.8580774905e-02  1.0973755172e+00  -1.1361563685e+00  8.2393532425e+00  -8.6998790329e-01  6.6469040531e-01  
-8.6660146713e-01  -8.0305288969e-01  1.3129447274e+00  -1.3885250188e+00  6.1310239311e+00  -3.3434298958e+00  5.4121987675e+00  -5.3973620363e-01  6.9276709025e-01  1.8149164614e+00  2.5185356262e+00  -7.6319504019e-01  1.0665378318e+00  -3.5049562090e-01  7.1186411773e-01  -9.7487418533e-01  4.1851233099e+00  -2.5043033913e-01  7.4613186740e-01  -1.6741911639e+00  1.3420360663e+01  -2.0897256615e-01  6.0184817859e-01  1.0206802953e+00  1.0304955670e+00  
-7.6272690296e-01  1.5010701648e+00  3.9794033684e+01  6.2066354708e-01  9.1881062851e+00  -1.1458103471e-01  4.6099919841e-01  1.6993480530e-01  2.1131390596e+00  1.1688009912e+00  6.3290460250e+01  9.9215251947e-01  1.1245784539e+00  -1.0526324556e+00  1.0028589709e+02  9.4007813324e-01  1.6462026667e+00  -3.1520278856e+00  9.7790971938e+00  -7.8394182150e-01  1.0131583751e+00  7.1233790042e-02  4.0565402120e-01  1.4988040284e+00  3.9607612599e+00  
-6.6709744930e-01  -2.7866517985e+00  5.4505029140e+00  -2.6047294307e+00  9.8703779907e+00  2.0603957461e-01  5.3748736784e-01  -3.4019997236e+00  3.1068662841e+01  -1.5688830632e-01  2.4549652144e+00  -7.1143636941e-01  1.1812244391e+00  -1.8245916424e+01  1.1808956973e+03  9.6056394431e+00  1.4970960660e+02  -5.4124664049e+00  1.4439539431e+01  4.2318674223e-01  1.3477745712e+00  -5.3803136700e-01  9.7913161256e-01  -4.2758080158e+00  1.9889535634e+01  
-5.6519883871e-01  5.3675837745e-01  8.9757631641e-01  2.0113544345e-01  7.2446702708e-01  2.4973084313e+00  5.8742170499e+00  -6.6042339712e+00  2.1356663855e+02  9.7460323031e-01  1.6003002388e+00  4.9573173094e-01  1.2199777369e+00  -3.1159921165e-01  6.3248990166e-01  4.6574656475e-01  7.5914719533e-01  -1.9243301671e-06  9.4107743409e-01  1.1347056143e+02  1.1866032115e+04  1.5844899755e-01  4.7666020426e-01  7.0350611186e-01  4.5256519537e-01  
-4.6617168188e-01  1.1068563336e+00  1.3244533162e+00  2.5213733889e+00  4.7358608822e+01  2.8754895788e-01  3.8746587810e-01  -4.2148577203e-01  3.7268535733e-01  2.7371264723e+00  8.2345907742e+00  -3.2519359536e-01  5.4266168165e-01  4.9489326322e+00  1.1843470940e+02  -4.9369464932e+00  4.1698795902e+01  7.2533195126e-02  1.1227671676e+00  3.4426990282e-01  1.3717716767e+00  -1.1101833832e+00  3.8145285556e+00  -1.3432395226e+00  2.4426523972e+00  
-3.6295267940e-01  -2.0465055021e-01  7.0128854904e-01  2.5313711189e+00  2.7019488350e+01  -8.4951188852e-01  1.8649890472e+01  -3.9782232416e-02  7.4662244643e-01  8.9435483918e-01  2.3506602284e+00  7.9478546620e-01  1.0562361443e+00  -3.6596837051e-01  1.3721147439e+02  -7.9461014896e-01  4.3218794343e-01  2.2768429286e+00  1.0374756335e+02  -4.7748560993e+00  8.6806753063e+01  3.0581812571e+00  1.6549306721e+01  3.4646405470e-01  2.3205696318e+00  
-2.6438742876e-01  4.1572910791e-01  2.5851245378e+00  2.0942731239e+00  1.2056922048e+01  5.7866789326e-01  7.6917926869e-01  2.7756229331e-01  7.3100856300e-01  -1.8199149383e-01  7.4216626978e-01  -1.2563876885e+00  1.2967809132e+00  -8.4318087945e-01  2.6974222662e+00  -2.9555102880e-01  9.2197989523e-01  8.6652482175e-01  7.2371521973e-01  -5.2868511961e-02  1.4124377018e+00  -1.3162459849e+00  1.6107132329e+00  -7.3208791655e-01  6.5441507587e+00  
-1.6461189091e-01  -5.4403576528e-02  6.3236264979e-01  -5.7285944688e+00  3.4742884480e+02  1.5295992690e+00  5.4876719736e+01  1.3987736635e-01  8.1196318682e-01  1.5199338940e-01  6.6676384249e-01  -3.4037790383e+00  2.5118578915e+01  -2.7223641168e-01  9.8538883965e-01  7.8561405880e-01  4.2767233973e+02  -9.7066776427e-01  1.0502017153e+00  3.6168643520e+00  1.3264574571e+01  -3.5841700852e-01  1.0931100061e+00  -9.3662567014e-01  1.9339003713e+00  
-6.2393330038e-02  3.2869192574e+00  1.4300238525e+01  1.4111632608e+00  1.4404871108e+02  5.3803494238e-01  6.3356316532e+01  1.6606811032e+00  2.5726251085e+00  -2.8411987035e+00  3.3537218874e+02  -1.4108186004e+00  4.8875005151e+00  -5.2290325562e+01  2.0837149304e+03  1.4160155175e+00  1.7913584480e+00  6.9062306144e-02  4.1913771609e-01  -4.4622370907e-01  1.9103948072e+00  6.7720047101e+00  1.5403119380e+02  -1.7299297060e+00  1.1813784163e+01  
3.6777611822e-02  1.0000000000e+00  1.7601884931e-14  1.0000000000e+00  2.3505704486e-12  1.0000000000e+00  1.3494924131e-14  1.0000000000e+00  6.8059840814e-15  1.0000000000e+00  3.9769852926e-13  1.0000000000e+00  2.7280057879e-13  1.0000000000e+00  3.7667993209e-12  1.0000000000e+00  1.4959858743e-14  1.0000000000e+00  1.5837497804e-14  1.0000000000e+00  5.8453005019e-16  1.0000000000e+00  7.3106540165e-12  1.0000000000e+00  7.4234330096e-15  
1.3377656043e-01  3.3223890112e-01  8.9614807088e-01  -8.9861561673e-01  6.8163930057e+02  4.3831273694e-01  2.1007391421e+01  6.1229498962e-01  6.9948212819e-01  -5.9563284600e-02  6.6748716671e+00  -7.6684277077e-01  2.5004706362e+00  3.5037148723e-02  6.1549101055e+00  7.1638809004e-01  8.6095318381e-01  3.4455160828e+01  2.2805042437e+03  -2.0785735396e+00  1.1727095829e+01  1.7765532774e-01  1.0834304346e+00  -6.6413176905e-01  2.8373907744e+00  
2.3476514220e-01  -1.8170558731e+01  3.2305501012e+02  -8.3522072673e-02  8.7378996693e-01  -9.2122915939e-01  1.7873852288e+02  8.1556480007e+00  1.3567602515e+02  8.4938289527e+00  1.6199498035e+02  -3.2500444714e-01  1.0530009008e+00  -4.3265894336e+00  2.2690277686e+01  -2.8123117027e-01  4.4403356879e+01  -1.0427464419e+00  1.1746878961e+00  3.2679454414e-01  3.6413223693e+00  -2.8247042256e+00  2.0060817268e+01  -1.1038253958e+00  2.0236150964e+00  
3.3690708876e-01  2.9078752155e+00  1.3025845254e+01  4.5966205982e-01  1.0108900290e+00  1.7624045161e+00  2.6524618966e+00  3.6092555094e+00  3.0240745620e+01  5.4093437906e+00  1.1045090380e+03  -8.0297783507e-01  7.0674004792e-01  -1.2912124664e+00  4.3421325842e+00  -4.1866333622e+00  3.8531039703e+01  1.1624198552e+00  1.0134924041e+00  -1.5747830744e+01  2.0361906843e+02  -7.6951814043e-01  8.1650541086e-01  -1.2482164779e+00  7.9465639032e+00  
4.3534061313e-01  -6.9946363872e+00  1.5082970056e+02  5.0902285754e-01  2.9920654278e+00  -1.1468348892e+00  1.1803977352e+01  -2.4860604749e+01  7.1967352261e+02  1.2020865836e+00  3.5503871500e+00  1.2817222271e+00  1.8592694239e+00  -6.1812038446e-01  2.9024239148e+00  -1.2647884669e+00  1.1755157501e+00  3.7564711256e-01  4.5421039662e+01  -2.7745188374e-01  1.3258531862e+00  3.1555654599e-01  6.2794996727e-01  3.2262575533e+00  2.9878856902e+01  
5.3680169582e-01  9.1624106625e-01  1.1202070368e+00  3.3407699781e-01  1.4046069346e+00  3.5438936215e+00  4.9972337290e+00  -2.3936482039e+00  2.4497622733e+00  3.9215784837e-01  9.7377144788e-01  -3.2235161257e+00  1.1604473528e+01  2.3691165475e-01  1.3996413022e+00  -2.2856915459e-01  1.2882187578e+00  1.5479355046e+01  3.4524501561e+02  2.8613700291e+00  6.3635283053e+00  -1.0792078198e+00  8.9132190260e+00  -7.5762610593e-01  8.7998651008e-01  
6.3396489620e-01  1.9240936475e+00  3.9786835753e+00  5.5345316602e+00  4.0238582357e+01  4.2106450931e-01  9.4033193916e-01  -1.2082617611e-01  1.1259790872e+00  1.0586800184e+00  2.0855532654e+00  2.3250004114e+00  2.6616000244e+01  -5.0008070894e+00  1.6987890749e+02  2.2144791530e+00  4.7778661727e+00  -1.0445478261e+02  6.3330826799e+03  -1.2781636327e-01  1.3201550699e+00  8.4484451719e+00  1.4099499813e+02  1.4273045780e+00  9.1455396490e-01  
7.3298072815e-01  -3.7153038073e-01  6.9037982769e-01  -3.9892065573e-01  4.9013099021e-01  6.1113951743e+00  9.5962122225e+01  -2.7197039859e-01  1.0442223099e+00  6.3999270409e+01  6.6008010676e+03  -1.4373536776e+00  2.1165944846e+00  -7.5742269144e-02  2.1825809056e+00  1.1489436189e-01  6.9579197404e-01  -1.9481797926e-01  4.0710971836e-01  2.3996460446e+00  3.7384542191e+01  -1.9228857254e+00  3.6584117086e+00  -2.5771019824e-01  6.9850042203e-01  
8.3055233955e-01  9.2415177421e-01  9.7629182712e+00  9.7932810704e-01  9.9339279439e+01  -8.4615084380e+00  1.1793665662e+02  3.1707662319e+00  3.2628519764e+02  3.5573964934e-01  1.7170593802e+01  1.0230657122e+00  1.4095374495e+00  -4.8006286935e+00  1.2723414873e+03  1.0856069372e+00  1.3613673429e+00  -3.3859988380e-01  7.9961859377e-01  -1.2872473218e+00  9.5287117065e-01  1.6061553132e+01  2.7193732903e+02  6.9887361563e-01  1.4200569695e+00  
9.3244719505e-01  -1.2805000367e+00  2.2963082325e+00  -7.8429666858e-01  3.5726941072e+00  -3.0589961288e-01  4.4363363583e-01  -1.8805970084e+00  2.2607566163e+00  5.6156517472e-01  8.1179468287e-01  -1.3493834514e+00  3.4667732437e+00  -2.9816677615e+00  7.3407457411e+00  -1.0473453946e+00  3.7718626809e+00  -4.4219603385e+00  1.7340719576e+01  -6.9546763575e-01  1.1138002990e+01  -5.4198643567e+00  3.0817337176e+01  9.8996687112e-01  1.0487394519e+00  
1.0320891142e+00  -4.6577166743e-01  9.4850555160e-01  -2.4774565177e-01  5.7841924904e+00  -2.7468482525e+01  1.2111557344e+03  -5.3594726124e+01  2.0299979478e+03  1.4100413034e-01  5.5301287490e-01  -1.0809601809e+00  9.8345123798e-01  5.8690386837e-01  2.7774188077e+00  1.3017155314e+00  1.1575021000e+00  1.2963835717e-01  4.9528999965e-01  2.8570248092e+00  1.1151166962e+03  -9.7702612084e-01  2.1811649771e+00  -1.1564988366e+00  9.3252614956e-01  
1.1337516308e+00  1.8254612211e+00  6.4613670546e+00  -4.1418200588e+00  1.3327859687e+01  -1.3001081175e-01  6.0051851105e-01  1.5294887738e-01  2.6060527788e+00  1.2230313010e+00  2.4616552151e+00  -4.7278874900e-01  1.8957854077e+00  2.2003825337e+00  2.3716647819e+00  2.3369777030e+00  3.0006133130e+01  -3.9598644577e-01  1.1722005523e+00  -7.1154275570e+00  7.5665922179e+01  4.3956762805e-01  6.9694021207e-01  1.6109410151e+01  3.5370814744e+02  
1.2296160460e+00  2.7558179905e+00  1.9874416562e+01  -7.2288708332e-01  7.4533745532e-01  -2.0957205665e+00  6.4400971740e+00  -7.4687339627e+00  3.7813646285e+02  -1.3476921269e+00  6.6069060139e+01  -3.3961734507e+00  1.6471166734e+02  -2.5821278408e-01  4.9052788917e+01  1.0104093857e+01  1.2078255901e+02  -5.8315476021e-01  5.6054014739e-01  -2.5571594406e+01  2.6610820929e+03  1.9454340754e+00  2.2501761297e+01  1.1278544248e+00  4.1070845988e+01  
1.3276776075e+00  5.6629888942e-01  1.1214560623e+00  3.8446378665e-01  8.8830144785e-01  -6.6260387348e+00  7.7471916433e+01  -5.4298867599e+00  5.9744102537e+02  -1.5140304259e+00  2.7231036381e+00  -7.6802646737e-02  8.8654390518e+00  4.1922594805e+00  7.0400643448e+01  1.3427332795e+00  5.6122051899e+00  1.1066317134e+00  1.5436485515e+00  -1.4037821358e-01  2.9611813089e+00  4.0851558167e-01  3.9796723436e-01  -5.7592159852e-01  5.3458598487e-01  
1.4280604124e+00  -1.8205534266e-01  4.8971409239e+00  -3.5595600552e-01  2.0371860768e+02  -3.6533561520e-01  8.2168536643e-01  1.3891997989e+00  2.9182904656e+00  1.7972183871e-01  4.5404192008e-01  2.3884981568e+00  3.8584284834e+00  1.0807255624e+00  1.0637428039e+00  -2.2635682112e+00  6.3708901312e+00  9.2251361066e-01  1.0760770362e+00  7.5703597211e-01  5.1427157777e-01  8.7700768629e+00  3.0873612733e+02  1.2563173733e-01  9.9281479481e-01  
1.5263848305e+00  2.2978062053e+00  3.1651676859e+01  -3.1310797461e+00  3.8733469849e+01  1.3133026505e-01  4.4758078289e-01  -1.5474901474e+00  2.0043099920e+00  8.7005839580e+00  4.6839257135e+02  7.9074069040e-01  1.0912560091e+01  1.2766453694e-01  8.0467483609e-01  -6.3939833932e+00  1.4950250949e+02  1.1299651039e-01  2.6933573891e-01  2.3542491899e-01  1.2129822383e+00  3.6047734957e+00  2.0016933213e+01  -2.6244825763e+00  6.0255609476e+00  
1.6264578104e+00  -7.9674215693e-01  1.4130875846e+00  1.8999296234e+00  2.1114870253e+01  5.2974825440e-01  9.1980903888e-01  1.4423132816e-01  7.4368781046e-01  -1.7158326629e-01  1.3381545548e+00  5.7242881904e-01  3.2389085447e+00  3.1356163902e-01  1.0510607491e+00  -5.2252072311e-01  1.6651221403e+00  3.1555383507e-01  6.5150438108e-01  1.2417592586e+00  1.7805330890e+00  -1.1576791110e+00  2.0920934330e+00  1.5414980700e+00  9.1325721211e+00  
1.7257655859e+00  8.6529020724e-01  2.4362648590e+00  4.4397673754e-01  1.5031332413e+01  1.2066955111e+00  1.4924774841e+00  -6.4808443725e-01  8.7283600374e-01  -2.9551464485e+00  6.8655452137e+01  -1.0940554466e+00  1.3873513624e+00  3.6941846708e+00  2.7420755528e+02  6.8225878183e+00  2.9972684405e+02  -6.7438039202e-01  2.8309943016e+00  1.7800651349e+00  1.2033699281e+00  4.0182372838e-01  9.6229039339e-01  -5.3247259853e+00  1.5385970238e+02  
1.8247940540e+00  5.0331269241e-01  1.8043533694e+00  2.4519596555e+00  5.3196492614e+00  2.6189866596e+00  5.7008196340e+00  1.1827830836e+00  8.4510727191e+00  7.0217971388e-01  6.5546375119e-01  -9.7905108902e-01  2.6114489937e+00  -4.5634317038e+00  4.5235735019e+01  -3.7415164265e-01  8.3894424883e-01  -6.4944535006e-01  9.9034028509e-01  -1.2631454341e+00  1.3032960846e+00  8.8488110914e-01  1.3686756829e+00  -9.9705250920e-01  1.6101743537e+00  
1.9213911295e+00  1.4749307216e+00  1.3141472771e+01  8.5399428869e-02  4.9764173689e-01  3.2198111474e+01  2.7030128844e+03  2.8596502387e-03  9.3949207661e-01  -7.7797328081e-01  6.4328165492e+00  -7.4115238265e+00  4.0945418141e+02  3.6232973620e+00  7.9109316583e+00  -9.0553819059e-01  1.5577800273e+00  6.3768228864e+00  1.7867600882e+02  -1.4437213844e+00  2.7835450036e+01  3.1953975552e+00  9.2861768447e+00  1.9783428706e+00  6.5439130939e+00  
2.0196676254e+00  7.5374809199e-01  1.5641712602e+00  -6.1659342325e-01  1.9535903801e+00  -1.7738549152e+00  8.6226026032e+00  1.5136037008e+00  7.5461557144e-01  -1.0184670000e+00  2.8958470640e+00  1.7130634413e+00  3.8238487699e+00  -1.9208613071e+00  3.5547193403e+01  1.4927210789e+01  2.2116354222e+02  -2.9147106468e+00  3.2306486247e+02  -1.5258596172e-01  7.9131567438e-01  -1.4202063162e+00  1.2684325861e+00  5.7927473596e-01  1.2997780019e+00  
2.1183688641e+00  5.5597035193e+00  1.0533955056e+02  2.8450034637e+00  6.6244705998e+01  -9.7163867232e-01  2.7687595575e+00  -2.1324520441e+00  3.0510194048e+00  -2.8376312349e-02  1.2570861340e+01  -3.8144963788e+00  6.4314174237e+01  4.3488873508e-01  6.9689224002e-01  -6.6343465164e+01  6.9191159539e+03  -1.1904100822e+00  1.8693846017e+00  6.0356025105e+00  4.9440231657e+01  -4.0759399844e+00  1.1302271778e+02  2.8783313149e+00  2.9673758849e+01  
2.2159774303e+00  1.4223216535e+00  3.5243832399e+00  8.9441646455e+00  9.0388164041e+01  -1.0283353836e+00  1.4934080883e+00  -4.9210639688e-01  9.8321568518e-01  -1.1255485085e+00  3.3282169894e+00  4.4982760384e+00  1.6059809904e+01  -1.3174647521e+00  1.7004064898e+00  -3.2173162500e-02  2.8664806841e+00  -5.7677522314e-01  4.7951010304e-01  -3.0459826327e-01  7.4384532020e+00  -5.2260949279e-01  1.2673344968e+00  1.2446240641e-01  1.0149652677e+00  
2.3171198368e+00  -9.9449862940e-01  3.5237164946e+00  2.6054177579e+00  2.3688133617e+01  1.8882615060e+00  8.3962145423e+02  -3.1369529582e+00  4.6710219066e+01  6.4374813356e-02  7.2226328343e-01  -1.3922814468e+00  1.4446515920e+00  -3.0047382073e+00  2.2567358525e+01  1.0417083251e+00  1.4543785673e+01  -1.0453973444e+00  2.6672544285e+00  1.3880614413e+00  9.6584024873e+00  -7.7222691379e-01  1.6626840812e+02  -5.1698799777e-01  4.5570462552e-01  
2.4144926071e+00  6.3730997249e-01  7.7112751770e-01  -3.0155114967e-01  1.1571042015e+00  -5.8062046065e-01  1.5110418297e+01  -4.2707619861e-01  1.0838611606e+00  -1.8841797355e+00  2.3939664013e+00  4.0028168786e-01  1.3263427211e+00  6.8505858440e+00  1.6163654656e+02  1.5423752372e+00  4.0216712094e+00  4.3171801033e-01  3.7667551505e+00  -2.5865594625e+00  2.1694464828e+01  5.3034059476e+00  4.9037109193e+01  -3.7525449538e-02  4.0502777716e+00  
2.5142121315e+00  -1.0064407059e-01  2.5767089507e-01  -1.0533185855e+00  8.4932004652e-01  1.0580579755e-01  2.1882937762e-01  3.3153737336e-01  8.0057355708e-01  -1.4417714844e-01  1.1526553439e-01  -8.0551370497e-01  8.4355672954e-01  -6.9653063451e-02  1.7989576828e-01  -1.8778632084e+00  3.3080061753e+01  -4.8460866894e-02  1.5805042527e-01  1.2977617291e+00  9.0378940594e-01  -2.4346096084e-01  2.5014968559e-01  -1.6003847317e+00  2.3829135095e+00  
2.6145086288e+00  -1.3421710413e-01  2.1193528710e-01  7.3472452051e-01  5.4283193558e-01  -1.3248534528e-01  1.9839981382e-01  8.5707304237e-01  3.7129255854e-01  2.3941327964e-01  2.3265642220e-01  -7.2172306871e-01  9.6464662353e-01  7.3508468904e-02  1.9782812492e-01  1.8343640584e-01  4.3604361254e-01  -2.1783024735e-01  1.7579626900e-01  9.6014833443e-02  6.8358849786e-01  -9.4182805395e-02  1.1870861551e-01  -1.5150963182e-01  6.3058858938e-01  
2.7118782997e+00  -1.9688482353e-02  1.7732613117e-01  -1.0978933213e-01  3.7057239070e-01  -2.8879372645e-01  2.0452124349e-01  -2.2240411295e+00  5.6522306640e+00  -2.0881969023e-01  1.5588699297e-01  -1.0933742858e+00  1.3590404420e+00  -1.1457195002e-01  1.5223887688e-01  -1.2220265377e-01  1.0893389236e+00  -3.9406437816e-01  3.1861419114e-01  1.6062751264e-01  8.1772286287e-01  3.7664117167e-02  1.6340006087e-01  9.0919022817e-02  7.3674141207e+00  
2.8127107620e+00  -5.3842060004e-02  3.6296572370e-01  1.5717523818e+00  2.5888780823e+00  1.2937778204e-01  2.0198197663e-01  1.6971017177e+00  1.5660597425e+00  -1.7722959467e-01  2.5829389298e-01  6.3245055281e-01  8.9982664997e+00  1.8948072751e-01  2.1985074138e-01  6.5809022219e-01  2.0638338453e+00  -3.1467402769e-02  4.0851238571e-01  2.9135451351e-01  1.9473378423e+00  1.0210892138e-01  2.3710252348e-01  -1.4392384353e-01  4.2274523888e+00  
2.9088342190e+00  -3.8515324085e-02  1.4040059865e-01  -1.5015024501e+00  3.4959630631e+00  -1.9136121796e-01  1.8474451177e-01  7.6947810952e-02  6.9600404152e-01  2.7736162653e-01  2.6100162540e-01  -8.6593046374e-01  1.0341498796e+01  1.5422980294e-02  2.3834344972e-01  2.5482975008e-01  4.2328077809e-01  -1.2793724232e-01  1.9021707680e-01  1.5783314428e+00  9.8658927211e-01  3.6390391916e-02  2.6514229875e-01  -3.1825615006e-01  1.3883498766e+00  
3.0072896481e+00  -3.8911619399e-01  3.2163349886e-01  7.8890053203e-01  5.0633001528e-01  5.1066890817e-01  3.6671908161e-01  -4.1295459477e-01  4.1629866558e+01  -1.7905262989e-01  3.9243011434e-01  5.5174924533e+01  3.5565667152e+03  -3.2745290637e-01  3.8307794267e-01  -2.8908984618e-01  9.2126671271e-01  1.4931275898e-01  1.8697660144e-01  -8.7419089636e-02  1.1857715279e+00  5.5887859923e-01  3.5667363044e-01  -7.8575926884e-02  1.0510891873e+00  
3.1055166721e+00  -9.4312918433e-02  3.5286488496e-01  7.9165415452e+00  7.6862579351e+01  -4.4348666916e-01  2.7237897421e-01  3.1565260718e-01  1.4009717149e+00  3.6838079180e-02  3.8036529347e-01  -3.4403449796e-01  4.3438932002e-01  -4.0493788481e-01  5.6625041600e-01  8.4049647564e-02  8.8530028039e-01  -6.3960630942e-01  3.8438985021e-01  -2.1741534913e+00  4.0104354114e+00  -1.2478865352e-02  2.6215808152e-01  -8.8991379449e-01  6.0003131463e-01  
3.2029068470e+00  1.1667047986e-02  4.9629645514e-01  -2.7279662779e-01  1.8129262784e+00  -6.4623090448e-01  1.3666536754e+00  2.3004127547e+00  2.6302781139e+00  -2.2161220558e+00  2.8816448060e+00  3.0357510218e-01  1.2213498363e+00  8.2194048064e-01  1.0312453965e+00  -4.7922969612e+00  8.4543829585e+01  -4.7647074507e-01  1.2006722532e+00  5.9848082171e+00  5.0467168261e+01  6.4663751803e-01  7.8758474013e-01  2.7262757651e+00  2.9079234235e+01  
3.3020751476e+00  3.4351173850e-02  4.5023835255e-01  -8.7437156436e+00  1.2622821693e+01  -3.6798490930e-01  4.6748812781e-01  3.3677788779e-01  7.0701532546e-01  3.1692492713e-01  7.4832693762e-01  3.9712822280e-01  3.8507335356e+00  1.2462243454e-01  4.0542314284e-01  -6.6475598908e+00  9.8506158812e+00  -1.3018564282e-01  4.5100441711e-01  1.1307181612e+00  3.9279369073e-01  2.5472244889e-01  4.8196838169e-01  -6.3230678273e-01  3.2543899489e-01  
3.4016568661e+00  -2.8254089164e-01  2.8148204011e-01  0.0000000000e+00  0.0000000000e+00  -5.3212598764e-01  6.0474685487e-01  0.0000000000e+00  0.0000000000e+00  1.0134794436e-01  4.4032165514e-01  0.0000000000e+00  0.0000000000e+00  -2.6934481145e-01  4.3217137867e-01  0.0000000000e+00  0.0000000000e+00  2.8389761496e-01  2.9413558760e-01  0.0000000000e+00  0.0000000000e+00  2.8498939521e-01  3.1987584501e-01  0.0000000000e+00  0.0000000000e+00  
3.5017905235e+00  7.5201639680e-01  1.0762871839e+00  1.6818612331e+00  1.6818612331e+00  -1.0939990818e+00  1.4368774580e+00  -1.5816871040e-01  1.5816871040e-01  -2.9996980394e-01  5.9122623485e-01  -1.1718843547e+00  1.1718843547e+00  6.2284094944e-03  7.4225562468e+01  -9.1935419817e-01  9.1935419817e-01  -4.5009099200e-01  3.7166409326e-01  1.0767393525e-01  1.0767393525e-01  -4.0251204631e-01  6.2131604125e-01  -2.5793475564e+00  2.5793475564e+00  
3.6009161472e+00  5.9021368352e-01  1.2951733666e+00  -5.3035689153e-02  5.3035689153e-02  6.3058528063e+00  1.3254707239e+01  1.4560296817e+00  1.4560296817e+00  6.6839053963e-01  2.0649282264e+00  9.8978986970e-01  9.8978986970e-01  -1.1658042789e+00  1.9337992787e+00  5.8207493905e-01  5.8207493905e-01  5.1814811009e+00  1.0969361010e+01  -1.8804936222e+00  1.8804936222e+00  5.0003623617e-01  1.4293201994e+00  9.9364530115e-01  9.9364530115e-01  
3.7010788918e+00  1.2596903035e+01  1.7202201534e+02  0.0000000000e+00  0.0000000000e+00  2.3974769818e+00  1.8386853146e+01  0.0000000000e+00  0.0000000000e+00  8.9748823026e-01  1.6464626512e+00  0.0000000000e+00  0.0000000000e+00  -5.1838891743e+00  2.0452364375e+01  0.0000000000e+00  0.0000000000e+00  4.7077454894e-01  8.5145831970e-01  0.0000000000e+00  0.0000000000e+00  7.0492084902e-01  1.6035133913e+00  0.0000000000e+00  0.0000000000e+00  
3.7999975681e+00  -4.5839699935e+13  3.9417025140e+13  0.0000000000e+00  0.0000000000e+00  -2.6021291908e+13  2.2632143561e+13  0.0000000000e+00  0.0000000000e+00  8.2570048952e+12  1.4752236933e+13  0.0000000000e+00  0.0000000000e+00  4.1335000578e+13  3.4861264108e+13  0.0000000000e+00  0.0000000000e+00  -4.2197986123e+13  3.6018641685e+13  0.0000000000e+00  0.0000000000e+00  2.3751133260e+13  2.2128583968e+13  0.0000000000e+00  0.0000000000e+00  
3.9001076221e+00  -2.8685550419e+10  2.8398694914e+12  0.0000000000e+00  0.0000000000e+00  1.5090767860e+11  1.4939860181e+13  0.0000000000e+00  0.0000000000e+00  -1.4601866252e+11  1.4455847590e+13  0.0000000000e+00  0.0000000000e+00  -1.0846442791e+11  1.0737978363e+13  0.0000000000e+00  0.0000000000e+00  -7.3043537806e+10  7.2313102431e+12  0.0000000000e+00  0.0000000000e+00  2.4857585306e+09  2.4609009453e+11  0.0000000000e+00  0.0000000000e+00  
4.0003623962e+00  -8.5095809594e+10  8.4244851498e+12  0.0000000000e+00  0.0000000000e+00  4.1376143355e+10  4.0962381921e+12  0.0000000000e+00  0.0000000000e+00  1.5663610231e+10  1.5506974129e+12  0.0000000000e+00  0.0000000000e+00  -6.7660824683e+10  6.6984216435e+12  0.0000000000e+00  0.0000000000e+00  9.7876216546e+10  9.6897454380e+12  0.0000000000e+00  0.0000000000e+00  -9.6582621105e+10  9.5616794893e+12  0.0000000000e+00  0.0000000000e+00  
4.1000037193e+00  0.0000000000e+00  0.0000000000e+00  0.0000000000e+00  0.0000000000e+00  0.0000000000e+00  0.0000000000e+00  0.0000000000e+00  0.0000000000e+00  0.0000000000e+00  0.0000000000e+00  0.0000000000e+00  0.0000000000e+00  0.0000000000e+00  0.0000000000e+00  0.0000000000e+00  0.0000000000e+00  0.0000000000e+00  0.0000000000e+00  0.0000000000e+00  0.0000000000e+00  0.0000000000e+00  0.0000000000e+00  0.0000000000e+00  0.0000000000e+00  
4.2000036240e+00  0.0000000000e+00  0.0000000000e+00  0.0000000000e+00  0.0000000000e+00  0.0000000000e+00  0.0000000000e+00  0.0000000000e+00  0.0000000000e+00  0.0000000000e+00  0.0000000000e+00  0.0000000000e+00  0.0000000000e+00  0.0000000000e+00  0.0000000000e+00  0.0000000000e+00  0.0000000000e+00  0.0000000000e+00  0.0000000000e+00  0.0000000000e+00  0.0000000000e+00  0.0000000000e+00  0.0000000000e+00  0.0000000000e+00  0.0000000000e+00  
4.2999963760e+00  0.0000000000e+00  0.0000000000e+00  0.0000000000e+00  0.0000000000e+00  0.0000000000e+00  0.0000000000e+00  0.0000000000e+00  0.0000000000e+00  0.0000000000e+00  0.0000000000e+00  0.0000000000e+00  0.0000000000e+00  0.0000000000e+00  0.0000000000e+00  0.0000000000e+00  0.0000000000e+00  0.0000000000e+00  0.0000000000e+00  0.0000000000e+00  0.0000000000e+00  0.0000000000e+00  0.0000000000e+00  0.0000000000e+00  0.0000000000e+00  
4.3999958038e+00  0.0000000000e+00  0.0000000000e+00  0.0000000000e+00  0.0000000000e+00  0.0000000000e+00  0.0000000000e+00  0.0000000000e+00  0.0000000000e+00  0.0000000000e+00  0.0000000000e+00  0.0000000000e+00  0.0000000000e+00  0.0000000000e+00  0.0000000000e+00  0.0000000000e+00  0.0000000000e+00  0.0000000000e+00  0.0000000000e+00  0.0000000000e+00  0.0000000000e+00  0.0000000000e+00  0.0000000000e+00  0.0000000000e+00  0.0000000000e+00  
4.5000000000e+00  0.0000000000e+00  0.0000000000e+00  0.0000000000e+00  0.0000000000e+00  0.0000000000e+00  0.0000000000e+00  0.0000000000e+00  0.0000000000e+00  0.0000000000e+00  0.0000000000e+00  0.0000000000e+00  0.0000000000e+00  0.0000000000e+00  0.0000000000e+00  0.0000000000e+00  0.0000000000e+00  0.0000000000e+00  0.0000000000e+00  0.0000000000e+00  0.0000000000e+00  0.0000000000e+00  0.0000000000e+00  0.0000000000e+00  0.0000000000e+00  
4.6000041962e+00  0.0000000000e+00  0.0000000000e+00  0.0000000000e+00  0.0000000000e+00  0.0000000000e+00  0.0000000000e+00  0.0000000000e+00  0.0000000000e+00  0.0000000000e+00  0.0000000000e+00  0.0000000000e+00  0.0000000000e+00  0.0000000000e+00  0.0000000000e+00  0.0000000000e+00  0.0000000000e+00  0.0000000000e+00  0.0000000000e+00  0.0000000000e+00  0.0000000000e+00  0.0000000000e+00  0.0000000000e+00  0.0000000000e+00  0.0000000000e+00  
4.7000041008e+00  0.0000000000e+00  0.0000000000e+00  0.0000000000e+00  0.0000000000e+00  0.0000000000e+00  0.0000000000e+00  0.0000000000e+00  0.0000000000e+00  0.0000000000e+00  0.0000000000e+00  0.0000000000e+00  0.0000000000e+00  0.0000000000e+00  0.0000000000e+00  0.0000000000e+00  0.0000000000e+00  0.0000000000e+00  0.0000000000e+00  0.0000000000e+00  0.0000000000e+00  0.0000000000e+00  0.0000000000e+00  0.0000000000e+00  0.0000000000e+00  
4.7999954224e+00  0.0000000000e+00  0.0000000000e+00  0.0000000000e+00  0.0000000000e+00  0.0000000000e+00  0.0000000000e+00  0.0000000000e+00  0.0000000000e+00  0.0000000000e+00  0.0000000000e+00  0.0000000000e+00  0.0000000000e+00  0.0000000000e+00  0.0000000000e+00  0.0000000000e+00  0.0000000000e+00  0.0000000000e+00  0.0000000000e+00  0.0000000000e+00  0.0000000000e+00  0.0000000000e+00  0.0000000000e+00  0.0000000000e+00  0.0000000000e+00  
4.8999958038e+00  0.0000000000e+00  0.0000000000e+00  0.0000000000e+00  0.0000000000e+00  0.0000000000e+00  0.0000000000e+00  0.0000000000e+00  0.0000000000e+00  0.0000000000e+00  0.0000000000e+00  0.0000000000e+00  0.0000000000e+00  0.0000000000e+00  0.0000000000e+00  0.0000000000e+00  0.0000000000e+00  0.0000000000e+00  0.0000000000e+00  0.0000000000e+00  0.0000000000e+00  0.0000000000e+00  0.0000000000e+00  0.0000000000e+00  0.0000000000e+00  
5.0000000000e+00  0.0000000000e+00  0.0000000000e+00  0.0000000000e+00  0.0000000000e+00  0.0000000000e+00  0.0000000000e+00  0.0000000000e+00  0.0000000000e+00  0.0000000000e+00  0.0000000000e+00  0.0000000000e+00  0.0000000000e+00  0.0000000000e+00  0.0000000000e+00  0.0000000000e+00  0.0000000000e+00  0.0000000000e+00  0.0000000000e+00  0.0000000000e+00  0.0000000000e+00  0.0000000000e+00  0.0000000000e+00  0.0000000000e+00  0.0000000000e+00  
5.1000041962e+00  0.0000000000e+00  0.0000000000e+00  0.0000000000e+00  0.0000000000e+00  0.0000000000e+00  0.0000000000e+00  0.0000000000e+00  0.0000000000e+00  0.0000000000e+00  0.0000000000e+00  0.0000000000e+00  0.0000000000e+00  0.0000000000e+00  0.0000000000e+00  0.0000000000e+00  0.0000000000e+00  0.0000000000e+00  0.0000000000e+00  0.0000000000e+00  0.0000000000e+00  0.0000000000e+00  0.0000000000e+00  0.0000000000e+00  0.0000000000e+00  
5.2000050545e+00  0.0000000000e+00  0.0000000000e+00  0.0000000000e+00  0.0000000000e+00  0.0000000000e+00  0.0000000000e+00  0.0000000000e+00  0.0000000000e+00  0.0000000000e+00  0.0000000000e+00  0.0000000000e+00  0.0000000000e+00  0.0000000000e+00  0.0000000000e+00  0.0000000000e+00  0.0000000000e+00  0.0000000000e+00  0.0000000000e+00  0.0000000000e+00  0.0000000000e+00  0.0000000000e+00  0.0000000000e+00  0.0000000000e+00  0.0000000000e+00  
5.2999949455e+00  0.0000000000e+00  0.0000000000e+00  0.0000000000e+00  0.0000000000e+00  0.0000000000e+00  0.0000000000e+00  0.0000000000e+00  0.0000000000e+00  0.0000000000e+00  0.0000000000e+00  0.0000000000e+00  0.0000000000e+00  0.0000000000e+00  0.0000000000e+00  0.0000000000e+00  0.0000000000e+00  0.0000000000e+00  0.0000000000e+00  0.0000000000e+00  0.0000000000e+00  0.0000000000e+00  0.0000000000e+00  0.0000000000e+00  0.0000000000e+00  
5.3999977112e+00  0.0000000000e+00  0.0000000000e+00  0.0000000000e+00  0.0000000000e+00  0.0000000000e+00  0.0000000000e+00  0.0000000000e+00  0.0000000000e+00  0.0000000000e+00  0.0000000000e+00  0.0000000000e+00  0.0000000000e+00  0.0000000000e+00  0.0000000000e+00  0.0000000000e+00  0.0000000000e+00  0.0000000000e+00  0.0000000000e+00  0.0000000000e+00  0.0000000000e+00  0.0000000000e+00  0.0000000000e+00  0.0000000000e+00  0.0000000000e+00  
5.5000000000e+00  0.0000000000e+00  0.0000000000e+00  0.0000000000e+00  0.0000000000e+00  0.0000000000e+00  0.0000000000e+00  0.0000000000e+00  0.0000000000e+00  0.0000000000e+00  0.0000000000e+00  0.0000000000e+00  0.0000000000e+00  0.0000000000e+00  0.0000000000e+00  0.0000000000e+00  0.0000000000e+00  0.0000000000e+00  0.0000000000e+00  0.0000000000e+00  0.0000000000e+00  0.0000000000e+00  0.0000000000e+00  0.0000000000e+00  0.0000000000e+00  
5.6000018120e+00  0.0000000000e+00  0.0000000000e+00  0.0000000000e+00  0.0000000000e+00  0.0000000000e+00  0.0000000000e+00  0.0000000000e+00  0.0000000000e+00  0.0000000000e+00  0.0000000000e+00  0.0000000000e+00  0.0000000000e+00  0.0000000000e+00  0.0000000000e+00  0.0000000000e+00  0.0000000000e+00  0.0000000000e+00  0.0000000000e+00  0.0000000000e+00  0.0000000000e+00  0.0000000000e+00  0.0000000000e+00  0.0000000000e+00  0.0000000000e+00  
5.7000055313e+00  0.0000000000e+00  0.0000000000e+00  0.0000000000e+00  0.0000000000e+00  0.0000000000e+00  0.0000000000e+00  0.0000000000e+00  0.0000000000e+00  0.0000000000e+00  0.0000000000e+00  0.0000000000e+00  0.0000000000e+00  0.0000000000e+00  0.0000000000e+00  0.0000000000e+00  0.0000000000e+00  0.0000000000e+00  0.0000000000e+00  0.0000000000e+00  0.0000000000e+00  0.0000000000e+00  0.0000000000e+00  0.0000000000e+00  0.0000000000e+00  
5.7999944687e+00  0.0000000000e+00  0.0000000000e+00  0.0000000000e+00  0.0000000000e+00  0.0000000000e+00  0.0000000000e+00  0.0000000000e+00  0.0000000000e+00  0.0000000000e+00  0.0000000000e+00  0.0000000000e+00  0.0000000000e+00  0.0000000000e+00  0.0000000000e+00  0.0000000000e+00  0.0000000000e+00  0.0000000000e+00  0.0000000000e+00  0.0000000000e+00  0.0000000000e+00  0.0000000000e+00  0.0000000000e+00  0.0000000000e+00  0.0000000000e+00  
5.8999996185e+00  0.0000000000e+00  0.0000000000e+00  0.0000000000e+00  0.0000000000e+00  0.0000000000e+00  0.0000000000e+00  0.0000000000e+00  0.0000000000e+00  0.0000000000e+00  0.0000000000e+00  0.0000000000e+00  0.0000000000e+00  0.0000000000e+00  0.0000000000e+00  0.0000000000e+00  0.0000000000e+00  0.0000000000e+00  0.0000000000e+00  0.0000000000e+00  0.0000000000e+00  0.0000000000e+00  0.0000000000e+00  0.0000000000e+00  0.0000000000e+00  
6.0000000000e+00  0.0000000000e+00  0.0000000000e+00  0.0000000000e+00  0.0000000000e+00  0.0000000000e+00  0.0000000000e+00  0.0000000000e+00  0.0000000000e+00  0.0000000000e+00  0.0000000000e+00  0.0000000000e+00  0.0000000000e+00  0.0000000000e+00  0.0000000000e+00  0.0000000000e+00  0.0000000000e+00  0.0000000000e+00  0.0000000000e+00  0.0000000000e+00  0.0000000000e+00  0.0000000000e+00  0.0000000000e+00  0.0000000000e+00  0.0000000000e+00  
6.0999994278e+00  0.0000000000e+00  0.0000000000e+00  0.0000000000e+00  0.0000000000e+00  0.0000000000e+00  0.0000000000e+00  0.0000000000e+00  0.0000000000e+00  0.0000000000e+00  0.0000000000e+00  0.0000000000e+00  0.0000000000e+00  0.0000000000e+00  0.0000000000e+00  0.0000000000e+00  0.0000000000e+00  0.0000000000e+00  0.0000000000e+00  0.0000000000e+00  0.0000000000e+00  0.0000000000e+00  0.0000000000e+00  0.0000000000e+00  0.0000000000e+00  
6.2000060081e+00  0.0000000000e+00  0.0000000000e+00  0.0000000000e+00  0.0000000000e+00  0.0000000000e+00  0.0000000000e+00  0.0000000000e+00  0.0000000000e+00  0.0000000000e+00  0.0000000000e+00  0.0000000000e+00  0.0000000000e+00  0.0000000000e+00  0.0000000000e+00  0.0000000000e+00  0.0000000000e+00  0.0000000000e+00  0.0000000000e+00  0.0000000000e+00  0.0000000000e+00  0.0000000000e+00  0.0000000000e+00  0.0000000000e+00  0.0000000000e+00  
6.2999939919e+00  0.0000000000e+00  0.0000000000e+00  0.0000000000e+00  0.0000000000e+00  0.0000000000e+00  0.0000000000e+00  0.0000000000e+00  0.0000000000e+00  0.0000000000e+00  0.0000000000e+00  0.0000000000e+00  0.0000000000e+00  0.0000000000e+00  0.0000000000e+00  0.0000000000e+00  0.0000000000e+00  0.0000000000e+00  0.0000000000e+00  0.0000000000e+00  0.0000000000e+00  0.0000000000e+00  0.0000000000e+00  0.0000000000e+00  0.0000000000e+00  
6.4000010490e+00  0.0000000000e+00  0.0000000000e+00  0.0000000000e+00  0.0000000000e+00  0.0000000000e+00  0.0000000000e+00  0.0000000000e+00  0.0000000000e+00  0.0000000000e+00  0.0000000000e+00  0.0000000000e+00  0.0000000000e+00  0.0000000000e+00  0.0000000000e+00  0.0000000000e+00  0.0000000000e+00  0.0000000000e+00  0.0000000000e+00  0.0000000000e+00  0.0000000000e+00  0.0000000000e+00  0.0000000000e+00  0.0000000000e+00  0.0000000000e+00  
6.5000000000e+00  0.0000000000e+00  0.0000000000e+00  0.0000000000e+00  0.0000000000e+00  0.0000000000e+00  0.0000000000e+00  0.0000000000e+00  0.0000000000e+00  0.0000000000e+00  0.0000000000e+00  0.0000000000e+00  0.0000000000e+00  0.0000000000e+00  0.0000000000e+00  0.0000000000e+00  0.0000000000e+00  0.0000000000e+00  0.0000000000e+00  0.0000000000e+00  0.0000000000e+00  0.0000000000e+00  0.0000000000e+00  0.0000000000e+00  0.0000000000e+00  
6.5999975204e+00  0.0000000000e+00  0.0000000000e+00  0.0000000000e+00  0.0000000000e+00  0.0000000000e+00  0.0000000000e+00  0.0000000000e+00  0.0000000000e+00  0.0000000000e+00  0.0000000000e+00  0.0000000000e+00  0.0000000000e+00  0.0000000000e+00  0.0000000000e+00  0.0000000000e+00  0.0000000000e+00  0.0000000000e+00  0.0000000000e+00  0.0000000000e+00  0.0000000000e+00  0.0000000000e+00  0.0000000000e+00  0.0000000000e+00  0.0000000000e+00  
6.7000064850e+00  0.0000000000e+00  0.0000000000e+00  0.0000000000e+00  0.0000000000e+00  0.0000000000e+00  0.0000000000e+00  0.0000000000e+00  0.0000000000e+00  0.0000000000e+00  0.0000000000e+00  0.0000000000e+00  0.0000000000e+00  0.0000000000e+00  0.0000000000e+00  0.0000000000e+00  0.0000000000e+00  0.0000000000e+00  0.0000000000e+00  0.0000000000e+00  0.0000000000e+00  0.0000000000e+00  0.0000000000e+00  0.0000000000e+00  0.0000000000e+00  
6.7999935150e+00  0.0000000000e+00  0.0000000000e+00  0.0000000000e+00  0.0000000000e+00  0.0000000000e+00  0.0000000000e+00  0.0000000000e+00  0.0000000000e+00  0.0000000000e+00  0.0000000000e+00  0.0000000000e+00  0.0000000000e+00  0.0000000000e+00  0.0000000000e+00  0.0000000000e+00  0.0000000000e+00  0.0000000000e+00  0.0000000000e+00  0.0000000000e+00  0.0000000000e+00  0.0000000000e+00  0.0000000000e+00  0.0000000000e+00  0.0000000000e+00  
6.9000029564e+00  0.0000000000e+00  0.0000000000e+00  0.0000000000e+00  0.0000000000e+00  0.0000000000e+00  0.0000000000e+00  0.0000000000e+00  0.0000000000e+00  0.0000000000e+00  0.0000000000e+00  0.0000000000e+00  0.0000000000e+00  0.0000000000e+00  0.0000000000e+00  0.0000000000e+00  0.0000000000e+00  0.0000000000e+00  0.0000000000e+00  0.0000000000e+00  0.0000000000e+00  0.0000000000e+00  0.0000000000e+00  0.0000000000e+00  0.0000000000e+00  
