#pT  dN/(2pi dy pT dpT)  dN/(2pi dy pT dpT)_err  vn{SP}  vn{SP}_err
1.0526984185e-01  1.2748380839e+02  1.0332579806e+00  2.2805258406e-03  4.8044527057e-04  4.6369944837e-03  3.7487760106e-04  8.0121526769e-04  3.4004107034e-04  -6.3384017684e-04  3.6337118631e-04  1.4254097248e-04  4.4892673529e-04  9.7258592630e-05  6.2833472957e-04  
1.9979609549e-01  8.5134384773e+01  6.8712998957e-01  4.8724629297e-03  5.8127762397e-04  1.8743469516e-02  5.4763821335e-04  1.3880168437e-03  3.0102756773e-04  -3.2984037285e-05  3.3540361765e-04  6.4125653599e-04  3.7787211024e-04  5.3062355889e-04  5.5356936625e-04  
2.9823231697e-01  5.0089308541e+01  4.0279207331e-01  6.9678634459e-03  8.1213781224e-04  3.7178621940e-02  9.0518574774e-04  4.9207875656e-03  4.5169707776e-04  6.5716547560e-04  3.9639925772e-04  8.9806629271e-05  4.2678069087e-04  -3.4840581788e-04  5.3878262046e-04  
3.9765396714e-01  2.9311041783e+01  2.3286083823e-01  8.6514949192e-03  9.4580024547e-04  5.5252159891e-02  1.3276800423e-03  8.7777933795e-03  5.3268386820e-04  1.8851460364e-03  4.1436362674e-04  3.8484197551e-04  4.5839635084e-04  2.1908811294e-04  7.1882809283e-04  
4.9747997522e-01  1.7496663743e+01  1.3911502462e-01  9.6742982181e-03  1.0903779637e-03  7.2392234705e-02  1.7601313429e-03  1.3252166673e-02  7.8895791869e-04  4.4355176392e-03  4.8050307701e-04  1.7062288229e-03  5.1686191437e-04  1.3148666654e-03  7.7229133194e-04  
5.9736108780e-01  1.0675838970e+01  8.5478858914e-02  1.1666234984e-02  1.1841709633e-03  8.8545695030e-02  2.2525633407e-03  2.0091354007e-02  1.0792477482e-03  6.7045042813e-03  7.7533750692e-04  1.6278443662e-03  6.3934694177e-04  6.8983235050e-05  8.2474531263e-04  
6.9728165865e-01  6.6133692127e+00  5.3185176187e-02  1.0517307413e-02  1.1513603760e-03  1.0380154439e-01  2.6422452606e-03  2.5398151950e-02  1.4200526309e-03  9.4111723759e-03  8.5848546007e-04  3.0104535309e-03  7.5680924637e-04  -8.5781181727e-05  1.3082437646e-03  
7.9719108343e-01  4.1708357611e+00  3.4691273179e-02  1.0883010208e-02  1.3005858030e-03  1.1717652854e-01  3.1432489583e-03  3.1255024835e-02  1.7248480415e-03  1.2016367213e-02  1.1488771950e-03  5.3910193209e-03  9.0614724093e-04  -5.9400365013e-04  1.1203203086e-03  
8.9720994234e-01  2.6569909621e+00  2.2773909334e-02  1.0860186523e-02  1.6658192831e-03  1.3008740063e-01  3.4349884460e-03  3.7815628576e-02  2.1782866207e-03  1.5979069935e-02  1.4057243168e-03  7.5205201040e-03  1.2658900498e-03  1.4169317114e-03  1.5164592942e-03  
9.9718040228e-01  1.7137987166e+00  1.5477721584e-02  1.0839865670e-02  1.9383497400e-03  1.4434630357e-01  3.9624444690e-03  4.5749065820e-02  2.4937568103e-03  2.1531327031e-02  2.0700455843e-03  7.1783921042e-03  1.5203699009e-03  1.0605749505e-03  1.7650779100e-03  
1.0972349644e+00  1.1181377260e+00  1.0538242038e-02  1.0412970295e-02  2.2668890489e-03  1.5409756613e-01  4.3656484183e-03  5.2547753609e-02  2.7784214450e-03  2.3885165952e-02  2.3336438914e-03  1.1023998944e-02  2.2135183032e-03  1.3285042448e-03  2.3137437469e-03  
1.1971511841e+00  7.3820679094e-01  7.4943706964e-03  9.1329337841e-03  2.8119140017e-03  1.6591144169e-01  4.8247378606e-03  5.9855351556e-02  3.1821833460e-03  2.8178128773e-02  2.9987488953e-03  1.1092812484e-02  2.2751267472e-03  3.2634926356e-03  2.6290955753e-03  
1.2972607613e+00  4.9201219384e-01  5.3251816861e-03  7.6363045214e-03  3.1611025124e-03  1.7062975149e-01  5.5358064262e-03  6.1893939482e-02  3.4159314873e-03  3.3195728866e-02  3.1612508442e-03  1.9044655736e-02  2.6097097685e-03  4.8369899841e-04  3.4216342879e-03  
1.3972448111e+00  3.3128727997e-01  3.7943265883e-03  1.8734791505e-03  4.2306504815e-03  1.7721865025e-01  5.8191200676e-03  6.7675552510e-02  3.6591286751e-03  3.7394645034e-02  3.6995557629e-03  2.2118584154e-02  3.1161649179e-03  7.9487596612e-03  4.0468832451e-03  
1.4974181652e+00  2.2691816836e-01  2.7632595411e-03  -4.8610808972e-03  4.7992049191e-03  1.8806856305e-01  6.5350237762e-03  7.3671544750e-02  4.4922334044e-03  4.3073487660e-02  4.6235282183e-03  2.0537540920e-02  3.4537781889e-03  9.3783457675e-03  4.8334548339e-03  
1.5976909399e+00  1.5741205141e-01  2.1890576298e-03  -6.2144429061e-03  5.4997429993e-03  1.8828920568e-01  7.3825046579e-03  7.6763916807e-02  4.9420316219e-03  4.5631820301e-02  4.9714355728e-03  2.0165100327e-02  4.1724807288e-03  7.3717612894e-03  5.8173173592e-03  
1.6976428032e+00  1.1015005414e-01  1.6199539172e-03  -2.2843632419e-03  6.3960869250e-03  1.9523215251e-01  8.0605322343e-03  8.5528744718e-02  5.4449192272e-03  5.0652610542e-02  6.5368865104e-03  2.3254453396e-02  5.6093384638e-03  1.4270415851e-02  6.5614984347e-03  
1.7976592779e+00  7.8478087892e-02  1.3044083663e-03  -1.2806612857e-02  7.1008115643e-03  1.9659327528e-01  8.5483021478e-03  7.9253228145e-02  5.9316444961e-03  5.1643145375e-02  7.0420899501e-03  2.9921344819e-02  6.1513624950e-03  1.8242611709e-02  6.7176034642e-03  
1.8978255987e+00  5.6331208192e-02  9.9379145050e-04  -8.8692082383e-03  7.7189804850e-03  1.9742282695e-01  9.0435173726e-03  8.0201049991e-02  7.2826841455e-03  5.6291615350e-02  8.1824703543e-03  3.7025816184e-02  7.4543365971e-03  1.0800773143e-02  8.7584698208e-03  
1.9977209568e+00  4.1207152506e-02  7.8544577680e-04  -2.1939548249e-02  9.3661762618e-03  2.0099748656e-01  9.5084897691e-03  8.8669766660e-02  6.9398627408e-03  6.4158684945e-02  1.0186041996e-02  3.9850420266e-02  7.3643950012e-03  2.7995130596e-02  1.1000725667e-02  
2.0976629257e+00  3.1400346189e-02  6.2283820516e-04  -1.6570505406e-02  1.0107775145e-02  1.9468872006e-01  1.2146602418e-02  9.6665520226e-02  8.5270313566e-03  6.0327412053e-02  7.8431098348e-03  3.0326211874e-02  7.1915429802e-03  1.4390615432e-02  9.7646164242e-03  
2.1976432800e+00  2.3636484490e-02  5.2971655856e-04  -9.2825560152e-03  1.0465463453e-02  1.9720316880e-01  1.1667495396e-02  8.5129014208e-02  8.4009666563e-03  6.3705469876e-02  1.1382803516e-02  4.3468041135e-02  9.1878259848e-03  3.6826611781e-02  1.1775422306e-02  
2.2979335785e+00  1.8284752587e-02  4.4290059577e-04  -2.1410499594e-02  1.1953313895e-02  1.8566733987e-01  1.3991664077e-02  8.5615564493e-02  1.0159226558e-02  6.9992670396e-02  1.0893819649e-02  5.0512613571e-02  1.1619622673e-02  1.6301539521e-02  1.3653101066e-02  
2.3987302780e+00  1.3980808352e-02  3.3527201626e-04  -2.1607782361e-02  1.3045622422e-02  1.7933526656e-01  1.3587344083e-02  9.3288052089e-02  9.9356703821e-03  6.8778600561e-02  1.6811765800e-02  5.0927846617e-02  1.0389704344e-02  3.4682813618e-02  1.5703375710e-02  
2.4987425804e+00  1.1111948166e-02  2.8931056809e-04  -2.8546666685e-02  1.3678157892e-02  1.6455048430e-01  1.5122440138e-02  8.9669080727e-02  1.3451947046e-02  7.0230473950e-02  1.4137480766e-02  6.4024910863e-02  1.1933220985e-02  1.6026031658e-02  1.7457801338e-02  
2.5979671478e+00  8.8218664045e-03  2.4042494999e-04  -3.5200799677e-02  1.4585740441e-02  1.8146090010e-01  1.3474335997e-02  9.3637610596e-02  1.3784015603e-02  7.7767245613e-02  1.6514225630e-02  4.5236157128e-02  1.3566992092e-02  2.9749647325e-02  1.7417133676e-02  
2.6989469528e+00  7.0487887464e-03  2.1295871137e-04  -3.6134044480e-02  1.5491357596e-02  1.7961330647e-01  1.7409202124e-02  9.2133500801e-02  1.3666260708e-02  7.9997687994e-02  1.5609026625e-02  4.5595160000e-02  1.3392286665e-02  2.7609885651e-02  2.2423088775e-02  
2.7987179756e+00  5.5959771574e-03  1.7584790799e-04  -5.2338827545e-02  1.5472957121e-02  1.7158845243e-01  1.6611585695e-02  1.0104929099e-01  1.3191390997e-02  9.0471399807e-02  2.0056358482e-02  7.3952110960e-02  1.8351087988e-02  8.5844831039e-02  2.3319154911e-02  
2.8988702297e+00  4.5919975419e-03  1.4308551698e-04  -3.9960579544e-02  1.6679423274e-02  1.9423167176e-01  1.9909080614e-02  8.5774889089e-02  1.4795246629e-02  6.9284954437e-02  2.1057996250e-02  4.6697063769e-02  1.6629499658e-02  5.0239877142e-02  2.1264987418e-02  
2.9991207123e+00  3.5917622606e-03  1.2883620112e-04  -2.7509398304e-02  1.8970255157e-02  1.7877221833e-01  2.3270146363e-02  8.7402865857e-02  1.4039482863e-02  8.4941277037e-02  1.8982408220e-02  5.4519065547e-02  2.0004489574e-02  5.2714542434e-02  2.5825055013e-02  
3.0988419056e+00  2.9402476109e-03  1.0544753556e-04  -3.8013795483e-02  2.0862502684e-02  1.8367386422e-01  2.3363874334e-02  7.6699697836e-02  1.8615925501e-02  1.1354069540e-01  2.8675601592e-02  8.5490191133e-02  2.1813186723e-02  4.4475078713e-02  3.5872861521e-02  
3.1990928650e+00  2.3652577741e-03  9.1626046742e-05  -3.8902794157e-02  1.9839237478e-02  1.6456654153e-01  2.3130948838e-02  9.0426570776e-02  2.0343335862e-02  7.4708178916e-02  2.0225720495e-02  3.0904694948e-02  2.0870484090e-02  3.2470912549e-02  3.7392627592e-02  
3.2991964817e+00  2.0040797641e-03  7.5434600776e-05  -3.6425273604e-02  1.9484017597e-02  1.9185210602e-01  2.4241615371e-02  1.0967102682e-01  1.9748754049e-02  1.0465226777e-01  2.5113434040e-02  6.8869430939e-02  2.7138989123e-02  1.4423587919e-02  3.4948188637e-02  
3.3978731632e+00  1.6195795694e-03  6.9470197929e-05  -4.2066462162e-02  2.1030144207e-02  1.7656427478e-01  2.4361104379e-02  8.0226821654e-02  2.3510215754e-02  8.8465644556e-02  2.2671521210e-02  4.8117726665e-02  3.3612662594e-02  4.4397557647e-02  3.3719908397e-02  
3.4997966290e+00  1.3225696733e-03  5.8740082532e-05  -5.1398316537e-04  2.3926277453e-02  1.6241228991e-01  2.3335488397e-02  7.3291160476e-02  2.4524145400e-02  1.3566371584e-01  2.8687898148e-02  5.5596194420e-02  2.9048937474e-02  4.4278039158e-02  4.6002200964e-02  
3.5987319946e+00  1.0761747895e-03  4.3305120510e-05  -7.1986967897e-02  2.6295180102e-02  1.8140954474e-01  2.8443524513e-02  7.7434993243e-02  2.5827045127e-02  6.9591302254e-02  2.4898934401e-02  6.6512641117e-02  3.2103097742e-02  4.9175146184e-02  4.3877264001e-02  
3.6974558830e+00  8.8854787727e-04  4.2158439155e-05  -4.7510934208e-02  2.7297855032e-02  1.7148481664e-01  3.3926432391e-02  1.3907186029e-01  2.9826684320e-02  1.0421848389e-01  3.9510427450e-02  2.0437615753e-02  3.5759552318e-02  7.9530620024e-02  3.6968832769e-02  
3.7977309227e+00  7.5551717848e-04  3.6037059400e-05  -1.4517744938e-02  2.4417486769e-02  2.0415836711e-01  3.2216544620e-02  5.7591846553e-02  2.8899676490e-02  1.1961176929e-01  3.6971682599e-02  6.3702993022e-02  2.9801246328e-02  5.4242391620e-02  4.7735829867e-02  
3.8996083736e+00  6.2200474970e-04  3.1449268180e-05  -3.7785114019e-02  3.4755922111e-02  1.6714644244e-01  3.5062187650e-02  1.4048314598e-01  3.5096319941e-02  1.0079833730e-01  3.8298830638e-02  5.1186956746e-02  3.7601360570e-02  2.8645662293e-02  5.7870106007e-02  
3.9997453690e+00  5.1354923250e-04  2.5941391999e-05  -1.3965984958e-02  3.0197451760e-02  1.8909607655e-01  3.3622004794e-02  8.6217915460e-02  2.7660443494e-02  3.3801227806e-02  3.8089175841e-02  9.0426134351e-02  4.2623811699e-02  9.8795542031e-03  5.5584070477e-02  
