#pT  dN/(2pi dy pT dpT)  dN/(2pi dy pT dpT)_err  vn{SP}  vn{SP}_err
1.0526984185e-01  1.2748380839e+02  1.0332579806e+00  2.3240210965e-03  4.7774819022e-04  4.6597054194e-03  3.7561488496e-04  8.0230771698e-04  3.4003394075e-04  -5.7530082672e-04  3.6807106475e-04  1.0091364081e-04  4.6738420306e-04  -2.2562981226e-07  7.4573278266e-04  
1.9979609549e-01  8.5134384773e+01  6.8712998957e-01  5.0520820013e-03  5.7803140548e-04  1.8773959446e-02  5.4739912792e-04  1.4181154981e-03  2.9999980714e-04  8.5141589893e-06  3.3966260200e-04  8.1163850648e-04  3.8586819865e-04  9.3088114972e-04  6.2839411325e-04  
2.9823231697e-01  5.0089308541e+01  4.0279207331e-01  7.1064988003e-03  8.0691219028e-04  3.7212987481e-02  9.0504929371e-04  4.9558008601e-03  4.5099624844e-04  6.4891972902e-04  4.0161861834e-04  1.6363390174e-04  4.4137016425e-04  -4.2902961818e-04  6.4895863315e-04  
3.9765396714e-01  2.9311041783e+01  2.3286083823e-01  8.8551682542e-03  9.4154772101e-04  5.5286871382e-02  1.3276997566e-03  8.8226344698e-03  5.2940495318e-04  1.8602358283e-03  4.0959006636e-04  2.3075181878e-04  4.9262877337e-04  9.0676569621e-05  8.2035039467e-04  
4.9747997522e-01  1.7496663743e+01  1.3911502462e-01  9.8055073996e-03  1.0850559907e-03  7.2425543664e-02  1.7605370867e-03  1.3297360241e-02  7.8702247201e-04  4.4062754675e-03  4.7878486638e-04  1.8899811404e-03  5.5652476425e-04  2.0724469204e-03  8.7824922507e-04  
5.9736108780e-01  1.0675838970e+01  8.5478858914e-02  1.1702133414e-02  1.1905839588e-03  8.8576645694e-02  2.2512661311e-03  2.0123038036e-02  1.0779138807e-03  6.7038190457e-03  7.8124079615e-04  1.8205758444e-03  6.5404541369e-04  5.4706606446e-04  9.4336228390e-04  
6.9728165865e-01  6.6133692127e+00  5.3185176187e-02  1.0513736745e-02  1.1427618570e-03  1.0380730323e-01  2.6415682300e-03  2.5437451755e-02  1.4198047515e-03  9.5295930590e-03  8.4584111764e-04  3.4580213854e-03  7.6027797194e-04  -3.8152035794e-04  1.4549155423e-03  
7.9719108343e-01  4.1708357611e+00  3.4691273179e-02  1.0702454025e-02  1.2913345782e-03  1.1719614048e-01  3.1426455242e-03  3.1284201391e-02  1.7242259568e-03  1.2174488274e-02  1.1443707769e-03  5.6952788870e-03  9.4200888525e-04  -1.6153654571e-03  1.3233358073e-03  
8.9720994234e-01  2.6569909621e+00  2.2773909334e-02  1.0544172358e-02  1.6606537071e-03  1.3006236009e-01  3.4346835797e-03  3.7848973574e-02  2.1727686833e-03  1.6234073369e-02  1.4097429249e-03  7.1648864507e-03  1.3289793275e-03  2.5763766203e-03  1.6990179506e-03  
9.9718040228e-01  1.7137987166e+00  1.5477721584e-02  1.0078670282e-02  1.9507074986e-03  1.4430889331e-01  3.9649059903e-03  4.5826194838e-02  2.4964248352e-03  2.1708423563e-02  2.0664711220e-03  7.2024401521e-03  1.5687658459e-03  2.4442304938e-03  1.9826479839e-03  
1.0972349644e+00  1.1181377260e+00  1.0538242038e-02  9.5057902686e-03  2.2623165756e-03  1.5405189733e-01  4.3668095473e-03  5.2551227039e-02  2.7754947699e-03  2.4007936902e-02  2.3271334743e-03  1.1028173331e-02  2.2484167415e-03  1.8128953142e-03  2.7462950728e-03  
1.1971511841e+00  7.3820679094e-01  7.4943706964e-03  7.8442341272e-03  2.8176863024e-03  1.6589523426e-01  4.8247384463e-03  5.9815862552e-02  3.2019730997e-03  2.8306264191e-02  2.9902827175e-03  1.1031846769e-02  2.3323643585e-03  2.3312075935e-03  2.9512673004e-03  
1.2972607613e+00  4.9201219384e-01  5.3251816861e-03  6.1048839854e-03  3.1329295040e-03  1.7048334625e-01  5.5305059412e-03  6.1828580408e-02  3.4394216500e-03  3.3460656334e-02  3.1446604431e-03  1.8876469239e-02  2.6491801539e-03  6.6644554066e-04  3.8700431043e-03  
1.3972448111e+00  3.3128727997e-01  3.7943265883e-03  4.1598573177e-04  4.2261614773e-03  1.7712415820e-01  5.8188800666e-03  6.7600733544e-02  3.6796484830e-03  3.7173936168e-02  3.7150194655e-03  2.2087776186e-02  3.1778656441e-03  5.8962236588e-03  4.7166116325e-03  
1.4974181652e+00  2.2691816836e-01  2.7632595411e-03  -6.6827373559e-03  4.7913287171e-03  1.8796111495e-01  6.5351858674e-03  7.3608366315e-02  4.4740347419e-03  4.3240574489e-02  4.6000090606e-03  2.2150443048e-02  3.5060235092e-03  6.6419015457e-03  5.7339099353e-03  
1.5976909399e+00  1.5741205141e-01  2.1890576298e-03  -8.1590991642e-03  5.4887381814e-03  1.8814687620e-01  7.3727703938e-03  7.6703568774e-02  4.9523943765e-03  4.5851316174e-02  4.9462300330e-03  2.1092737279e-02  4.3343759276e-03  4.6037039364e-03  6.7245048369e-03  
1.6976428032e+00  1.1015005414e-01  1.6199539172e-03  -5.1554036158e-03  6.3635448925e-03  1.9505665853e-01  8.0581832373e-03  8.5362642815e-02  5.4544684047e-03  5.1045010861e-02  6.5353144247e-03  2.3191552116e-02  5.6692147838e-03  1.4544617623e-02  7.3418146542e-03  
1.7976592779e+00  7.8478087892e-02  1.3044083663e-03  -1.5766934398e-02  7.0645248838e-03  1.9640201242e-01  8.5473900413e-03  7.8899936046e-02  5.9411010940e-03  5.1716688420e-02  6.9986861561e-03  3.0186808252e-02  6.2582306428e-03  1.7481884177e-02  7.8070837279e-03  
1.8978255987e+00  5.6331208192e-02  9.9379145050e-04  -1.2110915654e-02  7.6841332995e-03  1.9726236094e-01  9.0585244922e-03  7.9816892866e-02  7.3005788616e-03  5.6734455753e-02  8.1877762472e-03  3.3859869223e-02  7.8068889156e-03  7.8170839773e-03  1.0142700727e-02  
1.9977209568e+00  4.1207152506e-02  7.8544577680e-04  -2.4187215751e-02  9.2871026267e-03  2.0080121039e-01  9.5257118204e-03  8.8378781159e-02  6.9888290272e-03  6.3634502879e-02  1.0135598155e-02  3.9765962981e-02  7.5902327705e-03  2.8213020763e-02  1.2078172909e-02  
2.0976629257e+00  3.1400346189e-02  6.2283820516e-04  -2.0255061486e-02  1.0135041711e-02  1.9444908238e-01  1.2103002005e-02  9.5990161944e-02  8.5006914179e-03  5.9504978016e-02  7.8758731222e-03  3.0917079539e-02  7.7085922895e-03  1.7171196216e-02  1.0839863931e-02  
2.1976432800e+00  2.3636484490e-02  5.2971655856e-04  -1.2766962983e-02  1.0509452022e-02  1.9708855090e-01  1.1654263679e-02  8.4994865309e-02  8.4251351597e-03  6.3230976712e-02  1.1535074116e-02  4.5493830661e-02  9.1931947446e-03  3.5568278006e-02  1.3404704851e-02  
2.2979335785e+00  1.8284752587e-02  4.4290059577e-04  -2.5209684371e-02  1.1824514861e-02  1.8548589879e-01  1.3967732461e-02  8.5396114747e-02  1.0173651034e-02  6.9051718095e-02  1.0964915480e-02  5.0218495165e-02  1.1928682874e-02  1.1239614999e-02  1.5290624256e-02  
2.3987302780e+00  1.3980808352e-02  3.3527201626e-04  -2.4949959165e-02  1.2947887741e-02  1.7927095920e-01  1.3574192848e-02  9.2438241055e-02  9.9641754650e-03  6.8807610747e-02  1.6719353935e-02  5.2797517150e-02  1.0454158482e-02  3.9342684630e-02  1.7856241324e-02  
2.4987425804e+00  1.1111948166e-02  2.8931056809e-04  -3.2106900362e-02  1.3553214053e-02  1.6431189177e-01  1.5136961325e-02  8.9130748107e-02  1.3381484706e-02  7.0897904243e-02  1.4129283017e-02  6.3486942590e-02  1.2578206499e-02  2.0199056411e-02  1.9485732021e-02  
2.5979671478e+00  8.8218664045e-03  2.4042494999e-04  -3.9195132013e-02  1.4429707538e-02  1.8118471721e-01  1.3490293512e-02  9.3676439714e-02  1.3784049623e-02  7.7179921354e-02  1.6453220923e-02  4.9690448571e-02  1.3903861466e-02  2.6438817328e-02  1.9673919649e-02  
2.6989469528e+00  7.0487887464e-03  2.1295871137e-04  -4.0512428017e-02  1.5456902066e-02  1.7939610491e-01  1.7366386506e-02  9.1429498757e-02  1.3676267258e-02  7.7903287064e-02  1.5590229212e-02  4.7608453081e-02  1.3795588266e-02  2.8765702197e-02  2.4862046278e-02  
2.7987179756e+00  5.5959771574e-03  1.7584790799e-04  -5.5825043491e-02  1.5602935726e-02  1.7113767000e-01  1.6640530009e-02  1.0085985688e-01  1.3156199833e-02  9.0237779239e-02  1.9823172270e-02  7.7156208080e-02  1.8883635235e-02  8.4901716300e-02  2.7932730424e-02  
2.8988702297e+00  4.5919975419e-03  1.4308551698e-04  -4.3226716144e-02  1.6859165756e-02  1.9393750914e-01  1.9935460648e-02  8.5532710817e-02  1.4792944524e-02  7.0207026160e-02  2.1015073840e-02  4.5258229147e-02  1.6958869605e-02  3.9575386667e-02  2.5841972469e-02  
2.9991207123e+00  3.5917622606e-03  1.2883620112e-04  -3.1435527908e-02  1.8627751982e-02  1.7836497962e-01  2.3214312392e-02  8.6090448267e-02  1.4075525350e-02  8.6386280968e-02  1.8828105211e-02  5.9545720817e-02  2.0075079002e-02  4.2315825348e-02  2.9159123376e-02  
3.0988419056e+00  2.9402476109e-03  1.0544753556e-04  -4.2223326662e-02  2.1073404715e-02  1.8312651702e-01  2.3315778791e-02  7.5853905899e-02  1.8638461854e-02  1.0922285026e-01  2.8895455253e-02  8.8653522758e-02  2.1709590984e-02  2.4752690934e-02  4.1142581530e-02  
3.1990928650e+00  2.3652577741e-03  9.1626046742e-05  -4.3430243370e-02  1.9848924785e-02  1.6414371630e-01  2.3063325493e-02  8.9357251303e-02  2.0352739241e-02  7.3752262146e-02  2.0249847750e-02  3.9597505604e-02  2.2605176399e-02  3.1685765542e-02  3.8903764122e-02  
3.2991964817e+00  2.0040797641e-03  7.5434600776e-05  -3.9979561545e-02  1.9270869713e-02  1.9139139073e-01  2.4231368989e-02  1.0913912522e-01  1.9912930071e-02  1.0332626947e-01  2.4901964986e-02  7.6014648438e-02  2.7326796822e-02  1.5823214434e-02  3.8707913443e-02  
3.3978731632e+00  1.6195795694e-03  6.9470197929e-05  -4.6960114758e-02  2.0743641885e-02  1.7629042051e-01  2.4362773506e-02  7.8570082704e-02  2.3535296031e-02  8.6906704831e-02  2.2932149967e-02  5.2300830604e-02  3.4237380366e-02  4.0310644401e-02  3.6525774766e-02  
3.4997966290e+00  1.3225696733e-03  5.8740082532e-05  -3.0588898374e-03  2.4097021549e-02  1.6217929263e-01  2.3393344716e-02  7.3186721954e-02  2.4483819818e-02  1.3695279221e-01  2.8658249621e-02  6.2695725658e-02  3.0979003187e-02  4.1808565386e-02  5.3259178307e-02  
3.5987319946e+00  1.0761747895e-03  4.3305120510e-05  -7.4283935365e-02  2.6330177395e-02  1.8111560807e-01  2.8432327577e-02  7.6881751012e-02  2.5984397026e-02  7.4055510724e-02  2.4913714789e-02  7.2288409547e-02  3.2751721174e-02  4.8600415623e-02  4.7703087689e-02  
3.6974558830e+00  8.8854787727e-04  4.2158439155e-05  -4.9737167593e-02  2.7562793899e-02  1.7059069151e-01  3.3886640641e-02  1.3899854675e-01  2.9843564427e-02  9.8681561235e-02  3.9685006489e-02  2.7624301165e-02  3.6222443197e-02  8.5839761095e-02  4.2588436263e-02  
3.7977309227e+00  7.5551717848e-04  3.6037059400e-05  -2.1405525622e-02  2.4165387196e-02  2.0444974421e-01  3.2090051094e-02  5.4976069476e-02  2.8897318082e-02  1.1606628377e-01  3.6598148730e-02  5.8975073318e-02  3.2243784955e-02  3.8334957355e-02  5.3444724713e-02  
3.8996083736e+00  6.2200474970e-04  3.1449268180e-05  -3.9041895004e-02  3.4676253856e-02  1.6704210411e-01  3.4937002673e-02  1.4260144545e-01  3.5054819472e-02  1.0033655550e-01  3.7905235225e-02  6.2417630094e-02  3.9114389922e-02  -2.7609298356e-03  6.7929556244e-02  
3.9997453690e+00  5.1354923250e-04  2.5941391999e-05  -1.6575869903e-02  3.0104248315e-02  1.8845512422e-01  3.3562959055e-02  8.5209411899e-02  2.7988559356e-02  2.9033674637e-02  3.8318241521e-02  9.7001875279e-02  4.4032080178e-02  1.1858322762e-02  6.1088849675e-02  
