#pT  vn{4}  vn{4}_err
1.0758309811e-01  0.0000000000e+00  0.0000000000e+00  6.1808142023e-03  5.8724606827e-03  2.2134557718e-02  2.1921596121e-02  
2.0267575979e-01  0.0000000000e+00  0.0000000000e+00  5.4145787982e-03  6.3007899812e-03  7.8734876868e-03  8.1205150417e-03  
3.0100932717e-01  0.0000000000e+00  0.0000000000e+00  6.4496368648e-03  3.1999225908e-03  2.7474707554e-03  4.3420305681e-03  
3.9964935184e-01  0.0000000000e+00  0.0000000000e+00  5.3846909864e-03  3.5502472574e-03  7.7175699202e-03  8.6924965051e-03  
4.9902424216e-01  0.0000000000e+00  0.0000000000e+00  1.4232325112e-02  3.5796583088e-03  3.9378551411e-03  1.0046952920e-02  
5.9853792191e-01  0.0000000000e+00  0.0000000000e+00  2.5117606677e-02  4.7451103933e-03  1.3835531866e-02  9.4339905030e-03  
6.9810664654e-01  0.0000000000e+00  0.0000000000e+00  3.5471841071e-02  5.8529573207e-03  6.5053480436e-03  8.7979259836e-03  
7.9797214270e-01  0.0000000000e+00  0.0000000000e+00  3.6345027319e-02  6.7458671653e-03  2.1783127961e-03  1.1158112810e-02  
8.9772415161e-01  0.0000000000e+00  0.0000000000e+00  5.2546395741e-02  6.7203752631e-03  1.4455595141e-02  6.8746262971e-03  
9.9742943048e-01  0.0000000000e+00  0.0000000000e+00  6.8797833358e-02  9.0138632124e-03  1.9125486020e-02  2.0509967627e-02  
1.0974196196e+00  0.0000000000e+00  0.0000000000e+00  6.2258873226e-02  1.2696052078e-02  2.4385502386e-02  1.2589398162e-02  
1.1971422434e+00  0.0000000000e+00  0.0000000000e+00  8.2347297885e-02  1.4254065667e-02  7.3960951346e-03  7.4509731468e-02  
1.2971459627e+00  0.0000000000e+00  0.0000000000e+00  8.6279204173e-02  1.4710436325e-02  7.4625376702e-03  1.6398328737e-02  
1.3964837790e+00  0.0000000000e+00  0.0000000000e+00  1.0835665922e-01  2.0385096752e-02  5.3021159065e-02  3.4615669498e-02  
1.4968882799e+00  0.0000000000e+00  0.0000000000e+00  1.0174266336e-01  1.9909782758e-02  1.0141919630e-02  2.6887494171e-02  
1.5970308781e+00  0.0000000000e+00  0.0000000000e+00  1.1712028474e-01  2.6725457691e-02  1.5345894755e-02  3.9685594315e-02  
1.6963620186e+00  0.0000000000e+00  0.0000000000e+00  1.1002054215e-01  2.9431913579e-02  1.8862623529e-02  1.9927271489e-01  
1.7977814674e+00  0.0000000000e+00  0.0000000000e+00  1.5097094199e-01  4.4382659652e-02  9.2587800526e-02  7.7095501748e-02  
1.8967959881e+00  0.0000000000e+00  0.0000000000e+00  1.6802373496e-01  4.1392596604e-02  3.1067426608e-02  8.0616228225e-02  
1.9963481426e+00  0.0000000000e+00  0.0000000000e+00  2.0369737780e-01  5.2331656931e-02  1.1424533717e-01  7.9575327829e-02  
2.0975053310e+00  0.0000000000e+00  0.0000000000e+00  9.5711182392e-02  5.0010796862e-02  4.0140490461e-02  4.4682946124e-01  
2.1971578598e+00  0.0000000000e+00  0.0000000000e+00  2.3826035317e-01  7.4996269741e-02  2.0847698542e-01  1.5262576349e-01  
2.2981648445e+00  0.0000000000e+00  0.0000000000e+00  1.8930358486e-01  7.3331469605e-02  5.0126804104e-02  8.6564820096e-02  
2.3984847069e+00  0.0000000000e+00  0.0000000000e+00  1.2328327822e-01  8.5482826532e-02  2.2887056462e-01  1.9415209950e-01  
2.4987013340e+00  0.0000000000e+00  0.0000000000e+00  1.4040354639e-01  1.0410710442e-01  5.6754633495e-02  1.8431600208e-01  
2.5967226028e+00  0.0000000000e+00  0.0000000000e+00  1.8497319019e-01  1.0459726217e-01  5.7787694565e-02  1.5483842803e-01  
2.6979424953e+00  0.0000000000e+00  0.0000000000e+00  2.1633262753e-02  1.3360391340e-01  1.4405444210e-01  2.5104912920e-01  
2.7960729599e+00  0.0000000000e+00  0.0000000000e+00  8.6189528708e-02  1.4420341118e-01  3.3239262592e-01  4.6649100453e-01  
2.9000723362e+00  0.0000000000e+00  0.0000000000e+00  9.0760106474e-02  3.9220822121e-01  6.3180866160e-01  4.9271304476e-01  
2.9947996140e+00  0.0000000000e+00  0.0000000000e+00  4.1841206877e-01  3.8857602713e-01  6.0479717520e-01  6.9929250000e-01  
3.1025829315e+00  0.0000000000e+00  0.0000000000e+00  1.2431419899e-01  1.3212041595e+00  4.0180591129e-01  1.2620261609e+00  
3.2067849636e+00  0.0000000000e+00  0.0000000000e+00  1.7337366197e-01  1.4053596680e+00  2.0021418579e-01  4.4168821750e-01  
3.3079953194e+00  0.0000000000e+00  0.0000000000e+00  4.3575366305e-01  1.1230544145e+00  2.4696406745e-01  1.2176609512e+00  
3.4075334072e+00  0.0000000000e+00  0.0000000000e+00  2.0516555083e-01  1.6618363728e+00  1.8171790988e-01  1.0666250143e+00  
3.5128452778e+00  0.0000000000e+00  0.0000000000e+00  8.1559994441e-02  6.5138815337e-01  1.7457514463e-01  1.6978753842e+00  
3.6002454758e+00  0.0000000000e+00  0.0000000000e+00  1.0501534398e+00  3.9565868199e-01  2.8763828195e-01  1.8745330891e-01  
3.7275764942e+00  0.0000000000e+00  0.0000000000e+00  1.3686332044e+00  4.4685499385e-01  1.0606146923e+00  9.3758579051e+00  
3.8037359715e+00  0.0000000000e+00  0.0000000000e+00  1.0546495140e+00  5.2944601429e-01  1.2707464016e+00  2.6170384595e+00  
3.9177339077e+00  0.0000000000e+00  0.0000000000e+00  7.1347104149e-01  2.3568819376e-01  1.1680945626e+00  2.6793399911e+00  
3.9741230011e+00  0.0000000000e+00  0.0000000000e+00  3.5740187796e-01  1.3455773740e-01  1.9288461558e+00  1.1933627542e+00  
