#pT  dN/(2pi dy pT dpT)  dN/(2pi dy pT dpT)_err  vn{SP}  vn{SP}_err
1.0501839966e-01  2.3495442001e+01  3.3994933158e-01  2.4255914901e-03  7.2511633187e-04  2.2286038718e-03  6.2480445043e-04  4.2264490265e-04  7.3542668689e-04  -6.6293091954e-05  9.0537583598e-04  -1.7413815438e-03  2.2013812078e-03  nan  nan  
1.9955517352e-01  1.5210813744e+01  2.3065706124e-01  2.3788443691e-03  9.7701559412e-04  5.5538478700e-03  7.9479112059e-04  9.9713391112e-04  5.7425784938e-04  1.1896718133e-03  1.0018996066e-03  -7.6425773598e-04  1.6324617788e-03  nan  nan  
2.9804965854e-01  8.7319286779e+00  1.4456952606e-01  3.8605756182e-03  1.3141561761e-03  1.2317384826e-02  1.2441741758e-03  1.8724803295e-03  6.4768344452e-04  3.2494533638e-04  7.5896540397e-04  -1.5164599548e-03  2.0869635666e-03  nan  nan  
3.9747065306e-01  4.9961860708e+00  8.9082728651e-02  3.5658818171e-03  1.7555276118e-03  1.9035387782e-02  1.6354798384e-03  2.0192154308e-03  9.0044057846e-04  6.4789279117e-04  7.0416925313e-04  8.8173143546e-04  2.3327317799e-03  nan  nan  
4.9718195200e-01  2.9124713820e+00  5.6626420212e-02  3.1686305422e-03  1.7790901690e-03  2.5980830560e-02  1.9211266915e-03  5.2254438366e-03  1.2578734111e-03  8.8127290470e-04  1.2081973540e-03  -1.8380038068e-03  2.6229010152e-03  nan  nan  
5.9710562229e-01  1.7244590363e+00  3.6073751403e-02  6.8025495481e-03  2.7242158700e-03  3.4820276437e-02  2.9657918685e-03  5.3766274458e-03  1.4800146488e-03  2.1520259351e-03  1.1320414553e-03  -7.4136912595e-04  3.1886977230e-03  nan  nan  
6.9703710079e-01  1.0334990203e+00  2.4650076484e-02  6.7925609114e-03  3.2548001979e-03  4.5154427361e-02  3.2990417971e-03  9.4827991931e-03  1.9083680057e-03  3.0228057203e-03  1.8571096762e-03  4.9652844685e-03  6.8825370908e-03  nan  nan  
7.9692453146e-01  6.2559476596e-01  1.6808702074e-02  7.0647824583e-03  3.4726922655e-03  5.1496302828e-02  4.0521294477e-03  7.1613697378e-03  1.9961751513e-03  1.0306990030e-03  1.9790102936e-03  -6.1676925942e-03  5.5115017795e-03  nan  nan  
8.9687675238e-01  3.7967577795e-01  1.1722494757e-02  6.7724910249e-03  3.5018151605e-03  6.0446297921e-02  4.6358106905e-03  1.2732681217e-02  2.9349736971e-03  5.9523900919e-03  2.0130775596e-03  1.4006897642e-03  6.1479557932e-03  nan  nan  
9.9664127827e-01  2.3268951800e-01  8.1562368913e-03  1.0210511548e-02  5.3249765332e-03  6.5923947001e-02  5.0352752087e-03  1.2987111886e-02  2.9245465367e-03  6.1579885682e-03  2.6694083208e-03  2.3511942211e-03  6.5788501108e-03  nan  nan  
1.0967477560e+00  1.4175965934e-01  5.4909566844e-03  5.4839685810e-03  5.3940421319e-03  7.6710566489e-02  6.1733227018e-03  1.3229164308e-02  2.9873230873e-03  3.3958787494e-03  3.3973199221e-03  9.0499352973e-03  8.0251851336e-03  nan  nan  
1.1965615749e+00  8.5466819082e-02  3.8649803331e-03  1.5036424279e-03  5.7967118054e-03  8.3535784702e-02  7.3235671351e-03  2.2945907928e-02  5.0964067155e-03  1.1854715529e-02  4.0796975530e-03  -6.6931479936e-03  1.1461448646e-02  nan  nan  
1.2963306904e+00  5.2559684847e-02  2.7091795863e-03  6.2157402083e-03  6.3914589475e-03  8.8035609996e-02  8.9314899900e-03  2.0614525444e-02  5.3673466698e-03  1.1312551463e-02  6.0622301338e-03  5.8927542669e-03  1.1924757398e-02  nan  nan  
1.3963282108e+00  3.1825840928e-02  1.7645204449e-03  1.2808835007e-02  8.3033141485e-03  9.4601035029e-02  9.3583168156e-03  1.8008383646e-02  5.2751678463e-03  1.7429756982e-02  5.8312380638e-03  -8.2290253176e-03  1.7205966861e-02  nan  nan  
1.4967936277e+00  1.9326973218e-02  1.1669223692e-03  2.4523211373e-03  7.1516844363e-03  9.5910772039e-02  1.0036883854e-02  2.1158019431e-02  7.5550093074e-03  2.4190389526e-02  6.7208472617e-03  2.2038244767e-02  2.1896528468e-02  nan  nan  
1.5965917110e+00  1.2259837459e-02  7.4880662757e-04  3.2691180102e-03  9.1005007691e-03  1.0048309580e-01  1.2705448661e-02  1.2573146553e-02  8.8113948412e-03  2.5689060306e-02  9.8450156221e-03  3.1168889118e-02  3.0071273367e-02  nan  nan  
1.6960861683e+00  7.7526825867e-03  5.2725553780e-04  1.1324795924e-02  1.3669696098e-02  1.1444505382e-01  1.3888656992e-02  2.4531009672e-02  1.1054199969e-02  9.9308325161e-03  1.2219595483e-02  1.2503297753e-03  3.0391465715e-02  nan  nan  
1.7968778610e+00  5.0071128649e-03  3.4577438767e-04  7.9136595525e-03  1.1398042739e-02  1.1783202447e-01  1.4513365643e-02  4.0698229431e-02  1.2269684936e-02  2.6780468453e-02  1.5253359345e-02  5.3656491858e-03  3.1267835928e-02  nan  nan  
1.8961181641e+00  3.2151198346e-03  2.2646456060e-04  1.7355999374e-02  1.5626480786e-02  1.1397070471e-01  1.9604199452e-02  4.2728421021e-02  1.4449619090e-02  -4.1777993209e-03  1.7097072300e-02  -3.8586089630e-02  4.3938539130e-02  nan  nan  
1.9974797964e+00  2.1453860764e-03  1.5863793354e-04  5.4258216105e-03  2.1527902711e-02  1.4405621708e-01  2.1829442528e-02  3.3257429106e-02  2.0380481114e-02  3.3558131464e-02  2.1666461578e-02  7.8061837115e-02  9.0060479992e-02  nan  nan  
2.0947880745e+00  1.4951699250e-03  1.1784083042e-04  2.3918650278e-04  2.2168284362e-02  1.3791998049e-01  2.0983837823e-02  3.2011858660e-02  1.8507926500e-02  4.2069097136e-02  2.4307824429e-02  1.1716109905e-01  8.2563894146e-02  nan  nan  
2.1984570026e+00  9.2369318310e-04  8.1970960017e-05  2.3237797700e-02  2.3090026878e-02  1.2449415424e-01  2.7494252308e-02  4.0089498257e-02  2.8649623222e-02  8.6544418209e-02  2.9525397591e-02  -9.4270300426e-02  9.1629774630e-02  nan  nan  
2.2955048084e+00  6.3368847490e-04  6.2885700408e-05  1.6983625360e-02  2.8428306437e-02  1.2423931438e-01  2.8111454231e-02  2.0106146827e-02  3.0417617626e-02  1.9970080180e-02  4.2357496478e-02  1.0279592786e-01  1.2766637554e-01  nan  nan  
2.3975546360e+00  4.3172358113e-04  4.9840849065e-05  8.9371040429e-03  2.7100646238e-02  1.6308577038e-01  3.8225641773e-02  7.5108004435e-02  4.4152541043e-02  7.7381726310e-04  4.3743689473e-02  4.9504032157e-02  1.0075709393e-01  nan  nan  
2.5010347366e+00  2.5379656232e-04  2.9436654715e-05  1.9873416385e-02  4.3947527024e-02  6.5477144586e-02  4.5055287423e-02  5.8149923360e-02  4.5464053825e-02  1.0168875101e-01  3.9342679038e-02  1.9482723898e-01  1.9208089681e-01  nan  nan  
2.5960755348e+00  2.1472721699e-04  2.5374836064e-05  -4.0621837262e-02  4.1615386055e-02  1.0769975811e-01  3.7267189830e-02  -4.6945225767e-02  3.2057432753e-02  6.5113584597e-02  4.4007109402e-02  1.8568867863e-01  1.4262726902e-01  nan  nan  
2.6981389523e+00  1.2323976672e-04  1.4203792668e-05  4.3832892566e-02  6.8629307980e-02  1.8296569209e-01  6.4892186587e-02  1.1295216711e-01  5.8333505916e-02  -5.0978060659e-02  8.0194711162e-02  1.9103772365e-02  1.7058915269e-01  nan  nan  
2.8016767502e+00  1.0293948309e-04  1.6285520117e-05  8.1247498902e-02  6.5444345991e-02  2.2908659125e-01  5.8393026318e-02  1.0425135827e-01  7.1604392986e-02  -2.9018074523e-02  5.7417298300e-02  -1.5127547668e-01  1.7437756451e-01  nan  nan  
2.8937194347e+00  6.4266623251e-05  1.1309813574e-05  7.1459728287e-02  9.3239663606e-02  2.2993014685e-01  6.1797911023e-02  1.7748847145e-01  7.8635007611e-02  1.3137154358e-01  1.2836145276e-01  -5.9030983718e-02  2.0659097760e-01  nan  nan  
2.9973444939e+00  3.9159650373e-05  6.1485769629e-06  3.7084084995e-02  7.1549203349e-02  1.6924904013e-01  8.1640706611e-02  1.7216359250e-01  9.6113988813e-02  -2.1864737185e-01  9.2168083703e-02  -5.6570181703e-01  5.4986194228e-01  nan  nan  
3.0893082619e+00  2.0595419911e-05  4.5722095268e-06  9.7518812255e-02  1.3586625734e-01  1.0204866720e-01  1.0383246816e-01  4.7945206087e-02  1.1875138877e-01  4.7713841344e-02  1.5894159549e-01  -1.0023073086e+00  5.7089072864e-01  nan  nan  
3.2011229992e+00  2.0554817844e-05  5.0714860206e-06  7.2647711519e-02  1.2492101547e-01  2.6379171347e-01  1.1354823635e-01  -6.7240902117e-02  1.1642988355e-01  2.1201548265e-01  1.1635151004e-01  3.4365952017e-01  3.9430128371e-01  nan  nan  
3.2945787907e+00  9.1554363117e-06  2.7087351340e-06  9.3693927506e-02  7.7629344446e-02  1.8284818582e-01  1.6300865892e-01  2.0516991687e-01  2.0478096089e-01  -6.7771480899e-02  2.8003529647e-01  2.6885837444e-01  4.5885290576e-01  nan  nan  
3.3938570023e+00  1.6643897983e-05  5.1057293316e-06  2.0201143657e-01  1.3711421825e-01  2.2228668437e-01  1.1564192443e-01  2.0515027123e-01  1.2391235113e-01  3.2387025117e-02  1.1346986525e-01  5.3039055662e-01  5.9750005060e-01  nan  nan  
3.4981904030e+00  8.4827416768e-06  2.6460981160e-06  6.7717165784e-03  1.8677152377e-01  1.7778939133e-01  2.4461589782e-01  -1.3848220222e-01  1.6891803520e-01  2.1858732857e-01  2.3989666879e-01  4.4879717141e-01  5.6010823077e-01  nan  nan  
3.6001520157e+00  3.6156069242e-06  1.8733959938e-06  -2.1381028601e-01  3.3976380271e-01  9.8794467629e-02  3.4514127300e-01  -3.4262221975e-02  2.6135048022e-01  1.2789554623e-01  3.6238358267e-01  -9.9782796509e-02  5.1892641157e-01  nan  nan  
3.6917364597e+00  3.6467901441e-06  1.5640702826e-06  5.5633475521e-02  1.0239728451e-01  2.6514104462e-01  4.4995344931e-01  8.5786053135e-02  4.8526467920e-01  2.3446275678e-01  1.8621457476e-01  3.3607183459e-02  8.7793821784e-01  nan  nan  
3.7901136875e+00  3.9587900202e-06  1.5301620215e-06  2.5716427763e-01  1.7568781246e-01  4.6876354451e-01  1.7800064498e-01  1.2464985015e-01  1.7644882911e-01  -1.6111588561e-01  1.8156965759e-01  -2.2012682526e-01  4.9591548374e-01  nan  nan  
3.8818223476e+00  2.4031446856e-06  1.1568547769e-06  2.2293517614e-01  4.3145949761e-01  2.5295436887e-01  3.7021050745e-01  2.0761262053e-01  5.1302125441e-01  6.1988600474e-01  3.1214597602e-01  -1.1753085218e-01  5.9320042082e-01  nan  nan  
3.9500000477e+00  0.0000000000e+00  0.0000000000e+00  nan  nan  nan  nan  nan  nan  nan  nan  nan  nan  nan  nan  
