#pT  vn{4}  vn{4}_err
1.0749892145e-01  0.0000000000e+00  0.0000000000e+00  1.9738863156e-02  3.6832124871e-02  9.5128395954e-02  1.4231403295e-01  
2.0348410308e-01  0.0000000000e+00  0.0000000000e+00  7.5536826945e-03  4.7554485067e-02  3.8506051827e-02  1.1135660458e-01  
3.0076110363e-01  0.0000000000e+00  0.0000000000e+00  2.2638620702e-02  2.7157876874e-02  3.9093362036e-02  5.0573178627e-02  
4.0100240707e-01  0.0000000000e+00  0.0000000000e+00  2.5555371492e-02  1.9072212978e-02  9.8644614843e-03  3.9441768966e-02  
5.0108534098e-01  0.0000000000e+00  0.0000000000e+00  6.3839271304e-03  1.5553783794e-02  1.7225654103e-02  5.9938500216e-02  
5.9980660677e-01  0.0000000000e+00  0.0000000000e+00  1.9066745403e-02  2.4754253581e-02  9.5466505783e-03  3.0962749384e-02  
7.0035988092e-01  0.0000000000e+00  0.0000000000e+00  1.3066647685e-02  2.1449509392e-02  5.5521475905e-02  7.7526673165e-02  
7.9895204306e-01  0.0000000000e+00  0.0000000000e+00  3.2963163120e-03  1.3175388378e-02  6.7359866606e-02  9.1995752075e-02  
8.9994883537e-01  0.0000000000e+00  0.0000000000e+00  2.7781020581e-02  1.8876923755e-02  2.3016869199e-02  4.5676522691e-02  
1.0001790524e+00  0.0000000000e+00  0.0000000000e+00  2.3373914817e-02  2.2647886005e-02  9.8380426930e-03  9.6416737709e-02  
1.1000599861e+00  0.0000000000e+00  0.0000000000e+00  5.6674830546e-02  2.2101816155e-02  9.2520990211e-03  4.7751439733e-02  
1.1998953819e+00  0.0000000000e+00  0.0000000000e+00  2.4886628270e-02  2.7834095525e-02  9.1189253178e-03  3.1648113185e-02  
1.2996681929e+00  0.0000000000e+00  0.0000000000e+00  5.8247209516e-02  2.0948058153e-02  5.8968333230e-02  1.3630471222e-01  
1.3992938995e+00  0.0000000000e+00  0.0000000000e+00  6.3637822620e-02  2.2950602208e-02  6.2292480664e-02  1.2914276235e-01  
1.4992896318e+00  0.0000000000e+00  0.0000000000e+00  6.9091827714e-02  2.6145690399e-02  3.1847202120e-02  4.7110191657e-02  
1.5981547832e+00  0.0000000000e+00  0.0000000000e+00  8.4791305984e-02  2.8154521535e-02  1.5571635447e-02  6.0115242404e-02  
1.6998623610e+00  0.0000000000e+00  0.0000000000e+00  5.8413201922e-02  2.5319329412e-02  5.1860329953e-02  1.0327043409e-01  
1.7983301878e+00  0.0000000000e+00  0.0000000000e+00  1.4207774185e-01  3.0826624878e-02  2.0039798763e-02  5.3938666346e-02  
1.8976203203e+00  0.0000000000e+00  0.0000000000e+00  1.2320764222e-01  3.8350186448e-02  1.3028817629e-02  4.2606794578e-02  
1.9982815981e+00  0.0000000000e+00  0.0000000000e+00  1.3707604129e-01  3.9356557035e-02  3.9703243666e-02  1.5776002901e-01  
2.0985519886e+00  0.0000000000e+00  0.0000000000e+00  1.1929049167e-01  3.9049755572e-02  1.3687146765e-01  1.4251560448e-01  
2.1961429119e+00  0.0000000000e+00  0.0000000000e+00  1.2703965212e-01  4.2306518048e-02  3.6613810117e-02  1.9396624500e-01  
2.2981305122e+00  0.0000000000e+00  0.0000000000e+00  1.8866329918e-01  6.2226590742e-02  8.5014496235e-02  1.4420793362e-01  
2.3977329731e+00  0.0000000000e+00  0.0000000000e+00  2.3018980439e-01  5.7930383574e-02  3.9279277906e-02  1.5078970900e-01  
2.4963760376e+00  0.0000000000e+00  0.0000000000e+00  2.7311183736e-01  7.4464759856e-02  8.2477542020e-02  1.7516997462e-01  
2.5957081318e+00  0.0000000000e+00  0.0000000000e+00  1.4220495327e-01  6.7068042609e-02  6.6373020289e-02  2.7795927190e-01  
2.6953480244e+00  0.0000000000e+00  0.0000000000e+00  2.5610753854e-01  9.6952526914e-02  4.3754139070e-02  1.4463753042e-01  
2.7968504429e+00  0.0000000000e+00  0.0000000000e+00  1.9803283859e-01  1.0391509682e-01  1.3668251488e-01  1.1783492529e+00  
2.8953807354e+00  0.0000000000e+00  0.0000000000e+00  3.8927700228e-01  1.4633876110e-01  1.7746307529e-01  9.1253693097e-01  
2.9960525036e+00  0.0000000000e+00  0.0000000000e+00  2.2704220667e-01  1.0296249877e-01  5.0508122592e-01  4.8553469179e-01  
3.0952913761e+00  0.0000000000e+00  0.0000000000e+00  5.3711395723e-02  2.1163620977e-01  3.5388068485e-01  7.9877152556e-01  
3.1997570992e+00  0.0000000000e+00  0.0000000000e+00  2.4218664303e-01  4.1801814547e-01  2.4574276892e-01  5.7489409643e-01  
3.3046982288e+00  0.0000000000e+00  0.0000000000e+00  1.0781706805e-01  4.8462517744e-01  3.7983710458e-01  3.4344459633e+00  
3.3971686363e+00  0.0000000000e+00  0.0000000000e+00  4.3064212247e-01  3.9664206565e-01  1.4447494146e+00  2.2581209256e+00  
3.4946265221e+00  0.0000000000e+00  0.0000000000e+00  4.0294664958e-01  1.6291617708e+00  5.8790000385e-01  4.4158905329e+00  
3.5948481560e+00  0.0000000000e+00  0.0000000000e+00  3.3924317846e-01  4.7093816110e-01  4.6723861666e-01  9.9218181694e-01  
3.7061369419e+00  0.0000000000e+00  0.0000000000e+00  8.7760873496e-01  1.0187148223e+00  4.1206495535e-01  4.5807511061e+00  
3.7876660824e+00  0.0000000000e+00  0.0000000000e+00  2.7376166140e-01  2.7304123285e+00  5.3280383481e-01  2.7954260703e+00  
3.8863215446e+00  0.0000000000e+00  0.0000000000e+00  9.7133573443e-01  8.2527534509e-01  9.9243652447e-01  1.1676051865e+00  
4.0287842751e+00  0.0000000000e+00  0.0000000000e+00  3.4164277101e-01  1.5712638364e+00  1.2149434024e+00  1.1378635590e+01  
