#pT  dN/(2pi dy pT dpT)  dN/(2pi dy pT dpT)_err  vn{SP}  vn{SP}_err
1.0749892145e-01  1.8609915550e-02  6.4480535682e-04  -6.8273881149e-02  3.0965674777e-02  3.2492230886e-04  2.6999518919e-02  -3.5698374676e-02  2.7465213138e-02  -3.4840309790e-02  3.2984756540e-02  5.6268976111e-02  1.0144359939e-01  nan  nan  
2.0348410308e-01  1.8721756752e-02  5.4487170394e-04  3.5767723320e-03  1.6760604611e-02  2.0311329954e-02  1.5926250598e-02  1.4935478815e-02  2.0754043895e-02  -2.7101542799e-04  1.9691771972e-02  6.4754284596e-02  5.9091853290e-02  nan  nan  
3.0076110363e-01  1.8139715004e-02  4.8421043638e-04  8.9684924714e-03  1.4221521023e-02  3.0189460228e-02  1.9092292659e-02  8.2917611364e-04  1.4561321439e-02  -1.8348010665e-02  2.0780870657e-02  4.5465804821e-02  4.1720785711e-02  nan  nan  
4.0100240707e-01  1.7557242365e-02  4.0359980508e-04  2.1876843245e-02  1.2027005475e-02  1.9199519735e-02  1.6486976509e-02  1.2209390740e-02  1.4889559660e-02  1.0110973482e-02  1.8120730736e-02  -2.9552528449e-02  5.2713817179e-02  nan  nan  
5.0108534098e-01  1.5627895715e-02  3.9734629286e-04  1.2031474004e-02  1.2226941422e-02  -7.0098793735e-04  1.0873092396e-02  1.7767777276e-02  1.2683631904e-02  2.1501689248e-02  1.1216478910e-02  1.0455334831e-02  5.6243695282e-02  nan  nan  
5.9980660677e-01  1.4280110796e-02  3.9190509220e-04  -1.0370576307e-02  1.0648492034e-02  1.0190052609e-02  1.1669190050e-02  -3.1042331134e-02  1.1099895657e-02  -9.1001284693e-03  1.4840204159e-02  2.8991020355e-02  4.2258576380e-02  nan  nan  
7.0035988092e-01  1.2520131230e-02  2.8876445392e-04  -1.2208531148e-02  1.2841277160e-02  1.1668876647e-02  1.3621189957e-02  1.4683427340e-02  1.2082842000e-02  -2.9297935262e-02  1.2410363999e-02  -2.8750612807e-02  3.6513129610e-02  nan  nan  
7.9895204306e-01  1.1049237791e-02  2.7522371382e-04  -4.7374245987e-03  9.6773055595e-03  1.8699543625e-03  1.2191317541e-02  1.3320566938e-02  1.3436103296e-02  -1.7535578612e-02  1.3575298528e-02  8.0644378680e-03  3.2036347427e-02  nan  nan  
8.9994883537e-01  9.5447539516e-03  1.9389928100e-04  2.9539429150e-03  1.0166920081e-02  3.6800029137e-02  1.1036015445e-02  1.4299926352e-02  1.5073912935e-02  -1.7058862266e-02  1.9482135056e-02  -6.6138631444e-02  6.1348129139e-02  nan  nan  
1.0001790524e+00  8.2743300222e-03  1.7200345105e-04  7.1435463268e-03  9.4216569875e-03  3.4993605564e-02  1.4233271251e-02  5.5969174788e-03  1.0987921614e-02  -5.1049384759e-03  1.8580718488e-02  -4.6533458032e-02  3.5024443481e-02  nan  nan  
1.1000599861e+00  6.7781791770e-03  1.5696843915e-04  -2.3277383553e-02  1.4581891522e-02  3.4116356112e-02  1.7149113871e-02  2.4328411092e-03  1.1635996423e-02  -9.9689159516e-03  1.5591092546e-02  -1.7302060487e-02  3.5139237003e-02  nan  nan  
1.1998953819e+00  5.8502367647e-03  1.5579258621e-04  1.0347042001e-02  2.2774993156e-02  3.3068929485e-02  1.1088202301e-02  2.3927059662e-02  1.2515923986e-02  -3.5001395906e-03  1.0754832031e-02  1.3802386470e-03  3.3800080873e-02  nan  nan  
1.2996681929e+00  4.8962858185e-03  1.5706330175e-04  4.5348771479e-03  1.5694014030e-02  9.2577839115e-02  1.1967391037e-02  4.2123609083e-02  1.8761688402e-02  1.3987479275e-02  1.4650428674e-02  3.5515494756e-02  4.1063560410e-02  nan  nan  
1.3992938995e+00  4.1435775577e-03  1.3347443760e-04  2.1196413772e-03  1.4685974566e-02  7.7662554910e-02  1.3522787800e-02  2.7027746019e-02  2.2141405510e-02  -1.7075238083e-02  1.7227136526e-02  1.7753174516e-02  3.6012142322e-02  nan  nan  
1.4992896318e+00  3.3984787740e-03  1.0966725615e-04  4.0193519925e-03  1.7941534168e-02  9.9927192760e-02  1.5333913021e-02  -3.8937160379e-03  1.8542490745e-02  7.8605945768e-03  1.7427000825e-02  -7.5110514166e-03  4.0493770970e-02  nan  nan  
1.5981547832e+00  2.8504655864e-03  1.1641458446e-04  -9.8969311860e-04  2.2175051078e-02  9.2666082699e-02  1.7662701857e-02  1.2746720044e-02  1.6661817146e-02  2.2135706848e-02  2.3085121025e-02  -3.3686322397e-02  4.1547339424e-02  nan  nan  
1.6998623610e+00  2.2544067715e-03  8.6644819447e-05  6.4671662761e-02  2.3923471440e-02  8.6971874902e-02  1.5003172315e-02  4.7185512368e-02  2.0879806231e-02  2.9250186786e-02  2.1288553434e-02  4.0152017473e-03  5.1908228910e-02  nan  nan  
1.7983301878e+00  1.7646259738e-03  8.4363856415e-05  -5.1178764245e-03  2.1681920763e-02  1.3124827336e-01  1.7248160649e-02  1.4324640924e-02  1.9391858931e-02  6.7613175310e-03  3.0549728902e-02  3.1270730277e-02  6.1817411405e-02  nan  nan  
1.8976203203e+00  1.4382812984e-03  7.6241206361e-05  -8.1901128184e-04  2.7070350561e-02  1.2245079396e-01  1.9190377034e-02  8.7269959783e-03  2.1600972903e-02  -5.1786833249e-03  2.3699407545e-02  1.3606413503e-02  5.6051668596e-02  nan  nan  
1.9982815981e+00  1.1296340080e-03  7.3850109260e-05  4.9086421474e-02  2.1747163963e-02  1.2659206518e-01  2.6743445610e-02  2.6646002509e-02  2.6730921477e-02  6.0579770078e-04  3.2116960718e-02  9.4476099632e-02  6.8569374588e-02  nan  nan  
2.0985519886e+00  8.6982358352e-04  6.4869033289e-05  2.4619457844e-02  2.5699449527e-02  1.1290047445e-01  2.5530955301e-02  1.4080687910e-02  2.5554567904e-02  -2.5979826653e-02  4.0040064897e-02  -1.0616224270e-01  8.8498373536e-02  nan  nan  
2.1961429119e+00  6.4763772959e-04  4.8998914027e-05  3.1611787208e-02  3.6185956717e-02  1.2531548778e-01  2.9231993830e-02  -2.9143825433e-03  2.7063591173e-02  2.8054816476e-02  3.5626715445e-02  -8.4936941359e-02  9.9667469415e-02  nan  nan  
2.2981305122e+00  4.5486257862e-04  5.3086897713e-05  4.4019338771e-02  2.8269101112e-02  1.5543085074e-01  4.3754734486e-02  1.1194070014e-01  3.1729955657e-02  -9.5658459726e-03  4.7236755834e-02  -3.8420695256e-02  1.1826359924e-01  nan  nan  
2.3977329731e+00  3.7293310524e-04  4.0926426333e-05  -1.3016024126e-02  2.9319189130e-02  2.0416563105e-01  4.1019112690e-02  -2.2262939831e-02  4.3974961984e-02  9.5202509425e-02  3.0327978242e-02  -1.0600472874e-02  6.6448918542e-02  nan  nan  
2.4963760376e+00  2.5064962089e-04  3.0198357299e-05  -1.6575484922e-02  4.6734710229e-02  1.9596795542e-01  3.8592877210e-02  3.2035255629e-02  4.8269230279e-02  -9.9235099086e-03  4.8292914591e-02  -2.0803852791e-03  1.1245728303e-01  nan  nan  
2.5957081318e+00  1.9862370878e-04  2.5691059798e-05  2.7665253546e-02  3.8950352949e-02  1.3079489363e-01  3.9698522825e-02  4.3443250507e-02  4.5400944688e-02  5.4868887532e-02  8.3012809057e-02  4.9461965923e-02  1.7106259001e-01  nan  nan  
2.6953480244e+00  1.0445027795e-04  1.3652603203e-05  -3.2726022138e-02  5.8350679482e-02  1.8223347107e-01  5.3814397761e-02  -5.0013014277e-02  5.1247431390e-02  4.3601152213e-02  7.0761241864e-02  3.2193745072e-01  3.0158559321e-01  nan  nan  
2.7968504429e+00  7.8644752904e-05  1.2542764276e-05  -8.4087012027e-02  5.8291154173e-02  8.8692080200e-02  6.1413313168e-02  -1.3508985000e-02  7.4952990459e-02  -1.9205269869e-02  7.1997193617e-02  2.3261311581e-01  3.2556851402e-01  nan  nan  
2.8953807354e+00  6.7998138716e-05  1.3071640211e-05  1.1613033015e-01  5.6410875765e-02  1.9520270934e-01  7.4934885033e-02  3.2297666504e-02  7.6288185958e-02  3.8647017745e-02  8.9820241617e-02  6.3068180018e-02  2.2143239512e-01  nan  nan  
2.9960525036e+00  4.3265578029e-05  8.0073794722e-06  -1.8310015801e-01  1.1315701627e-01  6.4821510685e-02  5.5004266608e-02  9.0536051062e-02  9.0584544569e-02  -1.7484627269e-02  1.1507685398e-01  4.3860959489e-01  5.3220005503e-01  nan  nan  
3.0952913761e+00  3.2290993424e-05  7.6241271962e-06  2.9448923840e-02  9.5285277156e-02  9.2109377012e-02  9.7310913827e-02  1.7012358465e-01  1.1420360008e-01  -1.1386373509e-01  9.6618231541e-02  -1.8531598695e-01  4.3716075689e-01  nan  nan  
3.1997570992e+00  1.9267411572e-05  7.5977984229e-06  1.5122356071e-01  6.7648589753e-02  1.1916516643e-01  1.3814666342e-01  1.6340539175e-01  8.0869111586e-02  4.5734421577e-02  1.4930458593e-01  -9.8137136034e-02  2.3633958724e-01  nan  nan  
3.3046982288e+00  1.0699118995e-05  2.9156235705e-06  1.1964243027e-01  2.5283494654e-01  8.8280210326e-02  1.6278905050e-01  -2.1777979822e-01  1.7942067361e-01  -8.7227547117e-02  1.3106744196e-01  -1.6090857747e-02  7.4702397293e-01  nan  nan  
3.3971686363e+00  7.3018507994e-06  2.3661641257e-06  6.6148289417e-01  2.9961033626e-01  3.0993359732e-01  1.9438270951e-01  -1.6451969340e-01  3.1227696205e-01  6.7942305707e-02  2.5666722864e-01  -2.4984761761e-01  6.3611030744e-01  nan  nan  
3.4946265221e+00  8.0718726036e-06  4.3781993834e-06  8.4745830408e-02  5.4805185652e-02  1.3264537172e-01  2.3830131435e-01  1.3351756948e-02  1.2401896437e-01  -5.6822618152e-02  2.2798525318e-01  -9.0834317984e-01  8.9896894546e-01  nan  nan  
3.5948481560e+00  6.2269814948e-06  1.8941366177e-06  -1.1815516872e-01  3.3649244268e-01  1.2937533225e-01  2.3784031418e-01  -1.4203527283e-01  2.5858176682e-01  2.5695298725e-01  3.2420285175e-01  -6.4091666784e-01  7.3668304124e-01  nan  nan  
3.7061369419e+00  1.8825325659e-06  1.0596592493e-06  4.5718205610e-01  2.5446619204e-01  4.1838239879e-01  3.1016026518e-01  -1.1721920806e-01  2.9320953229e-01  -3.2050200960e-01  3.8917460309e-01  1.1049035373e+00  1.6457072490e+00  nan  nan  
3.7876660824e+00  2.7267703089e-06  1.3220744671e-06  2.3899342337e-01  6.7564632137e-01  4.8490446495e-02  3.0224665025e-01  3.1703646698e-03  3.1975677234e-01  -3.8602019356e-01  7.0976897222e-01  -7.9642456738e-01  1.2630664442e+00  nan  nan  
3.8863215446e+00  2.1817868978e-06  1.2235824784e-06  -5.2360376775e-01  4.6332865833e-01  4.4082299476e-01  2.0632966030e-01  -2.9737241900e-01  1.4748185055e-01  -4.6458611796e-01  5.0045685269e-01  7.5311708423e-01  1.5927772859e+00  nan  nan  
4.0287842751e+00  1.3401292393e-06  9.3977769204e-07  -4.8456899406e-01  5.8625646194e-01  1.4641839075e-01  3.2441913256e-01  -1.4939685469e-01  9.1446986974e-01  1.2310623060e-01  4.5552190861e-01  5.3376689665e-02  1.0274929256e+00  nan  nan  
