#pT  dN/(2pi dy pT dpT)  dN/(2pi dy pT dpT)_err  vn{SP}  vn{SP}_err
1.0778531432e-01  2.3805465202e-03  1.1262116411e-04  1.7966611699e-02  1.8053964924e-02  -1.5542530855e-02  1.8014898152e-02  1.0048249330e-03  1.3178346893e-02  4.0011659473e-03  2.1054216103e-02  -5.0813852625e-02  1.6396911631e-02  -2.6227366836e-03  2.6398543286e-02  
2.0324529707e-01  2.4255004775e-03  1.0592032415e-04  -1.5920382838e-03  1.4488691650e-02  -1.2390126567e-02  2.2286605579e-02  -5.1002451687e-03  1.5798870583e-02  1.4910011200e-02  1.1828502447e-02  2.3162556814e-02  1.7810084387e-02  2.3439804812e-02  2.0216340764e-02  
3.0229598284e-01  2.1713192105e-03  9.0257038689e-05  -4.0743370305e-04  1.2147216708e-02  9.4330219872e-03  7.5967542386e-03  3.9082562931e-04  1.0920748605e-02  -5.7536812247e-03  1.1124823053e-02  9.3090893866e-03  2.0357135581e-02  -5.6214865283e-02  2.0188077677e-02  
4.0057450533e-01  1.9715348166e-03  7.7665362548e-05  2.6858560932e-02  8.8326560693e-03  -1.0853980845e-03  7.9147017840e-03  -3.4805038663e-03  1.6028939241e-02  4.3741610585e-04  1.0123119676e-02  1.1981779343e-03  1.3076875519e-02  8.6336964675e-03  1.7869872124e-02  
5.0010812283e-01  1.7333319729e-03  6.7599236667e-05  1.1846790846e-02  7.4678016380e-03  1.0108620328e-02  8.7826657790e-03  1.4633548089e-02  1.3329850353e-02  -5.8787242226e-03  1.0132889120e-02  -2.5059015280e-03  1.1684864299e-02  4.2000182330e-02  1.7278758917e-02  
6.0028034449e-01  1.5329845788e-03  6.2683282113e-05  2.3924971255e-02  9.9420503993e-03  4.4659736922e-03  7.9244546895e-03  5.0417467232e-03  9.7745363576e-03  -1.9903495243e-04  1.0068115710e-02  -7.5442580087e-03  1.2832309128e-02  1.7416648357e-02  1.5191087194e-02  
6.9998657703e-01  1.2674611962e-03  5.0839226729e-05  2.7692896921e-02  1.4537172868e-02  1.0339937201e-02  1.0829981471e-02  7.0417977597e-03  1.1280899907e-02  6.7163806175e-03  1.0162424201e-02  -2.1350293753e-02  1.2472494858e-02  -1.8070812564e-02  1.5119359889e-02  
7.9936325550e-01  1.0405005181e-03  4.0340522935e-05  1.5654483493e-02  1.5750858150e-02  2.1795053353e-02  1.2902936440e-02  -1.7858176655e-02  1.1412915999e-02  -2.4288771541e-02  1.1255086992e-02  6.0583764393e-03  1.6523801372e-02  4.6940231395e-03  1.4011437557e-02  
8.9949464798e-01  8.4556749898e-04  3.5683586042e-05  2.3095628001e-02  2.1572334923e-02  3.3040453680e-02  8.9765122020e-03  2.9821050459e-03  1.4551933503e-02  9.9993412389e-03  9.0065973150e-03  3.2681210681e-02  1.3804275322e-02  1.3505208624e-02  1.3699173913e-02  
9.9922901392e-01  6.6956777124e-04  2.8959434977e-05  2.4153157020e-02  2.1604847588e-02  3.7125769367e-02  2.5358430006e-02  3.7412972149e-03  9.9758584919e-03  -2.1527339789e-03  1.8838273926e-02  -1.8980315224e-02  1.1635680530e-02  1.1830617946e-02  1.5117610235e-02  
1.0983550549e+00  5.3653268009e-04  2.2762500497e-05  3.2412890964e-02  2.1879755222e-02  3.9356570078e-02  9.3833790628e-03  2.8649259880e-02  1.8943228415e-02  -1.6284833702e-02  2.5041041390e-02  2.9068203303e-03  1.3726628433e-02  4.6898042207e-02  1.8928775947e-02  
1.1994284391e+00  4.0793950015e-04  1.6941769244e-05  1.6464314024e-02  1.9954242445e-02  3.1063263764e-02  3.0788175042e-02  -5.3224596168e-03  1.6948016071e-02  -8.3600325511e-03  9.7986816999e-03  9.7653263712e-03  1.5312076753e-02  -1.2444446010e-02  1.7812725089e-02  
1.2987567186e+00  3.2669302536e-04  1.3975555190e-05  1.5418946239e-02  2.9347674710e-02  6.0479400635e-02  1.3290422591e-02  -2.1489024116e-02  2.1161915926e-02  -2.2886661854e-02  1.9505853141e-02  5.4265517179e-03  2.1515965143e-02  2.1586374891e-02  2.7106571990e-02  
1.3987126350e+00  2.5697368154e-04  1.2456522207e-05  3.4544304058e-02  2.1271796871e-02  8.6857210826e-02  1.4075017824e-02  -4.1285885246e-05  1.2132009719e-02  -3.2968390968e-03  2.1239098957e-02  5.1483676647e-03  2.1096401698e-02  6.4741628510e-03  2.6976092444e-02  
1.4979729652e+00  1.9875069196e-04  9.2888892430e-06  2.7607666835e-02  2.5858219888e-02  8.3341922169e-02  1.4466592745e-02  5.8610134480e-02  2.3772482908e-02  1.1181394203e-02  1.6359349858e-02  -1.8038380950e-03  2.6200898285e-02  -5.3172742827e-04  2.2907232286e-02  
1.5989686251e+00  1.5621428040e-04  8.1018632336e-06  4.2203923015e-02  3.5697744927e-02  9.5567557986e-02  2.7051089554e-02  3.0337268286e-02  2.7334143409e-02  2.1526979196e-02  1.9065894422e-02  2.3730395987e-02  2.2833053840e-02  -2.5750040097e-02  2.1461605195e-02  
1.6978487968e+00  1.2050438527e-04  6.5562953198e-06  5.9217256939e-02  2.8616168981e-02  9.7409480221e-02  1.8528066360e-02  3.1586655192e-02  2.2302924083e-02  2.0656372606e-02  2.9082387622e-02  -8.0043825598e-03  2.0153258291e-02  9.0678083216e-03  2.9029795449e-02  
1.7992826700e+00  9.5395925086e-05  5.0656442064e-06  4.8827505710e-02  2.6618065915e-02  1.2897438715e-01  2.3847114532e-02  5.8675879318e-02  2.1548466099e-02  1.3902524450e-03  1.7555175169e-02  1.7261350931e-02  2.4660147202e-02  -2.6321614181e-02  3.0727052818e-02  
1.8987213373e+00  8.2855046928e-05  4.3372236325e-06  3.9940708452e-02  2.9134839840e-02  1.4465910518e-01  2.7717167897e-02  8.3292269018e-02  2.3797886417e-02  5.0202499747e-02  4.5228167454e-02  3.5536787938e-02  3.2556038685e-02  2.9536996796e-02  4.1964676810e-02  
1.9990419149e+00  6.4455792829e-05  3.5367932624e-06  7.4656201277e-02  6.8219190994e-02  1.1167959030e-01  3.6757210820e-02  6.8559555107e-02  4.1383294664e-02  -2.4817165445e-02  2.6362396998e-02  6.8430739224e-03  3.8764128118e-02  2.2138365376e-02  3.9218805020e-02  
2.0994708538e+00  5.4094319631e-05  2.9830265627e-06  4.2673921750e-02  3.9627055348e-02  7.7825495131e-02  2.6856214230e-02  4.8551293877e-02  3.2506831438e-02  5.9374428516e-02  3.6392733934e-02  -3.7837569612e-02  4.4250642423e-02  4.2073472227e-02  4.3358984843e-02  
2.1984796524e+00  4.7051202217e-05  2.6493956872e-06  -2.6685789176e-03  3.0437098558e-02  1.1232971895e-01  2.7646512901e-02  3.1218502060e-02  3.1680975793e-02  7.6763101376e-02  2.4614136779e-02  -3.3896664712e-03  3.5197073369e-02  -9.7949922447e-02  4.2171831658e-02  
2.2978656292e+00  4.2983608716e-05  2.1520242076e-06  4.9702117109e-02  3.7274883069e-02  7.6474089158e-02  4.3067488145e-02  2.3914623573e-02  3.4450039396e-02  3.0225600946e-02  4.2899222136e-02  7.0776422266e-02  3.7382515835e-02  4.9195340555e-02  5.7448145187e-02  
2.3985688686e+00  3.7013282238e-05  2.1543467564e-06  5.5754925316e-02  4.1854510968e-02  9.3496081740e-02  3.1080373857e-02  6.7210515020e-02  3.5047012818e-02  3.6601513541e-02  4.9294134676e-02  1.0956465611e-02  4.5347498781e-02  9.2234766662e-02  5.1640860101e-02  
2.4992523193e+00  3.2047567139e-05  1.9851245648e-06  4.5163064093e-02  5.5754913740e-02  1.1484061461e-01  3.0407554619e-02  2.0069298939e-02  3.5461451079e-02  7.2321056548e-02  5.2826422586e-02  3.6655420861e-02  3.2287237097e-02  3.2277312647e-02  5.8471593456e-02  
2.6000552177e+00  2.6472287573e-05  1.6652927477e-06  5.3640041540e-02  1.0008143377e-01  8.8546967892e-02  4.4760989251e-02  3.6700653459e-02  3.3147286911e-02  6.9210333534e-03  3.9309325858e-02  2.9327382360e-02  5.4119528116e-02  6.1290342871e-02  5.4828466523e-02  
2.6982371807e+00  2.4557075622e-05  1.5775188541e-06  1.5697668802e-02  3.0498289690e-02  8.4810048398e-02  4.6978405446e-02  2.7666778776e-02  4.1695117405e-02  4.2203137792e-02  6.4457086346e-02  1.5068648619e-01  4.3738108057e-02  7.6328736810e-02  5.2642666369e-02  
2.8007621765e+00  2.0677295773e-05  1.4212022559e-06  5.6994363870e-02  2.1957566068e-02  1.9721938502e-01  4.4618139100e-02  9.6147366910e-02  3.5575749615e-02  7.6484811263e-02  3.6638183440e-02  5.5494535029e-02  5.3131118054e-02  9.6521449827e-02  7.4549760836e-02  
2.8981111050e+00  1.8645389023e-05  1.3443587758e-06  2.4727599464e-02  6.8016690918e-02  1.4680543131e-01  4.6245895994e-02  8.3894091747e-02  4.9132355042e-02  7.6444790356e-03  4.2329643795e-02  5.0789365505e-02  4.2143877984e-02  7.6888275164e-02  8.1079323962e-02  
2.9954502583e+00  1.5302058107e-05  1.3302755376e-06  5.3797529822e-02  4.5480187677e-02  7.0243971276e-02  3.2005367236e-02  -9.4605909761e-03  4.4080827870e-02  2.1818644158e-02  3.5673765240e-02  -4.3363376843e-02  6.6756422113e-02  1.8172378592e-01  9.7672013636e-02  
3.1021485329e+00  1.4411623878e-05  1.1154506254e-06  7.0794915868e-02  3.5827653412e-02  8.1092856551e-02  4.4116320087e-02  6.4682304749e-02  4.6299618499e-02  5.5063493566e-03  3.9123123203e-02  5.4370676337e-02  5.7915583386e-02  1.3712901926e-01  7.4079571938e-02  
3.2037789822e+00  1.2650524647e-05  9.6597054508e-07  6.7058413490e-02  7.5817925449e-02  2.1536860718e-02  3.0122427307e-02  -3.9245389811e-02  3.8546092116e-02  7.8039127516e-03  3.7632308484e-02  2.5049388381e-02  5.5817486708e-02  -6.0021081004e-02  6.3410283116e-02  
3.2990126610e+00  1.1068417065e-05  8.2457918406e-07  7.2219475354e-03  6.0423252460e-02  3.9222736148e-02  3.2527311670e-02  8.6692675535e-02  5.8926011565e-02  1.1523040028e-01  3.5253228137e-02  1.0637461655e-01  6.1258342275e-02  -1.3667970399e-03  7.2974000217e-02  
3.4003548622e+00  1.0262270605e-05  8.7878392096e-07  1.6420594159e-02  9.0637432864e-02  8.8599030940e-02  5.9342251488e-02  1.4691324903e-02  6.1468163121e-02  4.9610116614e-02  4.5605971670e-02  1.0115747389e-01  6.3588723823e-02  -1.0375322085e-02  7.2394168615e-02  
3.4973068237e+00  9.6569981377e-06  8.8248328528e-07  9.1625253481e-03  3.3806562921e-02  5.9516762911e-02  4.1378062623e-02  1.7183376052e-02  3.1252049122e-02  -4.2389625814e-02  3.4734273516e-02  -8.4505315587e-02  7.4163611455e-02  3.9994484500e-02  8.9201912900e-02  
3.5979743004e+00  9.6978783134e-06  8.2073961405e-07  3.0802903634e-02  4.0707334146e-02  6.9938942123e-02  5.3205717885e-02  1.0875231909e-02  5.9170288561e-02  3.0904960057e-02  4.6261948315e-02  4.6858980164e-02  7.1576605407e-02  -7.9875489869e-02  7.8746830288e-02  
3.7012362480e+00  8.0405296832e-06  7.5651562033e-07  6.5827881588e-02  4.6151933126e-02  5.2957827704e-02  4.2652377662e-02  5.8473067041e-02  6.7310234600e-02  -9.3907857323e-03  6.0778189408e-02  4.5782702637e-02  6.1383421011e-02  5.3004227214e-02  8.2842517944e-02  
3.7957215309e+00  5.8463431221e-06  6.6925360503e-07  -1.2167684739e-02  7.8499865175e-02  1.1031087647e-01  5.3015632887e-02  -4.8724739568e-02  6.2355963886e-02  1.0399780585e-01  4.4934048941e-02  1.8700872124e-02  1.0368494018e-01  -8.2325247849e-02  8.2799301494e-02  
3.8984403610e+00  5.1967887505e-06  6.4104404842e-07  2.2943727166e-02  4.9263807574e-02  2.0545585748e-01  7.3705925997e-02  1.1009793326e-01  4.9679386968e-02  1.3874550059e-01  6.1955606838e-02  8.5379543233e-02  8.9373998163e-02  -1.1764195327e-02  1.3010289716e-01  
3.9999175072e+00  5.1056997782e-06  5.6573306105e-07  -3.3674028141e-02  6.7657295426e-02  2.9492782522e-02  7.7751032622e-02  -3.7867908753e-02  7.1896797009e-02  9.3820390244e-03  4.6772486147e-02  -8.6044182403e-02  9.4735653895e-02  1.6047724257e-01  1.1951845543e-01  
