#pT  dN/(2pi dy pT dpT)  dN/(2pi dy pT dpT)_err  vn{SP}  vn{SP}_err
1.0797166824e-01  1.3896071035e-02  5.2316026159e-04  7.7244976311e-03  9.0443245344e-03  1.4691724225e-02  8.1315443911e-03  -1.0790908889e-02  7.3991953580e-03  1.6232191194e-03  6.6229702309e-03  -1.8560763266e-02  1.2041831700e-02  -1.9034297486e-02  1.0507518470e-02  
2.0374408364e-01  1.3926545125e-02  5.0464959325e-04  8.8109481439e-03  5.3835663309e-03  -5.0973009088e-03  5.9426424684e-03  2.3990919633e-03  8.6343319379e-03  -7.9843472386e-03  7.5084337820e-03  7.3512094713e-03  5.7869801373e-03  -1.9744619001e-03  1.2180205376e-02  
3.0183184147e-01  1.2773616108e-02  4.6469034399e-04  1.0086568528e-02  5.1980893735e-03  2.0467111545e-03  3.4762781903e-03  4.7594737606e-03  5.2471568285e-03  -1.2559607488e-02  5.0586477790e-03  -8.2899142524e-03  1.0540366125e-02  -4.2360169334e-03  7.6847948363e-03  
4.0097504854e-01  1.1329310420e-02  4.1119766150e-04  5.7967538096e-03  5.1043782553e-03  6.5803527082e-03  4.5019406264e-03  -1.3101067694e-03  5.9757974289e-03  -3.8635479555e-03  6.4116672048e-03  6.8779793803e-03  6.3503713640e-03  5.5685372790e-03  5.7835241246e-03  
5.0034409761e-01  9.6653474955e-03  3.3973746081e-04  1.3485972144e-02  7.5804915194e-03  1.2299622478e-02  3.9684901001e-03  4.9097518552e-03  3.4556685512e-03  -2.3725453533e-03  4.8501936202e-03  6.3090408215e-04  5.9066394868e-03  8.7366696066e-03  5.9895025340e-03  
5.9968787432e-01  8.0331775956e-03  2.9310341682e-04  1.4207890858e-02  7.1958330922e-03  1.6839873491e-02  4.1175581941e-03  1.0749327040e-04  4.8349308789e-03  -2.5233133196e-03  6.5285607332e-03  4.0743417700e-03  5.3207122388e-03  8.5365112783e-03  8.0056336161e-03  
6.9914215803e-01  6.4722150064e-03  2.3487648229e-04  1.6955780897e-02  6.9619960248e-03  1.9523800530e-02  5.6956414758e-03  1.0725318522e-02  5.3842547376e-03  2.3471956842e-03  4.2145667257e-03  -7.3608200337e-04  7.0514373770e-03  -2.3422878920e-02  7.2998041990e-03  
7.9921555519e-01  5.1898828156e-03  1.8984074486e-04  3.1646215158e-02  1.0643195114e-02  3.6537663122e-02  5.6012571400e-03  9.4974176635e-03  5.0948193152e-03  -2.4229699363e-03  4.4099519981e-03  -3.9647915295e-03  6.6121424464e-03  2.1250339341e-03  6.5130997261e-03  
8.9881020784e-01  4.0500028976e-03  1.5339666578e-04  2.7768504196e-02  1.2577649051e-02  4.0611146308e-02  1.0189205782e-02  3.3139971914e-03  4.9996035787e-03  -6.9449201317e-03  6.8108737065e-03  -1.3315133180e-02  5.6024881728e-03  1.6332374220e-03  7.4694411609e-03  
9.9847745895e-01  3.0495078622e-03  1.1686552493e-04  2.4906109569e-02  8.2714743582e-03  5.3994794939e-02  1.0209497069e-02  6.7062614136e-03  5.3359603261e-03  6.4279621319e-03  4.2243220392e-03  1.0026070022e-02  9.8104051202e-03  -1.5170762617e-03  7.0292905712e-03  
1.0981752872e+00  2.3900312944e-03  9.8602785625e-05  1.3256641912e-02  1.0012408251e-02  6.2187226935e-02  8.1277527095e-03  6.5548734212e-03  5.3116889482e-03  1.0530656508e-03  8.1437824745e-03  -3.2791387709e-03  8.6547666122e-03  4.7716428029e-03  1.1595483619e-02  
1.1985384226e+00  1.8202421173e-03  7.4451467433e-05  2.2102001595e-02  1.0583980070e-02  7.4996946236e-02  1.2737928508e-02  1.7194744652e-02  8.3226773418e-03  -3.7368725325e-04  7.5330286596e-03  1.2096075783e-02  1.0282522123e-02  -4.2344479155e-03  1.0454056811e-02  
1.2980496883e+00  1.3768974038e-03  5.6756279721e-05  1.3279853988e-02  9.7038203017e-03  7.4472737744e-02  8.6971961499e-03  1.1874657755e-02  7.2225188855e-03  1.3295006581e-02  1.1891830867e-02  1.5865615155e-03  1.0774936374e-02  1.5825416632e-02  1.1896471603e-02  
1.3984324932e+00  1.0444676677e-03  4.6369545762e-05  2.2816053773e-02  1.2945491122e-02  9.6341204898e-02  1.1331961237e-02  1.3806558657e-02  9.0046979546e-03  1.6313221534e-02  1.3623305969e-02  -5.5910056633e-03  1.1298856962e-02  3.7416913497e-02  1.0643666086e-02  
1.4987362623e+00  8.2765648157e-04  3.8117237007e-05  1.0925020346e-02  1.0599191306e-02  9.7118010309e-02  1.3996818663e-02  2.7907921604e-02  9.1666700013e-03  1.8680596015e-02  1.2630281296e-02  8.0495980357e-03  1.1476408429e-02  -1.3524612360e-04  1.1523916146e-02  
1.5984635353e+00  6.4101682977e-04  2.8379774512e-05  2.3271626646e-02  9.2342855866e-03  9.3835144416e-02  1.7286012830e-02  1.5003644441e-02  1.1041512386e-02  8.7771220093e-03  1.2990825593e-02  6.2198452552e-03  1.1735628679e-02  1.1951611804e-02  1.4503526876e-02  
1.6985387802e+00  5.1762950969e-04  2.4490888394e-05  4.2795093624e-02  1.8262825075e-02  1.2783554576e-01  1.8721398458e-02  4.2779014842e-02  1.4934669961e-02  3.8470250134e-02  1.7808163272e-02  2.9502209760e-02  1.4683166952e-02  2.5194709628e-02  1.5553352491e-02  
1.7990841866e+00  4.1391575574e-04  1.9304198641e-05  3.4801614917e-02  1.8959201742e-02  1.1429283981e-01  2.0525466264e-02  1.4234613156e-02  1.6644492560e-02  3.1501351076e-02  1.0179001867e-02  -4.9506577990e-04  1.3263747991e-02  1.0701634563e-02  1.5685132162e-02  
1.8991121054e+00  3.4108794509e-04  1.6108710601e-05  1.4842645853e-02  2.2835206372e-02  1.4311376488e-01  2.9635583124e-02  2.4633429048e-02  1.2894714906e-02  5.5788044262e-02  2.7380497563e-02  1.7575428545e-02  1.9486799453e-02  6.9848860085e-04  2.1409834060e-02  
1.9993538857e+00  2.9365842509e-04  1.3410296241e-05  2.8393764488e-02  3.2150790592e-02  1.0545539028e-01  1.5524940676e-02  3.9211272336e-02  2.2981572712e-02  3.7465449883e-02  1.3688068762e-02  1.9718582873e-02  1.9514963785e-02  2.8414472630e-02  2.1871491159e-02  
2.0987083912e+00  2.3070349276e-04  1.0820062304e-05  2.3956665284e-02  1.9157940014e-02  1.1750276803e-01  3.2684559902e-02  3.4591423012e-02  1.7033251415e-02  1.9744431956e-02  2.0744777763e-02  1.4665873432e-02  1.7090821148e-02  3.1141395609e-02  2.5638625076e-02  
2.1993894577e+00  2.0310802363e-04  9.5829164620e-06  3.5417607005e-02  3.0548895011e-02  1.1510695457e-01  1.9399405381e-02  3.6328002099e-02  1.4951696699e-02  4.0217754689e-02  1.7631077148e-02  3.4798081385e-02  1.8507511105e-02  9.7449738531e-03  2.1828009848e-02  
2.2992262840e+00  1.6798048527e-04  7.9181196978e-06  3.2531340575e-02  2.7064009470e-02  1.3858872790e-01  2.8477643110e-02  3.2710832512e-02  2.0655568669e-02  4.4567371490e-02  1.6325762673e-02  2.6349590078e-02  1.9592027661e-02  3.9892633621e-02  2.6792795049e-02  
2.3996870518e+00  1.4480407180e-04  7.0833418378e-06  2.8689910205e-02  5.3851597058e-02  1.2645428444e-01  2.5776830340e-02  1.6406335699e-02  2.2247805684e-02  5.2333926202e-02  1.9934509532e-02  -4.2649942409e-04  2.3770862731e-02  2.3463025357e-03  2.2688290227e-02  
2.4991426468e+00  1.2968224748e-04  6.3981210161e-06  5.5100253109e-02  4.0569268823e-02  1.0911714332e-01  2.3796305247e-02  1.1003080944e-02  1.9342623897e-02  8.1249831083e-02  2.5851740517e-02  3.1395018720e-02  2.1284046625e-02  -5.4413586130e-02  3.1855234138e-02  
2.5977973938e+00  1.0854627166e-04  6.0232308643e-06  4.7351148063e-02  5.8916842951e-02  1.2652354775e-01  4.0385815583e-02  2.4320576710e-02  1.4807689254e-02  7.9048001767e-02  4.2976533307e-02  2.2939618318e-02  2.1750764984e-02  3.6678601160e-02  2.7656582624e-02  
2.6990642548e+00  9.5408991762e-05  5.2204725472e-06  6.8424533984e-02  6.4608256420e-02  1.0238238272e-01  2.2518174661e-02  3.1167549997e-03  1.6346938435e-02  8.9499189305e-02  1.8086252466e-02  -1.6960074410e-03  2.9033029699e-02  1.5258588195e-02  3.3532404778e-02  
2.7995665073e+00  8.8938288522e-05  4.8279079798e-06  5.7655692939e-02  5.1433650163e-02  6.2516356517e-02  1.7732717831e-02  3.7831454610e-02  2.6500107869e-02  5.7089481821e-02  2.6052615626e-02  3.0961731565e-02  2.0490889973e-02  5.5117345849e-02  3.1522720085e-02  
2.8991777897e+00  7.4726318548e-05  4.2261304458e-06  -1.4176910067e-02  2.8015437021e-02  1.2745356563e-01  2.1889213129e-02  2.8873718551e-02  1.7143131584e-02  5.3741836450e-02  2.2721284951e-02  4.9221690223e-02  3.3580147515e-02  -1.1378987401e-02  3.2339626907e-02  
2.9996919632e+00  6.3910711082e-05  4.0789063438e-06  2.3706681493e-02  6.3500905090e-02  1.1506482765e-01  3.4332817716e-02  3.4273181634e-02  2.1159800307e-02  2.8160670247e-02  3.2078986913e-02  1.8349761591e-02  3.1406599984e-02  -1.2385891354e-02  2.7125883075e-02  
3.0995142460e+00  6.1275774666e-05  3.8118255084e-06  2.6049606516e-02  2.3316113540e-02  1.0251515703e-01  2.0293041096e-02  -1.0304435910e-02  2.5125172701e-02  1.0095858620e-01  3.7545718388e-02  9.3311078143e-03  3.6668213994e-02  6.0631972048e-02  3.1514885483e-02  
3.2003717422e+00  5.1963863983e-05  3.5085218956e-06  2.5236021621e-02  4.7303075172e-02  7.0713620944e-02  2.8536260740e-02  3.0914551056e-03  2.5303556129e-02  -7.3057761842e-03  3.3252261792e-02  4.9944881383e-02  2.3403830752e-02  1.0687700102e-01  3.3686121901e-02  
3.2988936901e+00  4.4021323850e-05  2.9780759663e-06  5.9451241062e-02  6.3257036836e-02  8.1349994846e-02  1.8266240080e-02  -4.7109267770e-03  1.6438082833e-02  6.5318017505e-02  2.3401137959e-02  7.2222436745e-02  3.3047232139e-02  3.8906386612e-02  3.3998557111e-02  
3.3982849121e+00  3.7950345575e-05  2.7116336946e-06  3.2276939227e-02  6.4958742993e-02  1.0500064185e-01  4.0539974009e-02  2.3480517747e-02  4.9320183265e-02  4.5801718229e-02  2.6516206273e-02  3.2848372189e-02  2.9881963591e-02  1.0075166299e-03  3.3560621194e-02  
3.4999222755e+00  3.4602065055e-05  2.4132817538e-06  -4.8367458826e-03  8.0403368347e-02  8.7960011565e-02  4.3370082731e-02  6.7770692818e-02  2.7177235703e-02  3.3015048109e-02  2.0222684272e-02  2.6513561494e-02  3.5300411647e-02  1.9830632143e-02  3.8069957838e-02  
3.5976076126e+00  2.9234436915e-05  2.1292048401e-06  3.3547125651e-02  1.0149582061e-01  3.8994845000e-02  2.2968382802e-02  -7.3654332382e-03  4.4051574290e-02  7.1261423802e-02  3.8282383819e-02  -2.5150646468e-02  3.5634069870e-02  -3.2528683649e-02  4.8552330542e-02  
3.6975650787e+00  2.5876793306e-05  2.3182772955e-06  4.9165703199e-02  6.6331017366e-02  1.0424979825e-01  2.9528042778e-02  2.4071652220e-02  4.8913754783e-02  6.2206886654e-02  3.5051892896e-02  5.4450045424e-02  4.1844239372e-02  2.8776207139e-02  5.2278524642e-02  
3.7995810509e+00  2.2303479661e-05  1.9027520047e-06  8.5531292472e-02  7.7490161935e-02  6.8936576952e-02  6.8385508186e-02  2.3472052454e-02  3.9423115189e-02  1.1556684501e-01  2.3742084679e-02  -1.9479097326e-02  3.2532323334e-02  1.0777703285e-01  4.9376577968e-02  
3.8986234665e+00  2.1078122267e-05  1.8535427383e-06  -7.1431723308e-02  8.5916638546e-02  9.7656702503e-02  3.5470601861e-02  1.0984073703e-02  3.5108871218e-02  -3.0580020968e-04  4.9712821724e-02  4.7427619104e-02  4.1745731350e-02  -1.8310241815e-02  5.1743222646e-02  
3.9989867210e+00  1.8580111902e-05  1.8495613325e-06  -5.0292102458e-03  1.1402071678e-01  6.5817845720e-02  2.3953238803e-02  -1.0556417857e-01  4.8835245964e-02  1.2792517325e-02  2.8926151666e-02  4.9470174037e-02  4.5408791005e-02  5.6979859893e-02  4.9705200892e-02  
