#eta  rn(eta)  rn_err(eta)  rnn(eta)  rnn_err(eta)
-6.9956102371e+00  0.0000000000e+00  0.0000000000e+00  0.0000000000e+00  0.0000000000e+00  0.0000000000e+00  0.0000000000e+00  0.0000000000e+00  0.0000000000e+00  0.0000000000e+00  0.0000000000e+00  0.0000000000e+00  0.0000000000e+00  0.0000000000e+00  0.0000000000e+00  0.0000000000e+00  0.0000000000e+00  0.0000000000e+00  0.0000000000e+00  0.0000000000e+00  0.0000000000e+00  0.0000000000e+00  0.0000000000e+00  0.0000000000e+00  0.0000000000e+00  
-6.8811950684e+00  0.0000000000e+00  0.0000000000e+00  0.0000000000e+00  0.0000000000e+00  0.0000000000e+00  0.0000000000e+00  0.0000000000e+00  0.0000000000e+00  0.0000000000e+00  0.0000000000e+00  0.0000000000e+00  0.0000000000e+00  0.0000000000e+00  0.0000000000e+00  0.0000000000e+00  0.0000000000e+00  0.0000000000e+00  0.0000000000e+00  0.0000000000e+00  0.0000000000e+00  0.0000000000e+00  0.0000000000e+00  0.0000000000e+00  0.0000000000e+00  
-6.7792739868e+00  0.0000000000e+00  0.0000000000e+00  0.0000000000e+00  0.0000000000e+00  0.0000000000e+00  0.0000000000e+00  0.0000000000e+00  0.0000000000e+00  0.0000000000e+00  0.0000000000e+00  0.0000000000e+00  0.0000000000e+00  0.0000000000e+00  0.0000000000e+00  0.0000000000e+00  0.0000000000e+00  0.0000000000e+00  0.0000000000e+00  0.0000000000e+00  0.0000000000e+00  0.0000000000e+00  0.0000000000e+00  0.0000000000e+00  0.0000000000e+00  
-6.6766047478e+00  0.0000000000e+00  0.0000000000e+00  0.0000000000e+00  0.0000000000e+00  0.0000000000e+00  0.0000000000e+00  0.0000000000e+00  0.0000000000e+00  0.0000000000e+00  0.0000000000e+00  0.0000000000e+00  0.0000000000e+00  0.0000000000e+00  0.0000000000e+00  0.0000000000e+00  0.0000000000e+00  0.0000000000e+00  0.0000000000e+00  0.0000000000e+00  0.0000000000e+00  0.0000000000e+00  0.0000000000e+00  0.0000000000e+00  0.0000000000e+00  
-6.5731263161e+00  0.0000000000e+00  0.0000000000e+00  0.0000000000e+00  0.0000000000e+00  0.0000000000e+00  0.0000000000e+00  0.0000000000e+00  0.0000000000e+00  0.0000000000e+00  0.0000000000e+00  0.0000000000e+00  0.0000000000e+00  0.0000000000e+00  0.0000000000e+00  0.0000000000e+00  0.0000000000e+00  0.0000000000e+00  0.0000000000e+00  0.0000000000e+00  0.0000000000e+00  0.0000000000e+00  0.0000000000e+00  0.0000000000e+00  0.0000000000e+00  
-6.4701924324e+00  -3.1534380868e-02  7.7672856774e-02  -1.0557333753e+00  1.0557333753e+00  2.8652159054e-02  7.6687285500e-02  9.7758285769e-01  9.7758285769e-01  4.1454885389e-02  5.6203206042e-02  -3.1572003552e-02  3.1572003552e-02  -1.2948188524e-01  9.6326557507e-01  -1.0435528646e+00  1.0435528646e+00  -3.1780813766e-01  2.4857812647e+00  1.4559629195e+00  1.4559629195e+00  -3.4998323406e-01  5.2758194755e+01  1.2302896537e+00  1.2302896537e+00  
-6.3669228554e+00  -2.3697389214e-01  4.4713972206e+00  1.2998418924e+00  2.1245099468e+01  2.9770172913e-01  1.1580340109e+01  2.0895057161e-01  8.1040645017e-01  6.5384448626e-02  1.4568432893e-01  -3.6865066674e-02  1.4522450911e+00  -3.9608550936e-01  1.1932151224e+00  -9.2640896752e+00  1.0720018876e+01  3.8316295805e-01  2.5766351027e+00  9.3484248703e-01  2.1313873705e+00  6.5191840970e-02  4.4323608643e-02  -7.7375508644e-01  1.4171845570e+00  
-6.2624902725e+00  -9.3365364557e-02  2.7330213497e-01  -4.9298943340e-01  1.5574619978e+00  1.5973125706e-01  2.4713538656e-01  -1.2690116566e+00  9.1715987426e-01  2.7827371032e-01  1.0426930432e+01  -6.3930996965e-01  4.6706814930e+00  1.3242372416e-01  2.4482217365e+00  -1.0104083143e+00  6.2190724236e+00  -1.8874576323e-01  6.7889329689e+00  9.8635821449e-01  4.1119213164e+00  9.8892315992e-02  1.0223027036e+00  1.7493207155e+00  1.7986622200e+00  
-6.1570758820e+00  1.2700708187e-01  5.8340051489e-01  -2.0552756954e-01  1.0113010904e+00  2.8085947463e-02  1.0297764029e-01  -6.7511555842e-01  2.4212806856e-01  1.6772162684e-01  2.0959410280e-01  1.8432537133e+00  1.9248095616e+00  3.9941654826e-03  3.3156005768e-02  -3.7669684856e-01  1.9185623068e-01  -1.3701557515e-01  2.8937519442e-01  7.2868609328e-01  2.7197226432e+00  -3.9822069348e-04  7.4051383383e-02  9.4850612222e+00  2.2571819188e+01  
-6.0564861298e+00  -5.5559072447e-02  8.0905347358e-02  3.9419823747e+00  6.3085491713e+00  9.3862716520e-01  7.5467032860e+01  8.3524709596e-01  7.9819682296e-01  8.0290207054e-03  8.5562307874e-02  1.3220150365e+00  5.5957597554e+00  1.4665513071e-01  4.3049488426e+00  -1.3873964797e-01  1.2815068823e+00  -4.8538042133e-02  1.1407700257e-01  -4.6549671769e-01  5.9787870383e-01  2.6639756132e-02  3.8694131878e-01  -2.3867944521e+00  4.1618020355e+01  
-5.9533872604e+00  -2.2945147566e-01  9.9724706050e-01  7.6434569057e-01  8.0394504260e+01  -4.8606843948e-02  6.1057153782e-01  5.0608037235e-01  2.0606718190e+00  5.3993861791e-01  3.9782586528e+00  3.3556008687e-01  6.0060272714e-01  1.1590023549e-01  2.9503778853e+00  -8.4964346631e-01  6.0257402346e-01  2.0772105738e-01  3.3883109207e-01  -4.7395681295e-01  6.1494846531e+00  1.3869114556e-01  1.0336131654e-01  -6.0060515235e+00  7.2841489280e+01  
-5.8509721756e+00  1.4695148864e-01  3.0331465254e-01  -3.5473818557e-01  3.7428600691e+00  -7.3964502435e-02  1.3824439779e-01  -9.3631723756e-01  2.5288985799e+01  4.2016279471e-01  6.9894977334e-01  8.6545222838e-01  8.5934390467e+00  1.1253338276e-01  1.1599079863e-01  7.9293738655e-01  1.0743211833e+00  9.7086358894e-03  8.4718247945e-02  -2.2452446124e-01  3.5481735784e-01  -1.0101277561e-01  1.4785787582e-01  -2.3379011651e-01  2.7449424689e+00  
-5.7514195442e+00  1.6419145899e-03  1.4407159335e-01  -1.9643294432e+00  3.8677277015e+00  -4.5788081248e-03  1.8996659416e-01  1.9450200421e+00  2.9602239238e+01  -3.0500462657e-01  2.6257401438e+00  8.8493782496e+00  6.3383089430e+01  -9.5804650750e-02  1.5024544784e-01  5.9428802299e-01  6.2817992669e-01  -3.9938971678e-01  1.4365920277e+00  -9.4680938666e-01  1.1687634652e+00  8.3768571368e-01  3.5513049931e+00  1.0224665880e+00  1.3461271742e+00  
-5.6501040459e+00  -3.1815889367e+00  1.9374724598e+03  -5.0619031969e+00  2.1935457595e+01  3.6104770892e-02  8.9242677332e-02  6.4900828719e-01  3.8748202226e-01  3.2094867131e-01  6.4393383313e-01  1.3651316444e+00  3.4184497976e+00  1.8077975128e-01  1.7394897123e-01  -2.4711376117e+00  4.5315631545e+00  -1.1958878577e-01  1.6423980783e-01  6.0395681276e+00  3.8822200932e+03  5.1795739327e-01  2.3716830070e+00  3.5570762701e+00  3.4698365384e+01  
-5.5498104095e+00  1.1730435420e-01  1.5565071219e-01  2.7755186957e+00  5.3284558873e+00  6.5105001632e-02  2.5349906218e-01  4.1118425831e+00  1.4422765521e+02  7.1216956315e-01  1.0610701955e+02  2.3286306399e+00  1.0585756857e+01  1.0341396816e-01  1.2393037599e-01  3.8323738334e+00  1.4420532725e+01  1.4319200776e-02  1.6691834637e+00  9.1507933218e-01  1.5373340486e+00  -5.9397863621e-01  4.4268168040e+00  2.2233627334e+00  6.6431675756e+00  
-5.4495530128e+00  4.5752329427e-02  1.5334950987e-01  -6.0344136307e-01  1.1651168126e+00  1.7357330348e-02  1.9340291418e-01  1.5792283339e+00  7.4570993098e+00  -4.6842883365e-01  1.9655875538e+01  5.0769308642e-01  6.5280076137e-01  -1.7885741836e-01  6.8488019981e-01  -2.3893168028e-01  4.7386867385e+00  2.2076920958e-01  1.7116917645e+00  1.0025099108e-01  1.0155965497e+00  -2.5056460814e+00  4.2718399917e+01  -3.2555305366e-01  2.9395600210e+00  
-5.3486576080e+00  -2.7763346571e-01  1.0246139815e+01  -1.9729096946e+00  2.1666319809e+00  -2.9236991088e-01  1.1061429782e+00  -1.9390520913e+00  2.1383262975e+01  -1.6602040375e-02  2.7836432823e-01  -1.3630165693e+01  8.5900234087e+02  -6.8544828659e-02  1.7650368219e-01  -5.5812967054e-01  7.8945639285e-01  9.9728373965e-02  4.1901452929e+00  -4.0915626177e-01  2.7761743774e+00  7.0609172746e-02  2.6774646616e-01  1.8121727893e+00  3.3194438637e+01  
-5.2488684654e+00  4.9663711238e-01  2.5721789061e+00  -1.1925972611e+00  2.3951714496e+00  6.7441663607e-04  1.1231793638e-01  1.7322826285e+00  1.0568558672e+00  -7.5948171931e-01  7.0039698647e+00  7.4483279593e-01  1.0460142358e+01  -6.9005548106e-02  2.0114782928e-01  9.9586888174e+00  2.6924237306e+02  -5.0902406348e-01  1.8277999886e+01  -2.0110208231e+00  1.5155441120e+02  1.5227920892e-01  2.3349887264e+01  1.2650646963e+01  1.6438683735e+02  
-5.1490077972e+00  -2.9698832402e+00  2.1382284131e+02  6.1905753086e-01  1.3116665615e+00  1.7258153594e-01  2.0296230111e-01  3.2064601467e-01  9.5871492190e-01  -6.0685244868e-01  1.1795870735e+00  2.3575981852e+00  3.5079232377e+01  8.3006627136e-03  9.3555355746e-02  1.8150934614e+00  1.6820022527e+01  -2.4415891837e-01  3.5409788221e-01  2.0884606319e-01  1.9166230943e+01  1.5682517905e-01  2.5975598347e-01  -3.5510693016e-01  2.9151533738e+00  
-5.0487365723e+00  -3.1582596483e-01  8.7565262696e+00  -2.7540620979e+00  3.8948637958e+01  -4.3382788360e-01  7.2492200399e-01  -7.0502716238e+00  8.0122350454e+01  -5.4105402809e-02  1.6977335999e-01  4.5616319903e-01  1.0148056235e+00  -1.1734685282e-01  1.1712090112e-01  -1.3005068021e+01  1.4649553172e+02  3.1885768150e-01  8.8116832379e-01  1.1557611490e-01  1.5429933608e+01  -7.2407350684e-01  1.0438004954e+00  2.1095444480e-01  6.1927450565e+00  
-4.9490337372e+00  -5.5822605071e-01  5.4473615743e+00  -3.2983355663e+00  1.1485447805e+02  1.7927183054e-03  2.7178658396e-01  6.6580964434e-01  3.2309633376e-01  4.3288469792e-01  1.0645325563e+00  2.9021799100e+00  9.0183023778e+00  -1.0775186372e-01  3.5772029298e-01  -7.4891819189e+00  2.2668072215e+02  -5.4936477923e-01  7.9727402768e-01  -1.1421469461e-01  8.4118353865e-01  1.7347938020e-01  2.9435682971e-01  -1.6713582006e+00  1.2939535145e+01  
-4.8496251106e+00  -3.4834123338e+00  1.7436404282e+02  7.8717408821e+00  6.9125418955e+01  -3.4057653853e+00  1.6875842427e+02  1.0993875699e+00  2.4461919597e+00  3.0209138944e-02  1.9049319242e-01  8.8412965339e-01  9.1432227784e+00  -8.0561888586e-02  2.5673408933e-01  -2.5731165246e+00  1.2128153749e+01  7.9200068520e-01  1.7619163437e+00  5.5909559444e-01  2.0679791813e+00  2.2126881798e+00  3.3689970264e+02  2.2675993495e+00  4.8831322292e+00  
-4.7487401962e+00  -3.2403537598e-01  1.3771637528e+00  -1.4416506321e-01  5.4213941629e+00  -6.5102871292e-01  9.0044484106e-01  1.5633718645e+00  4.7539415915e+00  1.3269447735e-01  3.2714327860e-01  -1.2565134455e+00  3.2186474285e+01  -2.3108431706e-01  6.2762524574e+00  -7.4154578266e-01  1.1010499139e+00  2.1212950564e+00  4.9610933410e+01  4.0652476173e-01  6.7020146359e-01  -1.1057084649e+00  4.7643285996e+00  -1.1356716208e+00  1.4630522091e+00  
-4.6492013931e+00  6.2717736702e-01  3.2329217269e+00  -4.6822318099e-01  5.5361178250e-01  7.5460731713e-02  6.6541896317e-01  -1.5471848906e+00  6.3947955878e+00  7.8628643409e-02  3.4088173706e-01  -2.8845362968e-01  9.4036561505e-01  -9.6636983259e+00  5.5611689073e+02  -1.4707954163e+00  1.2606101683e+00  1.0558213995e+00  1.5155981839e+01  -4.6904247031e-01  4.3450528156e+00  -2.7953543783e-01  3.0956124339e-01  -1.2150299156e+00  3.0764188886e+00  
-4.5490603447e+00  -1.1082474566e+00  7.2049896871e+00  2.3694730397e+00  6.4547163092e+00  -2.2479402599e-02  9.6529740359e-02  6.6592722388e+00  3.2347874754e+01  1.8490822171e-01  2.5849295517e-01  -3.3223272086e-01  5.9635451631e-01  1.8003856062e+00  1.4420636192e+02  7.2583225364e-01  9.0600355710e-01  2.2790079210e+00  2.3434511084e+02  1.2224671844e-01  7.2256815938e-01  -3.5182651393e-01  4.7999673978e+01  -4.2022909463e-02  1.3286633726e+02  
-4.4493598938e+00  8.3624717577e-01  6.4229654391e+00  -5.0895084459e-01  8.2504606226e-01  -2.5174639639e+00  7.5210587873e+01  5.9913952902e-01  1.0315175695e+00  -6.9574999541e-02  3.8775214771e-01  6.3372524106e-01  1.5866555865e+00  3.6121691146e-01  8.4878798960e+01  -1.2929182975e+00  2.4966574591e+00  4.3511383024e-01  2.3359174575e+00  1.1495685784e+00  2.9038605788e+00  1.1029466760e-01  2.9753751572e-01  4.6480694472e-01  5.2796121541e-01  
-4.3493008614e+00  1.1380170621e+00  1.9491782323e+00  -1.3033855979e+01  6.3433576630e+01  -3.5120309165e-01  4.4646200752e-01  -6.5312750257e-01  1.1837428935e+00  -5.9748025351e-01  2.7202983933e+00  6.5556739232e-01  8.8092740039e-01  -1.6066964193e+00  5.8424086240e+00  -1.0894004714e+01  8.8185638818e+01  1.0865459305e+00  5.1423076179e+01  1.2968202256e+00  1.9429185325e+01  -9.7064838642e-02  4.8361516641e-01  1.4690754103e+00  1.6164567624e+00  
-4.2494878769e+00  1.5417471155e+00  7.8355031894e+00  7.6599540478e-01  3.6765528461e+00  -1.4478865769e-01  1.6122071283e+00  2.2869091433e+00  3.0445591904e+00  2.8304944836e-01  1.1829757752e+00  3.2307531104e-01  1.8497087041e+00  -5.3047065970e-01  5.3248399432e-01  2.5940801373e-01  8.1968448250e-01  -2.8461286882e-01  9.7199953475e-01  3.9291506428e-01  3.6687880564e+00  -3.7494981143e-01  4.7158208753e-01  6.6236317769e-01  4.7888083237e-01  
-4.1493363380e+00  4.5359770057e-01  5.5945732032e-01  -2.4481826074e-01  2.3420560692e+01  6.7740573069e-01  3.0372691155e+00  6.9367210101e-02  2.4572197084e+00  -7.8573110464e-01  9.5491850764e-01  1.8018609612e+00  1.5260386285e+01  -1.5020539813e+01  1.1205183830e+03  -1.9206329673e+00  5.0550792069e+00  2.2510934666e-01  1.2192466929e+00  6.1641119042e-03  4.9689778949e-01  6.7019942769e-01  1.4264498400e+00  2.5218878899e+00  3.6699541276e+01  
-4.0496630669e+00  2.7356043114e+00  3.0385497688e+01  -2.5806936685e+00  2.5975503103e+01  -1.9914370442e-01  2.6134092342e-01  -2.1966561275e-01  2.2082127336e+00  8.3685718489e-02  1.6256621905e-01  1.8915714235e+00  1.1215012891e+01  9.6694586833e+00  7.5864086768e+02  -7.8259554478e-01  5.0450362172e-01  -1.0617474834e-01  3.8267229757e-01  -4.7362326729e+00  3.5709858049e+01  -2.5390207087e-01  4.7264752670e-01  -9.8264371604e-01  2.6846168969e+00  
-3.9495613575e+00  6.3866043868e+00  4.2533846758e+02  -2.4401021449e+00  4.4696504038e+00  -1.2766383096e-01  1.7927208080e+00  -1.6089074894e+01  1.7609987449e+03  1.7206452210e-01  3.4840662079e-01  -3.8968349104e-01  1.9554282733e+01  -1.8047841838e-01  4.4810407606e-01  -6.1644178071e-01  1.5038867068e+00  1.2125068783e+00  3.0582694991e+00  4.4983451946e-01  7.1752974953e+01  -2.1954933036e+00  4.3292827850e+01  -5.9943892568e-01  1.1009430806e+01  
-3.8493258953e+00  1.6494962128e+00  2.2144877032e+00  -2.7519255227e+00  5.5022327745e+00  2.7885213271e-02  1.0835823596e-01  3.0175853990e+00  1.0610056324e+01  1.5139780305e+00  7.0251649196e+00  -1.0275728769e+01  4.8417597634e+02  2.2653476616e-01  4.0761687089e-01  2.5310746576e-01  7.0713906631e+00  -1.0555519391e+01  6.5661289358e+02  -6.3859607049e-01  6.0725577141e+00  1.1344050322e+01  9.5461017369e+02  2.9998394779e+00  5.9772104532e+00  
-3.7494509220e+00  1.6597550026e+00  3.4311766950e+00  -2.6282802485e+00  1.8869206219e+00  5.8221068851e-01  6.2607644252e-01  -2.2419492963e+00  4.7268110354e+00  -1.0753050333e+00  8.0589250081e+00  -3.2320864650e-01  1.4081891418e+00  4.3232782574e-01  5.7156667604e-01  7.7388173263e-01  7.5467488321e-01  -1.5250721489e+01  2.4223739113e+03  1.0086533507e+00  1.1650738348e+00  -2.8333555136e+01  1.9740194434e+03  3.0442168507e+00  3.2804315782e+01  
-3.6492908001e+00  1.0408009797e+00  9.6900214299e-01  -3.7505505847e+00  2.0003320782e+01  -2.1233675757e+00  1.3062812377e+01  -3.4119192080e+01  3.5378426154e+03  4.8423020357e+00  2.8116469914e+01  5.2228862338e-01  7.0024008652e-01  -3.6430254086e-01  4.0133083201e-01  1.8422612029e+00  2.8730474468e+00  -6.3813905496e-01  1.9589900867e+00  -2.4940704611e-01  4.8903437481e-01  -1.9470909871e+00  6.5627913028e+00  1.5639638442e+00  2.2093232577e+01  
-3.5495846272e+00  2.2453704304e+00  1.0036425110e+01  2.8073512766e+00  2.4370479877e+00  1.6417382860e+00  6.2946704048e+00  4.8132712526e+00  2.6004739544e+01  2.0049761681e+00  3.3133180688e+00  -1.9165711643e+00  7.5312165931e+01  -5.7035326080e+00  3.7871978880e+02  -1.1416857335e+00  5.0358003294e-01  6.8095829109e-01  1.0399282701e+00  -2.9734583988e-01  1.0459162763e+00  1.5442638226e+00  1.9019054970e+00  -1.7136866018e+00  4.2502821126e+00  
-3.4495327473e+00  -2.6094703333e+01  4.3888964912e+03  2.7394934249e+00  3.0332946432e+00  2.2130015418e+00  3.9034144790e+00  -1.0584528338e+00  2.2476699766e+00  -5.4035889988e+00  6.0407359556e+02  -4.3668811674e+01  5.7121460191e+03  -8.8617483624e-01  8.9987451490e-01  -2.8710969014e-01  1.3981323708e+00  8.4044562818e+00  1.7961468592e+02  -1.8082257309e-01  3.8353668311e-01  1.1333862833e+00  1.0098268643e+00  -1.1567434837e+00  5.0644004693e+00  
-3.3494844437e+00  -1.2917066105e+01  2.0232109145e+02  -6.7028553515e+00  1.6455630200e+02  1.6474083862e+00  2.9045986420e+00  -9.3982099573e-01  1.3392824787e+00  1.2731411009e+00  2.1055044725e+00  1.0509431586e+00  7.7636073059e-01  1.9438517194e+00  2.5840633402e+00  1.2160997448e+00  1.0779004515e+01  2.1028572957e+00  4.4636210146e+00  2.1635700705e+00  1.1533703448e+01  3.6250205433e+00  8.0306447289e+01  -4.9266272687e-01  1.1471749603e+00  
-3.2497162819e+00  1.0759092177e+01  3.3138629631e+02  -6.0894047740e+01  1.2332946930e+03  1.0322793977e+00  1.1610016720e+00  1.4425419488e+00  2.4372769231e+01  1.0836351989e+01  1.5701408667e+02  -2.9287180657e+00  4.7733836872e+00  2.5755573822e+00  3.3554622795e+00  -2.5242047346e+00  6.0519947320e+00  -2.8661701229e+00  3.7758742890e+00  -1.4663419432e+00  1.2100639753e+00  1.0986658797e+01  8.1586472903e+02  2.7058447490e-01  1.6838634877e+00  
-3.1495018005e+00  4.9478273091e+00  1.9251117293e+01  2.5668323680e+01  7.6596325922e+02  2.1687542859e+00  2.3069411429e+00  -3.3256040629e+02  1.6270826339e+04  -1.6586681052e+00  2.5931781393e+00  5.0912964987e-01  1.2376334420e+00  3.3314967864e+00  4.2067421876e+00  1.2322467416e+00  1.2790104729e+00  -1.6689404067e+00  1.9750256203e+00  1.3765644718e+00  2.5204146552e+00  1.6837748074e+00  2.4030747542e+00  -1.7044187703e+00  2.8303510853e+00  
-3.0494706631e+00  2.8337730298e+00  4.6950350720e+00  1.1043526519e+01  1.0920773345e+02  3.4766052954e+00  5.5602284703e+00  -3.2633203019e+00  1.0237203401e+01  -2.4000427757e+00  1.8634919606e+00  1.3316422821e-01  1.0573154466e+00  3.0362127465e+00  2.3388970775e+00  -3.1754208042e+00  1.2084882636e+01  2.0333174971e+01  1.1457255524e+03  1.2545915935e+00  2.9969947251e+00  1.5837354697e+00  2.1336116673e+00  3.3288018429e+00  6.8763027220e+00  
-2.9495668411e+00  -3.3229408287e+01  6.9738456525e+02  -1.9700605825e+01  2.2958737476e+02  1.5993270235e+00  1.3338416848e+00  3.5209799378e+00  3.4467282459e+00  1.1891603896e+00  1.0734741711e+00  -1.2228981402e-01  9.3732277030e-01  -1.6323042930e+00  1.3248488139e+00  5.2384464492e-01  2.1541582005e+00  1.6978959817e+00  3.0855877999e+01  3.1847968391e-01  1.1069426630e+00  2.4111063247e+01  3.0184911995e+03  2.0062507439e+00  1.0825377888e+01  
-2.8495740891e+00  5.3774806654e+00  1.3245076031e+01  -2.3151056651e+00  1.7124235421e+00  3.2669003979e+01  9.3774475426e+02  -1.5807632870e+00  1.1155371108e+00  1.5127554230e+01  2.4239882059e+02  1.2531004105e+00  5.3194350607e-01  5.2162059450e+00  1.2912432700e+01  -7.0986555946e+00  6.3502378063e+01  1.4168861582e+00  9.7929974160e-01  -2.8835572099e-01  6.4711880732e-01  8.7373415368e+01  2.9078489854e+03  3.4525890309e+00  2.2217374650e+01  
-2.7495455742e+00  6.8654424846e+00  2.0499001909e+01  -2.9051740294e+00  8.1484105969e+00  1.6571346602e+00  1.5002788880e+00  3.2852215751e+00  1.2305947701e+01  1.8348845968e+01  1.7991533211e+03  7.1427728885e-02  4.4057962029e+00  -2.8416380187e+00  2.5059240071e+00  2.4285434861e+00  4.0846956227e+02  -9.9570181772e+00  1.5730881670e+02  -3.6371423720e+00  4.5932578513e+00  -5.6595162807e+00  2.8591000179e+01  -2.4074351155e+00  4.1748619465e+00  
-2.6495761871e+00  7.2900178662e+00  2.1200938609e+03  -3.2718171115e+00  1.3365321140e+01  4.4374098950e+00  6.9308620992e+00  5.2237748011e+00  7.3771947232e+00  1.6027203963e+00  8.8946194713e-01  1.7358793790e+00  9.9606935437e-01  -2.1423259268e+00  2.4472226386e+00  -1.3802368871e+00  7.9623596913e-01  5.5907486485e+00  1.8643989593e+01  -2.8929873200e+00  6.3201935662e+00  -2.4907777768e+00  3.2578722650e+00  -3.8108037452e-01  9.8499063241e-01  
-2.5495610237e+00  1.2253190117e+01  1.0097157674e+02  -1.3254985798e+00  1.6890364733e+00  1.4060467693e+00  6.7853044770e-01  -1.5836119495e+01  1.3908239590e+02  -3.8628862523e+01  1.1272228371e+03  1.0771618942e+00  4.3256351065e-01  2.2727900866e+00  3.5175678364e+00  9.5296595395e-01  5.3570122066e-01  -4.1834237780e+00  4.5638304856e+00  -2.6051788424e+02  2.3171904602e+04  3.9137754939e+00  6.8411488196e+00  2.4463600749e+00  1.6812384075e+01  
-2.4496886730e+00  -8.5379945009e+00  4.5330205616e+01  -2.1786850467e+01  3.4247562759e+02  -7.8512823462e+00  1.5461949792e+02  3.9869249810e+00  2.1492240862e+01  -2.6214777624e+00  2.1508263350e+00  -1.0841224210e+01  6.2721480465e+01  2.3513464957e+00  2.4232082207e+00  2.8221995654e+00  2.3691177296e+02  2.1030229866e+00  1.6042698548e+00  1.4299015285e+00  9.9341922003e-01  4.5880617902e+00  2.8357985489e+03  -6.2173029514e+00  4.5495196829e+01  
-2.3497643471e+00  -7.6748197048e+00  3.2897574903e+01  -1.1851751877e+00  1.3170430308e+00  1.6068580344e+00  7.2689375111e-01  9.2914330290e+00  3.4697246540e+02  3.6113722092e+00  4.3595300097e+01  2.9228368175e-01  7.3692846506e-01  1.6946099257e+00  3.3402376487e+00  -4.3228299391e-01  6.5339654435e-01  8.3860140734e-01  7.4475781150e-01  7.2426960991e-01  1.7239395201e+00  9.5955611778e-01  6.5151307341e-01  1.2307751861e-01  2.4034738064e+02  
-2.2498681545e+00  -3.6232937599e+00  6.9097945847e+00  -4.3750040912e-01  3.6505158697e-01  1.6184100417e+00  1.3201077263e+00  -9.9796073102e+00  7.5920016047e+01  3.1667745749e-01  1.4005921439e+00  -4.6034986681e-01  1.4466714013e+00  -2.0484262469e-01  4.2742899503e-01  -4.7937863779e-01  6.1003201936e-01  8.8912420063e-02  8.6389984667e+01  2.5844758638e-01  8.3627613653e-01  3.6144573319e-01  3.8739021223e-01  -7.3730428391e-01  7.4297792371e+00  
-2.1498146057e+00  1.9749958647e+00  1.0306707180e+04  -1.7581890972e+00  2.1239802243e+00  1.3112841732e+00  1.0438486595e+00  7.6758816945e-01  9.0039100800e-01  -6.6188065690e-01  1.3070415468e+00  2.5017402396e+01  1.9409253859e+03  -3.3420110718e-01  9.6118579529e-01  -2.6663477640e+00  4.8959211339e+01  -2.0416073460e+00  2.1904218822e+01  -1.4653530327e+00  5.7193955853e+00  1.2906746614e-01  8.8210832878e-01  1.2205068990e+00  2.8836691871e+00  
-2.0497434139e+00  -2.4135478388e+00  2.3223099574e+00  -4.3728432755e-01  4.9791424169e-01  1.4522754480e+00  1.2290701384e+00  6.2897629874e-01  3.7355634867e-01  -9.5918350939e+00  5.3693675667e+01  8.5102928633e-01  5.1471334606e-01  1.5280774505e+00  1.6405859541e+00  -3.7137714308e-01  2.2580034054e+00  2.9726185265e+00  1.4005351136e+02  -1.0384454300e-01  5.3877225796e+00  7.1537041248e-01  1.3558553642e+00  1.4513608147e+00  5.6514029586e+00  
-1.9498020411e+00  -1.2118989271e+01  3.1620493758e+02  1.6237047222e+00  2.3924672150e+02  2.2459850998e+00  1.6555904302e+00  -2.5242964575e+00  1.4793291916e+01  2.0077340919e-01  3.4666934947e-01  -5.1375161939e+00  7.4163364107e+01  4.6227445676e+01  4.1016049221e+03  8.0452211584e-01  7.9303837077e-01  -2.1909904717e-01  2.0772501204e-01  4.2748780942e-01  8.5665662728e-01  3.7669632385e+00  4.8744075552e+01  -1.9562192116e+00  9.9712162926e+00  
-1.8497916460e+00  -2.5523946328e+00  1.9842076798e+00  -4.8161964124e-01  5.8255166637e-01  1.3491130700e+00  5.8532361880e-01  8.4215041382e+00  8.8811907763e+01  -2.1756379426e+00  4.2342555248e+01  -2.1159343107e+00  1.8424002604e+00  1.0945118255e+00  8.2726917246e+00  1.8738001370e-01  8.7215690184e-01  2.3046528981e+00  7.1124867578e+00  1.0918035419e+02  1.0218033491e+04  -2.2459124266e+01  2.6179414616e+03  4.9074815974e-01  9.8328219925e-01  
-1.7498594522e+00  -2.6474253601e+00  4.8822462664e+00  -5.6702794251e-01  1.1465597488e+01  7.8045427268e-01  3.9111951302e-01  4.2575282089e+00  6.2775635843e+00  5.3869267431e-01  6.2092346481e-01  3.2072552812e-01  1.9664569951e+01  3.8943681897e-01  5.5050073630e-01  3.5404660933e+00  1.1913479779e+01  9.6635529744e+00  5.3795301719e+02  -3.8710139885e-01  5.2453494687e-01  5.9065469526e-02  3.6446411032e-01  2.5836289611e+00  3.4621035051e+00  
-1.6498782635e+00  -2.3999851109e+00  6.3016433177e+00  -4.1727995804e-01  1.0884818852e+00  1.2210244567e+00  7.5414874054e-01  -1.1149849571e+01  3.3183347757e+02  2.3740563645e-01  3.5310332506e-01  8.2260949307e-01  7.0277835388e+00  -7.9099761022e-02  7.9408477840e-01  -1.0600694918e+00  1.5747353566e+00  4.5633186906e-02  7.6776419375e-01  3.8053087442e+00  9.4629890782e+01  -1.0081027923e+00  2.4404496623e+00  4.4441574873e+00  5.3223762431e+01  
-1.5497605801e+00  -1.2852895613e+01  1.2674712284e+02  -1.1243447973e-02  7.0816152507e-01  1.3394090486e+00  7.3128744152e-01  8.8763675867e-01  3.5338324252e-01  -5.4539908205e+00  3.2492825245e+02  -4.9045667754e-01  7.2808128800e-01  3.6550541639e-01  7.1719313261e-01  -2.3073944885e-02  1.2658586296e+00  1.7519579750e-01  4.7252708171e-01  -1.2860552706e+00  1.9629057264e+00  6.8603340947e-01  6.6237635738e-01  6.0513146369e-01  6.2835968413e+00  
-1.4500334263e+00  -1.2918662831e+00  1.3225606049e+00  -1.9073755626e+00  2.9353878624e+00  4.0746832378e+00  9.4393340424e+00  -4.8901597571e-01  6.0734086764e-01  3.4422788632e+00  1.3254080687e+02  -2.2006876473e-01  2.1179018051e+00  1.2770451830e+00  2.8098535206e+00  -5.1252874509e-01  5.2059604107e-01  -1.8015227396e+00  3.6771186211e+00  1.0573640138e+01  1.7861495742e+02  -5.1219556143e+00  2.0403579369e+01  9.9691934295e-01  1.2179943660e+01  
-1.3499470949e+00  -6.8264234478e-01  8.1755866432e-01  -5.8902891263e-01  1.2025027771e+00  1.0426585297e+00  6.7109972993e-01  -3.3591832496e+01  3.1149325282e+03  2.6801700349e-01  3.6365372593e-01  -3.4217186093e+00  3.9647472518e+01  1.0055804386e+00  1.6864276326e+00  3.7196292061e-01  4.4570499628e+00  -6.3152626856e-01  6.9411891732e+00  1.2163040040e-01  5.2805650796e+00  2.0505747662e-01  2.5306686070e-01  5.7250754448e-01  2.4324830134e+00  
-1.2500286102e+00  -5.4824057004e-01  4.3655817946e-01  -3.3853351255e-01  1.2711814987e+00  1.4502445374e+00  6.7262239597e-01  9.4493204124e-02  1.8139495107e+00  -1.1356122648e+00  4.4711146591e+00  -5.4219641332e-02  4.9166087057e-01  1.7090150053e-01  5.6695530904e-01  -8.7124086212e-01  1.3787959900e+00  3.2308010638e+00  2.1882831163e+01  -4.0996820002e-01  9.1441520053e+00  -2.1570446113e+00  2.1786177867e+02  -9.3477676648e-01  2.1003423439e+00  
-1.1500668526e+00  -4.8729124298e-01  4.5221453217e-01  -4.1810303060e+00  2.6905334541e+01  1.9850965462e+00  1.1536575332e+00  1.5865843490e+00  2.2922974995e+00  -3.2323756901e+01  1.7425821376e+03  -4.1455115027e-01  1.1292486202e+00  -2.9724777000e-01  1.0443308124e+00  3.6638478662e-02  1.0407070102e+00  1.8252118939e+00  6.0036207037e+00  -7.7290624363e-01  2.1027641053e+00  1.0183305898e+00  1.9088002899e+00  1.4429434532e-01  8.0885066333e-01  
-1.0500344038e+00  -3.0658617299e-01  3.2766877609e-01  2.6066879314e+00  2.9383153313e+01  1.8064133019e+00  1.5738135658e+00  -1.4511931112e+00  7.1063573048e+00  4.5134204181e-01  5.9125407015e-01  1.3080481510e+00  4.4841635252e+01  1.5249147511e+00  1.0295988650e+02  6.6828781021e+01  3.8534777708e+03  -2.1748808474e-01  1.7728981635e+00  3.4326303201e-01  9.2877570845e-01  -1.6332688799e+00  3.9620496085e+00  1.7008720149e+00  1.2675672747e+01  
-9.5008569956e-01  -2.4164277220e-01  3.1389794023e-01  -8.6421129580e-01  9.5858547993e-01  1.1598648773e+00  4.9380021373e-01  9.0673904872e-01  5.6141070177e-01  1.2664843325e-01  1.1597678883e+00  5.5667507813e+00  2.8536447373e+01  1.0866785927e+00  1.4657983274e+00  1.7864377907e+00  1.7265791834e+00  6.3048301360e-02  8.5071216290e-01  4.9170752218e-01  5.9354200539e-01  7.4728789687e-01  1.6129552036e+00  -4.3428201839e+00  1.1332975999e+02  
-8.5006529093e-01  -2.9936123329e-01  4.1102632844e-01  -6.1730860834e+01  1.8667358475e+03  7.0825266172e-01  2.5135913939e-01  8.9759444743e-01  3.4811402411e-01  -4.2014690209e+00  7.9657211264e+01  2.4986338415e-01  1.2681388459e+00  1.9260586761e-01  7.6350311174e-01  -9.9213090446e-01  2.8167677412e+00  -6.7710624835e+00  3.9474872117e+02  -3.9964664323e+02  4.1819606969e+04  -8.2448392304e-01  2.3125592440e+00  4.2198209253e-01  1.6747699049e+00  
-7.5011491776e-01  -1.5109559657e+00  1.5673007513e+00  1.3972151660e-01  7.6444487501e-01  1.6939138813e+00  1.1707432145e+00  1.3703887858e+01  9.4540873973e+02  9.8786769888e-01  2.1580510416e+00  -9.4177578545e-01  1.0059934510e+00  -4.9705091356e-01  4.8306211970e-01  -2.7060151046e-01  1.8727732632e+01  -2.5795367583e+00  4.8166042278e+01  -1.7208187377e+00  3.1815825856e+02  -3.8674921073e-01  4.1915495832e-01  4.6704213755e-02  5.2719700299e-01  
-6.5026605129e-01  -1.9646404426e-01  7.5181134528e-01  4.1184120809e+00  5.3671874331e+01  1.8015445558e+00  7.7167678385e-01  8.8084376883e-01  8.6643162095e-01  -1.1092118848e+00  4.4730698982e+00  1.0707762412e+00  4.4419729845e+01  1.6457888534e+00  2.7393906043e+00  -3.2497963528e-01  4.6463931599e-01  3.4076071447e+00  8.4840594149e+01  -1.4780923096e-01  3.8453398433e+01  2.8728782297e-01  3.3909693379e-01  5.2876020834e-02  1.6001116167e+00  
-5.5002057552e-01  -2.8308906181e+00  3.8984890444e+01  8.0450854400e-01  9.6271534861e+00  8.8378049296e-01  2.4800345657e-01  7.7576189895e-01  3.6004944294e-01  8.1676979058e-01  1.0093747909e+00  -1.1010053242e+00  3.2301355429e+00  -2.2347561767e+00  3.8352293301e+00  2.1447407285e-01  1.0868510623e+00  7.5412357113e-01  2.3318919055e+00  -6.9723950016e+01  6.1355083138e+03  1.6117699213e+01  5.0874146052e+02  -1.5248100241e-01  4.6936375669e+00  
-4.5011839271e-01  -1.6417547500e+00  2.7323230125e+01  -2.0360354165e+00  4.1954165124e+00  9.5175496271e-01  3.4641487275e-01  3.9077776413e+00  1.1998706261e+03  -1.1109661234e-01  6.4178062061e-01  5.8234288918e-01  1.0407209846e+00  -1.6404145716e+00  4.0220938485e+01  -1.2418869387e-01  4.4567535020e-01  -3.0832745188e+00  2.4770840737e+01  4.1040847543e-01  2.1595619508e+00  1.1713875953e-01  6.7706364285e-01  6.1388157953e+00  6.6455070128e+01  
-3.5024151206e-01  -4.8763283385e-01  4.0454180338e+00  -2.1144265833e-01  1.4181669179e+00  1.1429817986e+00  5.2697815982e-01  2.5362786577e+00  3.9984498141e+00  -5.9149248661e-01  1.1006716775e+00  -7.3717703098e-01  1.0472289323e+00  2.3710223875e+00  1.9319151298e+02  2.9359176430e+00  2.1614878561e+02  2.5147287015e-01  1.2305219771e+00  1.6200038698e+00  2.8058888998e+00  -1.5648988404e+00  8.3692539178e+00  4.4146996523e+00  5.5821320025e+01  
-2.5008994341e-01  -1.2073135546e+00  4.4213477118e+01  2.3164251426e+00  9.8906284693e+00  2.1530217926e+00  1.1870715980e+00  8.3207384734e-01  8.2771773261e-01  -5.2260935045e-01  1.2082457677e+00  1.6038656809e+00  1.6449364434e+00  -7.9616464676e-02  5.3713174503e-01  1.0012002648e+00  2.0421825693e+01  5.9523987424e-01  1.5423867367e+00  2.8285467930e-01  5.2624610401e-01  1.0583040693e+00  2.9325003924e+00  -8.5343979839e-01  1.6220893418e+00  
-1.5016470850e-01  5.0986323481e-03  8.0477378922e-01  -1.1271894882e+00  4.4702519018e+00  1.0237741240e+00  2.7463454059e-01  2.9370901001e+00  7.0134224203e+00  2.0952240843e+01  1.6780505357e+03  8.1151674017e+00  1.1349949258e+02  1.8572546440e-01  1.1174368637e+00  7.7319579014e-01  1.8588959032e+01  -2.2294919218e+00  9.3205103861e+00  8.9639027801e-01  1.0470112650e+00  5.0386368553e+00  1.2942120478e+02  -7.1277019989e-01  2.2681182046e+00  
-5.0005305558e-02  2.9386651703e-01  6.1245561067e+00  2.1701137136e-01  1.1253203662e+00  1.4143933588e+00  5.8785530397e-01  3.2651394645e+00  1.4038272728e+01  1.5576336415e-02  2.8216100763e+00  9.4698332184e-01  1.7883814147e+00  -5.4961053563e+00  9.9876293450e+02  -1.4435901134e+00  3.3864718056e+00  -1.3148030305e+00  2.2277714822e+01  -2.7056248722e+00  3.3779509800e+02  8.6249038998e-01  1.3759626739e+00  8.1537299344e-01  9.5774154915e-01  
4.9755211920e-02  1.0000000000e+00  0.0000000000e+00  1.0000000000e+00  0.0000000000e+00  1.0000000000e+00  0.0000000000e+00  1.0000000000e+00  0.0000000000e+00  1.0000000000e+00  0.0000000000e+00  1.0000000000e+00  0.0000000000e+00  1.0000000000e+00  4.2778808937e-16  1.0000000000e+00  0.0000000000e+00  1.0000000000e+00  0.0000000000e+00  1.0000000000e+00  0.0000000000e+00  1.0000000000e+00  0.0000000000e+00  1.0000000000e+00  0.0000000000e+00  
1.4978525043e-01  2.2779323452e+00  6.5132368500e+01  5.3439025402e+00  1.0735549919e+02  7.0817639551e-01  2.7241884333e-01  2.8442232789e-01  1.0477042491e+00  2.1492581521e+00  4.9541519692e+02  1.0840458922e+00  1.7723173452e+00  2.7395947539e-01  2.3806228675e+00  -7.1729773216e-01  1.1745807007e+00  -1.0277803221e+00  2.1371393970e+01  -3.9859088479e+00  3.3427527502e+02  1.1891900193e+00  1.8747100013e+00  1.2449923757e+00  1.6062390238e+00  
2.4977855384e-01  -8.8217170563e+00  1.8557154212e+03  -1.0210076899e+00  8.8101899126e+00  9.7750223986e-01  2.6226964174e-01  3.4910612980e-01  4.0320905946e-01  3.5184240757e-01  4.4024427580e+00  1.3895907216e-01  4.9583539160e-01  2.1771574608e+00  3.9686015508e+02  1.9002168926e+00  8.7972407829e+00  -4.7985038852e-01  9.8105148184e-01  1.1365418522e+00  1.8633819171e+00  1.6508899179e-01  1.1774399733e+01  -1.6729435946e+00  2.1150421993e+01  
3.4984648228e-01  -2.1852422326e+00  7.5863483087e+01  4.2243666330e-01  8.0455544120e-01  4.6581308984e-01  2.3889566494e-01  1.2132827739e+00  1.1551659034e+00  -2.0255955719e+00  5.0444781642e+00  6.2910817102e-01  5.5111887166e-01  -1.7069688021e+01  5.0214417209e+02  1.1644339243e+00  1.3535751996e+01  1.8009784610e+00  5.2667604405e+00  3.7104759467e+00  1.2979545291e+01  1.0204776993e+00  3.5385031275e+00  -1.2103015996e+00  2.1686660267e+00  
4.4967722893e-01  -2.1703916934e+00  3.7425080759e+02  -4.1094281418e+00  4.7997888226e+01  8.7677748093e-01  3.9650058441e-01  4.0070737000e-01  4.7343076743e-01  -1.7458872306e+00  3.3027380659e+00  -1.3800940602e+00  1.8107526863e+00  2.2813366331e-01  1.4763201091e+00  1.9123372427e+00  2.5932476614e+01  4.0673021831e+00  7.0279452101e+01  6.3563653507e-01  1.2264831629e+00  -7.0167802283e-01  3.3303449778e+00  2.5877366789e-01  1.0628541047e+00  
5.4975891113e-01  -7.6225031014e-01  1.7058334634e+00  -5.1267036899e-01  1.3062273436e+00  1.0521444985e+00  3.8823893430e-01  7.1410972772e-02  5.0527423406e-01  -1.3546359395e+01  1.4714573529e+02  1.7998653123e+00  5.6047439237e+00  -8.3777843859e-01  1.7713745548e+00  3.5674698011e+01  4.2614560187e+03  -3.2222588011e-01  8.6359561613e-01  2.6796768575e+00  2.0780061147e+01  1.2810064270e+01  2.2901041257e+02  1.8512354867e-01  9.4280974231e-01  
6.4965361357e-01  -4.2981346831e-01  9.9857987189e-01  1.1904057236e+00  2.6075545803e+00  1.1324410881e+00  3.2485095255e-01  1.2916871578e+00  5.5607798444e-01  1.2415787369e+00  1.4223029896e+00  -4.9956871397e-01  4.2561376485e+01  -4.6029560577e-01  8.1028646128e-01  4.7284683523e+00  1.9365663108e+01  1.4187642415e+00  3.4826994596e+00  4.9242789801e-02  5.0603267576e+00  1.1411416065e-01  2.1174774783e+00  -1.4135883720e+00  3.4647422583e+02  
7.4987339973e-01  -5.9574356351e+00  4.1120008374e+01  2.2861367803e-01  1.8695230760e+00  5.5607280454e-01  2.2585854537e-01  1.1435563692e+00  8.6087428698e-01  -9.7745927988e-01  2.8917420852e+00  1.9690323437e+00  8.8357207105e+01  6.2248080597e-01  9.2203143358e-01  -3.1430783411e+00  5.5159557377e+00  4.9085437850e-01  1.5672037518e+00  3.6278219016e+00  5.5298638653e+01  3.5311704982e+00  4.2273241208e+00  1.8293481500e+01  1.0327958307e+03  
8.4959441423e-01  -6.6867811348e-01  6.6127618055e-01  2.9140967007e+01  1.3552652118e+03  5.9290119608e-01  3.6472340151e-01  3.5177082647e-02  1.2255304352e+00  1.0721126251e+00  3.0520813050e+00  -1.0761397447e+00  1.3968393074e+00  -2.0334821371e+00  2.2081120977e+00  -1.0480737151e+01  3.1043560974e+02  -4.2051138918e-01  1.2016204591e+00  4.6698870029e-02  4.9024216135e+00  -2.6182641657e+00  2.9675113740e+00  2.2968196836e+01  3.0388969360e+02  
9.4974780083e-01  -3.3967179836e+00  4.3195444965e+00  -2.2256099471e-02  9.4351679833e-01  1.4138822207e+00  5.3742507338e-01  1.1157674565e+00  4.2273526469e-01  -2.3042911719e-01  1.1919190020e+00  1.4807704889e+00  1.5370856139e+02  6.4791338764e+00  4.5713512167e+01  -1.0591008425e+00  2.2924058427e+00  -2.0360889993e-01  1.3216597766e+00  1.9753728236e-02  2.4573753397e+00  -1.3007885810e+00  3.3504903629e+00  3.0898901376e+00  5.2945461366e+01  
1.0495942831e+00  -4.2194090572e+00  6.8086118809e+00  -1.1896537779e+00  3.4000291179e+00  8.6385611357e-01  3.8594119982e-01  1.1073918964e+00  7.2554299370e-01  1.2255574779e+01  4.8310904833e+02  1.5875802244e-01  2.5422034159e+00  9.3545267567e-01  1.1301865248e+00  5.6550235154e-01  6.0435722559e-01  3.6579524216e+01  2.4818505181e+03  2.0765185448e+00  3.9430695460e+00  1.4223073629e+00  4.6126554739e+00  -2.6260156941e-01  1.4241606990e+00  
1.1495419741e+00  -3.2980807739e+00  3.4574182145e+00  4.1641533208e-01  1.9147334065e+00  5.5771302114e-01  4.7075852656e-01  -7.1328166415e-01  2.7735824791e+00  2.2710419379e+00  4.6200848351e+00  5.6357546688e-01  7.9107652795e-01  1.5374320056e+00  1.2870406545e+02  6.5596216090e-03  7.8557095746e-01  -2.5002203073e+00  1.1122324826e+02  3.1995571471e+00  1.5349844807e+01  -6.4791077870e-01  1.6020793019e+00  6.0287366001e-01  2.3517492402e+00  
1.2497110367e+00  -2.0712706887e+00  2.0746373096e+00  -2.3984820560e-01  1.2049217868e+00  5.0547567516e-01  2.8902202430e-01  6.4108999412e-01  7.7201159615e-01  -7.2271649315e-02  9.6340215253e-01  -2.3774385035e+00  5.9741980345e+00  -3.1901930653e+00  4.0200209118e+01  2.1953474732e+01  8.6765421771e+02  5.6764695367e-01  2.3173161264e+00  -1.4434079879e+00  8.4954335745e+00  1.0104090633e+00  1.6943414122e+00  5.7204580896e+00  5.2180276900e+01  
1.3496427536e+00  -1.8347439749e+00  1.3266563276e+00  -2.9834742479e+00  8.9439585593e+00  6.9105897113e-01  3.1909806502e-01  1.0996550165e+01  4.5838506518e+02  -9.7504573895e-01  7.7665601540e+00  -1.2733397336e+01  4.8495093983e+02  1.1949385223e-01  6.3754547955e+02  -1.0949539959e+00  4.7997726713e+00  3.4654063898e-01  8.2699739721e-01  -4.5827891197e+00  2.0530597774e+02  4.8818481031e-01  4.6758097588e+01  -1.1011498185e+00  1.6108663792e+00  
1.4496729374e+00  -1.4826325477e+00  1.4935379109e+00  -1.7495508105e+00  3.1335510339e+00  9.6286088855e-01  5.7765567568e-01  -6.9784439444e-03  8.3976886249e-01  3.8093760632e+00  5.7762907609e+00  -2.7178513331e-01  5.6208857437e-01  1.0222191779e+00  1.7544027940e+00  6.9790871366e-01  1.4895474441e+02  -1.8168815824e+00  1.7924162234e+01  9.7140299148e+00  1.0266423032e+03  4.9556562731e+00  6.3385223399e+00  2.0228961369e+00  1.2202347975e+01  
1.5495723486e+00  -7.8086509001e-01  6.6713392644e-01  -5.3429684288e-01  7.6027795653e-01  2.5481465263e-01  4.3950379264e-01  -2.0773584454e+00  2.7982057965e+00  2.2997467480e-01  9.4173787447e-01  -5.1287540126e+00  2.2601300119e+01  8.1405157008e-01  1.4671859971e+00  -1.9704371659e+00  1.9019691388e+00  -5.7467507206e-01  9.9182409924e-01  8.8798994983e-02  9.7262550425e-01  -2.1812098244e-01  6.5180817956e-01  9.1089394725e-01  2.1023881571e+00  
1.6494604349e+00  -7.0995840519e-02  4.0746792358e-01  7.6311200622e+00  3.4932300472e+03  7.4891414934e-01  4.1482490983e-01  1.1285055130e+00  4.7109249912e-01  -2.0096730960e-01  2.2414795133e+00  -2.0778759514e+00  3.1893413518e+00  2.8468076765e+00  5.8763919180e+00  3.9571275837e+01  2.8553982792e+03  5.2764139100e+00  7.7863807975e+01  -7.9828069152e-01  1.5547376279e+00  1.4723062380e+00  1.5162868987e+00  2.0065550315e+00  1.4653295355e+01  
1.7496906519e+00  -4.2834987797e-01  5.0116351606e-01  -3.2093322056e+00  5.6642765162e+01  8.2226650804e-01  5.1840381204e-01  -3.0514148522e-02  4.7057536680e+00  4.3088281994e+00  6.6442834405e+00  8.2555594994e-01  5.8696202248e+01  -1.2741958735e+01  1.9153951964e+02  -9.6850635827e-01  1.7988386066e+00  1.0127692140e+01  1.5511344741e+03  2.0389731072e-01  8.1029625653e-01  -1.0504015147e+00  2.6392588044e+00  2.2017640810e-01  1.3014317992e+00  
1.8494246006e+00  -3.8703448845e-01  5.4535316515e-01  -2.6903554729e+00  1.0743957178e+02  1.2849806981e+00  7.1678291363e-01  2.4072379724e-01  4.2850101806e-01  1.8845866178e+00  2.4269680351e+00  -9.2940270609e-01  1.4666601758e+02  2.6256252793e+00  4.1506763672e+00  2.9085859777e-01  1.0644044086e+00  1.3050136851e-01  9.3277600086e-01  -2.6306113293e+00  3.6145087574e+00  1.9451882356e+01  2.5953367140e+02  3.9320215751e-01  4.5932372357e-01  
1.9494664669e+00  -3.9430154433e-01  3.1998259678e-01  -2.1144937923e+00  3.2955307562e+00  7.4264744948e-01  3.1829173666e-01  1.1357475279e-01  4.3105354819e-01  -4.5236869423e-01  3.2908629866e+00  -4.7621426262e-01  4.1572266932e-01  8.9376938625e-01  2.8651467766e+00  3.4412054687e+00  2.2368863038e+02  4.6311492802e-01  1.0710081220e+00  3.0580206483e-01  3.7304664575e+00  -1.9778778856e-01  6.5594476399e+01  2.1941855187e+00  1.1676688304e+01  
2.0494952202e+00  -8.8382112696e-02  4.9493763779e-01  -1.3877674635e+00  1.1389496866e+01  4.4781359198e-01  3.4277400494e-01  -4.2126076901e-01  5.3516064674e-01  5.1481505599e+00  1.0328060091e+01  -2.3191781032e-01  1.4003841810e+00  -1.0201220025e-01  2.0759498282e+00  1.2547421258e+00  1.2215123434e+00  -4.6071834686e+00  4.5135425596e+00  2.1844321923e+00  2.0221884725e+01  2.8973741428e-01  1.3466319133e+00  -5.2001075518e-01  2.3945368598e+00  
2.1493461132e+00  -4.1805848282e-01  3.8518808887e-01  -2.3266219872e+00  3.8890696152e+00  6.9372835560e-01  5.9683128680e-01  1.5959375809e+00  1.0058972424e+00  -1.0990530739e-01  3.8295971261e-01  1.1793618827e+00  7.0018078144e-01  6.6188858891e-01  6.8802531300e-01  -2.5749097075e+00  2.8199016539e+01  2.6221918463e-01  8.5363928659e-01  1.2575023046e-01  9.6999334949e+02  1.4613768496e+00  4.0634033683e+00  7.2176680409e-01  6.1609592398e+00  
2.2489869595e+00  -8.1493193352e-03  3.5361907343e-01  -5.7587913790e-01  6.1572511385e-01  7.6731896874e-01  5.8267121414e-01  1.3206831220e+00  1.5641582833e+00  -1.5458595083e+00  1.9490836332e+00  2.2053930079e-01  2.1027951467e+00  -3.3574323011e+00  1.5726470224e+01  -5.1146926548e-01  1.5161969631e+00  -5.7177697723e-01  1.4599847038e+00  -7.3854025736e-01  2.5248216505e+00  2.6156481050e+01  2.0345024611e+03  8.6383500986e-01  2.2582244532e+00  
2.3493726254e+00  -2.8251059354e-01  3.6584677033e-01  -2.3000449028e+00  1.7398962780e+00  6.2225309715e-01  5.2337643596e-01  -1.0525609036e-01  5.0446540119e-01  3.4435757386e+00  4.4869931480e+01  -2.4646646487e+00  2.6050789593e+01  -5.0731416163e+00  9.6984652513e+00  -2.1112013408e+00  2.1992673845e+00  -7.3057140594e-01  2.8846467383e+01  3.8501644328e+00  1.0715522570e+01  2.8032003777e+00  3.4039443789e+00  -1.7402600988e+00  1.7481199188e+01  
2.4493272305e+00  -1.4053405216e-01  2.9641492505e-01  -8.5355302639e-01  8.8498198331e-01  6.2360422029e-01  2.7368748549e-01  1.8372667707e-01  5.9053174273e-01  3.1625066957e-01  8.8857532485e-01  3.3545026651e+00  8.7887947660e+00  6.0737154022e-01  9.3075765086e-01  -2.1538317146e+00  1.5019974849e+01  1.2009111082e+00  9.4230273605e-01  1.4770462026e+00  4.8200993634e+00  1.0470519221e+00  7.0470049455e-01  -3.3833522552e-01  1.9086106127e+00  
2.5490679741e+00  -1.2705956464e-01  2.6430157651e-01  -4.6158731480e-02  3.5942743961e-01  -1.4531145006e-01  4.4668647132e-01  2.6540609240e-01  3.3631170759e-01  -3.8391568664e-01  2.9223632077e-01  -1.0377031333e-01  2.9201359755e-01  4.2950174860e-01  4.0780640374e-01  1.8247629437e-01  7.3103845630e-01  4.7824643598e-01  3.5202453022e-01  7.0243384516e-01  4.4044192592e-01  3.9430814354e-02  3.7202146721e-01  -1.7238983560e-01  5.4711128296e-01  
2.6491630077e+00  9.4553229013e-02  2.6201286994e-01  -7.6296238370e-01  7.0038927681e-01  7.1292955408e-01  3.4610812514e-01  -6.1999082213e-02  4.0484489409e-01  -3.7325645044e-02  3.3801968646e-01  9.2987058092e-01  3.6551564791e-01  4.4699221878e-01  4.7073809818e-01  1.0527702300e+00  5.9705804336e-01  -2.4192567286e-01  2.6209361775e-01  -1.3987324394e-02  4.6906937254e-01  2.6162162442e-01  3.6193334463e-01  8.8699084867e-01  3.6037957065e+01  
2.7489857674e+00  4.4626234811e-02  2.7417852685e-01  -3.1906231629e-01  3.9210795528e-01  2.3039163381e-01  3.2608734871e-01  1.9467070904e-01  2.4203164221e-01  6.2598270423e-01  3.5907628043e-01  5.7826762085e-01  3.7798688869e-01  -4.7270841603e-01  5.3073566129e-01  -7.2674021807e-01  3.8124646075e-01  1.9163192556e-01  4.3200014131e-01  -3.5702137703e-01  5.7392973731e-01  -4.0739507236e-01  4.5690925657e-01  -2.5982944510e+00  7.3444339320e+00  
2.8491852283e+00  1.5376921907e-01  2.9584252989e-01  -3.5498367573e-01  4.6523419768e-01  6.0822801887e-01  5.1943759475e-01  3.1686869842e-01  4.0165526678e-01  3.1146503858e-02  4.2654090047e-01  3.9129728949e+01  2.7964655830e+03  -3.5466794595e-01  3.0602662049e-01  -5.8210822611e-01  1.3772429781e+00  -1.0787231133e-01  4.1464986502e-01  -2.8255648491e-01  7.1048703456e-01  -1.9312729275e-01  4.1364634788e-01  -4.2412130119e-01  5.4253621763e-01  
2.9492032528e+00  1.9221196487e-01  2.8510656382e-01  -4.3432132740e-01  3.1944144286e-01  3.5390064715e-02  3.9112690679e-01  -6.3568311958e-01  4.3266312582e-01  9.1294580077e-02  4.9762930926e-01  7.9934426040e-01  3.0574533213e-01  2.0093403013e-01  3.8795387558e-01  -1.4999011083e-01  6.2066905036e-01  7.0926012197e-01  4.9573298897e-01  -3.5737804475e+00  3.1546545172e+01  1.4862512889e-02  3.1534242174e-01  3.3910891886e-01  1.4217775748e+00  
3.0489361286e+00  -4.7423299149e-02  2.6421738114e-01  -6.5122707875e-02  3.4601869628e-01  6.2924647412e-01  4.7424009347e-01  2.8677896288e-01  2.9234831426e-01  8.4820745723e-01  7.8920353998e-01  -4.8567667949e+00  1.9463958777e+02  -6.1684663671e-01  5.0970159218e-01  5.8886752816e+00  2.8088013629e+02  6.8940772470e-01  1.8162492972e+00  3.4117890513e+00  1.2835882045e+01  4.8818900415e-02  3.3554661883e-01  5.6743067551e-01  1.6740324423e+00  
3.1490502357e+00  3.6074948890e-01  4.8348949444e-01  8.0386284913e-02  2.1723467158e-01  2.9472539078e-01  4.4641161620e-01  -2.9379114018e-01  4.8646364813e-01  -4.1923191013e-01  3.2550296661e-01  7.2795737432e+00  2.0957059110e+01  3.3137126679e-01  2.5569852227e-01  -3.0868353957e-01  2.5506653374e+00  1.4262176054e-01  4.4366802725e-01  8.9750363341e-01  7.1968779454e+00  6.4177400121e-01  7.6725044474e-01  3.0983089396e-01  4.7207708032e-01  
3.2492291927e+00  2.1456776269e-01  4.0226125076e-01  4.7469242411e-02  2.3122360746e-01  4.6602898086e-01  4.5958278780e-01  -7.5704678152e-03  2.7388538035e-01  -6.1336673343e-01  7.0287869023e-01  1.2779316586e+01  1.0311058631e+03  3.0461956724e-01  3.4966438027e-01  8.1867012554e-01  6.9954020473e-01  -6.0633984336e-01  6.1873124659e-01  7.4873810356e-01  1.3574501201e+00  6.0662304735e-01  8.8802746383e-01  -6.0974379203e-01  1.5574876373e+00  
3.3485200405e+00  1.6227107495e-01  4.4299562343e-01  -2.5199339390e-02  3.5435766572e-01  9.8103769024e-01  1.0903565952e+00  5.6625136331e-01  1.4168089239e+00  9.8435458855e-02  4.1050203036e-01  -3.5459572226e-01  1.0484117701e+00  3.9468628287e-01  4.9465712163e-01  -4.0981957956e-01  6.6583928788e-01  -3.5506889939e-01  4.6798468889e-01  -6.8590399266e-01  4.7081394940e-01  3.3979268180e-02  4.5128463379e-01  4.4394863940e+00  2.2622335764e+01  
3.4488546848e+00  -7.8562096043e-02  3.8469595433e-01  -2.0267858957e-01  3.8993259141e-01  6.2267234100e-01  9.1409046361e-01  -1.0868329104e+00  1.8335320742e+00  7.9781860337e-01  8.0335866556e-01  9.5722819221e-01  7.6844963872e-01  5.2182792683e-01  5.6702222082e-01  8.4751615836e-01  6.1913686334e+00  4.9492187496e-01  9.5776921497e-01  4.9539492608e-01  9.1027614745e-01  3.6954063020e-01  1.3299160592e+00  -2.1720143545e+00  8.0821729819e+00  
3.5488636494e+00  -2.3829049481e-02  5.9149926074e-01  3.6831636394e-01  3.1305521716e-01  4.6336268967e-01  6.6805606970e-01  -9.6565920587e-01  1.1473748536e+00  -6.6603485259e-02  5.3638334902e-01  6.0222455796e-02  5.6742831740e-01  -1.1392522853e+00  1.0534096079e+00  -6.5390721629e+00  3.5188832359e+02  1.0837106572e-01  7.0317676896e-01  -5.9330982056e+00  2.2950506941e+01  8.8977399477e-01  8.1980373449e-01  -9.6278200542e-01  7.7414810676e+01  
3.6487903595e+00  4.7623209522e-01  9.2221853390e-01  3.5892590919e-01  3.1473748535e-01  6.6694352439e-01  1.8079331615e+00  2.2631879479e-01  8.6410840663e-01  5.1285183622e-01  8.8185922768e-01  -8.4969520054e-01  3.0336580582e+00  -1.5966845933e-01  5.8347282215e-01  -8.7765267546e-01  3.9061249559e-01  1.4973166070e+00  1.9557900960e+00  -1.8640940573e+01  1.4867478817e+03  6.5764972234e-01  8.1461868656e-01  -6.0213129688e-01  8.8524381074e-01  
3.7484576702e+00  9.6811032963e-01  7.8533102773e-01  -2.6168684269e-01  1.0556881214e+00  -4.9786860205e-01  1.5234839547e+00  2.3739674677e-02  1.2007946821e+00  2.2058261234e-01  7.5001299897e-01  2.0404404400e+00  1.2019917402e+01  -2.7793976530e+00  3.1103839687e+00  5.5389891134e-01  7.6143403982e-01  -1.6599766129e+00  3.6672269524e+00  -4.2504455036e+00  1.3493886323e+01  -5.6407275367e-01  1.6741282449e+00  5.5905895898e-01  8.9282763866e-01  
3.8487050533e+00  6.2305227032e-01  1.0632095349e+00  -3.8240427448e-01  2.6869980879e-01  1.7343751336e+00  1.5684438434e+00  -4.6345084374e-01  9.4602397620e-01  -9.1942215732e-01  2.4481042679e+00  -3.3556633882e+00  2.2161946277e+01  2.3578529088e+00  3.3822014697e+00  1.3028539490e+00  1.1079593715e+00  1.8376306632e-01  1.2236756395e+00  1.0042729335e+00  1.1334829679e+00  -9.9689474342e-02  1.0707892802e+00  2.2533832815e-01  1.4584232744e+01  
3.9476065636e+00  6.1588759940e-01  7.2436539213e-01  -3.7389172439e-01  5.7370111756e-01  3.7291592236e+01  3.0684868629e+02  3.5455852520e-01  7.7487325186e-01  7.7770161147e-01  3.4463770165e+00  -2.0399798209e-01  1.3733249383e+00  4.5881116546e+00  1.0506910519e+01  2.9681130143e+00  2.1219230084e+02  -7.7348580173e-02  2.1218123531e+00  -1.4420425257e+00  3.2006546349e+00  1.5973663330e-01  1.5826068806e+00  3.4597617926e-01  6.6057731763e-01  
4.0482621193e+00  3.2165623957e-01  1.1731359076e+00  -4.1911018326e-01  5.3895210318e-01  -1.9727262015e+00  6.6245722114e+02  5.6314823463e-01  2.2180881631e+00  6.1283218696e+00  1.7065469373e+01  -1.8154074688e+00  2.9111017128e+01  -5.9773269931e+00  2.1039704243e+01  -1.1630683132e+00  5.1528714966e+01  8.5934527537e-01  1.5076164134e+00  7.2351363966e-01  2.8827677186e+00  -6.0247070600e-01  1.5942776994e+00  9.3616775766e-01  2.7869173919e+02  
4.1480150223e+00  4.3872626733e-01  1.5240482537e+00  -3.6000371907e-01  9.8225674981e-01  -5.1155116021e+00  7.1337343973e+00  -4.5188264973e+00  1.0042175396e+02  1.2621731463e+01  3.7967959968e+01  5.5594912542e-01  1.9761310780e+00  -1.8401305565e-01  2.7979485051e+00  -1.2835384755e+00  8.8008819916e-01  -1.1881181729e+01  9.9966716003e+01  -2.5812018767e-01  3.9104398559e+00  -4.1398020305e+00  1.2281345477e+01  -1.0690563972e+00  2.6083919617e+00  
4.2480916977e+00  2.2429470827e+00  3.3300128604e+00  3.9372271036e+00  4.3833886382e+02  1.6365928740e+00  4.2016823418e+00  1.0279988909e+01  1.2419591622e+02  -1.2909017455e+00  1.4962081960e+00  6.1188919333e-01  2.3669404327e+00  4.5730194537e-01  3.1257222841e+00  -5.4191407564e-01  9.5758073993e-01  3.1824123927e+00  2.3648299296e+02  -1.1432437729e+01  3.0703128414e+03  1.5438082689e+00  2.4876993602e+00  4.5614116953e-01  1.7581690612e+00  
4.3475284576e+00  6.5701724705e-01  1.7731512068e+00  1.5443675262e+00  1.3906360342e+01  -7.1612093557e+00  1.1291230458e+02  4.4377031077e-01  5.0928290990e-01  -1.4401785102e+01  1.7566337459e+03  3.2814164395e+00  2.3721503403e+01  -1.9047028313e+00  1.9415980796e+00  3.9881814064e+00  1.9326256570e+01  -4.1123669196e+00  2.4364413055e+01  2.3364097699e+00  4.8445362123e+00  -2.7086226589e+00  3.2823794632e+00  1.5175530152e+00  1.0684607428e+00  
4.4469480515e+00  9.0245176442e-01  1.4018883879e+00  -7.5088587445e-02  3.0674846120e-01  -2.8934028027e+00  3.6350882999e+00  -1.5706223091e+00  2.4559384959e+00  -1.8897948643e+00  5.8665788603e+00  1.5483842194e+00  1.7555868657e+00  -6.7396251218e-01  1.6112802230e+00  -1.0449074752e-01  3.6965327529e-01  1.0616985332e+00  8.9218045556e+00  9.7292003147e-01  3.9489296468e+00  -2.0343352614e+01  9.9754550458e+02  6.9008891927e-01  8.6479205065e-01  
4.5466828346e+00  1.2022208016e+00  3.4676800003e+00  -2.0348719875e+00  4.9005205034e+00  -6.1049727840e-01  4.5021121330e+00  1.7042888633e+00  2.2536778921e+00  -2.3641290781e+01  7.4271829687e+02  1.6587284957e+00  3.8806745285e+00  5.5552559258e-01  8.9271602655e+00  -7.9101528319e-01  1.0784794669e+00  2.6459813948e+00  9.7501510017e+00  9.0566575983e-01  1.7883963942e+00  1.3106999059e+01  3.4105103583e+02  2.1855856126e+00  3.1355732458e+00  
4.6460342407e+00  -9.7251303338e-01  3.3577654187e+00  3.8922490043e-01  4.3956468640e+00  -3.3679921057e+01  1.2152248193e+03  1.5612631369e-01  4.5086504585e-01  5.5236039573e+00  8.3410615300e+00  -3.0911188293e+00  4.8636143184e+00  3.6787260575e-01  4.2195901485e+00  1.4051526094e+00  2.2937226069e+00  3.3891365399e-01  2.5454603440e+00  5.4613959603e+00  2.3525141443e+02  -1.7112587827e+00  3.9219327485e+02  8.8340843560e-01  2.3524991595e+01  
4.7455492020e+00  1.9236968651e+00  1.5801141734e+01  -2.1638680684e+00  2.5441244057e+00  2.0177088259e+01  2.5128350081e+02  -6.8574220681e-01  3.6165035677e+00  1.0693302686e+01  1.1311626412e+03  -3.4248845864e+00  3.8197502829e+01  -6.0036249172e-02  1.6199490585e+00  -6.8531581285e-01  6.2329134947e-01  1.2273824651e+00  8.2150891442e+00  -2.2696892516e+00  2.3609112012e+01  -3.6207287603e+00  3.8507298465e+00  -1.1097064284e+00  2.1126470617e+01  
4.8442926407e+00  -3.3661073309e+00  8.8339213696e+00  -5.2404247164e+00  1.2333897298e+02  -1.5673715885e+00  2.2698759015e+00  6.2712203768e-01  1.6087601241e+00  7.8786134229e+00  6.3331148541e+01  -5.7746319892e-01  2.1074270512e+00  -3.7064721174e+00  1.3433194260e+01  -1.3964589924e+00  4.3432188602e+00  4.1048050068e-01  4.4341187445e+00  2.4972993625e+00  2.5265478894e+00  -1.0137850289e+00  2.9408095963e+00  -8.9683309229e-01  1.3361388652e+00  
4.9423723221e+00  -5.3053623210e-01  1.8377570853e+00  1.1742798449e-01  3.9609972844e-01  -4.1616077473e-01  4.1531050468e+00  9.5680801146e-01  2.8200860032e+00  2.9107505204e+01  5.1158793106e+02  1.0573582658e+00  2.7346230333e+00  -1.2963933221e+01  5.5528365050e+01  -3.6884504829e-01  5.8044566716e-01  1.3219554819e+00  2.8143975012e+00  1.8888632860e+00  4.3045836061e+00  5.2609441725e-01  6.5076858696e+00  4.6086635130e-01  1.0377071021e+00  
5.0390415192e+00  -2.0383750134e+00  8.9802433566e+00  -5.5362407927e-01  4.2430458053e+00  4.6047457667e+01  4.3689028021e+03  1.5055105161e+00  7.2125705195e-01  2.3886725767e+00  3.5026111473e+00  3.7007181319e-01  1.2822313103e+00  -1.0808662048e+01  7.1139628668e+01  -2.2186012902e-01  1.1566102648e+00  -1.8535217742e+00  2.3155944475e+00  -1.0053280335e+01  1.9610143046e+02  5.9379767819e+00  1.0341282783e+01  -6.7577778744e-01  1.8296393616e+00  
5.1384606361e+00  -2.9756569165e+00  2.7810223799e+01  -3.1312485040e-01  5.3149746457e+00  -2.3645326440e+00  3.6150029193e+00  -1.3614953609e-01  1.2699221930e+00  -2.2804281399e+01  1.8059292492e+02  2.2982797383e+00  5.8976710772e+00  -8.6079289824e+00  8.5511217362e+00  -7.4825501445e-02  4.2820484200e-01  3.3417442223e+00  8.1336593189e+00  2.5762799578e+00  1.3063989599e+02  -1.4085915288e+00  1.9412438700e+00  6.8027464333e+00  1.9772444464e+02  
5.2330245972e+00  -2.9183691771e-01  4.9830581211e+00  1.6463475981e+00  1.6065476237e+00  5.8817839646e+00  7.4229559424e+00  2.9068776884e+00  2.7779779882e+01  -1.7016484862e+00  2.8192727707e+00  5.2813184300e-01  2.0744132502e+00  2.5309443476e+02  6.1932727396e+03  5.7608759628e-01  1.8108927170e+00  -4.1949168589e+00  6.9389056731e+00  5.4672130503e+01  1.7751494928e+03  6.5609725537e+00  1.1305612983e+01  -3.0586716637e+00  4.6048767981e+01  
5.3284559250e+00  2.1796661227e+00  4.1729799467e+00  -8.6662815337e-01  2.1491209813e+00  3.9377922360e+02  1.0956751156e+04  5.7944248975e-01  3.5008561201e-01  -1.3792090224e+00  6.7716974016e+00  1.9750124169e+00  2.8792420956e+01  -1.6606308474e+01  9.6136621894e+01  1.4643827173e-01  1.9529634097e+00  -1.5456668319e+00  9.0480330787e+00  -2.5411609507e-01  4.2507120394e+00  2.5462373066e+00  3.7980082246e+00  8.5906177913e-02  1.2085211378e+00  
5.4263005257e+00  -9.3038624679e+00  3.4360631234e+02  -5.1182032496e-01  4.5641889076e-01  -3.6049334935e+00  6.4563428563e+00  -5.9709394761e-01  1.4048492611e+00  -5.5105457829e+01  2.5909535198e+03  -6.0779807614e-02  6.5363024936e-01  -1.4742572289e+01  8.1990832708e+01  -2.0571354076e+00  2.4819815665e+01  1.3704253593e+01  8.9175833635e+02  -2.3114310793e+00  2.3899006969e+01  1.5955179956e+01  1.6294618122e+02  2.9331042993e-01  2.2147652125e+01  
5.5222630501e+00  2.0743801219e+01  5.0135838797e+02  -1.5558743100e+00  1.0268396537e+01  7.6132960364e+01  2.5880438615e+03  1.1833951099e+00  5.7076952006e+01  -3.9767158695e+00  2.7735740735e+01  2.0076706866e+00  3.3052367702e+00  -7.7643607415e+00  1.1682366477e+02  -3.2615562899e+00  9.3241922466e+01  5.1064987093e+00  1.2062593458e+01  1.0564873996e+01  1.4516714900e+02  -6.1877091852e-01  5.4547070439e+00  -2.6283818808e+00  5.0693867655e+01  
5.6180610657e+00  8.7045581313e+00  1.3988357814e+01  3.5040187709e-01  1.1776221795e+00  1.2920587887e+01  1.1483876859e+02  4.2153142206e-01  5.1515173384e+00  2.1329294530e-01  5.7841657104e+00  4.5231981772e-01  6.7738782524e-01  9.8127546778e+00  1.2005392430e+01  2.6554348952e-01  1.0648298533e+00  2.7440428598e+01  1.1344905753e+03  1.1100704091e+00  1.1163109089e+00  -1.6497384525e+00  4.5729589800e+00  4.6705121245e-01  2.7949634762e+00  
5.7167868614e+00  2.5173784016e-02  4.0320913405e+00  -2.0012389745e-01  5.9606772287e-01  2.7882117287e+01  1.7566241072e+02  1.5469735699e+00  1.0451408057e+00  3.2345934399e+00  6.1557110115e+00  7.6050970434e-01  1.6465599464e+00  5.5871538921e+00  5.7187717515e+00  -4.1579711935e-01  6.9032491974e-01  -8.6461461824e+00  2.3790417445e+01  -2.8337123095e-02  1.0196382510e+00  2.2604141286e+00  9.3333045149e+00  3.2734672921e-01  8.3512507436e-01  
5.8134360313e+00  4.6002157819e+02  5.0453948342e+03  -5.3348693674e-01  1.9228425603e+00  -1.3500546511e+02  1.3477964101e+03  4.2633865422e-01  9.5640155751e-01  -3.7770339246e+00  1.4186688353e+01  1.1926450832e-01  5.9156877621e-01  -1.0922748363e+01  3.4994994560e+01  1.6993697943e+00  1.6434285239e+00  -2.8181386284e+00  1.1195994665e+01  -1.0751891785e+00  1.7810878630e+00  1.1953333811e+00  3.3098856687e+00  9.8928319070e-01  9.5115273717e-01  
5.9097914696e+00  7.3030417225e+00  3.2259220234e+01  -3.3542823791e+00  2.1339436431e+01  -1.4385474291e+01  5.5686391225e+01  -1.4775262334e+00  2.0809604274e+00  2.4418019854e+00  3.7782477605e+00  1.1014838979e+00  6.1583900665e+00  8.9766976094e+00  8.8162286044e+00  1.4101634053e+00  1.4783254976e+01  2.4483534385e+02  1.2169811967e+04  -4.8324935768e+00  3.5129879102e+01  -1.0240741816e+01  2.5044823877e+01  -4.3053890776e+00  2.5111273902e+01  
6.0056500435e+00  -4.7918586226e+00  2.9900992563e+01  1.9806138428e+00  1.5674262339e+03  -2.3301500018e+01  2.0172363200e+02  1.8736970200e+00  2.6160339412e+00  1.8686598212e+00  5.7371615361e+00  3.0932594016e+00  9.1313882237e+00  8.0296057379e+00  9.0990754549e+01  -1.1807195807e+00  5.2008645955e-01  4.9296126965e+00  7.3432926038e+00  -1.9529403413e+00  7.8794587712e+00  7.2539977230e+00  5.8162072171e+00  -8.5521928637e-02  5.1999105774e+00  
6.1041793823e+00  -1.8413213167e+01  3.2245639135e+01  2.4044613816e-01  1.7239077393e+00  2.5702995909e+00  1.7353853476e+02  1.2343760106e+00  4.2759742229e+00  1.1703711230e+02  1.1668889526e+03  7.2625128046e-01  1.3489166637e+00  7.6318254893e+00  1.3149836424e+02  -6.8707060386e+00  1.6836569362e+01  -2.9831461845e+01  7.6717420433e+02  -2.1813113987e+00  2.9992226400e+00  3.7366522335e+01  7.7735876832e+02  -5.2243776592e-01  3.7461858699e+00  
6.2018823624e+00  1.0360906695e+01  2.1018344003e+02  -4.8085442230e+00  1.4003083228e+01  3.4304621605e+01  1.5800240216e+02  -1.4831145935e+00  5.2083622111e-01  6.0626551388e+00  8.6386845238e+00  5.4586001413e-01  3.2599463807e-01  2.2573507687e+02  8.7179349052e+02  -2.6616055367e+00  1.3732289997e+00  -6.2620784214e+00  1.1632513327e+02  1.3163541063e+00  2.0244803719e+00  -2.3963226968e+03  6.7358593473e+03  9.8152109376e-02  4.9054501930e-01  
6.3009686470e+00  -1.0641802206e+01  2.8549304467e+01  -1.9540581775e+00  4.0131274073e+00  6.5344133062e+00  2.3072793909e+01  -7.9835635429e-01  1.4619621159e+00  6.6518532041e+00  2.2837178246e+01  -1.6301722989e+00  8.1170350006e+00  6.6586737028e+00  3.5123718394e+01  -1.0636936997e+00  2.3571201280e+00  -9.7993022709e+00  1.4503248327e+02  9.6562565486e-01  1.7106662735e+00  8.4352951148e+00  1.3499797055e+02  6.1287453683e-01  4.3127695979e+00  
6.4013156891e+00  -4.0505599905e+00  6.3043678159e+01  7.0965164578e-01  6.2808616537e+00  3.5980205600e+00  3.2992017844e+01  4.7130294028e+00  1.5681805684e+01  1.4905990571e+01  4.5215100782e+01  -1.7879489694e+01  3.0670324477e+01  -2.6421825725e+00  4.5611540412e+00  -8.6442965877e-02  2.0129996257e+00  2.7147113235e+00  7.7494297678e+00  7.1876104140e-01  2.8828877430e+01  1.5441762458e+01  1.5200563256e+01  -1.3045645435e+00  8.4388996609e+00  
6.5007896423e+00  -3.0928415276e+01  7.3501998393e+01  -9.2797668703e-01  9.2797668703e-01  3.3880539077e+01  6.8887146808e+01  1.0021615583e+00  1.0021615583e+00  2.4781626058e+01  5.2778230155e+01  -3.1030528626e+01  3.1030528626e+01  -6.6710339900e+00  6.7715268416e+01  -9.3880817468e-01  9.3880817468e-01  -3.7120474858e+00  1.0143885194e+01  6.7288524101e-01  6.7288524101e-01  4.9273838778e+00  4.3198373309e+01  7.9631325603e-01  7.9631325603e-01  
6.5999979973e+00  -1.0189629808e+16  2.0075405305e+16  0.0000000000e+00  0.0000000000e+00  6.4793378094e+15  8.6965119702e+15  0.0000000000e+00  0.0000000000e+00  -1.3358563480e+15  1.2021252451e+16  0.0000000000e+00  0.0000000000e+00  -1.3122381699e+16  6.6974214251e+15  0.0000000000e+00  0.0000000000e+00  -8.3955346124e+15  8.5365855066e+15  0.0000000000e+00  0.0000000000e+00  -1.1878509989e+16  7.6073574781e+15  0.0000000000e+00  0.0000000000e+00  
6.7000064850e+00  -2.5061424502e+16  1.9600894534e+16  0.0000000000e+00  0.0000000000e+00  3.4579841580e+14  1.0184950017e+16  0.0000000000e+00  0.0000000000e+00  -8.2110856818e+15  7.9701605096e+15  0.0000000000e+00  0.0000000000e+00  -8.5735740058e+15  7.7582807263e+15  0.0000000000e+00  0.0000000000e+00  -3.8833934929e+15  6.2360092587e+15  0.0000000000e+00  0.0000000000e+00  4.1571246869e+15  6.8828015261e+15  0.0000000000e+00  0.0000000000e+00  
6.7999935150e+00  3.7929571777e+15  1.1753420517e+16  0.0000000000e+00  0.0000000000e+00  1.1514212238e+16  8.3872157190e+15  0.0000000000e+00  0.0000000000e+00  1.1628229638e+16  6.1354085062e+15  0.0000000000e+00  0.0000000000e+00  -1.0375560838e+16  7.4915892657e+15  0.0000000000e+00  0.0000000000e+00  1.0452360646e+15  6.4122366427e+15  0.0000000000e+00  0.0000000000e+00  -4.9631120715e+15  9.4178154519e+15  0.0000000000e+00  0.0000000000e+00  
6.9000024796e+00  -9.1762363791e+15  1.4260087995e+16  0.0000000000e+00  0.0000000000e+00  -9.0057283729e+15  1.0553768149e+16  0.0000000000e+00  0.0000000000e+00  4.5308034782e+15  8.6469305005e+15  0.0000000000e+00  0.0000000000e+00  3.5034493349e+15  5.5521160427e+15  0.0000000000e+00  0.0000000000e+00  -3.1594318963e+15  5.0305197533e+15  0.0000000000e+00  0.0000000000e+00  -2.4260013343e+15  5.6476778101e+15  0.0000000000e+00  0.0000000000e+00  
