#y  dN/dy  dN/dy_err  vn{2}(y)  vn{2}(y)_err  Re{vn}(y)  Re{vn}(y)_err
-6.9916357994e+00  1.9315287471e-02  2.9038568027e-03  1.2945081920e-03  6.8885213936e-02  -1.4396818001e-02  5.7304136686e-02  7.5013590439e-02  7.2154882132e-02  7.4207521399e-02  7.4806735513e-02  -5.4951321040e-03  2.9722450601e-02  5.9063758781e-03  3.2466385267e-02  -3.5969235291e-02  4.7630634908e-02  -5.5675678531e-02  4.2537732168e-02  -7.0535419566e-02  5.5823795022e-02  -6.0205908627e-02  5.1009704017e-02  -2.0114858644e-02  3.1130591182e-02  3.9875601966e-02  2.8010115710e-02  
-6.8656926155e+00  1.7017630860e-02  2.1924017929e-03  -8.8809155657e-02  6.1426361788e-02  -3.0813187536e-02  5.2746552761e-02  1.2897376488e-02  5.9476468597e-02  3.1120003465e-02  6.1436219101e-02  -3.0995001469e-02  5.2751538079e-02  -1.9665871819e-02  5.1775589349e-02  -5.3793586214e-02  3.5722539850e-02  -3.0867853192e-02  3.8079139885e-02  -1.7832782840e-02  4.5820203486e-02  -3.7375493455e-02  4.4274048076e-02  4.6482317687e-02  5.0063095598e-02  4.8472926097e-02  4.2328523286e-02  
-6.7645993233e+00  1.9879277796e-02  2.3493617773e-03  -3.6543463482e-02  5.4079583964e-02  -4.8569918565e-03  5.8772181230e-02  2.3142426899e-02  4.5067077264e-02  2.5525773753e-02  4.5061507440e-02  -1.5857040133e-02  4.3261468839e-02  -7.2480726070e-03  4.3495116355e-02  4.5616239905e-02  4.8022362254e-02  3.8630318223e-02  4.2943526579e-02  -2.1971485011e-02  5.1138593803e-02  -7.0150649516e-03  4.5553754169e-02  -4.4979259065e-02  3.4662621946e-02  -3.4535079465e-02  2.9398696590e-02  
-6.6602687836e+00  2.8497094288e-02  2.8684758581e-03  -1.3529808942e-01  8.1707822613e-02  -7.5939756079e-02  5.1680550266e-02  -1.9842663836e-02  5.8155566623e-02  -1.8201220752e-02  5.7626529632e-02  3.2072692135e-02  4.4028179021e-02  2.6221983029e-02  4.4573997480e-02  -3.3955425102e-03  3.0262774078e-02  2.0653365343e-02  2.7403587772e-02  -4.9445159411e-03  3.6053464493e-02  -1.3842852832e-02  3.8914465185e-02  9.6455585327e-02  3.8331817599e-02  9.0500574597e-02  3.3828334786e-02  
-6.5585556030e+00  3.8177616894e-02  3.3592493273e-03  -2.0518857618e-02  6.3875435269e-02  1.2032176628e-02  5.4724882598e-02  6.6324249563e-02  3.9032142560e-02  6.8810347698e-02  3.8695187131e-02  -6.8698228870e-03  3.6042919391e-02  9.8055130262e-03  3.9100120287e-02  2.6492598649e-02  3.0930239562e-02  6.4110978939e-02  2.8237577097e-02  1.4835749537e-02  2.9947643658e-02  3.0347722727e-02  3.1724352654e-02  4.6513393514e-03  3.1689805570e-02  -3.7167227414e-02  2.8875208959e-02  
-6.4553990364e+00  5.3556498140e-02  4.3274587952e-03  -3.2863959084e-02  5.1880675670e-02  -1.8364865894e-03  4.8284415106e-02  5.1012385560e-02  3.8215569027e-02  5.7288126233e-02  3.9314664739e-02  3.8179720934e-02  2.6456869949e-02  4.6614966595e-02  2.9146940127e-02  -4.5251758240e-03  2.5052362678e-02  5.9721802005e-03  2.6066117320e-02  -1.9260081491e-02  1.9124661914e-02  -2.4267268377e-02  2.2756468732e-02  -9.3537041697e-03  1.9757124277e-02  1.1718034399e-02  2.1630448690e-02  
-6.3529767990e+00  7.2893962264e-02  5.1915892400e-03  -1.9132522484e-02  4.1000562381e-02  -7.0758398812e-03  4.0100469696e-02  2.8976934991e-02  3.8029775141e-02  2.6572050930e-02  3.8543080327e-02  1.6152001024e-02  2.5944648231e-02  2.9460456568e-02  2.7809764619e-02  3.4953099474e-02  2.5959925379e-02  3.9388760540e-02  2.3574828562e-02  -5.8791351149e-02  1.9240485252e-02  -5.1559803066e-02  1.9869109046e-02  -1.3653196716e-02  2.2979286772e-02  -5.5278699576e-02  2.2776517586e-02  
-6.2502226830e+00  9.3229621649e-02  6.3823098317e-03  -2.9240133481e-02  3.8832297437e-02  2.5261544920e-02  4.0458062515e-02  3.5636399249e-02  3.4518085577e-02  3.5964615201e-02  3.5971143641e-02  1.7045102769e-02  2.7816106611e-02  2.9106718651e-02  3.0001885525e-02  -5.1206237398e-03  1.7322054385e-02  -8.9085700696e-03  1.8869798703e-02  9.8082013020e-03  1.7009678437e-02  1.6244570571e-02  2.0053202334e-02  1.2324674218e-02  2.1187951404e-02  -1.0259114874e-02  2.0917063101e-02  
-6.1499080658e+00  1.2797342241e-01  8.4787318483e-03  -1.9122159493e-02  2.6797015738e-02  -8.0745569809e-04  2.6696091374e-02  2.4164893040e-02  2.3856744791e-02  2.2562920634e-02  2.4399789968e-02  2.8419785016e-03  2.0641602714e-02  2.4530689905e-04  2.1504172779e-02  1.3743186864e-02  2.0974017143e-02  1.2355912808e-02  1.9332084774e-02  2.3928393351e-02  1.9991862023e-02  2.5673481261e-02  2.2942569701e-02  7.6205610518e-03  1.5927889248e-02  -4.1047561807e-03  1.7032434253e-02  
-6.0499877930e+00  1.7045181990e-01  9.9321575835e-03  -1.3212787784e-02  2.4332120744e-02  4.9257197888e-03  2.6384124446e-02  2.1229478511e-02  2.3363827645e-02  2.3632883814e-02  2.3317617154e-02  2.4149401037e-02  1.4407802007e-02  3.0436522625e-02  1.5827854796e-02  7.4917810482e-04  2.1017832881e-02  -5.9196597548e-03  1.9854795772e-02  -1.7650476426e-02  2.0781016256e-02  -1.7503232100e-02  2.3422508662e-02  1.8932765907e-02  2.1112839672e-02  2.0077258176e-02  2.2257344567e-02  
-5.9491648674e+00  2.2397151589e-01  1.3403236866e-02  -1.6177382716e-02  2.2449230603e-02  -2.1661276583e-02  1.9594036077e-02  1.3441570948e-02  1.9830688668e-02  1.5733768895e-02  1.9137299608e-02  1.4942926892e-02  1.4868109893e-02  1.6012015224e-02  1.4671398574e-02  1.7670347519e-02  1.4606347975e-02  8.9265696354e-03  1.5819883847e-02  -6.4476905386e-04  1.0718416656e-02  -1.4643972058e-02  1.2315111113e-02  -5.4676833013e-03  1.3615769445e-02  -3.9976755628e-04  1.3712270137e-02  
-5.8484201431e+00  2.9510888457e-01  1.7061078921e-02  -1.1460042813e-02  1.4474216111e-02  7.9871208777e-03  1.4675737535e-02  3.9260054910e-02  1.2574868843e-02  3.9412151177e-02  1.2738561235e-02  1.5249068109e-02  1.0400366724e-02  1.3588736160e-02  1.1075712423e-02  1.3964942800e-02  1.1051441008e-02  1.6598090923e-02  1.1084639625e-02  2.1657388350e-02  1.2045271998e-02  2.1548715775e-02  1.0561554123e-02  -1.3882964349e-03  1.0342881220e-02  -2.9397988497e-03  9.4842067645e-03  
-5.7485389709e+00  3.8059443235e-01  2.1141037345e-02  -2.6579850093e-03  1.4371121608e-02  -5.6094750498e-03  1.5310880131e-02  2.1466803113e-02  1.0287803979e-02  2.2384575424e-02  1.0793020550e-02  -7.6284763480e-03  9.6682538736e-03  -8.1252568766e-03  1.0684518935e-02  -1.6766018839e-02  9.8242019901e-03  -1.5110602372e-02  1.0425198006e-02  -7.9081697802e-03  8.9601959420e-03  -1.0333199361e-02  9.7556278800e-03  9.6389406099e-04  9.8540937872e-03  -3.2266454325e-03  9.8881738843e-03  
-5.6480536461e+00  4.9088388681e-01  2.7247365564e-02  -6.8090139821e-03  1.0499619628e-02  -7.4295067665e-03  1.1521002673e-02  1.9376503448e-02  1.0586806288e-02  2.0927725878e-02  1.0327492717e-02  -3.7096935263e-03  9.9903956219e-03  -5.9704056619e-03  1.0087869963e-02  8.0469185198e-03  7.7751789877e-03  1.9811461059e-03  7.7296926817e-03  -6.4515858725e-03  7.4850547191e-03  -1.0873865183e-02  7.0067587471e-03  -8.2303473880e-03  9.2241463370e-03  3.7404216476e-03  8.7847047341e-03  
-5.5484385490e+00  6.2559127808e-01  3.2800152898e-02  -3.9597674748e-03  1.0979183941e-02  -1.4002236355e-02  9.9693400610e-03  1.8986338596e-02  9.1966589182e-03  1.9520815174e-02  9.6751772589e-03  -3.3963511592e-03  6.5591167831e-03  -4.7908423850e-04  7.1002770237e-03  3.7518538698e-03  6.5917112290e-03  6.2015353313e-03  6.4400323281e-03  -5.8320653272e-04  6.0525232613e-03  4.6434107011e-03  6.6245117764e-03  -1.0750082014e-02  7.5939501007e-03  -1.0697799864e-02  7.4927406452e-03  
-5.4484076500e+00  7.9426252842e-01  4.0076050907e-02  -6.4248165893e-03  7.8790047808e-03  -9.0308000919e-03  6.7894993554e-03  7.2790213186e-03  7.8645028994e-03  7.5659319607e-03  8.0636922517e-03  -1.2459080705e-02  6.4802673796e-03  -1.1042921477e-02  6.5121515082e-03  3.4423930302e-03  6.1556119135e-03  4.8150177253e-03  6.0082415218e-03  -3.3640362138e-03  6.6237115998e-03  -9.4212107360e-03  7.2303674626e-03  -6.0656709049e-03  7.0038570847e-03  -1.4185239811e-02  7.2364567398e-03  
-5.3483057022e+00  9.9020439386e-01  4.9169756472e-02  -2.0471185081e-02  7.5499162273e-03  -1.3340608601e-02  8.3336976145e-03  1.5961525453e-02  8.3134130979e-03  1.5652220965e-02  8.5608836005e-03  -2.2219812578e-03  6.3193534820e-03  -3.5119742808e-03  6.1469080165e-03  -2.3772552005e-03  6.4211690862e-03  -6.2379307056e-04  6.0448854211e-03  2.5480199441e-04  5.8118257438e-03  -1.4252469937e-03  5.5800731249e-03  1.2949186886e-02  7.2439076318e-03  6.4055946219e-03  6.2577135877e-03  
-5.2481741905e+00  1.2157152891e+00  5.8771517128e-02  -5.4722783209e-03  6.8925374456e-03  -1.6816379877e-02  6.5107384574e-03  1.2909643054e-02  5.5410599530e-03  1.2470974001e-02  5.5955176921e-03  -2.3121150455e-03  4.1024858226e-03  -1.5816784973e-03  4.3226760549e-03  -1.0252274880e-02  5.0987993435e-03  -7.1927740805e-03  5.0096494572e-03  -4.9475703166e-04  4.7909241917e-03  5.7063758152e-03  4.5627998861e-03  3.9334648022e-03  4.7305305066e-03  9.9575812688e-03  4.9433592792e-03  
-5.1485276222e+00  1.4978834391e+00  6.5138846636e-02  1.3280734265e-03  6.4332997385e-03  -4.5799019407e-03  7.1815398035e-03  1.9507157933e-02  4.5190157500e-03  1.9957874700e-02  4.6190295985e-03  8.9630508344e-03  4.7232921789e-03  6.2835491982e-03  4.8121097273e-03  -2.9226594460e-04  4.7406689709e-03  7.8047203044e-04  4.7007343310e-03  -2.3105084727e-03  4.7298304484e-03  -7.4797619864e-03  4.8815151784e-03  3.2290277694e-03  4.9581255813e-03  4.3657700370e-03  5.2157229099e-03  
-5.0484876633e+00  1.7935928106e+00  7.8106768429e-02  4.5902312172e-03  5.8181726447e-03  1.8662560931e-05  5.5513605171e-03  2.2588618522e-02  3.7578495723e-03  2.2589667230e-02  3.8029886178e-03  4.0912404949e-04  4.0646705587e-03  -1.5689643093e-03  3.9527678729e-03  -3.5197321294e-03  4.1757041006e-03  -1.8319906178e-03  4.1053019436e-03  1.6770729235e-03  4.5370901727e-03  -2.3341982592e-03  4.5592277149e-03  7.3587053850e-04  3.2359007881e-03  7.2087618263e-03  3.6139429033e-03  
-4.9486975670e+00  2.1725320816e+00  9.1394014657e-02  1.0379298187e-03  5.2547732045e-03  4.0404387923e-03  5.6528622228e-03  1.1357393577e-02  3.9685968211e-03  1.1994413292e-02  4.0272939445e-03  1.0483771891e-03  3.3355741182e-03  8.7350049242e-04  3.2217280540e-03  -2.1882870701e-04  3.1227223474e-03  -1.3476362624e-03  3.2228309907e-03  2.0067027459e-03  4.0029655840e-03  -5.9538654034e-04  3.7363940733e-03  2.9558223389e-03  4.2545358200e-03  -2.6208955984e-03  4.5881926982e-03  
-4.8485856056e+00  2.5728230476e+00  1.0390777141e-01  -5.0114239470e-03  4.5905586097e-03  -3.8951351428e-04  4.5220358462e-03  1.0476889156e-02  4.0190537450e-03  1.0983109311e-02  4.0298848347e-03  1.2213082363e-03  4.1107637282e-03  -9.6886092392e-04  4.2079806822e-03  4.7741905283e-05  3.3640184512e-03  -1.7960917423e-03  3.3514866096e-03  -6.5126674284e-04  2.6512305098e-03  9.3773149102e-04  2.6233649109e-03  2.2146113002e-04  2.9018217518e-03  1.1146747114e-04  3.1368180030e-03  
-4.7487072945e+00  3.0155529976e+00  1.1595480144e-01  -7.9038247395e-04  5.0985175436e-03  -3.0489383375e-03  4.8762034636e-03  2.3964276518e-02  3.5979647012e-03  2.3749789223e-02  3.5523368923e-03  -1.7814503556e-03  3.3022351576e-03  -5.2919050878e-04  3.2467583927e-03  -3.6035468466e-03  3.3698925611e-03  -4.5860288089e-03  3.2395328451e-03  -4.6902199990e-04  2.7878660511e-03  -2.0554917840e-03  2.8004951064e-03  1.8167556228e-03  2.7152302352e-03  2.6634838341e-04  3.1181820930e-03  
-4.6487779617e+00  3.5058169365e+00  1.2730775774e-01  -2.7106814518e-03  3.9002733573e-03  -1.4474338238e-03  3.7427621581e-03  2.5034772597e-02  3.9840250952e-03  2.3987400144e-02  4.0102780054e-03  3.6847584319e-03  3.9076528723e-03  4.3394508191e-03  3.7846727648e-03  -5.2562194742e-03  3.0953521168e-03  -3.9995831999e-03  2.8934862395e-03  3.1756763250e-03  3.0842739686e-03  -1.7761008588e-03  2.9872504610e-03  -3.4723777118e-03  2.7898056642e-03  -3.9382658121e-03  2.6355370994e-03  
-4.5488796234e+00  4.0338797569e+00  1.4405202866e-01  1.4402566972e-04  3.4232473381e-03  -1.0089481130e-03  3.8622906306e-03  2.4628566232e-02  3.3686146851e-03  2.4357827937e-02  3.2654360556e-03  4.6751367495e-03  2.5326258115e-03  3.5916787054e-03  2.5044312060e-03  2.8816976839e-03  2.8212788272e-03  6.0779273764e-04  2.7565010571e-03  6.7698989553e-04  2.7836906226e-03  6.0162500580e-04  2.8052914047e-03  -2.6044118297e-03  2.7076236356e-03  -6.0059438790e-04  2.8214895631e-03  
-4.4489374161e+00  4.5909538269e+00  1.5889479220e-01  3.6594587853e-03  4.1190926832e-03  7.5361315520e-04  4.5343877900e-03  2.0722972805e-02  3.1417202523e-03  2.0209026398e-02  3.1657521797e-03  -4.2208035133e-04  2.6867722866e-03  -1.4529478035e-03  2.6630873727e-03  4.6213972718e-04  2.2542797765e-03  5.7099814208e-04  2.1585661812e-03  -2.3438219610e-03  2.7074335523e-03  -1.7815826001e-03  2.6904432017e-03  -1.0949704039e-03  2.2940209685e-03  -2.2477045746e-03  2.4908630044e-03  
-4.3488540649e+00  5.1744613647e+00  1.6994848847e-01  -3.9599262125e-03  3.6142170452e-03  -4.3403871175e-03  3.7005114555e-03  3.1406756759e-02  3.4711091511e-03  3.0727499328e-02  3.3979242156e-03  2.2767225494e-03  2.8988856507e-03  5.8275328424e-04  2.9146327415e-03  4.2775568418e-03  2.4238746232e-03  5.1109010219e-03  2.3629952067e-03  -1.4848217180e-03  2.3025259853e-03  -1.5427685774e-03  2.2758460919e-03  2.5828497475e-03  2.0318999043e-03  2.3103489579e-03  2.3595651521e-03  
-4.2490053177e+00  5.8032932281e+00  1.8366214633e-01  -2.2099114218e-03  3.5109113362e-03  -2.3083674929e-03  3.3255540413e-03  3.2592837824e-02  3.3136209117e-03  3.2514011315e-02  3.2321349636e-03  2.1906299625e-03  2.4134984758e-03  8.5119561170e-04  2.4414448432e-03  2.0389159320e-03  1.9473445513e-03  9.1279937421e-04  2.1395700982e-03  -1.3277127681e-03  2.2879475970e-03  -1.0178250499e-04  2.3644726245e-03  -1.1131167088e-03  2.0262226340e-03  -2.3130386427e-03  2.3137176537e-03  
-4.1491818428e+00  6.4637975693e+00  2.0323744416e-01  5.8136858052e-04  3.4862909895e-03  3.4609427587e-04  3.8438682578e-03  3.3530832297e-02  3.7252010826e-03  3.3031178101e-02  3.7039951045e-03  1.8346102317e-03  2.8023556716e-03  -1.6415907764e-05  2.7194509033e-03  1.4200571795e-03  1.7168534895e-03  6.3008036238e-04  1.8142166318e-03  7.7766767140e-04  2.0558755328e-03  3.4668478850e-04  1.8802478623e-03  -4.6809959308e-05  1.5178007308e-03  -1.0395860873e-03  1.7068349180e-03  
-4.0492696762e+00  7.1454215050e+00  2.1625247598e-01  2.0586853066e-03  3.1238578391e-03  -1.0042799119e-03  3.2772075467e-03  3.5052136432e-02  3.4826226194e-03  3.3883375221e-02  3.3606123688e-03  3.5324330182e-03  2.3854631785e-03  2.4806922734e-03  2.2597076807e-03  -5.7624614367e-04  1.6906308613e-03  -5.3820350273e-04  1.6248182835e-03  -9.0668452772e-04  2.0298663622e-03  -5.4710224144e-04  1.9125642934e-03  2.3058847423e-03  1.7347811352e-03  4.2906363816e-03  1.6570764024e-03  
-3.9491655827e+00  7.8380723000e+00  2.2897233069e-01  2.2868882942e-03  3.5613783783e-03  -3.4559546123e-03  3.8460141298e-03  3.9618644595e-02  3.1204779675e-03  3.8981755984e-02  3.0652767894e-03  2.7277456277e-03  2.1279463438e-03  1.6864236365e-03  1.9993573618e-03  4.8071592474e-04  1.7352582571e-03  3.9342007300e-04  1.5980602650e-03  -1.1221166831e-03  1.7286814156e-03  6.9029446626e-04  1.6608122919e-03  -2.1347093093e-03  1.8387670019e-03  4.3678689052e-04  1.6565847930e-03  
-3.8493127823e+00  8.5802621841e+00  2.4277919531e-01  4.0203472119e-03  3.3116242710e-03  -2.3338283537e-03  3.1993878949e-03  4.0767559378e-02  3.5416774262e-03  4.0050665128e-02  3.4638228440e-03  6.8402212478e-03  1.9691967792e-03  5.8608865797e-03  1.8673868201e-03  3.5775589406e-03  1.5399769325e-03  3.1444501089e-03  1.4872022570e-03  -4.1798924359e-04  1.7752534717e-03  -3.8892848442e-04  1.8470222463e-03  -7.4336075565e-04  1.4126287699e-03  -1.3381824841e-03  1.9332470146e-03  
-3.7493836880e+00  9.3537969589e+00  2.6155391335e-01  6.9555691299e-03  3.0098812236e-03  1.7898643495e-03  3.2113520704e-03  4.4349826411e-02  3.4184659045e-03  4.3196160461e-02  3.4292433940e-03  7.4458588683e-03  2.2910538399e-03  6.1867767177e-03  2.2430791011e-03  4.4275260550e-03  2.0182502063e-03  2.9791293032e-03  1.7544678814e-03  9.0142841824e-04  1.9088521193e-03  -1.0475994411e-03  1.7033023895e-03  3.7099037862e-03  1.5185032725e-03  3.0848106043e-03  1.7433783682e-03  
-3.6493034363e+00  1.0179936409e+01  2.8041335940e-01  9.3760869187e-03  2.9555132443e-03  3.2522838852e-04  3.2918523120e-03  4.6429970523e-02  3.5845915651e-03  4.5331826875e-02  3.4848872432e-03  3.8416238823e-03  2.0411387871e-03  2.9546747335e-03  2.0724637710e-03  -1.6268508625e-03  1.5350889754e-03  -1.8599497265e-03  1.4091622045e-03  -1.3066461507e-03  1.4814055760e-03  -6.5396773418e-04  1.3636333478e-03  6.6706925664e-04  1.3788621289e-03  2.2411591710e-04  1.2506715433e-03  
-3.5492289066e+00  1.1075860023e+01  3.0819281936e-01  1.1314960417e-02  3.3230257324e-03  1.4966990554e-04  3.8840269093e-03  4.9684811153e-02  3.7087256575e-03  4.8856008107e-02  3.7472454029e-03  9.5774067623e-03  2.0028236371e-03  7.2584137580e-03  1.9250518294e-03  1.5455197138e-03  1.6481506712e-03  -7.7552639736e-04  1.7485585863e-03  4.1902084129e-04  1.4392565775e-03  5.2477004362e-04  1.4264656392e-03  2.1001953576e-03  1.4088009721e-03  5.2182940504e-04  1.4980165016e-03  
-3.4493110180e+00  1.1979463577e+01  3.2393172383e-01  1.2392396866e-02  3.1495289726e-03  -2.1326747998e-03  3.2087940633e-03  5.3488402906e-02  3.5534963072e-03  5.2161268813e-02  3.5180904614e-03  7.7419661552e-03  1.7983104305e-03  6.2583694667e-03  1.7321679366e-03  2.0965664400e-03  1.6845462764e-03  -1.5431219324e-06  1.5454703005e-03  -6.8504529430e-04  1.6864354291e-03  -1.2542369911e-03  1.6455829936e-03  -1.2578504231e-03  1.6302971621e-03  -4.5622926093e-04  1.3498386644e-03  
-3.3494470119e+00  1.2932401657e+01  3.5675239563e-01  1.1923953680e-02  3.1738961822e-03  -7.0246613852e-04  3.4194567212e-03  5.6970678423e-02  4.0068750527e-03  5.5535631542e-02  3.9621160872e-03  7.1900838304e-03  2.3230540688e-03  5.4520352542e-03  2.3234796099e-03  1.9349037458e-03  1.6566695693e-03  2.1592992211e-04  1.5814377868e-03  -7.6397834046e-04  1.3839534924e-03  -8.5752046326e-04  1.2815658661e-03  3.9751289694e-04  1.1411592388e-03  -1.2262871857e-03  1.3863150430e-03  
-3.2494194508e+00  1.3856991768e+01  3.6180067062e-01  1.2695803297e-02  3.5188667788e-03  -2.0433032649e-03  3.5115740267e-03  5.6244892327e-02  3.8776480788e-03  5.4849769382e-02  3.8033604478e-03  1.4908663592e-02  3.0274082995e-03  1.1710094480e-02  2.9036788812e-03  4.8119659084e-03  1.7023840810e-03  2.5067455615e-03  1.6226000455e-03  -9.9845904828e-04  1.4922766257e-03  -2.3176013492e-03  1.4483112496e-03  -2.2280657287e-03  1.5479019053e-03  -1.6861493500e-03  1.6323799008e-03  
-3.1493403912e+00  1.4928818703e+01  3.6947667599e-01  1.6226593443e-02  3.6437804504e-03  -2.0535795046e-03  3.5508293807e-03  5.9601509617e-02  4.1404738179e-03  5.7867953880e-02  4.1243661571e-03  1.3347232868e-02  2.6391025575e-03  1.0077857355e-02  2.4781250067e-03  6.1885218770e-03  1.6698329588e-03  3.9721463961e-03  1.5788753517e-03  1.4076653506e-03  1.2892119319e-03  1.4095812497e-03  1.2408500836e-03  6.3166151524e-04  1.5667340651e-03  8.1292020107e-04  1.4136868803e-03  
-3.0494332314e+00  1.5989211082e+01  3.8370242715e-01  1.7052374012e-02  3.4582354822e-03  -1.4861050799e-03  3.7166747313e-03  6.2001483304e-02  4.0620598209e-03  6.0473570927e-02  4.1168052911e-03  1.1835958597e-02  2.9271926942e-03  8.0887580617e-03  2.7078425985e-03  5.2038098532e-03  1.6052226353e-03  3.2639577937e-03  1.6285876425e-03  1.4138925279e-03  1.5873692411e-03  1.8857272147e-03  1.8285189683e-03  3.7799645954e-05  1.4646127904e-03  -2.6508818342e-03  1.3144065425e-03  
-2.9494116306e+00  1.7080524445e+01  3.9426720142e-01  1.5670828310e-02  3.4265721199e-03  -3.2332064560e-03  3.5289161030e-03  6.5352012663e-02  4.6273998474e-03  6.3403791911e-02  4.6695804485e-03  1.2807684029e-02  3.1522062458e-03  8.1932457913e-03  3.0035172137e-03  7.9065021608e-03  1.7674133034e-03  4.5750138863e-03  1.7792725005e-03  3.2434219461e-03  1.5928242154e-03  1.4232179258e-04  1.4873965563e-03  1.8376938029e-03  1.5569641677e-03  -3.5304091561e-04  1.3192863891e-03  
-2.8494741917e+00  1.8110427856e+01  4.1245624423e-01  1.7606628559e-02  3.1287694433e-03  -1.7775752109e-03  3.2546514771e-03  6.5295450466e-02  4.2031921247e-03  6.3163533000e-02  4.2611097128e-03  1.8172058190e-02  2.5004182676e-03  1.4556855664e-02  2.5414565485e-03  6.9815244564e-03  1.6526969378e-03  4.5204016082e-03  1.5451110323e-03  3.5761611311e-03  1.7886530899e-03  1.5329235310e-03  1.6148661247e-03  1.6805120821e-03  1.3398650884e-03  9.5796206163e-04  1.4534021021e-03  
-2.7495715618e+00  1.9227275848e+01  4.1820445657e-01  1.8162477013e-02  3.1265191180e-03  -3.6810398649e-03  3.1988327288e-03  6.7801916799e-02  4.2885759880e-03  6.6084908994e-02  4.2620016638e-03  1.4732415327e-02  2.4956307518e-03  1.1285966617e-02  2.5085264476e-03  8.3024652828e-03  1.7090476662e-03  5.5000232197e-03  1.6619105247e-03  3.5271888992e-03  1.2077056076e-03  3.0723985203e-03  1.1494359231e-03  2.5185882282e-03  1.3161732802e-03  4.1956784559e-04  1.3248799056e-03  
-2.6495370865e+00  2.0432008743e+01  4.4781029224e-01  1.8551497864e-02  3.2801374599e-03  -4.3290166314e-03  2.7101460220e-03  7.1070408007e-02  4.4981830409e-03  6.9189254924e-02  4.5122647534e-03  1.5640611434e-02  2.4673122432e-03  1.1948960891e-02  2.4613038248e-03  5.4482721349e-03  1.6637244862e-03  2.3563020639e-03  1.5641582303e-03  4.0245472679e-03  1.5856393045e-03  8.2663586446e-04  1.5125307384e-03  2.3621818274e-03  1.2938871383e-03  -6.5499553505e-04  1.1906641740e-03  
-2.5495438576e+00  2.1653921127e+01  4.5442560315e-01  1.8929356171e-02  3.4545408893e-03  -4.1912450844e-03  3.2230936516e-03  7.2057744507e-02  4.4891118883e-03  7.0463566436e-02  4.4736264841e-03  1.3759707514e-02  2.0937506472e-03  1.0977657637e-02  2.0772270292e-03  9.8877076021e-03  1.3018942559e-03  6.9625400650e-03  1.4792003683e-03  3.5620305049e-03  1.1446526641e-03  1.6981895951e-03  1.2118063465e-03  1.3546482300e-03  1.1197092107e-03  -6.2117098382e-04  1.1999054230e-03  
-2.4495534897e+00  2.2797811508e+01  4.7507426143e-01  1.7745864088e-02  3.0517860977e-03  -3.1229782209e-03  3.0117555709e-03  7.6274171241e-02  4.5975002855e-03  7.4561207027e-02  4.5508639582e-03  1.5638288773e-02  2.2321717796e-03  1.2855702041e-02  2.2564606525e-03  9.2903888525e-03  1.2785194263e-03  5.1808833269e-03  1.3560126149e-03  4.0815125853e-03  1.2322050255e-03  2.4286399214e-03  1.1550213883e-03  3.1891919423e-03  1.1295723395e-03  -4.8867909299e-04  1.1191129514e-03  
-2.3496277332e+00  2.3958385468e+01  4.8404285312e-01  2.0071307792e-02  3.0247927341e-03  -2.0732515871e-03  3.0382046507e-03  7.8561494492e-02  4.9957050076e-03  7.6943633483e-02  4.9441076473e-03  1.5189452087e-02  2.0162118680e-03  1.2207867530e-02  2.0649862907e-03  9.4446842127e-03  1.3883773138e-03  6.1167969426e-03  1.5200936485e-03  4.3774129722e-03  1.5984192447e-03  2.4850284957e-03  1.4467766918e-03  3.4375099067e-03  1.2936696866e-03  1.6190093335e-03  1.2121056126e-03  
-2.2496302128e+00  2.5182142258e+01  4.9466916919e-01  2.1291856779e-02  3.3569177343e-03  5.5241178484e-05  2.7190055919e-03  7.7373334581e-02  4.7095436206e-03  7.5885576532e-02  4.6784957187e-03  1.6726282243e-02  2.2682181595e-03  1.4199757382e-02  2.2323446214e-03  8.5417376495e-03  1.5779909455e-03  5.3662179355e-03  1.5108528846e-03  3.6309245523e-03  1.2728254883e-03  1.6078760514e-03  1.2524634800e-03  2.3157795718e-03  7.4578547582e-04  1.6821300389e-04  8.4507256716e-04  
-2.1496095657e+00  2.6268371582e+01  5.0468629599e-01  2.0800704252e-02  3.2825343241e-03  1.6467730071e-03  2.6847323613e-03  7.9276654677e-02  4.5663703039e-03  7.7714176138e-02  4.6037935094e-03  1.6778670655e-02  2.0020905084e-03  1.4023809002e-02  2.0148762641e-03  1.4515909894e-02  1.7677711906e-03  1.1692995302e-02  1.8180503673e-03  4.7677073090e-03  1.2315718341e-03  2.3525542911e-03  1.2533018192e-03  4.4289781981e-03  1.0960039784e-03  1.1742119959e-03  9.1331792043e-04  
-2.0496404171e+00  2.7311058044e+01  5.1566630602e-01  1.9352079705e-02  3.3898730584e-03  -3.0461776882e-04  2.4369718100e-03  7.9973820943e-02  4.6660479773e-03  7.8413588254e-02  4.6660494289e-03  1.7984636416e-02  1.8990826122e-03  1.5690560241e-02  1.8278967306e-03  1.2037207392e-02  1.8542311637e-03  9.5834376137e-03  1.7819955812e-03  3.0914610252e-03  1.0227282746e-03  2.8942615831e-03  9.2007142676e-04  3.0073153657e-03  1.0148397732e-03  5.9826499795e-04  1.1158819305e-03  
-1.9496887922e+00  2.8340303421e+01  5.2664840221e-01  2.0421974361e-02  3.3982374654e-03  3.3617615100e-03  2.4833878476e-03  7.8766145273e-02  4.6448302321e-03  7.7222967655e-02  4.6589193703e-03  2.1491683501e-02  1.6444425116e-03  1.9435192775e-02  1.6215837359e-03  1.2231777701e-02  1.9154617664e-03  9.2431539286e-03  1.7052958788e-03  4.1579149505e-03  1.2000271717e-03  2.2837059205e-03  1.0429244574e-03  2.7626851098e-03  1.0614360836e-03  2.0733835624e-04  9.3405621478e-04  
-1.8496847153e+00  2.9275939941e+01  5.3228706121e-01  1.7474331394e-02  2.9434532320e-03  1.9780033323e-03  2.2358569007e-03  7.9426687940e-02  4.4754734916e-03  7.8162339698e-02  4.4924278090e-03  2.0705616332e-02  1.6462442988e-03  1.9212685756e-02  1.7182811684e-03  1.0170241664e-02  1.5210343710e-03  7.7657312942e-03  1.5203767835e-03  2.1901723782e-03  1.1842842172e-03  2.6013844085e-03  9.9337911554e-04  2.2506574673e-03  9.0224255713e-04  -8.3776450029e-05  1.0339363233e-03  
-1.7496966124e+00  3.0277078629e+01  5.3867453337e-01  1.6725162025e-02  2.4629665246e-03  3.5237540424e-03  2.4010378385e-03  7.9005040766e-02  4.0752732115e-03  7.7929557215e-02  4.1141490037e-03  2.2107685407e-02  1.5237750808e-03  2.0907579316e-02  1.6030191326e-03  1.1962499786e-02  1.6217004037e-03  9.6257845151e-03  1.6077562897e-03  3.9133897757e-03  9.7875434577e-04  2.9526952817e-03  1.0989023235e-03  9.8472215132e-04  9.4878179004e-04  -1.4172593473e-03  8.1744978886e-04  
-1.6497468948e+00  3.1225648880e+01  5.4933577776e-01  1.4573301726e-02  2.1338920445e-03  4.0564991860e-03  2.2284218394e-03  7.9567783119e-02  4.3465609437e-03  7.8909128674e-02  4.3435505791e-03  1.9571694171e-02  1.5832397888e-03  1.8432292127e-02  1.6714072454e-03  1.1757983106e-02  1.4872224479e-03  1.0504205721e-02  1.4935636954e-03  3.3312912733e-03  1.0383358391e-03  2.0741118111e-03  1.0261142499e-03  2.5793939838e-03  9.1566792749e-04  1.1961737668e-03  8.5703088550e-04  
-1.5498430729e+00  3.2007705688e+01  5.5762535334e-01  1.2083122670e-02  1.9154692111e-03  2.7234655152e-03  1.8741733419e-03  7.8897613763e-02  3.9977155925e-03  7.8216807590e-02  4.0173179535e-03  1.9555345216e-02  1.4012759986e-03  1.8385778709e-02  1.4685678166e-03  9.2982565600e-03  1.2504467227e-03  7.7213438074e-03  1.3771304400e-03  3.9357468942e-03  9.7472157540e-04  3.3021366809e-03  9.9092671985e-04  2.6576502834e-03  8.9285613262e-04  -2.6750263377e-04  9.9685509571e-04  
-1.4498120546e+00  3.2873996735e+01  5.5625641346e-01  1.2177596378e-02  1.8099759477e-03  3.6981857871e-03  1.9130553777e-03  7.9822771866e-02  3.9169206425e-03  7.9297198616e-02  3.9530384703e-03  2.1230888889e-02  1.3589206838e-03  2.0484746405e-02  1.3731959797e-03  8.7479218053e-03  9.8995262730e-04  7.6611731009e-03  1.0457481203e-03  4.4996144068e-03  9.6902316912e-04  3.3351388453e-03  9.2920227128e-04  1.8747136232e-03  8.6252084618e-04  7.4828351871e-04  8.6693243747e-04  
-1.3497719765e+00  3.3628963470e+01  5.6832271814e-01  1.1578712084e-02  1.7783221420e-03  3.3156518397e-03  1.8310983105e-03  7.9418313872e-02  3.8761697290e-03  7.9144539523e-02  3.8804657226e-03  2.0756448129e-02  1.6090706419e-03  2.0151818901e-02  1.6069141958e-03  1.0328354160e-02  9.2690967890e-04  1.0121862961e-02  1.0206876509e-03  4.7550231516e-03  9.0066232954e-04  3.1005221217e-03  1.0964645684e-03  1.7383097906e-03  8.2990020190e-04  1.1628771575e-03  8.5480704545e-04  
-1.2497850657e+00  3.4444316864e+01  5.8354973793e-01  1.1767365134e-02  1.8158203420e-03  7.7396536860e-03  1.7898919930e-03  8.0162878657e-02  3.9799548286e-03  8.0028369255e-02  3.9811216707e-03  2.1469953960e-02  1.5778126739e-03  2.1195185496e-02  1.6070313956e-03  9.9731135211e-03  9.7066787514e-04  9.5281719048e-03  1.0012108996e-03  3.9525639227e-03  1.1600954552e-03  2.0619671235e-03  1.0536266700e-03  2.6214717210e-03  8.7441307843e-04  1.0425457839e-03  8.5743799772e-04  
-1.1498147249e+00  3.5071247101e+01  5.8231633902e-01  1.2012462093e-02  1.6201241713e-03  7.2160155426e-03  1.7241592511e-03  7.9887894856e-02  3.8501935689e-03  7.9868350293e-02  3.8410919408e-03  1.9323780806e-02  1.5710749773e-03  1.9379920643e-02  1.5646380954e-03  1.0773754736e-02  9.9787719174e-04  1.0144463558e-02  1.0832445566e-03  3.9426068266e-03  8.5665043061e-04  3.2220217063e-03  9.3780159996e-04  7.8273949288e-04  8.9366380022e-04  -1.2093716199e-04  8.1533886152e-04  
-1.0497931242e+00  3.5634258270e+01  5.7973694801e-01  1.0417754455e-02  1.4595238609e-03  8.2347999644e-03  1.5177853968e-03  8.0202378947e-02  3.5392827793e-03  8.0242839517e-02  3.5639024383e-03  2.0587232694e-02  1.3924419444e-03  2.0629554276e-02  1.4204451257e-03  1.2157635082e-02  9.6964013063e-04  1.0879645134e-02  1.0279597056e-03  6.0444734847e-03  1.0016501624e-03  4.8994974800e-03  1.0685461720e-03  2.9579147159e-03  8.1587560273e-04  2.7240844343e-03  9.4171254259e-04  
-9.4987738132e-01  3.6303279877e+01  5.8108550310e-01  1.0499247235e-02  1.3495491452e-03  9.1992282914e-03  1.3989630934e-03  8.0217146766e-02  3.5211820631e-03  8.0396880885e-02  3.5073588528e-03  2.0954130294e-02  1.5073173328e-03  2.0953954226e-02  1.5282045030e-03  1.0727680346e-02  1.1695638566e-03  1.0880022060e-02  1.1266750118e-03  3.5428996774e-03  8.5971902118e-04  2.9911127292e-03  8.6198376876e-04  1.8504470054e-03  8.8594297875e-04  -4.3851721503e-04  8.5588939693e-04  
-8.4989887476e-01  3.6748756409e+01  5.9034299850e-01  9.3165765776e-03  1.3130088688e-03  9.3271887295e-03  1.3006978629e-03  8.1486401177e-02  3.7508555609e-03  8.1681193995e-02  3.7198268543e-03  2.0423760580e-02  1.4129941204e-03  2.1171993451e-02  1.4437576489e-03  1.2603210996e-02  1.1538275702e-03  1.2625412910e-02  1.2280511777e-03  3.0017122482e-03  8.6349373242e-04  2.5803400516e-03  8.8306645389e-04  2.6238378781e-03  8.0814396235e-04  1.3257673157e-03  6.8573809936e-04  
-7.4986654520e-01  3.7233356476e+01  5.9221369028e-01  9.6572102768e-03  1.3904115129e-03  1.0995432446e-02  1.3565491230e-03  8.0761965940e-02  3.5693108352e-03  8.1325509038e-02  3.5463176717e-03  2.1018651708e-02  1.6473001924e-03  2.1617877979e-02  1.6275573288e-03  1.1030051944e-02  1.1077163765e-03  1.1419983302e-02  1.1162161681e-03  4.5494691123e-03  9.4384586097e-04  5.0630413629e-03  8.7289003772e-04  4.4551318915e-03  9.5834402250e-04  4.9052768502e-03  9.2107428980e-04  
-6.4986020327e-01  3.7567314148e+01  6.0254490376e-01  8.6651110887e-03  1.5110086953e-03  1.3002622853e-02  1.3682624553e-03  7.9583319960e-02  3.5601590251e-03  7.9944676652e-02  3.5307013095e-03  1.9688826765e-02  1.3192439200e-03  2.0604111715e-02  1.3540780341e-03  1.1781050660e-02  1.2649986650e-03  1.2463677098e-02  1.1240657316e-03  3.3972947834e-03  8.3108758467e-04  3.6567453194e-03  7.8646447316e-04  2.1668262588e-03  6.9793947072e-04  3.1904837899e-03  7.5789872646e-04  
-5.4993873835e-01  3.7979652405e+01  5.9622669220e-01  8.8419952075e-03  1.4057815533e-03  1.1984745665e-02  1.3245570515e-03  7.9743277704e-02  3.3927842438e-03  8.0491850287e-02  3.3722220370e-03  1.9647169148e-02  1.3248009939e-03  2.0622031456e-02  1.2804353566e-03  1.0770184257e-02  1.0649724732e-03  1.2167410493e-02  1.0444758341e-03  3.7508997874e-03  9.8689546201e-04  4.7794159300e-03  9.1347488027e-04  3.5132398714e-03  8.7576391246e-04  4.2114774793e-03  8.3939280022e-04  
-4.4995275140e-01  3.8348777771e+01  5.9786808491e-01  5.1820584880e-03  1.3195713554e-03  1.0531137985e-02  1.1292285334e-03  8.1037663461e-02  3.6300236537e-03  8.1810133512e-02  3.5900479790e-03  2.1536350039e-02  1.5641819336e-03  2.2417650337e-02  1.4859473663e-03  1.1425082025e-02  9.6403655959e-04  1.2833962332e-02  8.9839298051e-04  4.4590427454e-03  8.9647677443e-04  4.5527833293e-03  9.0866362737e-04  1.9754106839e-03  8.5259048894e-04  3.7100537939e-03  7.1085875093e-04  
-3.4993770719e-01  3.8648975372e+01  5.9838646650e-01  7.2023076505e-03  1.2815502576e-03  1.2941305497e-02  1.1998634271e-03  8.0864278158e-02  3.5645654628e-03  8.1617331305e-02  3.5462329575e-03  2.1329589034e-02  1.2940319695e-03  2.2863309523e-02  1.2927778563e-03  1.2305783780e-02  1.2846908233e-03  1.3411485926e-02  1.2172332041e-03  5.0887562018e-03  8.7801279358e-04  7.0415351050e-03  9.3036493064e-04  3.2735045270e-03  1.0099487090e-03  3.3633335417e-03  1.0180679654e-03  
-2.4995940924e-01  3.8867973328e+01  6.0160064697e-01  7.8755975413e-03  1.5003835337e-03  1.4337875583e-02  1.2630038558e-03  7.9244997007e-02  3.8399121866e-03  8.0126844116e-02  3.8049093528e-03  2.2621680262e-02  1.4265642764e-03  2.3398198744e-02  1.3416323858e-03  1.2204426293e-02  1.0985922214e-03  1.3515939197e-02  1.0696388080e-03  4.7705212570e-03  9.2516810788e-04  6.1847569767e-03  1.0644350624e-03  2.9063863493e-03  7.3958447370e-04  4.7622655096e-03  6.3284595845e-04  
-1.4999432862e-01  3.8851669312e+01  6.0852581263e-01  8.1329270621e-03  1.5235322939e-03  1.4129134423e-02  1.2592975607e-03  7.9616747336e-02  3.6018285663e-03  8.0210686882e-02  3.5711715454e-03  2.1861383499e-02  1.2825795530e-03  2.2824982488e-02  1.2671551546e-03  1.1895182879e-02  9.6156955316e-04  1.2642398745e-02  9.6184113428e-04  2.5768918273e-03  8.4158079398e-04  4.1755402014e-03  9.0601211028e-04  2.0340737880e-03  7.4420431037e-04  3.0391921587e-03  8.4695088013e-04  
-4.9989480525e-02  3.9040138245e+01  6.0871255398e-01  8.2334192931e-03  1.3196956325e-03  1.5104132436e-02  1.2107635569e-03  7.7881784092e-02  3.5273086832e-03  7.8438244990e-02  3.5195273863e-03  2.1911289447e-02  1.2794027125e-03  2.3094295015e-02  1.2564681626e-03  1.1667729298e-02  1.2260153344e-03  1.3118007393e-02  1.2441752384e-03  3.1029229441e-03  8.1170491966e-04  5.2382261924e-03  7.8072176022e-04  2.7918295512e-03  6.5600550614e-04  4.2601778441e-03  7.0933631145e-04  
4.9981560558e-02  3.8974731445e+01  6.0321366787e-01  6.8789835654e-03  1.3173777947e-03  1.4534885323e-02  1.0986198766e-03  8.0232549267e-02  3.6563095718e-03  8.0839906771e-02  3.6284013116e-03  2.1666397235e-02  1.2893677838e-03  2.2490385536e-02  1.2525538332e-03  1.1680367441e-02  9.7407315161e-04  1.3084670097e-02  9.2441869501e-04  3.7209792831e-03  8.4299634920e-04  3.9295977697e-03  8.2275936990e-04  3.2073479967e-03  8.5624448426e-04  4.7986614134e-03  8.2126876183e-04  
1.4995041490e-01  3.8936782837e+01  6.0586631298e-01  6.9788842961e-03  1.4058719126e-03  1.4568333562e-02  1.1212269855e-03  7.9731790291e-02  3.4730099414e-03  8.0508917493e-02  3.4699189407e-03  2.2042672889e-02  1.4133555268e-03  2.2845280712e-02  1.4039888162e-03  1.1146249662e-02  1.1510153580e-03  1.3541348183e-02  1.0582251033e-03  4.1523772825e-03  9.2994776923e-04  4.9327287929e-03  8.8590767638e-04  2.0289224748e-03  7.9375345804e-04  3.8979890391e-03  7.8358638134e-04  
2.4992389977e-01  3.8840858459e+01  6.0276818275e-01  6.1254738062e-03  1.3380256124e-03  1.4515511615e-02  1.2378292616e-03  8.0957892322e-02  3.8696268923e-03  8.1769308555e-02  3.8443543766e-03  2.2269647396e-02  1.2475986568e-03  2.3133589396e-02  1.2354046242e-03  1.1901356597e-02  1.1410246936e-03  1.2434778063e-02  1.1658391487e-03  2.5398306496e-03  7.3466549094e-04  4.2213805058e-03  8.4422895312e-04  2.6501304249e-03  6.9397829763e-04  4.0620221377e-03  7.6654831945e-04  
3.4996977448e-01  3.8627418518e+01  6.0852026939e-01  7.5668224383e-03  1.3670100585e-03  1.3907216528e-02  1.3173928617e-03  7.9394376539e-02  3.4055381859e-03  7.9912909527e-02  3.3869567833e-03  2.2387976576e-02  1.2738147332e-03  2.3249869244e-02  1.2598851574e-03  1.0443896334e-02  1.0562448925e-03  1.1843760104e-02  9.9906076998e-04  3.3491920517e-03  8.2438037301e-04  4.4011618971e-03  7.2319184914e-04  1.6979899752e-03  8.9120471765e-04  3.5449691698e-03  1.0540678000e-03  
4.4991621375e-01  3.8495437622e+01  6.0904347897e-01  6.1276532210e-03  1.6370726932e-03  1.2437382002e-02  1.3014395161e-03  7.9086274677e-02  3.4879481837e-03  7.9772364310e-02  3.4798168961e-03  2.1367324900e-02  1.3572689522e-03  2.2076993163e-02  1.3268540123e-03  1.1397282036e-02  1.2278539633e-03  1.2764286240e-02  1.1628218469e-03  4.3311680802e-03  8.0020700399e-04  5.3140511688e-03  7.6490926804e-04  1.1931368949e-03  7.4900624317e-04  3.2633181119e-03  8.1008273792e-04  
5.4988735914e-01  3.8208358765e+01  6.1279612780e-01  7.1192346081e-03  1.3977249856e-03  1.2585459258e-02  1.2771646720e-03  7.8404031464e-02  3.4984869862e-03  7.8892691541e-02  3.4696325370e-03  2.2333910247e-02  1.3179061273e-03  2.3009891516e-02  1.3164585786e-03  1.0824035805e-02  1.2536650860e-03  1.1857476537e-02  1.2164148300e-03  5.2100030715e-03  8.3615504480e-04  6.7519280128e-03  9.5233508928e-04  1.9747471742e-03  6.9865164022e-04  3.4280339491e-03  7.2799831399e-04  
6.4989989996e-01  3.7831249237e+01  6.1490988731e-01  8.2180243869e-03  1.4891609557e-03  1.3829184322e-02  1.3081868475e-03  7.9099649467e-02  3.6415152476e-03  7.9500348682e-02  3.6269869762e-03  2.1084090868e-02  1.3851583623e-03  2.1880366619e-02  1.4023623841e-03  1.1816368102e-02  1.0841756462e-03  1.2682091282e-02  1.0972940375e-03  3.9564645273e-03  1.0332106375e-03  4.5954867881e-03  9.4116552614e-04  1.8818184731e-03  9.8674773418e-04  2.5785874009e-03  9.5245209683e-04  
7.4984937906e-01  3.7453987122e+01  6.0486435890e-01  7.8046573038e-03  1.5041372708e-03  1.2504345901e-02  1.2389829740e-03  7.8593071973e-02  3.6097619577e-03  7.9057648471e-02  3.5802644281e-03  2.1837470573e-02  1.2662511686e-03  2.2165735684e-02  1.2570607654e-03  1.0949965672e-02  1.0768830520e-03  1.1581542498e-02  1.0581437674e-03  4.6628575446e-03  9.0726510800e-04  4.7933406427e-03  9.0085247060e-04  2.4990578417e-03  7.6340822400e-04  3.2738434468e-03  8.5733820812e-04  
8.4986650944e-01  3.6913124084e+01  6.0511505604e-01  8.6002897318e-03  1.4722770381e-03  1.2054792481e-02  1.5334934696e-03  7.9705386432e-02  3.7435540386e-03  7.9923229503e-02  3.7360434976e-03  2.0842004990e-02  1.4569071699e-03  2.0928070698e-02  1.4961180308e-03  1.1285577593e-02  1.1811441167e-03  1.1849581782e-02  1.1755846097e-03  3.3987283961e-03  8.2755311057e-04  2.4302294622e-03  9.0389210822e-04  1.0094200777e-03  9.3485446127e-04  9.4116082506e-04  7.8965589115e-04  
9.4982916117e-01  3.6460784912e+01  6.0724103451e-01  8.6554470520e-03  1.6230597339e-03  1.0503490715e-02  1.5795743930e-03  8.0117744115e-02  3.6856004325e-03  8.0178929128e-02  3.6770084947e-03  1.9904022537e-02  1.2486810063e-03  2.0265626116e-02  1.2357019564e-03  1.2266705398e-02  1.2002416027e-03  1.2871609338e-02  1.2826533149e-03  2.1173235751e-03  9.1007001217e-04  1.5241599368e-03  9.2458408025e-04  2.5568051533e-03  7.9297864663e-04  7.6347589463e-04  9.0165138027e-04  
1.0498096943e+00  3.5923515320e+01  6.0813254118e-01  7.5288163018e-03  1.5154164890e-03  8.8366701354e-03  1.5281756105e-03  7.9421541049e-02  3.7679839948e-03  7.9538295334e-02  3.7481596653e-03  1.9578290258e-02  1.1574252772e-03  1.9340850470e-02  1.1639845166e-03  1.1006354950e-02  1.0889074526e-03  1.0825669172e-02  1.1902991014e-03  3.8667623669e-03  7.6843591643e-04  3.4755056114e-03  8.1929908090e-04  1.6960282030e-03  7.1779010673e-04  6.0246875972e-04  7.4752105118e-04  
1.1497910023e+00  3.5276485443e+01  5.9625691175e-01  8.0441438939e-03  1.6124387826e-03  7.8625130064e-03  1.6729047010e-03  7.9316477416e-02  3.8149845136e-03  7.9243012310e-02  3.8275953643e-03  2.1080793794e-02  1.3675055876e-03  2.0796962082e-02  1.4325082080e-03  1.1914126546e-02  1.2435913613e-03  1.2023479937e-02  1.2872967975e-03  3.9520023856e-03  9.4046616122e-04  2.8010612406e-03  9.6267746511e-04  1.5067556914e-03  8.2541058845e-04  7.3096116815e-04  9.2387667676e-04  
1.2497954369e+00  3.4578609467e+01  5.9555166960e-01  9.0944945198e-03  1.5542101876e-03  7.9806037535e-03  1.5399122488e-03  7.9410717967e-02  3.5461304944e-03  7.9163555017e-02  3.5443302290e-03  2.1164337615e-02  1.3146607015e-03  2.0760794909e-02  1.3390800683e-03  1.2384897837e-02  1.1657800569e-03  1.1174200179e-02  1.1668665506e-03  3.2256618622e-03  8.8662382419e-04  2.0451547648e-03  8.1894897353e-04  3.9534717174e-03  8.3385745972e-04  2.7903478314e-03  8.2029479620e-04  
1.3498036861e+00  3.3942810059e+01  6.0866397619e-01  1.0142900472e-02  1.8204001973e-03  5.8592079380e-03  1.9442722879e-03  8.0185441396e-02  3.7620378944e-03  7.9640584585e-02  3.7756438279e-03  1.9574789676e-02  1.4454909384e-03  1.9087315777e-02  1.5587843111e-03  1.1191712731e-02  1.0518380211e-03  1.0939050197e-02  1.1358431369e-03  3.0047898901e-03  7.7839489752e-04  2.4783896815e-03  9.2103507074e-04  1.9963176191e-03  8.0149026005e-04  2.0521537499e-03  8.4500983287e-04  
1.4497646093e+00  3.3163784027e+01  6.0644209385e-01  9.3226432704e-03  1.7264999588e-03  4.4644433266e-03  1.9407129342e-03  7.9198103513e-02  3.6694427406e-03  7.8501741450e-02  3.6729652834e-03  2.0548886802e-02  1.5153664317e-03  1.9524319731e-02  1.5837705512e-03  1.0352694900e-02  1.0728958372e-03  9.6088600892e-03  1.1618038147e-03  3.7177430907e-03  8.7785392694e-04  2.2560034293e-03  9.1641469210e-04  2.4500454190e-03  7.8895598812e-04  1.9036103808e-03  8.9420508427e-04  
1.5498071909e+00  3.2267879486e+01  5.9291940928e-01  8.4911436035e-03  1.6160715126e-03  2.9773623275e-03  1.8315395843e-03  8.0288113546e-02  3.7046393541e-03  7.9424075245e-02  3.6914269972e-03  2.0331001120e-02  1.4801995939e-03  1.9265834818e-02  1.5477628690e-03  9.2080754622e-03  1.1116374251e-03  7.8648358257e-03  1.1184494681e-03  3.7292511318e-03  8.7849925308e-04  2.6520102491e-03  8.6810686108e-04  3.1222028624e-03  8.4850756966e-04  1.0734153419e-03  9.4966843272e-04  
1.6497935057e+00  3.1441179276e+01  5.9407269955e-01  1.0686986417e-02  1.8118834427e-03  3.2728261041e-03  2.2297012652e-03  8.0446389379e-02  4.0529416040e-03  7.9340931835e-02  4.0445863289e-03  2.0689942884e-02  1.6168761442e-03  1.9718860977e-02  1.5994065937e-03  1.0903985470e-02  1.0543979233e-03  9.0347903771e-03  1.1110555913e-03  5.0432651793e-03  1.0426039062e-03  2.0624181080e-03  9.7893946705e-04  1.8093023887e-04  8.5421999082e-04  -7.2854477612e-04  8.2174571439e-04  
1.7497513294e+00  3.0548297882e+01  5.8474588394e-01  1.0027353450e-02  1.7492116311e-03  2.8884133502e-03  2.3442962347e-03  8.0518032165e-02  3.7745573193e-03  7.9085566180e-02  3.8047253204e-03  2.2481093030e-02  1.6076572017e-03  2.1158094163e-02  1.6878895380e-03  9.5247328569e-03  1.2665780554e-03  7.4297134649e-03  1.2985383748e-03  3.8890451332e-03  1.0461637647e-03  2.2680176345e-03  9.1284948872e-04  2.7676102821e-03  1.0589452663e-03  1.6875500652e-03  1.1555604172e-03  
1.8497059345e+00  2.9621984482e+01  5.8526587486e-01  1.0104409909e-02  1.7972821154e-03  5.4363710285e-04  2.3696067394e-03  8.0298095173e-02  3.9844986653e-03  7.8646413751e-02  3.9594614777e-03  2.4276414464e-02  2.2151107963e-03  2.2055345597e-02  2.2586953280e-03  9.9181265849e-03  1.2577750793e-03  7.2721830310e-03  1.4270592744e-03  6.0159482456e-03  1.1582036046e-03  3.6342450077e-03  1.2864523091e-03  3.1734128727e-03  1.1625879925e-03  3.3930326956e-04  1.1027309150e-03  
1.9497404099e+00  2.8622190475e+01  5.8183133602e-01  1.0248509841e-02  2.0122360867e-03  -1.5079409405e-03  2.5247586844e-03  8.0651046996e-02  4.4156730617e-03  7.8476790377e-02  4.4354113451e-03  2.0740432914e-02  1.6468836568e-03  1.8775326056e-02  1.6874077751e-03  1.0825135803e-02  1.1863209243e-03  7.3874793111e-03  1.2652935090e-03  4.4400342356e-03  1.1259314943e-03  1.9548954994e-03  1.1686458886e-03  4.6341049735e-04  1.1556502126e-03  5.4147114276e-04  1.0034972260e-03  
2.0496184826e+00  2.7589641571e+01  5.6878691912e-01  9.8468873688e-03  1.8844381859e-03  -2.0554139166e-03  2.0396350566e-03  8.0520033606e-02  4.1812919995e-03  7.8275284509e-02  4.2015680259e-03  2.2232646257e-02  2.0467623992e-03  1.9824060506e-02  2.1571810512e-03  1.0095486417e-02  1.4315005472e-03  5.0118814664e-03  1.7246525426e-03  5.6079969857e-03  9.9131338848e-04  2.9176285193e-03  1.0571851054e-03  2.3152294914e-03  1.2950459370e-03  -1.4625758683e-04  1.2745352615e-03  
2.1496987343e+00  2.6486595154e+01  5.6062388420e-01  9.4114741618e-03  2.0067156196e-03  -4.2689639052e-03  2.3796269242e-03  8.2109487932e-02  4.3921878416e-03  7.9510359727e-02  4.3982751366e-03  2.1319925151e-02  2.0009719789e-03  1.8691609143e-02  2.0655736805e-03  9.8567157984e-03  1.2168756205e-03  5.5382972746e-03  1.3851731538e-03  3.9110322142e-03  1.1174179763e-03  1.3395295312e-03  1.1115936291e-03  4.9442412024e-03  1.1744580523e-03  1.3243141872e-03  1.0768455557e-03  
2.2496426105e+00  2.5491407394e+01  5.8824938536e-01  1.0154377467e-02  1.9872311304e-03  -2.9853012595e-03  2.1600455154e-03  7.9165203439e-02  4.3948672647e-03  7.6157007098e-02  4.3665311592e-03  2.2052261902e-02  2.0572004739e-03  1.9137060807e-02  2.1888491405e-03  9.3470651407e-03  1.2373112379e-03  4.6738414142e-03  1.4450582909e-03  6.5994481700e-03  1.2439323054e-03  4.1289730694e-03  1.2975421156e-03  3.3490305800e-03  1.1717475844e-03  3.6934551688e-04  9.9033109225e-04  
2.3495490551e+00  2.4254955292e+01  5.4997509718e-01  9.3893656584e-03  2.3119589388e-03  -4.4608619424e-03  2.5714304814e-03  7.8607053102e-02  4.5904626754e-03  7.5268538957e-02  4.5314330456e-03  2.1700458217e-02  1.8894378800e-03  1.8294443751e-02  2.1602529352e-03  9.1724032152e-03  1.1956803988e-03  3.7840994449e-03  1.6049082168e-03  7.3065942240e-03  1.6854550622e-03  3.7892941630e-03  1.4413642241e-03  4.4396182057e-03  1.1320190911e-03  6.3262268968e-04  1.0811837132e-03  
2.4495797157e+00  2.3259700775e+01  5.9729123116e-01  9.1446650877e-03  2.0841855583e-03  -6.2381089281e-03  2.5230446391e-03  7.8479287090e-02  4.7213971846e-03  7.4654612037e-02  4.5976436062e-03  1.9476377492e-02  2.2124888940e-03  1.6356636482e-02  2.5116656450e-03  7.2395893092e-03  1.2314839287e-03  2.7153714411e-03  1.3888778048e-03  7.4505501705e-03  1.7351850050e-03  3.0276939470e-03  1.2756333279e-03  3.3890122461e-03  1.1529805542e-03  -4.4603590185e-05  1.2624394832e-03  
2.5495209694e+00  2.1942152023e+01  5.3916627169e-01  9.0461666264e-03  2.8104442065e-03  -5.9928758713e-03  3.3055523969e-03  7.5376775308e-02  4.5498780806e-03  7.1526966759e-02  4.4718945497e-03  1.8817955935e-02  2.0544746032e-03  1.4505776721e-02  2.4418974995e-03  8.6239939844e-03  1.2403083772e-03  4.7797425986e-03  1.4029633373e-03  6.7793347767e-03  1.7370461226e-03  2.3676422173e-03  1.2620240262e-03  4.1505665250e-03  1.2423062599e-03  -2.8924419062e-04  1.2910719219e-03  
2.6495015621e+00  2.0791059494e+01  5.2874696255e-01  9.2012807151e-03  3.0225577579e-03  -5.1445937956e-03  3.8228041883e-03  7.3786172593e-02  4.8144345192e-03  7.0125987696e-02  4.7352986748e-03  1.9319790579e-02  2.4140267372e-03  1.5169054212e-02  2.8325804283e-03  6.3796864064e-03  1.4300289911e-03  2.2316954408e-03  1.6583659409e-03  5.7487950670e-03  2.0032550812e-03  1.4808651801e-04  1.8068819499e-03  4.4307000023e-03  1.5267567066e-03  6.6506525786e-04  1.3772436513e-03  
2.7494902611e+00  1.9593683243e+01  5.0864201784e-01  1.2700347335e-02  2.4453258352e-03  -3.5936831576e-03  3.2874414027e-03  7.2382973718e-02  4.6262897871e-03  6.9087214307e-02  4.5175087317e-03  1.5599946271e-02  2.3610524858e-03  1.1358213467e-02  2.9033560852e-03  5.6036264280e-03  1.4248960150e-03  1.8103589465e-03  1.7511141227e-03  6.8294790324e-03  2.3359086429e-03  1.8668999552e-03  1.3235637627e-03  4.1314572211e-03  1.3920171948e-03  7.1758285831e-04  1.3076491740e-03  
2.8494269848e+00  1.8385532379e+01  4.8915770650e-01  1.0982649862e-02  2.9825049200e-03  -4.7216834476e-03  3.3897817873e-03  6.9858048303e-02  4.5712713542e-03  6.6449961327e-02  4.4701112711e-03  1.8383331290e-02  2.3655369374e-03  1.4318368503e-02  2.7943006677e-03  4.7460559554e-03  1.4766293334e-03  1.1896265763e-03  1.7520321343e-03  6.3763898461e-03  2.2254312719e-03  1.8118407251e-03  1.3872422856e-03  3.2198284417e-03  1.1860266990e-03  8.9970928985e-05  1.4739337897e-03  
2.9495091438e+00  1.7257959366e+01  4.7255438566e-01  1.1834653728e-02  2.5055171171e-03  -3.1800161238e-03  3.1449432689e-03  6.6569503973e-02  4.5486274679e-03  6.3138790390e-02  4.4043356317e-03  1.5248443864e-02  2.0226531629e-03  1.1334800718e-02  2.4661222806e-03  2.6645647631e-03  1.2954482071e-03  -1.1653370241e-03  1.4795175588e-03  5.7582875843e-03  2.3549801739e-03  1.5884801126e-03  1.5030854666e-03  2.5423275314e-03  1.2582451625e-03  -8.2206906398e-04  1.2555529288e-03  
3.0494186878e+00  1.6246919632e+01  4.5803388953e-01  8.9270783704e-03  3.1034008332e-03  -3.9835056535e-03  3.0759884618e-03  6.4880839712e-02  4.4792529388e-03  6.1493285999e-02  4.2894590387e-03  1.2021080898e-02  2.7350792906e-03  7.8711594148e-03  3.2222560303e-03  1.2682086096e-03  1.7133687231e-03  -1.4058646456e-03  1.7994515772e-03  5.8725989885e-03  2.2040702493e-03  1.2982651758e-03  1.4277561392e-03  1.0830333658e-03  1.4019706535e-03  1.1378021595e-03  1.4155226836e-03  
3.1493878365e+00  1.5074246407e+01  4.3425351381e-01  7.0386844322e-03  3.0691308261e-03  -3.3027921220e-03  3.3670668871e-03  6.3536324221e-02  4.7207271716e-03  6.0610928717e-02  4.5795692486e-03  1.4341356857e-02  2.2894141505e-03  1.0407542829e-02  2.7017468482e-03  1.2991085214e-03  1.8467685947e-03  -9.1114602941e-04  1.9681252171e-03  4.1604495185e-03  1.9649959929e-03  3.8493242072e-04  1.6356356935e-03  1.4366344201e-03  1.9535236454e-03  -9.8378971620e-04  1.6528671700e-03  
3.2493495941e+00  1.4030181885e+01  4.0930745006e-01  5.0835122700e-03  3.2094763307e-03  -6.9276486168e-03  3.3861029700e-03  6.0224379883e-02  3.9250701132e-03  5.7734949764e-02  3.6871075276e-03  8.4343222018e-03  2.0360188687e-03  5.3753264863e-03  2.5624146871e-03  2.1542588539e-03  1.4300297116e-03  4.3240841938e-04  1.5891159402e-03  2.9516731372e-03  2.2247226490e-03  -7.3130413729e-04  1.4053365776e-03  -5.2345621818e-04  1.6944742772e-03  -3.0082868935e-04  1.5102220849e-03  
3.3493373394e+00  1.3024623871e+01  3.8687482476e-01  7.1445914590e-03  3.2720091144e-03  -8.0557543089e-04  3.4318365578e-03  5.6675842627e-02  4.5314350478e-03  5.3697277782e-02  4.3070895908e-03  1.2772671734e-02  2.4179296182e-03  1.0078880264e-02  2.6434969946e-03  5.7575317279e-04  1.8190601339e-03  -1.5610682612e-03  1.8320596664e-03  3.4948511136e-03  2.0816883344e-03  -4.0267537662e-05  1.8198013772e-03  -7.7327849078e-04  1.5152646289e-03  3.2418360314e-05  1.6819090091e-03  
3.4493300915e+00  1.2058446884e+01  3.5875180364e-01  7.4303906901e-03  2.9326068779e-03  -9.9763356801e-04  2.8601901280e-03  5.4831643042e-02  4.5319589923e-03  5.2309736840e-02  4.3709479750e-03  1.1792448263e-02  2.2576440690e-03  9.1637579590e-03  2.5445956000e-03  -4.1620879547e-04  1.7067031404e-03  -1.6779720546e-03  1.7337553734e-03  1.1969340356e-03  1.8535427906e-03  -1.1387671705e-03  1.4552191355e-03  1.1313181468e-03  1.7991247822e-03  3.0718463527e-04  1.4539946720e-03  
3.5493261814e+00  1.1108980179e+01  3.3765771985e-01  3.1513476759e-03  3.4060089307e-03  -5.3158576562e-03  2.9396548688e-03  5.2619747357e-02  3.7187725055e-03  4.9861946594e-02  3.4647192401e-03  6.2926083506e-03  2.2581444382e-03  4.4996185305e-03  2.1847835019e-03  -6.5143019880e-04  1.7047859196e-03  -2.1719267357e-03  1.8154538479e-03  -1.2266208369e-03  1.9121175241e-03  -1.8678712815e-03  1.8355884793e-03  3.1276927690e-03  1.5102842175e-03  4.0606610506e-03  1.5001599654e-03  
3.6491849422e+00  1.0178237915e+01  3.1520104408e-01  5.8789296969e-03  3.0158847630e-03  -3.0944084955e-03  3.1497338713e-03  5.2103478039e-02  3.7638279910e-03  4.9845146227e-02  3.5632687074e-03  8.8377152042e-03  1.9182510131e-03  7.1575882336e-03  2.0817030265e-03  -1.0447246257e-03  1.8023688872e-03  -3.3288534932e-03  1.8482355562e-03  2.5327238806e-03  1.8847936291e-03  1.6724789424e-03  1.8037522857e-03  -1.2940380239e-03  1.8775884578e-03  -1.3393483937e-03  1.6130324892e-03  
3.7492797375e+00  9.3585739136e+00  3.0314427614e-01  3.9407967340e-03  2.8818026952e-03  -2.5169549320e-03  3.0188830150e-03  4.5885800086e-02  3.7952338656e-03  4.3418203394e-02  3.6705581930e-03  7.0630035978e-03  2.2725556737e-03  5.2516041564e-03  2.3870585657e-03  3.7753170654e-04  2.1753674600e-03  -4.3901352723e-04  2.4932187236e-03  -2.8034345125e-04  1.8593014033e-03  1.3779147444e-04  2.0455553356e-03  1.9498712308e-04  1.6836677083e-03  -7.7514923310e-04  1.7944982885e-03  
3.8491437435e+00  8.5724182129e+00  2.8268536925e-01  3.7157363930e-03  3.2482519595e-03  -3.2403684802e-03  3.2299794907e-03  4.9057365386e-02  4.1715304573e-03  4.6529033250e-02  3.9553872405e-03  6.9297991655e-03  2.0084909843e-03  5.4626464220e-03  2.0134327837e-03  -2.0772272507e-03  1.7946441651e-03  -1.7746869491e-03  2.0620174399e-03  1.1450875285e-03  1.8008585810e-03  9.3302453002e-04  1.8115218301e-03  -3.2389834571e-03  1.6480587172e-03  -8.6090603385e-04  1.6629617272e-03  
3.9490947723e+00  7.8236708641e+00  2.6547154784e-01  3.0540336144e-03  3.2104620196e-03  -5.0390045082e-03  2.9105525128e-03  4.2975160764e-02  3.9570665359e-03  4.0809520818e-02  3.7659949562e-03  4.9180717870e-03  2.1536180337e-03  4.3010121576e-03  2.1852244782e-03  -4.7541058909e-04  2.0724204591e-03  -9.1263283669e-04  2.3620306504e-03  -1.1288177359e-03  2.0936071215e-03  -9.7580795799e-04  1.7640299209e-03  -3.2909334320e-03  2.0892663055e-03  -2.1353628638e-03  1.8254659403e-03  
4.0490846634e+00  7.0723252296e+00  2.4954690039e-01  4.3384415702e-03  3.3844141139e-03  -5.8354876849e-03  3.4225869898e-03  4.4988324117e-02  4.2453722458e-03  4.2540267456e-02  4.0316888744e-03  1.3700804383e-03  2.1782735186e-03  6.2692143987e-05  2.1969672397e-03  -1.4887363302e-03  2.0089951645e-03  -6.7118758340e-04  2.1260711985e-03  -8.8341220210e-04  2.1478274524e-03  -5.2408408524e-04  2.0042527427e-03  4.0242254192e-03  1.7002874325e-03  4.5278362147e-03  1.9112076856e-03  
4.1491909027e+00  6.3756098747e+00  2.2601264715e-01  3.5063985750e-03  3.5925934963e-03  -2.4447180751e-03  3.3824539242e-03  4.2564770303e-02  3.8574701387e-03  4.0259601568e-02  3.7343359060e-03  2.7218291622e-03  2.0642253791e-03  2.0565597146e-03  2.0297770152e-03  2.4903454931e-03  2.0283237353e-03  9.0310452374e-04  2.2128955283e-03  -2.6728788549e-03  1.9407345466e-03  -1.8688811532e-03  1.9503352306e-03  -7.8905244558e-04  1.9449485640e-03  -1.0345348935e-03  1.7923339934e-03  
4.2489275932e+00  5.7349500656e+00  2.0814545453e-01  -3.7419303326e-04  3.6764044460e-03  -2.5932867183e-03  4.4182806072e-03  3.6541195529e-02  3.8803088929e-03  3.4681443432e-02  3.7560183508e-03  4.3363489412e-03  2.2693577115e-03  3.3175683167e-03  2.2575415424e-03  -1.6202050760e-03  2.5716808256e-03  -2.7929981534e-03  2.8342210764e-03  2.3702179531e-03  2.5947848951e-03  1.5800334219e-03  2.4269997952e-03  3.5392964486e-04  2.0200111064e-03  -3.9945593671e-04  1.9126909328e-03  
4.3489966393e+00  5.0869612694e+00  1.9045756757e-01  -8.9967992072e-04  4.5454725274e-03  -3.6469275977e-03  4.5680662820e-03  3.3065541273e-02  3.7629115896e-03  3.0874236285e-02  3.8192728830e-03  6.3223461284e-03  2.3686119874e-03  5.2560230323e-03  2.3352372773e-03  -2.4771326337e-03  2.4164324833e-03  -4.5260149918e-03  2.5073294697e-03  -1.4587966683e-03  2.0008747966e-03  -1.9152177121e-03  2.2415063942e-03  -4.6266673538e-04  2.7850154709e-03  5.8998062846e-04  2.8786004666e-03  
4.4488601685e+00  4.4864578247e+00  1.7574563622e-01  1.0311225893e-03  3.7585179870e-03  -3.5443999925e-03  3.8104213879e-03  3.0710599779e-02  3.9980178404e-03  2.8804946768e-02  3.8511276427e-03  5.1994771053e-03  2.7901308537e-03  4.8502867288e-03  2.9104410501e-03  3.4693153280e-04  2.0517354985e-03  -1.1140876146e-05  2.4549780215e-03  -2.5127587129e-03  2.3304663506e-03  9.9949443121e-05  2.0904297895e-03  -3.9709330603e-04  2.5293055635e-03  -8.8330615537e-05  2.1506858538e-03  
4.5487294197e+00  3.8973448277e+00  1.5755817294e-01  -1.5874931411e-03  4.2870737568e-03  -6.2423056116e-03  4.2225171998e-03  2.9249127052e-02  3.7322805571e-03  2.7241144982e-02  3.4832304952e-03  -1.2335022419e-03  2.8924913253e-03  -1.5723028406e-03  2.9628758927e-03  4.6453214414e-03  2.3855462010e-03  4.7013218126e-03  2.4667499728e-03  4.8484657867e-03  2.8529371652e-03  1.4990980787e-03  2.3114706099e-03  -3.5613198481e-03  2.6756749200e-03  -2.8916935091e-03  2.9582203750e-03  
4.6487355232e+00  3.4107558727e+00  1.4187614620e-01  5.0696757353e-03  4.0514296319e-03  7.5537082877e-04  4.6639468751e-03  2.7224135287e-02  4.1162074796e-03  2.5275254968e-02  3.9801982821e-03  9.5231090884e-05  2.9334185671e-03  4.2394097192e-04  3.3314220114e-03  -4.6650223295e-03  3.1626391890e-03  -4.9867118402e-03  3.5524150403e-03  -3.3756322563e-03  2.6272268474e-03  -2.5946435893e-03  2.4400326546e-03  -3.0748326567e-03  3.0794224831e-03  -3.3171765252e-03  2.8987433641e-03  
4.7485122681e+00  2.9211695194e+00  1.2399914116e-01  5.4929505616e-03  5.4316892916e-03  -1.1370346214e-03  5.5173737998e-03  2.4203777044e-02  3.9571987987e-03  2.2731304188e-02  3.9002429898e-03  -4.0072702500e-03  3.1389660315e-03  -5.3576223994e-03  3.1197501415e-03  -1.4964842940e-03  3.6081984073e-03  -2.1899540755e-03  3.7190674132e-03  1.5585478101e-03  3.0638564666e-03  1.1568844518e-03  3.4235304704e-03  5.3886652848e-04  3.1760363818e-03  -9.9618509062e-04  2.8941016658e-03  
4.8483862877e+00  2.4760463238e+00  1.0854440182e-01  2.2308290627e-03  4.5740259006e-03  -6.6317544986e-04  5.0009814374e-03  2.1794056021e-02  3.4703422767e-03  2.0522459074e-02  3.4287370701e-03  5.9708630301e-03  3.7315725144e-03  4.8295377691e-03  3.8582376108e-03  -2.3088244813e-03  2.9665117416e-03  -3.6492850175e-03  3.0235890843e-03  -1.3982240053e-04  3.4735549082e-03  2.7805005186e-03  3.4910736580e-03  -2.0475013148e-03  3.8503215691e-03  -3.2489924960e-03  3.8354612200e-03  
4.9486050606e+00  2.0812771320e+00  9.3270875514e-02  -5.2515791019e-03  5.5937124614e-03  -3.3818263076e-03  5.2618815529e-03  2.0950507757e-02  4.3676491087e-03  2.0054060486e-02  4.2051243743e-03  9.6427543646e-03  3.5257380664e-03  8.5615520366e-03  3.4591866247e-03  -1.9193957146e-03  3.7872691644e-03  -2.6839887099e-03  3.8895798294e-03  2.5681280255e-03  3.5232001467e-03  -4.7350630400e-04  3.9419878411e-03  3.5465625547e-03  3.6406598023e-03  3.6399273836e-03  3.6086180427e-03  
5.0484762192e+00  1.7252441645e+00  7.9604513943e-02  -1.2565670669e-02  6.7685689639e-03  -6.9786198917e-03  5.9626175682e-03  2.1487214823e-02  4.3631821125e-03  1.9246636131e-02  4.2138766790e-03  -3.2964179343e-03  4.6141991328e-03  -1.6278662472e-03  4.5723084158e-03  -1.8270425360e-03  4.1869270279e-03  -2.0761888513e-03  3.9716771985e-03  -3.6937240175e-03  3.6368792631e-03  9.0610523695e-04  3.8209888260e-03  2.5919120586e-03  4.6215574305e-03  -5.1971397353e-03  4.7178525173e-03  
5.1480231285e+00  1.4200607538e+00  6.8519406021e-02  -3.1205042057e-03  6.7957627534e-03  3.0305228033e-03  7.0955723610e-03  8.3150270193e-03  5.1132489324e-03  7.3572934231e-03  5.0942770318e-03  -7.6316521196e-03  4.8782779530e-03  -8.4161862309e-03  4.9759455190e-03  2.0215772554e-03  4.3853740095e-03  3.4189807424e-03  4.1580362773e-03  -3.6698270164e-04  4.7929620550e-03  -1.6222784175e-03  4.5700455562e-03  2.6242162141e-04  5.1506830666e-03  5.6524170135e-03  4.8809541303e-03  
5.2480916977e+00  1.1582813263e+00  5.5950269103e-02  1.7782966404e-03  6.6622529580e-03  2.1997095910e-03  7.6863166681e-03  1.8964356829e-02  6.3258514725e-03  1.6797187316e-02  5.9748319238e-03  -6.7394135818e-03  6.0038897352e-03  -4.3275561544e-03  6.0635025663e-03  2.7720509985e-03  5.3178768527e-03  4.0235571424e-03  5.3778271709e-03  -6.9791991237e-04  5.1098339756e-03  -5.4802013844e-03  5.4516052737e-03  -1.8357639120e-04  5.7908929000e-03  3.5278732101e-03  6.2066053432e-03  
5.3476853371e+00  9.4756221771e-01  4.8039063811e-02  -3.6850454653e-03  6.8081880897e-03  6.1308671768e-03  6.4363343780e-03  -3.0706275701e-04  7.3149995542e-03  2.6245973022e-04  7.3657128903e-03  -1.1582037358e-03  6.5192947633e-03  -6.0465623631e-04  6.4301218870e-03  4.5331462584e-03  5.6167775016e-03  -1.0202869484e-03  6.0659725150e-03  -1.2290449826e-03  6.0288792296e-03  -2.5399466412e-03  6.7526520918e-03  1.0093052755e-03  7.4980695433e-03  8.3455028992e-03  6.9698295976e-03  
5.4476075172e+00  7.6294147968e-01  3.9859965444e-02  2.2649927209e-03  9.1483561963e-03  1.5286446645e-02  9.2121569617e-03  1.3900434137e-02  7.1805938463e-03  1.3288816984e-02  7.1141330567e-03  -1.3844777534e-03  7.3851104295e-03  -4.4679501137e-03  7.1756571843e-03  -1.1411768225e-03  7.3047987270e-03  -1.4125793209e-03  6.7732065016e-03  -1.1162649711e-03  7.7047702146e-03  4.8891755479e-03  7.7867809250e-03  1.9901514207e-02  6.8409688783e-03  1.7409739373e-02  6.6897762846e-03  
5.5477633476e+00  5.9517312050e-01  3.2473195344e-02  -1.6572832245e-03  1.1343652834e-02  2.1485778974e-02  1.3180308634e-02  1.3459995821e-02  8.2096604323e-03  1.2628418787e-02  8.2961388288e-03  3.9568498656e-03  9.2852223174e-03  2.7844406318e-03  9.4191694044e-03  1.7209285217e-02  7.3018159002e-03  1.3868221543e-02  6.7623017278e-03  9.6190367614e-03  8.3615003528e-03  1.0951531244e-02  6.5586790029e-03  -1.9802895557e-02  8.9579971633e-03  -7.5934394935e-03  7.7488413179e-03  
5.6476359367e+00  4.7188195586e-01  2.6022572070e-02  1.8297211709e-02  1.5506152751e-02  2.2355838592e-02  1.9542988595e-02  -6.1144475266e-03  1.0549617146e-02  -6.1227511951e-03  1.0508256323e-02  -1.6976416332e-02  1.2792806333e-02  -1.9587306498e-02  1.1830477500e-02  -8.8815921918e-03  1.1512134647e-02  5.1656344287e-03  1.0959258901e-02  5.7097358279e-03  1.0619711449e-02  1.2506021388e-02  9.3574375321e-03  2.7878308876e-03  1.0801668200e-02  -5.0624937237e-03  8.0246929057e-03  
5.7472305298e+00  3.6905789375e-01  2.1220665425e-02  1.6606635318e-02  1.8108554540e-02  3.7636037647e-02  2.5907253173e-02  8.8263485567e-04  1.2729025738e-02  -2.7979912180e-03  1.2020644342e-02  -1.2823586875e-02  1.4775301238e-02  -1.3588626091e-02  1.3406382278e-02  -9.8358368616e-03  1.2962483372e-02  -7.0431416701e-03  1.2264760150e-02  -1.4640214402e-02  1.3156893942e-02  -6.2527312998e-03  1.1231745075e-02  -5.0259749549e-03  9.0322094876e-03  -4.1049195553e-03  9.2673621605e-03  
5.8464426994e+00  2.8457903862e-01  1.7265969887e-02  1.4482638002e-02  1.8606001541e-02  2.1762531068e-02  1.9093882365e-02  -1.0609681828e-02  1.3694552392e-02  -9.9607437379e-03  1.4148775367e-02  -3.2111073508e-02  1.4178292607e-02  -2.9301759777e-02  1.3241004834e-02  8.0161142528e-03  1.2593304428e-02  1.5436330733e-02  1.1803942454e-02  1.7379783749e-03  1.3246616263e-02  8.7382834760e-03  1.2812801599e-02  -1.2329337024e-02  1.0977441670e-02  1.8149367594e-03  1.2541968697e-02  
5.9464974403e+00  2.1652035415e-01  1.3855874538e-02  5.3161415012e-02  1.9173863221e-02  3.6049699123e-02  2.2704217861e-02  -6.5372176048e-03  2.3857469230e-02  -5.3283378900e-03  2.3927564925e-02  -8.1823283300e-03  1.9162728264e-02  -1.5204231922e-02  1.8599562568e-02  6.3169490063e-03  1.2921511836e-02  1.7816247121e-02  1.4304882031e-02  -9.1472788973e-03  1.7054993052e-02  -3.0481758689e-05  1.6302302140e-02  3.2299033760e-02  1.6585805800e-02  1.0790318212e-02  1.4974027312e-02  
6.0460753441e+00  1.5881085396e-01  1.0573931970e-02  7.3080828417e-03  1.9223219699e-02  3.1858541148e-02  1.8562043756e-02  -1.3050908422e-02  2.0686350424e-02  -1.6398100379e-02  2.1585922752e-02  -5.6879415801e-02  2.9194415455e-02  -6.4808271556e-02  2.7494628394e-02  -2.2302991831e-03  1.4560998862e-02  -4.1818414988e-03  1.5742145903e-02  4.2907318849e-02  2.3392155132e-02  6.7642385154e-03  2.5554334363e-02  -1.0436405461e-02  1.5597112428e-02  -1.5280094334e-02  1.5599430163e-02  
6.1441369057e+00  1.2171855569e-01  8.4714675322e-03  -2.1566323475e-02  2.6078713613e-02  6.9659446845e-03  2.4162373906e-02  1.7126604012e-02  2.9794477521e-02  1.3659936016e-02  2.9390344092e-02  -1.1049499409e-02  2.7812238019e-02  -1.1868992813e-02  2.6331166267e-02  -6.6553016431e-03  1.9291304204e-02  1.4322543822e-03  1.6590024481e-02  -5.4625532522e-03  2.0919740445e-02  -2.5290675845e-02  1.9576167957e-02  3.7307302516e-02  1.2880534882e-02  2.8731773559e-02  1.4015503424e-02  
6.2446403503e+00  9.5440953970e-02  7.5050238520e-03  2.5394131871e-02  3.2516020932e-02  3.6781236721e-02  2.9845125076e-02  1.6100331454e-02  2.8655601832e-02  9.5301902458e-03  2.9119882773e-02  4.9200080220e-02  2.3373899720e-02  4.0625681160e-02  2.4347317993e-02  -2.1612989150e-02  1.9654685966e-02  -1.3029431593e-02  1.8246429642e-02  -1.5573063462e-02  2.2890020828e-02  1.8595689723e-02  2.5271034466e-02  7.7027305589e-03  3.6441317141e-02  1.9588034252e-03  2.4144922278e-02  
6.3433761597e+00  7.1896687150e-02  6.3655874692e-03  3.7550942588e-02  3.7371988584e-02  1.9186475329e-02  3.8282409316e-02  2.0272481788e-02  3.9156660290e-02  8.1069836292e-03  4.0915891234e-02  -1.2121815836e-02  3.2525316281e-02  -1.2580074237e-02  3.1551076984e-02  1.5684760777e-03  5.6999552788e-02  2.5040072950e-03  5.2880704684e-02  -2.1390942122e-02  3.5203238666e-02  -8.7691111077e-03  2.7145091373e-02  -1.0395544399e-02  3.5893308517e-02  2.3148694873e-02  2.6295780511e-02  
6.4428954124e+00  5.0551690161e-02  5.2633727901e-03  5.6808335111e-02  5.0298707407e-02  3.9117081595e-02  4.3739977035e-02  1.0296466026e-02  7.3510372049e-02  -6.3937675531e-03  7.4440264903e-02  5.8864499932e-02  4.2559921305e-02  5.7262326274e-02  4.2086548151e-02  -1.0337935053e-01  9.8786033346e-02  -7.9431042714e-02  9.2423994766e-02  -8.1879919222e-02  5.4451156728e-02  -5.2475081930e-02  3.7578172631e-02  -3.2096554698e-02  4.6028065796e-02  -3.2770889245e-02  3.0035286383e-02  
6.5386266708e+00  3.8846030831e-02  5.0857900642e-03  4.8776885946e-02  6.3482239908e-02  8.5527576813e-02  5.4770435551e-02  -1.5290260129e-02  7.1872416831e-02  -2.6454688828e-02  8.1967802997e-02  5.3188363301e-02  7.3517941563e-02  4.1220276088e-02  7.3740103339e-02  -1.3944889308e-01  1.5734935269e-01  -1.1860066869e-01  1.4081431308e-01  -1.3359178564e-01  8.6341602549e-02  -5.1760486469e-02  7.1872070846e-02  -5.4364287237e-02  6.7439536479e-02  -4.7611875632e-02  3.1431932074e-02  
6.6364703178e+00  2.8838057071e-02  3.0601434410e-03  4.3799260737e-02  5.6291064917e-02  2.7954933195e-02  5.0766087702e-02  2.6083600113e-03  7.6825937518e-02  -1.0931789280e-02  7.8736707729e-02  5.1100712654e-02  4.1867697044e-02  4.3873765266e-02  4.2687742230e-02  -4.2525724671e-02  7.8375533373e-02  -4.0910871037e-02  5.4527612994e-02  -9.6122398435e-02  5.3953005909e-02  -1.0134874922e-01  5.2287927935e-02  -1.0468410293e-01  4.8559507317e-02  -7.6285607114e-02  3.3136163175e-02  
6.7345309258e+00  2.0388785750e-02  2.4277758785e-03  2.3419207449e-02  4.8138373187e-02  1.8351572713e-02  4.7777436466e-02  -3.3837881544e-02  5.5020023329e-02  -3.1372814671e-02  5.7427733769e-02  1.6003878810e-02  5.9375857538e-02  2.7975491421e-02  5.8606144302e-02  -8.0403473699e-02  8.0885797937e-02  -6.0864225386e-02  7.7285569191e-02  -7.1427144379e-02  5.9442043887e-02  -2.8677190980e-02  4.9352042189e-02  -5.2538565626e-03  7.5777631181e-02  -2.8237738176e-02  4.3283342581e-02  
6.8309864998e+00  1.5114588663e-02  1.9761004951e-03  2.2705151832e-01  8.7390577651e-02  1.4784069221e-01  7.3248229649e-02  -2.0121263080e-03  6.1587727795e-02  -7.9823489304e-03  6.6603782175e-02  6.8028835906e-02  4.8415899842e-02  7.5998255887e-02  4.7336486753e-02  -1.2675982556e-01  9.3531337620e-02  -7.0911200098e-02  8.9566218065e-02  -5.4169420614e-02  8.2044401408e-02  -6.7591239189e-02  7.5795826714e-02  -2.4573331394e-02  4.4611254360e-02  6.2593876447e-03  4.6495573222e-02  
6.9231033325e+00  1.0292636231e-02  1.4390565921e-03  6.3696579297e-02  6.9429376285e-02  2.1291634041e-02  7.3326695023e-02  -4.4614538896e-02  9.1683061613e-02  -3.7221805269e-02  8.0119843014e-02  4.8155131068e-02  1.0278045865e-01  5.3230440859e-02  1.0490250150e-01  -6.5026841405e-02  1.3070076519e-01  -1.3972056488e-01  1.2378379830e-01  -9.0448121204e-02  6.4694540285e-02  -8.9060477452e-02  7.7295505428e-02  -9.4546154525e-02  6.7946735186e-02  2.5419665174e-02  5.0588916612e-02  
7.0206947327e+00  8.7576201186e-03  1.3837740989e-03  2.1982952169e-01  8.6809520232e-02  1.1961004196e-01  8.5779270331e-02  9.7659649038e-03  1.1796866609e-01  5.9910860828e-03  1.1261132778e-01  -1.1196614456e-01  7.3481257235e-02  -9.9514581109e-02  7.4707995604e-02  6.7302036915e-02  7.8127578860e-02  6.2489725707e-02  7.1276486047e-02  8.1543730591e-02  7.5015794228e-02  5.5118647010e-02  6.3564215271e-02  -1.7327692292e-02  4.8207617746e-02  -8.6460882652e-03  4.0927018729e-02  
