#y  dN/dy  dN/dy_err  vn{2}(y)  vn{2}(y)_err  Re{vn}(y)  Re{vn}(y)_err
-6.9988827705e+00  8.2845793804e-04  3.0647075619e-04  -4.1411931965e-01  2.6449639533e-01  -4.6944415318e-01  4.7063270889e-01  1.2732530412e-02  1.9295485809e-01  3.1505908774e-02  2.3641445086e-01  -7.7186674431e-02  2.1878511974e-01  -1.2687438469e-01  2.3827842231e-01  -6.2391372559e-02  1.1370819918e-01  -5.8671758743e-03  1.0444678474e-01  -1.4253968662e-01  1.4514549167e-01  -8.6672512405e-03  7.9157624885e-02  1.9337047447e-02  6.0494298487e-02  -5.9519898089e-02  8.4131143034e-02  
-6.8941340446e+00  6.2731094658e-04  1.8717434432e-04  -2.0200425478e-01  3.5603331300e-01  -2.8061534099e-01  2.7941511055e-01  -1.2657434715e-01  1.9476008757e-01  -7.5272765885e-02  2.2798353766e-01  4.8447360475e-02  1.5252352513e-01  2.9007500223e-02  1.7493700976e-01  2.9399612455e-01  1.0025786282e-01  2.5154515873e-01  9.7625009384e-02  1.7381498335e-02  1.5809769214e-01  -6.3047479116e-02  1.4386878917e-01  -8.9883068538e-02  1.0264488465e-01  2.8424110782e-02  8.6411894319e-02  
-6.7938251495e+00  6.5474555595e-04  2.0746757218e-04  -1.8511043124e-01  1.6236334500e-01  -7.2731098806e-02  1.4352170989e-01  -1.4644417152e-02  1.8697476125e-01  2.7489264101e-03  1.9713149410e-01  -2.4829051248e-01  1.3818714166e-01  -2.3582770280e-01  1.3252588276e-01  2.7198275528e-01  1.4197666088e-01  2.2120027944e-01  1.5768480909e-01  -8.3615414342e-02  1.1205032575e-01  -4.8592127403e-02  1.2148315792e-01  -1.6289922922e-01  8.5666917590e-02  -1.1476289709e-01  8.8291252370e-02  
-6.6931982040e+00  1.1557015823e-03  3.2411576831e-04  -5.0040040396e-02  1.6841638315e-01  -6.3592121138e-02  1.9425677137e-01  -2.5703098630e-02  1.0057322514e-01  -2.1277391005e-02  1.0425585462e-01  1.9365215195e-01  1.6655805402e-01  1.2254149672e-01  1.4175797102e-01  -1.0319649694e-01  6.8739889896e-02  -6.6349925283e-02  6.2705853620e-02  -8.3232294285e-03  7.2584972532e-02  -6.6065429520e-03  7.1270239499e-02  -5.6580963545e-02  6.6772679631e-02  -9.4720577631e-02  6.6220577938e-02  
-6.5911736488e+00  1.2632166035e-03  2.9972768971e-04  -9.4052402873e-02  1.8177356304e-01  6.3919051579e-02  1.2789459605e-01  -1.4508073640e-01  1.2370399070e-01  -1.1827045696e-01  1.2249696895e-01  4.3359292034e-02  8.9029420012e-02  6.9766322683e-02  8.5590083440e-02  2.8473166350e-02  8.2555024139e-02  5.8306206805e-03  7.1878516578e-02  -1.0026472710e-01  1.1256325560e-01  -5.4802139356e-02  1.0620123486e-01  -6.2587438379e-02  6.4739511797e-02  -2.7096602606e-02  8.3477519468e-02  
-6.4893269539e+00  1.7168439226e-03  3.6003781133e-04  -6.1224873786e-02  2.0867011698e-01  6.7353040042e-02  1.4435586348e-01  5.7073825229e-02  7.5558680180e-02  7.0130726399e-02  7.7183989067e-02  -5.4890924152e-02  8.4099888308e-02  -7.1516198961e-02  8.6585842472e-02  9.1710970110e-02  6.9975802990e-02  7.9088724237e-02  6.6070587193e-02  -2.8624134248e-02  1.2129991091e-01  -1.0769366192e-02  1.1416922202e-01  1.9195277453e-02  5.8403005093e-02  -4.4852799719e-02  8.1079933863e-02  
-6.3892736435e+00  2.3517480586e-03  5.4158939747e-04  -1.7607594783e-01  1.8612336673e-01  1.2215359316e-02  8.4595870603e-02  3.1023225452e-02  9.7098320206e-02  6.6321913505e-02  1.0451934667e-01  5.3326097944e-02  7.3231489859e-02  5.7764971724e-02  8.2504415922e-02  2.5795378067e-02  4.0448716935e-02  1.7798657846e-03  4.8405286985e-02  -3.0019712729e-02  7.6639005929e-02  1.6866139274e-02  8.2462105299e-02  -7.8584854700e-02  6.7023038372e-02  -5.4543895363e-02  7.5036086641e-02  
-6.2876505852e+00  2.9508946463e-03  8.0794305541e-04  -1.9945123001e-01  1.9415141793e-01  -5.5436790087e-02  1.1767185239e-01  1.2445938374e-01  7.6174662310e-02  1.2761821856e-01  8.7238548108e-02  -2.2579611701e-01  1.1926560511e-01  -2.1023962023e-01  1.0573808598e-01  6.4138717683e-02  5.1179277344e-02  6.3129104180e-02  4.7381861960e-02  -1.2461838545e-01  1.4330739287e-01  -6.7282153845e-02  1.4624002815e-01  -9.3966726252e-02  6.8971216041e-02  -1.0325347625e-01  6.1054772140e-02  
-6.1835083961e+00  3.5521627869e-03  8.9019845473e-04  -1.9994962535e-01  1.1805226622e-01  -7.2610851301e-02  1.2399566435e-01  -6.8037915832e-03  1.0510268305e-01  -4.4507274249e-03  1.1725874221e-01  -3.0784178687e-02  7.4514419485e-02  -8.4609218760e-03  8.3131908421e-02  -6.2147964590e-02  3.9856202081e-02  -3.8883560337e-02  4.4278970800e-02  6.9040645557e-02  8.1425814074e-02  3.8377338279e-02  6.6225877195e-02  -3.9382031263e-02  5.1963177167e-02  -1.0087057591e-01  4.4141358510e-02  
-6.0830545425e+00  3.4567287657e-03  6.3448894070e-04  -2.0025555911e-01  9.6457006755e-02  -3.3657291923e-02  7.6543841981e-02  9.6795821448e-02  5.2509563721e-02  1.0747974913e-01  5.9734463333e-02  1.6576032817e-02  5.8750227132e-02  3.2658482322e-02  4.5282020463e-02  -3.6793433605e-02  3.3163235206e-02  -2.9763352544e-02  3.5743394072e-02  -8.8709121304e-02  6.7496232858e-02  -8.1534063995e-02  6.2400424462e-02  5.7072725299e-02  3.6566839636e-02  2.6566812702e-02  4.5420910806e-02  
-5.9763751030e+00  5.2236397751e-03  9.4518484548e-04  -2.2453832718e-01  7.2599552902e-02  -1.3931845722e-01  8.8842192537e-02  -4.6722427657e-02  4.2206326318e-02  -4.7054983866e-02  4.9635421883e-02  -2.2663778098e-02  7.5927381292e-02  -2.6423109398e-02  7.2522095612e-02  2.7236479487e-02  2.2836387406e-02  2.6057841636e-02  2.3709504086e-02  -1.6229346727e-02  6.0322209253e-02  -4.7658969591e-02  4.6378453539e-02  -2.9185078924e-02  4.3557062797e-02  -7.4772833447e-02  4.7195505200e-02  
-5.8759140968e+00  5.8558238670e-03  1.0121117812e-03  -9.1384134921e-02  6.1308846056e-02  -1.9364620061e-01  9.4595801014e-02  8.6699031217e-02  2.8460070612e-02  7.5042637141e-02  3.5221695522e-02  -6.5255895209e-03  4.8029693253e-02  -6.2853109216e-03  5.0475011335e-02  -6.3513940276e-02  4.3441927689e-02  -5.8841666967e-02  3.6390314847e-02  -1.4513463913e-02  4.8545390644e-02  -2.4185021736e-02  4.8584039817e-02  -4.9340170941e-02  4.1381616081e-02  -1.4581910040e-02  4.1673978909e-02  
-5.7724103928e+00  8.3029875532e-03  1.4421967790e-03  -6.6179753680e-02  5.4098696767e-02  -1.0782343966e-01  7.0062838519e-02  3.6606583735e-02  5.3781121899e-02  1.0441672152e-02  5.7983169967e-02  -2.7086730400e-02  5.7350058488e-02  -7.1124959747e-02  7.1187085247e-02  8.9876608201e-02  3.8333143906e-02  6.7404902597e-02  3.6796390116e-02  1.7680754534e-03  7.5180253507e-02  -1.7076898281e-02  6.3129487926e-02  1.7936889553e-02  3.4798164250e-02  3.1712222483e-02  4.0440692544e-02  
-5.6683077812e+00  1.0951558128e-02  1.4281055192e-03  -2.6634079333e-02  4.6171026948e-02  -9.3586168689e-02  6.7319420720e-02  -4.6648649955e-02  3.4705347321e-02  -5.4247901072e-02  3.3256407759e-02  6.8061697430e-02  3.0865521135e-02  4.7124521009e-02  2.9788000442e-02  1.0358919646e-02  2.6507488228e-02  3.7443740443e-03  2.6090357264e-02  -8.5423659609e-02  2.4286116408e-02  -5.1476650662e-02  2.6701552254e-02  -2.4272517254e-02  2.5655895807e-02  -2.0486897585e-02  3.0919451482e-02  
-5.5645799637e+00  1.4451176859e-02  1.8522595055e-03  -3.8900042523e-02  3.4819357063e-02  -2.6706350179e-02  3.7692577458e-02  2.7104050206e-02  2.5242578442e-02  1.3243045791e-02  2.2540263745e-02  2.7647550931e-02  2.6099212761e-02  1.3750822319e-02  2.5001090451e-02  -7.4843728163e-03  2.3614683312e-02  -2.8221534888e-02  2.4689020426e-02  1.1618078178e-02  4.0432050665e-02  1.4109992536e-02  3.7376593783e-02  1.4562015103e-03  2.5367417812e-02  3.0446133899e-02  2.8543882858e-02  
-5.4586796761e+00  1.8885344267e-02  2.1472598892e-03  -4.4274716999e-02  3.4733399379e-02  -3.5175150484e-02  4.0841119850e-02  6.2657145131e-03  2.6576337638e-02  1.8565267057e-03  2.6314771856e-02  -5.3196851050e-03  3.1773003060e-02  1.7447005148e-03  3.5152329014e-02  -7.6422855280e-03  2.6426767238e-02  -1.9378905137e-02  2.5960711125e-02  1.4697664843e-02  2.8321548962e-02  3.6590322187e-02  2.3805849898e-02  6.4298586150e-03  2.0821447180e-02  7.6883526113e-03  2.7481440290e-02  
-5.3547573090e+00  2.5840274990e-02  2.4651153944e-03  -3.0468644308e-02  2.5933127622e-02  2.5479237454e-02  3.0099942744e-02  2.3616572680e-02  2.8449138674e-02  1.6067982932e-02  2.6202726131e-02  -2.7765172629e-02  1.7511609408e-02  -2.2322372638e-02  2.0026906774e-02  1.3857986353e-02  2.0078631457e-02  9.1235522461e-03  1.7426070683e-02  1.3919739600e-02  2.7876605804e-02  1.9717770657e-02  2.7167439540e-02  -7.0533001940e-04  1.8308882059e-02  4.7200491512e-03  2.2180166127e-02  
-5.2542066574e+00  3.5471994430e-02  3.0238267500e-03  -4.8807506545e-02  1.5736381544e-02  -3.2942648920e-02  1.9235850534e-02  3.2407888972e-02  1.3532466696e-02  2.8362574968e-02  1.2882822711e-02  -1.5523272414e-02  1.6463685848e-02  -1.1831736686e-02  1.7491441693e-02  8.9871352301e-03  1.7452154438e-02  1.2195384862e-02  1.7348245021e-02  -1.9966554514e-03  1.8699000602e-02  -8.9896745524e-03  1.6414564160e-02  1.3782788862e-02  1.6432822577e-02  2.8131386607e-02  1.6889440525e-02  
-5.1524605751e+00  5.0025373697e-02  3.9745173417e-03  -4.8004334184e-02  1.6349031923e-02  -2.4792016503e-02  1.8149068011e-02  6.3088496491e-03  1.4876403744e-02  2.8753279000e-03  1.3989512420e-02  4.2171778718e-04  1.6280030445e-02  5.5377012741e-03  1.6239993427e-02  -1.2737506525e-02  1.2610938397e-02  -1.7869539787e-02  1.2220197177e-02  -2.8770056529e-03  1.7374077290e-02  3.0565435864e-03  1.6383402721e-02  1.1743732785e-02  1.1632415236e-02  2.0009116340e-03  1.1055398957e-02  
-5.0504994392e+00  6.7365385592e-02  4.9945819192e-03  -1.6802736434e-02  1.1827088077e-02  -1.8597952527e-02  1.6543269292e-02  1.8021951534e-02  1.2598999251e-02  1.1119934212e-02  1.2748285074e-02  -1.3868195798e-02  1.1561521808e-02  -1.2930485890e-02  1.1951354846e-02  2.3828516581e-02  1.1586918583e-02  2.0129274083e-02  1.2027835596e-02  1.1152010782e-02  1.0701966283e-02  -9.6095397934e-04  1.0783792577e-02  -1.5476721577e-02  1.0502720147e-02  -1.3776798619e-02  1.0962843663e-02  
-4.9494647980e+00  8.8024683297e-02  6.0051530600e-03  -1.6961923278e-02  1.1278457049e-02  2.3093387066e-04  1.4716602262e-02  1.9999052588e-02  1.1224442913e-02  1.2988781167e-02  1.0994887660e-02  -3.0813442130e-03  1.3610015514e-02  -3.0350440836e-03  1.4448037596e-02  2.1819530435e-02  8.9151077773e-03  2.2794147554e-02  8.7116570654e-03  -7.3037384041e-04  1.2950690242e-02  9.2413383322e-03  1.2172664716e-02  -1.2219289384e-02  8.6166800821e-03  -9.2541530335e-04  9.6295793979e-03  
-4.8490595818e+00  1.1361756921e-01  7.1317371912e-03  -2.4192076766e-02  1.2821704304e-02  7.4474670175e-03  1.5850448927e-02  1.0267297623e-02  9.7107634040e-03  5.2700126876e-03  9.1188998464e-03  9.4503260227e-03  1.1092220858e-02  1.4956955270e-04  1.0824991370e-02  -6.8738351776e-03  7.0375362170e-03  -6.7104480742e-03  7.1370676742e-03  2.0220979242e-03  1.1191537988e-02  1.0143897254e-02  9.5195662587e-03  8.2122446703e-03  8.2631859290e-03  1.5777395104e-03  1.0755128670e-02  
-4.7485141754e+00  1.4281152189e-01  8.3837034181e-03  -1.4831531099e-02  1.1133748794e-02  -4.5000745722e-03  1.1522983785e-02  2.4455011822e-02  8.2998633769e-03  2.2009179547e-02  7.8813132258e-03  -5.6019621659e-03  7.0979682006e-03  -6.8008384824e-03  6.6502956133e-03  -5.3286262317e-03  8.2535478031e-03  2.0875203694e-04  8.1890848538e-03  -1.1222884952e-02  7.0619448315e-03  -4.6986870192e-03  8.3597079078e-03  -5.1750887010e-03  7.7925818623e-03  9.3092103061e-03  7.9220916483e-03  
-4.6488986015e+00  1.7696109414e-01  9.7493380308e-03  -2.0267766720e-02  1.0663314556e-02  -1.1791000062e-02  1.2872709411e-02  3.1191621432e-02  8.3947397161e-03  2.8232450350e-02  8.3704606323e-03  7.2965314184e-03  6.4031220618e-03  6.7039566324e-03  6.2310610734e-03  5.7134984091e-04  6.0824947661e-03  -1.1408662617e-03  6.2128609383e-03  7.8093701955e-03  8.6820157466e-03  1.3348133142e-02  7.7913361738e-03  -1.7806337682e-03  6.0843917825e-03  1.2457827529e-03  6.7405554998e-03  
-4.5483903885e+00  2.1273392439e-01  1.0946629569e-02  -1.0082347471e-02  9.4843385108e-03  -7.2776571163e-03  1.2239568236e-02  2.8688184898e-02  7.4593153840e-03  2.6020996235e-02  7.3660443461e-03  1.4407249947e-02  7.2400240966e-03  1.0242402249e-02  7.7376295724e-03  6.0384169373e-03  5.8355628643e-03  4.0462467349e-03  5.8423151494e-03  -4.6128299925e-03  6.6014172196e-03  1.0136663273e-04  6.6239198980e-03  4.3629574317e-04  6.0596969412e-03  -6.2936835884e-03  6.6564932748e-03  
-4.4491376877e+00  2.5359931588e-01  1.2546710670e-02  -5.3094395167e-03  9.5948188148e-03  -3.4904448685e-03  1.0231738865e-02  3.4999566571e-02  6.8244814742e-03  3.2301801333e-02  6.7430197084e-03  7.2333217713e-03  7.1178359928e-03  3.7931599191e-03  7.3941385523e-03  3.8046540410e-03  6.8091767833e-03  2.3012343801e-03  6.9827908968e-03  2.6922537446e-03  5.9331099029e-03  5.6035541977e-03  5.8699971431e-03  8.4519055292e-03  5.0989810761e-03  -1.4375225597e-03  5.5449945333e-03  
-4.3488912582e+00  2.9229581356e-01  1.3015734032e-02  4.3438182673e-03  8.8961364054e-03  -2.1078832318e-03  1.0326075013e-02  3.7932474432e-02  7.3985228056e-03  3.3363724850e-02  7.2033187965e-03  -5.6461292338e-03  6.7332721694e-03  -6.3933427541e-03  6.7019607174e-03  -6.7974348293e-04  4.9637884078e-03  -2.1326877800e-03  5.1085166357e-03  -5.5998196844e-03  6.2730474632e-03  -2.9117952116e-03  5.7568839284e-03  1.6551476327e-04  5.6843965638e-03  -8.4096475086e-03  6.5784677889e-03  
-4.2490501404e+00  3.4074106812e-01  1.4557112008e-02  6.0575815519e-03  1.0182740379e-02  -2.4938415172e-03  7.9953105867e-03  4.8158873709e-02  8.8710597981e-03  4.4034969062e-02  8.4730903665e-03  9.8513076557e-03  6.9293786178e-03  8.8811664110e-03  6.9786963988e-03  6.7282400940e-03  4.9617967361e-03  5.6267379859e-03  5.0463621898e-03  2.0669418783e-03  5.2655489616e-03  3.1135022006e-03  5.0759422955e-03  -1.6562196308e-03  4.9394224453e-03  -7.2195099571e-04  5.1927848908e-03  
-4.1494135857e+00  3.8427785039e-01  1.5619782731e-02  1.0602375911e-02  1.1841350438e-02  -9.1534907816e-03  1.0225297009e-02  4.8968877833e-02  7.7810769547e-03  4.4389338594e-02  7.6162170338e-03  4.7111546226e-03  5.8357673686e-03  3.6119416401e-03  5.6327770846e-03  1.2643365807e-02  4.4974034885e-03  9.5835770718e-03  4.6925750041e-03  1.2953186701e-03  5.4305605581e-03  7.3967078862e-03  6.4975222546e-03  -6.9471029897e-03  4.5864974784e-03  -4.5978481031e-03  4.6823154915e-03  
-4.0495386124e+00  4.2898574471e-01  1.6739560291e-02  4.3310245978e-03  9.5335722545e-03  -3.1455760615e-03  9.0225262908e-03  5.4333871535e-02  7.1718517124e-03  5.0726111864e-02  7.1997923163e-03  9.2389500957e-03  6.3975069856e-03  6.8374150813e-03  6.4329822263e-03  -5.0212907895e-03  5.3469357857e-03  -5.3216553464e-03  5.1429291221e-03  -5.2703506009e-03  4.8264328985e-03  -3.4233877407e-03  4.9347163398e-03  -2.9974820363e-03  4.2108327312e-03  -5.6643220739e-03  4.3587732952e-03  
-3.9494194984e+00  4.7115716338e-01  1.6950681806e-02  -1.5050999526e-03  6.5353548897e-03  -7.6473145936e-03  7.9627641286e-03  5.7120701982e-02  7.6920249523e-03  5.2765198546e-02  7.6000225058e-03  1.2752890340e-02  6.2920061687e-03  5.9135051074e-03  5.2265904139e-03  1.4903848206e-03  4.1070776410e-03  5.3031542907e-04  4.3590436712e-03  -6.1934796952e-04  4.1642808462e-03  -2.8949991119e-03  4.4113759415e-03  -1.3987106379e-03  4.1194800641e-03  2.0528203938e-04  3.8792627738e-03  
-3.8492693901e+00  5.1953798532e-01  1.8396276981e-02  8.8988313029e-03  9.5627990475e-03  1.3866188563e-03  8.8221311557e-03  5.7187800467e-02  7.0396251541e-03  5.2165375756e-02  7.0874896820e-03  1.7413564758e-02  5.3459198923e-03  1.2509393335e-02  4.6063671904e-03  1.0816740594e-02  3.8568565036e-03  1.0853973968e-02  3.9643187164e-03  4.8707027549e-03  4.2319106296e-03  1.7668381485e-04  3.8685766155e-03  -5.7173045620e-05  3.5258701070e-03  1.5764394193e-03  4.3482678367e-03  
-3.7488842010e+00  5.8169639111e-01  1.9639471546e-02  -4.0496323760e-04  7.5978238067e-03  -5.3607783641e-03  7.5191723810e-03  6.6310473699e-02  6.8740024764e-03  6.1222838542e-02  6.5034721432e-03  1.6943862576e-02  5.1756442684e-03  1.3393093338e-02  4.8584933945e-03  3.5811378288e-03  3.9246659645e-03  1.4473875932e-03  3.9208272035e-03  3.8429731598e-03  3.5227283730e-03  -5.1534176478e-04  3.6998789942e-03  -5.3520883785e-03  3.4675690640e-03  -6.2924645347e-03  3.4448131092e-03  
-3.6494598389e+00  6.3233745098e-01  2.0614346489e-02  4.4796010672e-03  8.5952916709e-03  -7.0744534593e-03  7.9447080836e-03  7.6671942232e-02  6.9250473281e-03  7.2022045829e-02  6.9138632216e-03  1.5253423514e-02  5.1655939941e-03  1.1875694912e-02  5.5739505858e-03  6.5314835270e-03  3.3002552364e-03  2.6416703298e-03  3.4174839261e-03  6.6327879880e-03  3.0991376282e-03  5.1458835298e-03  3.4023360669e-03  9.4277804872e-04  3.5852006623e-03  8.3469879298e-04  3.7478811528e-03  
-3.5492687225e+00  6.9275480509e-01  2.1662224084e-02  3.7574824183e-03  7.2561710010e-03  -4.3355878555e-03  9.4350032628e-03  7.3883174025e-02  7.3009108384e-03  6.8823913150e-02  7.3160119394e-03  1.7351082222e-02  4.6714453730e-03  1.2724482207e-02  4.5489343667e-03  6.2899531236e-03  3.8370905345e-03  4.0401726562e-03  4.0306360488e-03  2.2962415562e-03  4.6098441572e-03  -2.1953500759e-03  4.1973504745e-03  5.6346788651e-03  4.4670285479e-03  9.7911583547e-04  4.2638544016e-03  
-3.4494678974e+00  7.5194060802e-01  2.3174777627e-02  1.5445280963e-02  6.5702417286e-03  -3.7661899957e-03  8.9505336107e-03  7.6254744083e-02  8.0486292998e-03  7.1668044493e-02  8.0366263420e-03  2.2124340891e-02  3.5929361623e-03  1.7720970420e-02  3.6040011098e-03  1.1903587681e-02  3.8871074859e-03  9.4798983132e-03  3.8432379300e-03  5.1942584105e-03  4.9968732561e-03  2.5189833583e-03  4.2974964802e-03  1.8807072388e-04  3.9681917408e-03  -5.8852577968e-04  4.0928682171e-03  
-3.3492469788e+00  8.2820689678e-01  2.5407142937e-02  1.8277221169e-02  7.8246736001e-03  -4.1703376147e-03  8.1869166228e-03  8.0394690362e-02  7.8456425138e-03  7.5202487409e-02  7.4476902467e-03  2.7207212047e-02  4.5130362849e-03  2.2836965357e-02  4.4739391008e-03  8.3011051127e-03  3.5569870483e-03  4.4558717541e-03  3.8326911099e-03  7.0239376533e-03  2.8728119267e-03  7.4582787668e-03  3.4877671883e-03  -8.8701510492e-04  4.2999248225e-03  -6.7157392552e-03  3.7518831818e-03  
-3.2496972084e+00  9.0130084753e-01  2.5677198544e-02  1.9260531729e-02  7.3471484551e-03  -1.4318932684e-03  9.3131091464e-03  8.8454208964e-02  8.3397225163e-03  8.1846286524e-02  8.3320147549e-03  2.8753334637e-02  4.7191253934e-03  2.3011730585e-02  4.6445270118e-03  7.5762636380e-03  3.4948933544e-03  5.2724185979e-03  3.4168730960e-03  6.2189688051e-03  3.2817008462e-03  3.5673453620e-03  3.1865744303e-03  5.0436543890e-03  3.1753936137e-03  -6.3729104198e-04  2.9973258373e-03  
-3.1493744850e+00  9.8055326939e-01  2.7036953717e-02  1.9194853986e-02  5.7370761303e-03  4.6070054986e-03  7.8370435835e-03  8.6936458337e-02  8.4209195784e-03  8.1972291199e-02  8.0504952051e-03  2.7428176938e-02  3.8428371393e-03  2.0403163698e-02  3.7683019205e-03  8.8419176077e-03  3.6830463470e-03  4.5374578544e-03  3.9633715123e-03  3.4568949722e-04  4.0240211566e-03  -1.9024847505e-03  3.5763223761e-03  -2.0008118151e-03  5.0394000216e-03  -1.2888726039e-04  4.1282531920e-03  
-3.0495090485e+00  1.0611039400e+00  2.7937646955e-02  1.6895002914e-02  5.8976623657e-03  -2.9447024322e-03  6.9768828297e-03  9.7388976235e-02  7.7951628603e-03  9.1518661501e-02  7.5482858029e-03  3.3544434900e-02  5.7347235525e-03  2.4299474623e-02  5.1039418018e-03  1.0675254344e-02  3.2271843032e-03  6.9778254446e-03  3.6429989406e-03  1.2316498392e-02  3.0087638144e-03  7.4995857597e-03  3.0732304213e-03  2.0564064195e-03  3.0068940930e-03  -2.3180582817e-03  3.1362278839e-03  
-2.9492759705e+00  1.1432627439e+00  2.9312714934e-02  2.4297964626e-02  6.0478343975e-03  -2.2245350692e-03  7.2538071746e-03  9.3602861677e-02  7.4305467800e-03  8.6755007353e-02  7.5257655675e-03  3.3070922012e-02  4.6858277184e-03  2.5475882583e-02  4.3945945374e-03  1.1816864729e-02  3.5139995280e-03  7.7501221664e-03  3.7484827441e-03  9.3973903080e-03  3.0852932167e-03  5.6721280348e-03  3.1393587198e-03  5.2600959268e-03  2.7908292620e-03  3.3257829586e-03  3.0714634340e-03  
-2.8495965004e+00  1.2188798189e+00  2.8519362211e-02  1.8569887207e-02  6.9463547642e-03  -7.1534967544e-03  7.2426172142e-03  9.9764080604e-02  7.2421418611e-03  9.3471871499e-02  7.0820163561e-03  3.3308017296e-02  4.0417076992e-03  2.5805627623e-02  3.6214990920e-03  1.1842569906e-02  3.7629940151e-03  5.6231037894e-03  4.1416442537e-03  7.8358783634e-03  3.2973248682e-03  2.8810431440e-03  3.2704660805e-03  4.9034737606e-03  2.6814687098e-03  3.6392782872e-03  2.8553376169e-03  
-2.7494869232e+00  1.3188062906e+00  3.0384283513e-02  2.7501963364e-02  6.9976979291e-03  -5.8675576857e-03  7.1913713646e-03  1.0512174012e-01  8.0022270178e-03  9.8601510178e-02  7.8380462309e-03  3.7232414192e-02  4.5805629352e-03  2.9329563187e-02  4.7321941129e-03  1.4669409221e-02  4.1947078101e-03  8.2927745700e-03  4.4133800938e-03  1.1109614878e-02  3.1266102338e-03  6.4729152352e-03  3.1466537593e-03  9.3695932942e-03  3.4718157989e-03  5.9913809563e-03  3.4643040257e-03  
-2.6493558884e+00  1.4116978645e+00  3.2028637826e-02  2.5311269968e-02  6.9533012084e-03  -1.0434248855e-02  7.0403350925e-03  1.0847157118e-01  7.8109038951e-03  1.0189437897e-01  7.8535425698e-03  3.8904392179e-02  4.1067441033e-03  3.0737871000e-02  4.3893940435e-03  2.1552511244e-02  4.3250944775e-03  1.5525168967e-02  4.6215465545e-03  1.4551095531e-02  4.3087758577e-03  1.0642400610e-02  3.9483088862e-03  2.9647743819e-03  2.6009438672e-03  -8.1125478978e-04  2.6425533121e-03  
-2.5493829250e+00  1.5104292631e+00  3.1962782145e-02  2.1865083000e-02  5.6460550311e-03  -6.7648910537e-03  5.5305320735e-03  1.1176117434e-01  6.8273813804e-03  1.0490957594e-01  6.8515699598e-03  4.1530335246e-02  4.0923950595e-03  3.3618163241e-02  4.4368826028e-03  1.8236516139e-02  3.2917405395e-03  1.2575500844e-02  3.4136537281e-03  1.0431956690e-02  3.2896422509e-03  5.0679776361e-03  2.9483362532e-03  6.9234282710e-03  2.7370993877e-03  -1.5233929322e-04  2.6808883953e-03  
-2.4495561123e+00  1.6013391018e+00  3.3053580672e-02  2.3894232489e-02  5.0297721180e-03  -1.3235697960e-02  5.5441962025e-03  1.0792151002e-01  6.6560013291e-03  1.0142207085e-01  6.5913170988e-03  4.2613949627e-02  5.0791902169e-03  3.4986592677e-02  4.9193116870e-03  1.9411738164e-02  2.8539729003e-03  1.3042593337e-02  3.3346983112e-03  1.1881870968e-02  2.5127908482e-03  6.9153539751e-03  3.0019474941e-03  7.1100859561e-03  2.3578894642e-03  6.6173619030e-03  2.4060351182e-03  
-2.3495595455e+00  1.7129806280e+00  3.4759763628e-02  2.6235976998e-02  5.1322597794e-03  -7.8673953266e-03  5.0262116959e-03  1.1488270273e-01  7.1670043858e-03  1.0810675784e-01  7.2732310751e-03  4.3362366986e-02  4.3344578159e-03  3.6435331123e-02  4.0003511354e-03  1.9088277612e-02  3.3823175695e-03  1.3612073010e-02  3.4565798847e-03  1.0984814422e-02  3.1544778692e-03  3.6022933010e-03  2.8778952296e-03  5.8008504946e-03  2.2905012938e-03  4.0734773335e-03  2.2924284287e-03  
-2.2495942116e+00  1.8025411367e+00  3.5708524287e-02  2.7392057569e-02  4.9866328240e-03  -9.6146954718e-03  5.3734257601e-03  1.1782023592e-01  6.5376553547e-03  1.1147511522e-01  6.6683005893e-03  4.5377490282e-02  3.9489606268e-03  3.7241373667e-02  3.5507925259e-03  2.0467271743e-02  3.0519903093e-03  1.5683981438e-02  3.4231648387e-03  1.1528980443e-02  2.8234379542e-03  7.8942882448e-03  2.7251777448e-03  5.1351530829e-03  2.2554303602e-03  4.1474899068e-03  2.2244931836e-03  
-2.1497530937e+00  1.8909394741e+00  3.7309862673e-02  2.8617726677e-02  4.6370023325e-03  -3.6685598399e-03  5.2372247899e-03  1.1710850172e-01  6.4436965628e-03  1.1134505796e-01  6.4860632867e-03  4.5983302616e-02  4.1191562796e-03  3.8754110624e-02  4.0778147553e-03  2.1867819339e-02  3.4600516079e-03  1.6966644247e-02  3.7282374700e-03  1.5686297238e-02  2.2055135864e-03  1.0199330643e-02  2.5060470248e-03  3.0673406115e-03  2.1208515170e-03  4.9624500975e-04  2.0016593471e-03  
-2.0497701168e+00  1.9877567291e+00  3.6470767111e-02  2.7679575056e-02  4.3574694706e-03  -7.9561641858e-03  4.8736644861e-03  1.1603301087e-01  6.4711135870e-03  1.0959031167e-01  6.6738472570e-03  4.7718088960e-02  4.2407800979e-03  4.1376727614e-02  4.2488453012e-03  1.7360829862e-02  2.6453325504e-03  1.1884210546e-02  2.9248315960e-03  1.0726799124e-02  3.0219584347e-03  5.5238705779e-03  2.9617144273e-03  6.5345437057e-03  2.7143029111e-03  1.8443364646e-03  2.6387487929e-03  
-1.9496468306e+00  2.0616788864e+00  3.6960124969e-02  2.1505171376e-02  4.5431611985e-03  -9.3261707118e-03  4.7608959604e-03  1.1788005184e-01  6.6913362059e-03  1.1347899320e-01  6.7615943316e-03  4.8453241929e-02  3.7552375514e-03  4.2353189911e-02  3.8977471974e-03  2.2112627438e-02  3.2185332058e-03  1.7859493610e-02  3.4114493846e-03  1.0104178327e-02  2.0744735817e-03  1.9040840122e-03  2.2207160803e-03  7.2231548743e-03  2.5015895532e-03  3.4598292146e-03  2.7524314568e-03  
-1.8497203588e+00  2.1429140568e+00  3.7058375776e-02  2.6098404099e-02  4.5178111931e-03  -4.7586257688e-03  5.3431813574e-03  1.2218422701e-01  6.5544201009e-03  1.1760951001e-01  6.5734135424e-03  4.6109914590e-02  3.5326359659e-03  4.1700613894e-02  3.5191564460e-03  1.8550658104e-02  2.7642993685e-03  1.5173304484e-02  2.9392007970e-03  1.0083873414e-02  2.6728724847e-03  5.4913952695e-03  2.8278917327e-03  4.4175866036e-03  1.7792457011e-03  1.3427889089e-03  1.8703715982e-03  
-1.7498052120e+00  2.2169950008e+00  3.7427000701e-02  2.3876680688e-02  4.3684052249e-03  -7.3828389631e-03  4.6041279735e-03  1.1806929013e-01  6.2745311572e-03  1.1391671983e-01  6.4227290148e-03  4.6887815759e-02  4.0850039467e-03  4.2123341401e-02  3.9479402279e-03  2.2378995596e-02  3.4154468177e-03  2.0543692253e-02  3.4713558566e-03  1.2603847662e-02  2.5320944035e-03  6.9420644538e-03  2.7251004032e-03  4.8481838550e-03  2.4123245056e-03  2.8018380413e-04  2.3503470647e-03  
-1.6497781277e+00  2.2684004307e+00  3.7929128855e-02  2.6764602780e-02  4.6145362550e-03  -4.7660817898e-04  5.4245823033e-03  1.1710061262e-01  6.4874663548e-03  1.1363264880e-01  6.5807974003e-03  4.4989153971e-02  3.8073751356e-03  4.0446935222e-02  3.8578894452e-03  2.2244479165e-02  3.1206674512e-03  1.9780548365e-02  3.1366731701e-03  1.1696347539e-02  2.8894064945e-03  8.8981904127e-03  2.9959364340e-03  6.6130093765e-03  1.9655168247e-03  1.1299284891e-03  2.2423767557e-03  
-1.5497848988e+00  2.3300783634e+00  3.8559399545e-02  2.4162402814e-02  5.0811357500e-03  -1.4051348541e-03  5.4470282550e-03  1.1627941974e-01  5.8028955110e-03  1.1318243249e-01  5.8809490250e-03  4.1996179073e-02  3.1127877498e-03  3.9063178877e-02  3.1532576738e-03  2.4444914062e-02  2.7494153803e-03  1.9744840146e-02  3.0968162365e-03  1.4399320647e-02  3.5325448513e-03  1.0410375613e-02  3.5406664146e-03  7.3284317255e-03  3.3079876707e-03  3.3277557564e-03  3.2111736879e-03  
-1.4498485327e+00  2.3981032372e+00  3.9309676737e-02  2.6805956031e-02  4.7430368423e-03  3.3267703708e-03  5.0679123460e-03  1.1577274133e-01  5.6603586112e-03  1.1339715214e-01  5.8519551773e-03  4.7131072350e-02  3.5851499774e-03  4.3910073421e-02  3.4256851917e-03  1.9344829650e-02  2.3290082523e-03  1.7918108164e-02  2.3680023350e-03  1.2843221283e-02  2.7336917937e-03  1.0260914101e-02  2.8719819134e-03  2.6673574633e-03  1.8539462154e-03  4.9914337743e-05  1.8524176183e-03  
-1.3497939110e+00  2.4304542542e+00  3.9678953588e-02  2.0140862016e-02  4.3822209647e-03  4.1643713325e-04  4.8979400459e-03  1.1655261923e-01  5.5572280253e-03  1.1502194709e-01  5.7171504436e-03  4.0386932693e-02  3.5564706428e-03  4.0390742411e-02  3.4863282793e-03  2.1013918352e-02  2.0289636141e-03  1.9355273330e-02  2.1093514019e-03  9.5668102006e-03  2.2956578512e-03  5.6572513398e-03  2.1533183874e-03  2.1735749965e-03  2.4332817252e-03  -1.3066135256e-03  2.2793117502e-03  
-1.2498655319e+00  2.4718310833e+00  3.9851877838e-02  1.9419469091e-02  4.3980578403e-03  3.8275046996e-03  4.5175414921e-03  1.1624950056e-01  5.8273951836e-03  1.1459833642e-01  5.9969540846e-03  3.8767524216e-02  2.8460849900e-03  3.6899713533e-02  2.7492617244e-03  2.3371411411e-02  2.6882258297e-03  2.2232359769e-02  2.8168399971e-03  1.2426268594e-02  2.1438549030e-03  1.0791670493e-02  2.2229798415e-03  1.0272720838e-02  2.2426449309e-03  4.1262657139e-03  2.3855376339e-03  
-1.1499201059e+00  2.4952597618e+00  4.0454018861e-02  2.2913103410e-02  3.3796421101e-03  9.2820946355e-03  4.1719461725e-03  1.1576885608e-01  5.8815933967e-03  1.1382088666e-01  6.0776721719e-03  4.4246832023e-02  3.5472399565e-03  4.2088385253e-02  3.5473404309e-03  2.0517751441e-02  2.2846331567e-03  1.8527845130e-02  2.2957226555e-03  1.1807589478e-02  2.0914562400e-03  8.2881614537e-03  2.1187109175e-03  7.7964308748e-03  2.1429212540e-03  4.3722758407e-03  2.3738042288e-03  
-1.0499778986e+00  2.5371046066e+00  4.1909553111e-02  2.1091808071e-02  3.4884949836e-03  1.7128991334e-02  4.5104645520e-03  1.1772982024e-01  5.6657557950e-03  1.1710209749e-01  5.7336263949e-03  4.0666810446e-02  3.1916535778e-03  4.0783538388e-02  3.5125259616e-03  2.2497669927e-02  2.5329220341e-03  2.0118176880e-02  2.7452858691e-03  6.2792395403e-03  2.2282992979e-03  5.5102708355e-03  2.4814414867e-03  6.4205321892e-03  1.9353311163e-03  2.4753773243e-03  1.6985642183e-03  
-9.5001190901e-01  2.5772695541e+00  4.3052200228e-02  1.9462976415e-02  3.6095283205e-03  1.6941757664e-02  3.7041104643e-03  1.1487381540e-01  5.1774821090e-03  1.1450997869e-01  5.3165923673e-03  3.3970662868e-02  3.1040450478e-03  3.4089170890e-02  2.9808440966e-03  2.0426645267e-02  3.0010835798e-03  2.0360327782e-02  3.1106251602e-03  1.1941078100e-02  1.8075602122e-03  1.0399860758e-02  1.8773701963e-03  5.4798891521e-03  1.8812965234e-03  2.2907650136e-03  1.7717390160e-03  
-8.4996998310e-01  2.6126027107e+00  4.3795406818e-02  2.2431187275e-02  3.7186222307e-03  2.2852705145e-02  3.3656326539e-03  1.1806817649e-01  5.3686103530e-03  1.1811686094e-01  5.4981014493e-03  3.7122346613e-02  3.3733120151e-03  3.7020201776e-02  3.6171136726e-03  2.2080915961e-02  2.4045833502e-03  2.1135273770e-02  2.3860582862e-03  1.1008449070e-02  2.1674048000e-03  7.7488093342e-03  2.5946394205e-03  3.9999102698e-03  1.8742811274e-03  2.1246523271e-03  1.8714229739e-03  
-7.4992173910e-01  2.6434710026e+00  4.3694831431e-02  1.8411026355e-02  3.9077157279e-03  2.4364938104e-02  3.6246580665e-03  1.1775162132e-01  5.6989101191e-03  1.1844817807e-01  5.7056750853e-03  3.6684963928e-02  2.9344657372e-03  3.8996391417e-02  2.8200139587e-03  2.2541774019e-02  2.6864333807e-03  2.2361885604e-02  2.5877917358e-03  1.2942130297e-02  2.7702353304e-03  1.3050988640e-02  2.5640110176e-03  5.9290215116e-03  1.9919202192e-03  7.0819894318e-03  1.7986547826e-03  
-6.4989787340e-01  2.6709408760e+00  4.4794108719e-02  1.9781006405e-02  3.5378169831e-03  2.6945660651e-02  3.1305469461e-03  1.1728470514e-01  5.4014016552e-03  1.1818255750e-01  5.4007963355e-03  3.2411366815e-02  2.5212094490e-03  3.4716949551e-02  2.5558217694e-03  2.5454218290e-02  2.4208111433e-03  2.6282777078e-02  2.3840593027e-03  1.2002676820e-02  1.7056413719e-03  1.1936673742e-02  1.6715234435e-03  1.4715631776e-03  1.8683641923e-03  7.3047596534e-03  2.1172745006e-03  
-5.4996484518e-01  2.7042956352e+00  4.4392887503e-02  1.6102914157e-02  4.3505081045e-03  3.3558406392e-02  3.5518744002e-03  1.1732969258e-01  5.7295392887e-03  1.1895360425e-01  5.6906292366e-03  4.0194126340e-02  3.1731516173e-03  4.3436616583e-02  3.5030617181e-03  2.1851897164e-02  3.3125242361e-03  2.3848623912e-02  3.1417997240e-03  1.2101366802e-02  2.2285349795e-03  1.4128532707e-02  2.0824038722e-03  5.4531267569e-03  1.9000887790e-03  8.3159023886e-03  1.7132313103e-03  
-4.4991660118e-01  2.7230160236e+00  4.4462095946e-02  2.0967262854e-02  3.5671217776e-03  3.2480740292e-02  3.5138812942e-03  1.1685477129e-01  5.2785946286e-03  1.1848545211e-01  5.2268879626e-03  3.6789294560e-02  3.1251839141e-03  4.0301656997e-02  3.0805034342e-03  2.4319154743e-02  2.8702631605e-03  2.5403557345e-02  2.6961714222e-03  9.7485069109e-03  2.4277469216e-03  1.3104838946e-02  2.3706116826e-03  9.0874678132e-03  2.1980596867e-03  1.1398371090e-02  2.1135173075e-03  
-3.5012018681e-01  2.7451386452e+00  4.3024778366e-02  2.0138784312e-02  3.5180583205e-03  3.6593601982e-02  2.8585667078e-03  1.1781111360e-01  5.6087393378e-03  1.2018938370e-01  5.5194843108e-03  3.8537822056e-02  2.9861879938e-03  4.1624397306e-02  2.8657599784e-03  2.1021536380e-02  2.1447094280e-03  2.1935510126e-02  2.1499078638e-03  6.8540007532e-03  2.2078965953e-03  6.7134993151e-03  2.2017607296e-03  7.5830695105e-03  2.0446029695e-03  8.2741780777e-03  2.1182230889e-03  
-2.5011661649e-01  2.7734584808e+00  4.3541558087e-02  1.7349663305e-02  2.9335529788e-03  3.4762762487e-02  3.0814344821e-03  1.1797855103e-01  5.5529771914e-03  1.2006614867e-01  5.4987514555e-03  3.7529437708e-02  2.8703017483e-03  3.9605283654e-02  3.0283815058e-03  2.0391059507e-02  2.4042949496e-03  2.2027341725e-02  2.3965408360e-03  1.1308847109e-02  2.4467944233e-03  1.5135549436e-02  2.5912809348e-03  7.6681766897e-03  1.5791518363e-03  8.7536781912e-03  1.6543969058e-03  
-1.4999096096e-01  2.7853329182e+00  4.4330321252e-02  1.6525527253e-02  3.0805209700e-03  3.6613847870e-02  3.1020443435e-03  1.2110007319e-01  5.5980579626e-03  1.2305344406e-01  5.5448828764e-03  3.7148848214e-02  3.1021666415e-03  3.9222472708e-02  3.1217911497e-03  2.6454130359e-02  2.8388833724e-03  2.7358009651e-02  2.7730900339e-03  8.9197728346e-03  2.2591435882e-03  1.3123871027e-02  1.9095052244e-03  1.0337946604e-02  1.7182126881e-03  9.4159161862e-03  1.7307087281e-03  
-4.9916256219e-02  2.7835996151e+00  4.4931747019e-02  1.2937479244e-02  3.2726863594e-03  3.4620918219e-02  2.7565385691e-03  1.1834369744e-01  5.5485274170e-03  1.2089940062e-01  5.4300517639e-03  3.7626399678e-02  3.0957811316e-03  4.1540858431e-02  3.1531269441e-03  2.3358720507e-02  2.5913937143e-03  2.5002313341e-02  2.4862999588e-03  1.3714589796e-02  1.7326936145e-03  1.3952348381e-02  1.9553708505e-03  6.3627745329e-03  1.9703195558e-03  6.2257214354e-03  1.9404274841e-03  
5.0030898303e-02  2.8000907898e+00  4.5516826212e-02  1.0456605719e-02  2.8604673840e-03  3.3397729452e-02  2.4693208588e-03  1.1551244078e-01  5.3809823702e-03  1.1752498766e-01  5.2737555947e-03  3.9751125386e-02  2.8220268454e-03  4.2044508328e-02  2.8130486506e-03  2.4693601233e-02  2.3966264123e-03  2.6652679018e-02  2.3979567624e-03  9.1647609251e-03  1.8388579681e-03  1.1642156359e-02  1.8538583683e-03  5.8390347677e-03  2.3512695202e-03  9.5259808574e-03  1.9023838077e-03  
1.5000717342e-01  2.7835021019e+00  4.4901087880e-02  1.5411698611e-02  3.1875736944e-03  3.6410273832e-02  3.8181501356e-03  1.2007611815e-01  5.7763125213e-03  1.2237418823e-01  5.6498025232e-03  3.6586797169e-02  3.0896831103e-03  4.0344832161e-02  3.0971562082e-03  2.2400329460e-02  2.7594950245e-03  2.4752329617e-02  2.5808932465e-03  9.2614417402e-03  1.6439595345e-03  1.1177380769e-02  1.6588777098e-03  6.3494499345e-03  2.6323180252e-03  1.0403181388e-02  2.3050633039e-03  
2.5011178851e-01  2.7805712223e+00  4.3659847230e-02  1.7045279490e-02  3.6660427731e-03  3.4131601529e-02  3.3256256058e-03  1.1642537304e-01  5.0968723182e-03  1.1917122613e-01  4.8956993540e-03  3.7284220930e-02  3.0344795709e-03  3.9938545957e-02  2.9155902748e-03  2.3910302346e-02  2.7813434787e-03  2.6284825874e-02  2.5577485351e-03  9.8625236115e-03  2.4225325079e-03  1.3405956765e-02  2.1446837088e-03  6.3713993307e-03  2.0285941889e-03  7.2477766056e-03  1.7979234176e-03  
3.4990173578e-01  2.7697913647e+00  4.4934231788e-02  1.9746053926e-02  4.1407016206e-03  3.5756559966e-02  3.6364166074e-03  1.1744669680e-01  5.0149717575e-03  1.1885164442e-01  4.8447861907e-03  3.6024497898e-02  2.7763431369e-03  3.8815948048e-02  2.6575727155e-03  2.1280499536e-02  1.9440754217e-03  2.2766232567e-02  2.0110862236e-03  7.0656993312e-03  1.6158174641e-03  9.1644311419e-03  1.6162684911e-03  4.2968851061e-04  1.6286288473e-03  3.7749440965e-03  1.5790146263e-03  
4.4987475872e-01  2.7520282269e+00  4.4518876821e-02  2.0972760888e-02  3.8638178589e-03  3.1951493222e-02  3.4216254446e-03  1.1339122764e-01  5.0812259606e-03  1.1559244215e-01  4.9878744518e-03  4.2728924211e-02  2.9745606753e-03  4.4752370148e-02  2.9553195196e-03  1.8252513314e-02  2.1508879443e-03  2.0139326874e-02  1.9774935853e-03  1.0136885093e-02  2.4458598954e-03  1.1959918575e-02  2.3550700789e-03  6.1051247176e-03  1.7644999971e-03  8.2601284447e-03  1.5753936690e-03  
5.4983788729e-01  2.7247190475e+00  4.4828973711e-02  2.1056939753e-02  3.8738847066e-03  3.0962636428e-02  3.7487803142e-03  1.1895653940e-01  5.3178782913e-03  1.2055768795e-01  5.2549829171e-03  3.6831216735e-02  2.5077876101e-03  3.8958163856e-02  2.5601005299e-03  2.2569773567e-02  2.6884026220e-03  2.4351491232e-02  2.7344484640e-03  8.7478585465e-03  2.2905668003e-03  1.0119524984e-02  2.2810499361e-03  3.0672783840e-03  1.8688628856e-03  6.4479229040e-03  1.8765860208e-03  
6.4988297224e-01  2.7022438049e+00  4.3700154871e-02  2.0407157551e-02  4.0326802025e-03  3.0001709124e-02  3.7478071726e-03  1.1733622081e-01  5.4698919374e-03  1.1816573310e-01  5.4708281615e-03  3.6084050997e-02  2.6634300602e-03  3.7379608661e-02  2.6872790156e-03  2.0651037710e-02  2.4750940127e-03  2.2422656949e-02  2.3948250364e-03  5.6923701124e-03  1.5625233402e-03  7.9959109140e-03  1.7504826367e-03  8.3873833207e-03  2.4729836558e-03  1.0314820116e-02  2.3656404668e-03  
7.4983698130e-01  2.6614155769e+00  4.2728800327e-02  2.1642659297e-02  3.5500169259e-03  2.6126644859e-02  3.2535184578e-03  1.1789946889e-01  5.6459789016e-03  1.1899304010e-01  5.5662252700e-03  4.0524442053e-02  2.6997609041e-03  4.0510588421e-02  2.7349854627e-03  2.3394862361e-02  2.4756669138e-03  2.5120247669e-02  2.4038419877e-03  1.0857200621e-02  1.8776795386e-03  1.2951290720e-02  1.9040290541e-03  4.6508031118e-03  1.9550874913e-03  9.5169885008e-03  1.7709537335e-03  
8.4986793995e-01  2.6330838203e+00  4.4396057725e-02  2.4886607345e-02  3.1016925937e-03  2.2616342736e-02  4.1003313937e-03  1.1905190250e-01  5.3179610145e-03  1.1862057067e-01  5.3191188207e-03  3.9404963732e-02  2.7164142212e-03  3.7475332770e-02  2.6683704159e-03  2.1635364095e-02  2.5210629663e-03  2.0367675214e-02  2.5547730156e-03  1.2402246355e-02  2.2779147230e-03  1.0171050605e-02  2.5076635555e-03  1.0417774320e-02  1.7926116280e-03  4.6930701938e-03  1.9512135093e-03  
9.4971668720e-01  2.5992276669e+00  4.4109862298e-02  2.4082388843e-02  4.2397727781e-03  2.1653469481e-02  4.0741554420e-03  1.1791939767e-01  4.8317945000e-03  1.1809840882e-01  4.8619236729e-03  4.0460292098e-02  2.9166725024e-03  3.8130009053e-02  2.9489070896e-03  2.1334354310e-02  2.4239254437e-03  1.9334283657e-02  2.5509052418e-03  8.3118260372e-03  1.7318426281e-03  8.3810388234e-03  1.8947249692e-03  5.9779297836e-03  2.0334038925e-03  2.7560095578e-03  2.0369365856e-03  
1.0497264862e+00  2.5735461712e+00  4.6281494200e-02  2.5059016669e-02  3.2774401157e-03  1.8764432368e-02  4.1658500977e-03  1.1822354284e-01  5.4956589333e-03  1.1758801045e-01  5.5466678284e-03  4.2207759672e-02  2.5957254347e-03  4.0339248711e-02  2.8976992251e-03  2.0948205447e-02  2.4800108184e-03  2.0161461655e-02  2.4710179853e-03  4.1915704853e-03  1.9187717938e-03  2.5437266509e-03  2.1328130180e-03  5.1000778402e-03  1.7452928306e-03  2.9517260751e-03  1.6534881413e-03  
1.1497949362e+00  2.5265405178e+00  4.4678721577e-02  2.5353226830e-02  3.5889865061e-03  1.7425158099e-02  4.8984398047e-03  1.1601579889e-01  5.1982489611e-03  1.1493655522e-01  5.2863909426e-03  4.0042779808e-02  2.7890365931e-03  3.6109236696e-02  3.0799280404e-03  2.0932794168e-02  2.5728286279e-03  1.8742050728e-02  2.6468576182e-03  1.1143899542e-02  2.3426743398e-03  8.4007934154e-03  2.2937769210e-03  3.4820588605e-03  1.8563456419e-03  2.1030492700e-03  1.5910742199e-03  
1.2499812841e+00  2.4929313660e+00  4.6105675399e-02  2.7107404583e-02  3.4137605095e-03  1.2930246270e-02  4.3683338653e-03  1.1348063339e-01  5.0450083417e-03  1.1224154527e-01  5.0571884223e-03  3.9648354548e-02  2.9540004386e-03  3.7023583617e-02  3.0514422091e-03  2.4017974544e-02  2.7120966483e-03  2.2424613753e-02  2.7247018888e-03  9.1039580103e-03  2.1131027547e-03  9.0735755310e-03  2.1514559165e-03  4.2530666723e-03  2.1241346661e-03  1.9493146587e-04  2.2628847443e-03  
1.3497660160e+00  2.4505569935e+00  4.5156627893e-02  2.5596192696e-02  3.4945544576e-03  7.4164197799e-03  4.2882260309e-03  1.1336818938e-01  5.1779557114e-03  1.1193450350e-01  5.1938955284e-03  4.0744277630e-02  3.2849147059e-03  3.6544676908e-02  3.5727950864e-03  2.1941825938e-02  2.0812020976e-03  1.9076142992e-02  2.1810321707e-03  1.0944824580e-02  2.1607110409e-03  9.0092051375e-03  2.2778355416e-03  7.3649260615e-03  2.5929250011e-03  4.8854658079e-04  3.0043343054e-03  
1.4499140978e+00  2.4073667526e+00  4.4923640788e-02  2.7095027895e-02  3.3956233826e-03  8.2891026122e-03  3.9236346690e-03  1.1737162407e-01  5.7886645987e-03  1.1499018693e-01  5.8168975371e-03  3.8748080519e-02  3.0424726432e-03  3.3446179969e-02  3.2929430093e-03  2.0805560357e-02  2.9176138299e-03  1.9468038913e-02  2.9420145856e-03  1.1987707369e-02  2.0714985507e-03  7.6875493063e-03  2.1019922780e-03  9.4215884159e-03  2.1939302936e-03  4.7320799703e-03  2.3457718878e-03  
1.5497379303e+00  2.3641266823e+00  4.6144545078e-02  2.5592628353e-02  3.6142187171e-03  6.0133722763e-03  3.9328612519e-03  1.1734021029e-01  5.7625313637e-03  1.1443248414e-01  5.7088569292e-03  4.3434587136e-02  3.3736168335e-03  3.7742685032e-02  3.5390258181e-03  2.4988683891e-02  2.8251668087e-03  2.2848932168e-02  2.8568876323e-03  1.1649530029e-02  2.2550487438e-03  9.6233780211e-03  2.2626689471e-03  4.8914043119e-03  1.9314344095e-03  6.6519604951e-04  2.1961477182e-03  
1.6497564316e+00  2.3139095306e+00  4.7757685184e-02  2.3296972623e-02  3.6972677546e-03  2.2142432934e-03  4.3252027644e-03  1.1641209816e-01  5.6405758948e-03  1.1259226957e-01  5.7865964606e-03  4.4454504983e-02  3.7557236638e-03  3.8748403707e-02  3.6449611162e-03  2.7876211197e-02  3.1163812152e-03  2.5584296076e-02  3.2590377157e-03  9.8894099154e-03  2.1845842439e-03  7.4853292780e-03  2.2617281778e-03  9.1760137917e-03  1.8701134973e-03  4.1798000528e-03  2.1508411612e-03  
1.7498016357e+00  2.2258043289e+00  4.5175377280e-02  2.1751582375e-02  3.2959344102e-03  -3.1824000988e-03  4.2884925020e-03  1.1962884824e-01  5.8814547006e-03  1.1590082829e-01  6.0224696789e-03  4.4926149771e-02  3.6973190589e-03  3.8715077184e-02  3.8244764731e-03  2.0789648976e-02  2.9829590301e-03  1.8173858466e-02  3.0480990531e-03  1.1223230653e-02  3.7229287402e-03  6.2001953068e-03  3.3620565593e-03  4.0895264092e-03  1.8094320734e-03  3.7743351590e-04  1.8158289316e-03  
1.8496496677e+00  2.1485943794e+00  4.7325655818e-02  2.7931846982e-02  3.6061422982e-03  2.9034571252e-03  4.1872774982e-03  1.1476927616e-01  6.5073474566e-03  1.1069257208e-01  6.6784257974e-03  4.6728013083e-02  3.8226715562e-03  4.0724046870e-02  3.8063996625e-03  2.2621567228e-02  3.0559535713e-03  2.0035549998e-02  3.1698337871e-03  9.2966623975e-03  2.6674504975e-03  2.5201027070e-03  2.4773911702e-03  8.4698388201e-03  2.7111476294e-03  5.8445719128e-03  2.5586686069e-03  
1.9497544765e+00  2.0560112000e+00  4.6226713806e-02  2.7149214580e-02  3.9908476239e-03  2.3326449186e-05  4.3295179955e-03  1.1698878480e-01  6.3431925043e-03  1.1322206434e-01  6.5372242813e-03  4.7949547366e-02  3.8487639150e-03  4.0193346158e-02  3.9968662781e-03  2.5116273791e-02  2.7515137732e-03  2.2112542022e-02  2.7754571374e-03  8.7378748636e-03  2.4907977285e-03  4.9164534038e-03  2.5522668320e-03  6.9856355394e-03  2.8423447637e-03  4.8874727313e-03  2.8277803348e-03  
2.0496773720e+00  1.9816173315e+00  4.5772224665e-02  2.3191971400e-02  3.8623982815e-03  -2.9875365554e-03  4.6081156910e-03  1.1499088911e-01  6.2561703863e-03  1.1027685849e-01  6.4640262244e-03  4.6002428789e-02  3.8810821512e-03  3.6947699758e-02  4.2877081171e-03  2.5489389364e-02  2.8851084669e-03  2.1498890004e-02  3.2550030812e-03  8.2688964286e-03  3.3075638128e-03  1.5801234540e-03  3.4244427836e-03  5.0712417697e-03  2.2685604948e-03  3.5467297053e-03  2.2392505076e-03  
2.1494796276e+00  1.9078747034e+00  4.7968652099e-02  2.0228185900e-02  4.1246611559e-03  -6.0639126055e-03  4.5913868276e-03  1.1687912131e-01  6.8529955414e-03  1.1118151460e-01  7.0093403804e-03  5.1992419385e-02  3.9382309894e-03  4.3362205696e-02  4.3159553397e-03  2.4151746982e-02  3.1746774119e-03  2.1988859343e-02  3.0767970951e-03  1.0340164805e-02  2.8431544871e-03  7.8215619920e-03  2.6441432791e-03  9.5393801279e-03  2.5114192148e-03  4.7671713496e-03  2.5699706630e-03  
2.2495806217e+00  1.7994279861e+00  4.6814747155e-02  2.5956822730e-02  4.2061153164e-03  -4.5081542624e-03  5.2949079309e-03  1.0989212154e-01  6.0492169178e-03  1.0572943038e-01  6.2841735310e-03  4.4737249385e-02  4.0431777890e-03  3.6307181935e-02  4.2653013224e-03  2.2967129965e-02  3.2613186762e-03  1.8676583199e-02  3.6900786504e-03  9.5268279713e-03  2.7195057850e-03  6.7239399068e-03  2.7361535458e-03  4.7887338858e-03  2.7697245278e-03  2.3716642861e-03  2.5217494081e-03  
2.3494980335e+00  1.7201147079e+00  4.3871168047e-02  2.5034317006e-02  4.3079075479e-03  -2.7873211918e-03  5.1115063887e-03  1.0747543859e-01  6.5715956252e-03  1.0238621270e-01  6.7803897988e-03  4.6275955948e-02  3.7818251690e-03  3.7671638767e-02  3.8952386245e-03  2.6375690190e-02  3.4046248956e-03  2.4128154148e-02  3.4661808793e-03  8.6235654616e-03  2.8733771871e-03  4.5552029422e-03  2.8790208434e-03  7.0667489460e-03  2.7397658363e-03  3.1737574942e-03  2.4653007136e-03  
2.4494369030e+00  1.6111159325e+00  4.2816262692e-02  1.9645594441e-02  4.4395116629e-03  -9.7858810759e-03  5.1589360301e-03  1.0643065227e-01  6.2570004176e-03  1.0109954023e-01  6.5828057447e-03  4.5524716795e-02  4.4508127177e-03  3.6957730026e-02  4.2782659174e-03  2.4103053807e-02  3.6995078262e-03  2.2185843837e-02  3.5276572101e-03  6.2592497133e-03  3.2102392108e-03  3.7790622481e-03  3.2451143278e-03  7.5468996644e-03  2.9189446664e-03  2.4527681817e-03  2.8464741231e-03  
2.5494365692e+00  1.5192011595e+00  4.1781056672e-02  3.0839443815e-02  4.8251227451e-03  -8.7388795019e-04  5.7679725809e-03  1.0421142119e-01  6.6331411119e-03  9.8973565108e-02  6.8456131683e-03  4.6423452317e-02  4.3279863423e-03  3.7453050440e-02  3.7943650418e-03  2.5387982002e-02  3.0971469491e-03  2.2801388853e-02  3.3425265598e-03  9.3226905969e-03  2.6986376023e-03  5.3156760939e-03  3.0507284726e-03  4.4494439059e-03  2.5126548288e-03  1.5442859953e-03  2.6152887473e-03  
2.6495118141e+00  1.4206378460e+00  3.9068385959e-02  2.6095094216e-02  4.8469980333e-03  -1.2682755867e-02  5.5591325087e-03  1.0274458258e-01  6.7979589530e-03  9.7583837275e-02  6.9291371641e-03  4.2592088597e-02  4.5578107566e-03  3.3798465315e-02  4.1911636132e-03  1.9085971563e-02  3.1396278477e-03  1.6889251094e-02  3.3768882803e-03  7.3394240165e-03  2.4773961735e-03  3.5911763267e-03  2.5682180046e-03  5.2729490432e-03  2.4679681510e-03  1.8600023789e-03  2.9671999462e-03  
2.7495124340e+00  1.3165521622e+00  3.7711225450e-02  3.4581810236e-02  5.9228204385e-03  -9.4358261095e-03  6.4597586044e-03  1.0612599308e-01  6.9538234238e-03  1.0124841538e-01  7.1983059690e-03  4.2513261720e-02  4.6244472577e-03  3.2860772057e-02  4.7669240276e-03  1.7572931337e-02  2.6399572107e-03  1.4823042464e-02  2.5533262626e-03  9.1693049477e-03  3.3773518471e-03  4.7678676201e-03  3.3138152826e-03  5.9835649647e-03  3.0678032182e-03  1.4002455270e-03  2.8274205807e-03  
2.8491518497e+00  1.2162011862e+00  3.4751128405e-02  3.0945372255e-02  6.0351101371e-03  -4.8496802029e-03  6.0706090545e-03  9.4892613058e-02  7.2769182962e-03  8.9985020231e-02  7.2991512249e-03  4.4581946974e-02  4.2504705581e-03  3.7220503869e-02  4.1903872827e-03  1.5790666815e-02  3.4434601742e-03  1.3029789067e-02  3.4565768288e-03  7.6055936705e-03  3.3738766149e-03  2.8845808310e-03  3.0577268019e-03  4.4194946579e-03  3.2291444441e-03  -1.3928101694e-03  2.9809341033e-03  
2.9492876530e+00  1.1279811859e+00  3.2754231244e-02  2.9515774122e-02  6.9288702968e-03  -6.4575936674e-03  7.0047128037e-03  8.9271675643e-02  7.4620003472e-03  8.3365958108e-02  7.6218413614e-03  3.2609998039e-02  4.5818868141e-03  2.4549996423e-02  4.7630385325e-03  1.7055071767e-02  3.5719842294e-03  1.5150286523e-02  3.5218092280e-03  5.3560614576e-03  2.7269031983e-03  4.9929064794e-03  2.7775975394e-03  2.4284881038e-03  2.9921454193e-03  -4.9838471103e-03  2.6183771752e-03  
3.0489664078e+00  1.0465580225e+00  3.0544964597e-02  2.2525919145e-02  7.0260284729e-03  -1.0810388936e-02  6.0145904560e-03  9.8413922349e-02  7.5667630536e-03  9.3002202559e-02  7.5424943169e-03  3.2032741519e-02  4.9035199021e-03  2.6000039690e-02  4.5854500696e-03  1.3951499851e-02  3.8279487915e-03  1.0559505393e-02  3.6542322535e-03  7.6040032472e-03  4.1511640782e-03  5.7177887232e-03  3.8832437611e-03  1.6652936198e-03  2.9146747060e-03  7.0672501605e-04  3.3101429821e-03  
3.1492433548e+00  9.6179294586e-01  2.9247215018e-02  2.2552619460e-02  5.4390403886e-03  -1.2245511532e-02  6.8423914840e-03  8.3868915177e-02  7.4872478343e-03  7.8882915025e-02  7.2738611304e-03  3.3344346688e-02  4.5864626613e-03  2.4865341088e-02  4.5771632057e-03  1.3584162147e-02  3.7894612894e-03  1.1012444748e-02  3.7008612931e-03  1.9592973623e-03  3.0779955321e-03  -1.1989330854e-03  3.5892887096e-03  -5.6475689802e-04  3.3265559036e-03  1.5608133541e-03  4.0422419354e-03  
3.2489464283e+00  8.7494158745e-01  2.6643231511e-02  1.8120712392e-02  6.6360015658e-03  -1.2348764158e-02  7.0857971169e-03  8.2376987198e-02  8.0577836425e-03  7.7603161031e-02  7.8924944147e-03  3.1423484431e-02  5.2889622364e-03  2.6285617650e-02  5.4624112516e-03  1.5409285868e-02  4.2166656693e-03  1.1793435979e-02  4.4550283545e-03  9.7549595561e-04  3.3125922310e-03  2.5664668563e-03  3.6601867316e-03  -7.0108793080e-04  5.0295232227e-03  3.4364876302e-03  4.7124489096e-03  
3.3489999771e+00  8.0172073841e-01  2.4592671543e-02  1.3971962424e-02  6.1791572739e-03  -1.0840618527e-02  6.5240148611e-03  7.8896345229e-02  7.3412974359e-03  7.3720451444e-02  7.1034506036e-03  2.7583654001e-02  4.9304309763e-03  2.1131254733e-02  4.8795002282e-03  1.3531754345e-02  4.3727272729e-03  1.2140013449e-02  4.4604241681e-03  -9.6362726840e-04  3.3982569730e-03  2.3193852694e-04  3.1548930683e-03  3.5016242526e-03  3.7757469007e-03  -1.2592192502e-04  3.6652514736e-03  
3.4488666058e+00  7.2889792919e-01  2.4020345882e-02  1.1571295797e-02  7.0222949890e-03  -1.2349507011e-02  7.4111775341e-03  7.9142032457e-02  8.3715858949e-03  7.2245294342e-02  8.2416013234e-03  3.2955301203e-02  5.2864913455e-03  3.0201183708e-02  4.9904670242e-03  1.1981933311e-02  4.2295083355e-03  1.1908190591e-02  4.4490716020e-03  -3.6604142681e-03  4.2737838755e-03  -4.3592292279e-03  4.0523049767e-03  3.8319656872e-03  3.3149610831e-03  -2.0234449262e-03  3.6409235570e-03  
3.5488507748e+00  6.4895147085e-01  2.1519493312e-02  7.8816643099e-03  6.6092542530e-03  -8.7909142069e-03  6.6151162616e-03  6.7828882486e-02  8.3824010438e-03  6.3496795274e-02  8.1680061568e-03  2.6174279177e-02  6.0192284032e-03  2.0195911220e-02  5.4725271776e-03  5.9210764130e-03  3.6998288881e-03  3.3740191269e-03  3.9794402562e-03  -1.3878272688e-03  3.7811447681e-03  -2.5217800653e-03  3.7763221032e-03  4.4780029665e-05  3.3765591650e-03  -1.1202151632e-04  4.1920844899e-03  
3.6489276886e+00  5.9013819695e-01  2.0254863426e-02  1.5540359345e-03  7.8658483416e-03  -1.3001547433e-02  6.5423454813e-03  6.6998388998e-02  8.8046535591e-03  6.1574543883e-02  8.6443086482e-03  1.7110915246e-02  4.8919392975e-03  1.4290401379e-02  4.5429033768e-03  9.4467984626e-03  4.0108919503e-03  6.3663476898e-03  4.1109060764e-03  1.1560192661e-03  4.3352515979e-03  2.1250145341e-04  4.1552395116e-03  -1.3676961361e-03  3.5300863861e-03  2.8392236801e-03  3.5690391355e-03  
3.7487952709e+00  5.3769600391e-01  1.9854744896e-02  1.9564352010e-03  8.5009493086e-03  -1.3367394945e-02  7.4352475423e-03  6.8156735705e-02  9.3089067728e-03  6.4464438327e-02  8.9882525225e-03  2.2911575680e-02  5.7394439228e-03  1.8207645861e-02  6.1279601883e-03  1.0560025394e-02  4.2972879819e-03  9.4621270106e-03  4.0061438914e-03  8.5923011380e-04  4.5798175391e-03  -7.7516786524e-04  4.5181806242e-03  1.5601871734e-03  4.1540374743e-03  4.2454675315e-03  4.1390721830e-03  
3.8489756584e+00  4.8309490085e-01  1.8051346764e-02  -3.9441258758e-03  7.9100719034e-03  -1.3821972952e-02  7.8957251468e-03  6.4673455964e-02  9.0768243221e-03  6.0189816873e-02  8.7498008834e-03  1.8314889917e-02  5.9485445510e-03  1.5110432902e-02  6.1982525665e-03  3.2901298872e-03  3.6186799579e-03  2.6261857711e-03  3.5446823423e-03  -4.4318089352e-03  4.1632024787e-03  -2.7792011435e-03  4.2356580656e-03  -5.4314365701e-03  5.1538057635e-03  -1.2215519343e-02  4.6951746129e-03  
3.9488527775e+00  4.3627634645e-01  1.6771610826e-02  2.1519904732e-04  7.8318188793e-03  -9.8348735898e-03  8.0692676590e-03  5.5637787533e-02  8.4980463909e-03  5.3588857760e-02  8.0194768621e-03  1.7529008492e-02  5.2800218459e-03  1.5095006503e-02  5.2486722724e-03  -2.9251043577e-03  4.7637417108e-03  -8.6239602331e-03  4.6359607390e-03  -7.1214339411e-03  4.8046399442e-03  -4.3285611627e-03  4.2330234533e-03  -2.8470345257e-03  3.8422320116e-03  3.8769711335e-04  4.7230962102e-03  
4.0486454964e+00  3.9183837175e-01  1.5974527225e-02  -1.2529634652e-02  7.3607616628e-03  -1.2222876953e-02  7.4416416946e-03  4.7249951685e-02  7.2783564262e-03  4.3645696677e-02  7.2400683292e-03  2.0871817286e-02  6.4603744440e-03  1.8058799312e-02  6.2381612429e-03  6.3684828014e-03  6.3287884748e-03  6.0659219672e-03  6.0408391599e-03  4.6111273375e-03  4.7404731529e-03  4.7238068299e-03  4.2516846637e-03  -2.0007972341e-03  4.0417278306e-03  -3.9708527953e-03  4.9171399333e-03  
4.1488947868e+00  3.4400913119e-01  1.4065935276e-02  -1.3491429122e-02  8.4121911297e-03  -2.4451136057e-02  6.5603756201e-03  5.7760962456e-02  9.5189924446e-03  5.5076885816e-02  9.2663217224e-03  7.8075916307e-03  5.9931044705e-03  5.9100346668e-03  5.9369548830e-03  1.4128962029e-03  5.3859335682e-03  -2.5659091604e-03  4.8566816824e-03  -3.7706240000e-03  4.1823412755e-03  -5.7972107624e-03  4.0172515320e-03  6.3045269296e-03  4.0235410513e-03  9.9902368721e-04  4.6507786797e-03  
4.2484531403e+00  3.0283525586e-01  1.2373900972e-02  -1.0824101796e-02  8.7181861390e-03  -1.6312297890e-02  7.7538572015e-03  4.5505852534e-02  1.1382691812e-02  4.1256205084e-02  1.1130877937e-02  -1.7274101165e-03  5.2266562908e-03  -3.7064163836e-03  4.7680118004e-03  -3.4135293479e-05  5.5485319320e-03  -4.3838493062e-04  5.6612529879e-03  -1.7377281468e-03  5.9619623421e-03  -1.6362388900e-03  5.8551155479e-03  -1.1720034579e-02  4.7826154167e-03  -1.1830273436e-02  4.9253988603e-03  
4.3484368324e+00  2.6406526566e-01  1.2163864449e-02  -1.7915772882e-02  9.2116759994e-03  -1.9057985379e-03  9.8341891179e-03  2.7485413268e-02  9.1600674586e-03  2.3146080784e-02  8.7627727500e-03  1.0813271522e-02  6.2528065777e-03  8.6009550307e-03  5.6490276219e-03  4.9979289817e-04  6.1420401133e-03  1.2883029338e-04  6.1971515578e-03  -2.9463141596e-03  8.2341999448e-03  -8.1037901370e-03  7.5917434868e-03  2.3405339404e-03  6.6051361805e-03  6.6123744853e-03  7.0190134452e-03  
4.4484663010e+00  2.2660745680e-01  1.0606376454e-02  -2.5683682469e-02  9.4855458006e-03  -1.5087297642e-02  8.8188579402e-03  3.4381029139e-02  8.8423545212e-03  3.2334726456e-02  8.8530229070e-03  1.8828293800e-03  7.0283103010e-03  8.1681689564e-04  6.6227793733e-03  4.1612593614e-03  6.0812873926e-03  7.2608873894e-03  6.0997281262e-03  6.4330549949e-03  6.3960756526e-03  2.8493385322e-03  6.0039407266e-03  1.7233752265e-03  5.7484887539e-03  3.2844932651e-04  6.8093981639e-03  
4.5475277901e+00  1.8592056632e-01  9.4478335232e-03  -2.9984601792e-02  1.2711674812e-02  -1.8292306248e-02  1.1420787189e-02  1.7884411488e-02  8.5082825735e-03  1.8052896228e-02  8.3874469272e-03  7.0576643552e-03  7.4959061190e-03  1.3333031852e-03  7.8684585887e-03  1.3745300519e-02  6.4808733624e-03  1.3022399013e-02  6.1229010735e-03  -7.2991643384e-04  6.5275071621e-03  -5.1173425555e-03  6.9540505686e-03  -1.0578278904e-02  7.6946511423e-03  -8.4813136550e-03  6.9015445932e-03  
4.6474442482e+00  1.5230898559e-01  8.2688750699e-03  -5.3292586753e-02  1.4555625163e-02  -2.8198710491e-02  1.2466135059e-02  1.8258497490e-02  8.7262172545e-03  1.6908604100e-02  8.5785867103e-03  -1.4506249588e-03  7.7272077724e-03  -3.4842752823e-03  7.9313659590e-03  3.1721512371e-03  7.5286272108e-03  5.9614932207e-03  7.6693046649e-03  -9.4370852434e-03  7.9899642728e-03  -1.1972653946e-02  7.9846546595e-03  3.8784340865e-03  7.0124153494e-03  2.8657417320e-03  6.6431229138e-03  
4.7461972237e+00  1.2416852266e-01  7.2365808301e-03  -2.5365823101e-02  1.4668063728e-02  7.9349944354e-04  1.4075416370e-02  2.8407137613e-02  1.3351744358e-02  2.4971070794e-02  1.3534298465e-02  1.5357935730e-03  9.0948403067e-03  6.4064670825e-03  8.6156781409e-03  1.5832620173e-03  8.1356010937e-03  3.3674301117e-03  8.6525630604e-03  3.2460057605e-03  8.9087883648e-03  6.1921714425e-03  7.5841857298e-03  -1.6982576373e-02  7.2442832069e-03  -1.7316644061e-02  7.8508486342e-03  
4.8460545540e+00  9.5816612244e-02  5.9690587223e-03  -2.7026173640e-02  1.6925377339e-02  -2.2346347171e-02  1.5409479091e-02  2.3601602592e-02  9.5931682026e-03  2.4231424612e-02  9.7279368932e-03  -9.9397710173e-03  9.5693546964e-03  -1.4831232097e-02  1.0232542083e-02  -4.7915297280e-03  9.5046176729e-03  2.1148311452e-04  1.0076464586e-02  2.1167487362e-02  8.7254540069e-03  2.0783399707e-02  1.0223419564e-02  -1.5481892888e-02  1.0356940804e-02  -1.3651560621e-02  8.1743232206e-03  
4.9457049370e+00  7.2177119553e-02  4.6939179301e-03  -1.4659236936e-02  1.4609912345e-02  6.1121566972e-03  1.4564977459e-02  -1.2650287786e-02  1.2650367983e-02  -1.4846857000e-02  1.2546003971e-02  -1.2224197825e-02  9.4324223111e-03  -1.4600102162e-02  8.7483187147e-03  -1.8094483658e-02  1.2663254235e-02  -1.6784183472e-02  1.2502920535e-02  -2.2348257918e-03  1.2498513739e-02  6.8019256388e-03  1.2896143984e-02  -3.0023955534e-03  1.3064403810e-02  1.2918904063e-02  1.0396875554e-02  
5.0446939468e+00  5.3660552949e-02  3.7585063837e-03  -1.2067204078e-02  1.7713337569e-02  -2.0965560349e-02  2.1483293230e-02  -1.3749238417e-02  1.2174670324e-02  -1.1511285286e-02  1.1978343906e-02  1.5465019736e-02  1.4329622967e-02  2.0393996195e-02  1.4322993508e-02  1.4792258652e-02  1.1437158444e-02  1.4885859450e-02  1.0768244749e-02  -1.2147005434e-02  1.4322662691e-02  -1.7645194100e-02  1.3533404473e-02  -3.4517088897e-03  1.5175062266e-02  1.2593175997e-02  1.4728416170e-02  
5.1421561241e+00  4.1658528149e-02  3.1694069039e-03  -3.4033441387e-03  1.8922401707e-02  2.3477123556e-02  1.7940641930e-02  2.2916174057e-02  1.7323352014e-02  1.9848644353e-02  1.6219218294e-02  -7.3490660775e-03  1.5401052036e-02  -1.5085880968e-02  1.5969398630e-02  -7.3609610598e-03  1.4204176956e-02  -8.4853760318e-03  1.3220613820e-02  -1.0889566233e-02  1.7410104233e-02  1.8541993838e-03  1.6765474619e-02  -2.3847040511e-02  1.5073525975e-02  -1.9252555369e-02  1.4660611577e-02  
5.2397098541e+00  3.0069850385e-02  2.7273579035e-03  -1.1638124754e-02  2.0626943190e-02  9.3607617927e-03  2.2006229704e-02  2.9796993322e-02  2.3092802529e-02  2.8211506179e-02  2.2513228598e-02  -1.2224382830e-03  1.9140689895e-02  4.6420212982e-03  2.2875663867e-02  -4.9010640918e-03  1.5077992516e-02  -8.1683592675e-03  1.6131378061e-02  -2.4766274441e-03  1.6714719341e-02  3.5268660363e-03  1.8647647949e-02  5.5010442658e-03  1.4304417370e-02  -3.2291948259e-03  1.4231432299e-02  
5.3364548683e+00  2.0918576047e-02  2.0158318803e-03  3.2784960257e-03  2.5461767799e-02  1.2915332106e-02  2.6453812790e-02  -3.2745221142e-03  2.2750926446e-02  -6.9676060841e-03  2.2560890998e-02  -1.8889599817e-02  2.4454430695e-02  -1.9298425648e-02  2.1097419627e-02  -7.0115729373e-03  1.9619300141e-02  8.2150751022e-03  1.9818933679e-02  -1.4106193632e-03  1.9179514598e-02  1.5099725206e-02  2.1922560869e-02  1.0116611212e-02  2.0807160757e-02  -1.5826289770e-02  2.1596063228e-02  
5.4340662956e+00  1.5345220454e-02  1.5810970217e-03  7.2165291604e-02  3.4380149745e-02  4.3204276594e-02  3.0501441295e-02  2.4018940915e-02  2.2397227559e-02  2.1048123730e-02  2.1076605791e-02  -3.0752391838e-03  2.3821224852e-02  -2.3358186681e-03  2.4229730004e-02  -5.0297756152e-03  2.1660263266e-02  3.6710369037e-03  2.3093018533e-02  -2.1874494946e-02  2.1641559360e-02  -1.6856362169e-02  2.2639348578e-02  -3.8342207879e-02  3.1453077968e-02  -5.7122858773e-02  3.0244240880e-02  
5.5320162773e+00  1.1895198375e-02  1.3532130979e-03  1.0341873811e-01  4.6201463543e-02  6.2563896559e-02  3.6166026091e-02  -1.9966907029e-02  3.4100049151e-02  -2.0908378459e-02  3.4267843963e-02  4.1871268416e-02  2.4297989685e-02  3.1719166652e-02  2.7138501638e-02  2.3435423398e-02  3.6848850027e-02  1.7680484821e-02  3.3560013371e-02  1.8960539446e-03  2.6839661004e-02  -2.4159269660e-03  3.1373897439e-02  5.9184299706e-02  3.1840406750e-02  3.0034116954e-02  3.0897845122e-02  
5.6265811920e+00  8.9312773198e-03  1.2251808075e-03  1.3248876802e-01  5.8026431088e-02  6.9145718057e-02  5.4117887441e-02  -4.0019341592e-02  3.6775835703e-02  -5.2401820008e-02  3.7125485346e-02  -1.2015330979e-02  3.9607334995e-02  1.3491563807e-03  3.9015157046e-02  -5.7380047152e-02  5.2339273075e-02  -4.1437663062e-02  5.3969848826e-02  5.6399741520e-03  3.4325655901e-02  2.3501910725e-02  3.7970604315e-02  1.6679498869e-02  5.8967016621e-02  5.1311209076e-02  6.7482425203e-02  
5.7247104645e+00  6.9314725697e-03  1.0425673099e-03  8.5755682227e-02  6.6304539192e-02  5.2559950170e-02  6.6311935472e-02  6.8442501014e-02  4.5393410390e-02  6.2614125067e-02  4.4532364534e-02  1.4034267663e-02  4.6713920180e-02  2.0885528533e-02  4.7271818828e-02  -2.6299923706e-02  4.2951913373e-02  -1.0362677902e-02  4.5320977595e-02  5.7333304768e-03  3.7252334508e-02  1.9067658111e-02  3.8470259253e-02  1.8084020134e-03  4.3986107187e-02  2.8332854621e-02  3.8816163730e-02  
5.8230781555e+00  5.2380962297e-03  8.6505757645e-04  6.7038430053e-02  7.0944815642e-02  3.3822657650e-03  6.0713521000e-02  1.8442215878e-02  4.3230567741e-02  2.2887726029e-02  4.3522737429e-02  -9.7105723102e-02  5.3878323689e-02  -6.1774906683e-02  4.8158379065e-02  6.9949402037e-02  4.9939858442e-02  3.9293792721e-02  5.2024086296e-02  -1.2775213641e-02  4.4459410278e-02  -4.5245010235e-02  4.9960688618e-02  -4.8653009386e-02  5.4355244183e-02  -4.1879991830e-02  5.2958983497e-02  
5.9188795090e+00  4.6090884134e-03  7.7908474486e-04  1.8055834256e-01  6.8838041493e-02  1.7101695084e-01  8.6009038080e-02  4.2974845905e-02  7.8862193099e-02  2.8132525251e-02  7.0774998397e-02  -7.0425220062e-02  5.9350691441e-02  -6.5226983398e-03  5.8751946586e-02  6.4495328168e-02  4.4850547871e-02  2.5155022857e-02  5.5415457501e-02  4.9687431726e-02  7.7085830752e-02  4.4062559844e-02  8.7292712622e-02  -1.3715194128e-01  5.0732158916e-02  -1.5719473043e-01  4.0855380670e-02  
6.0170545578e+00  4.0157390758e-03  8.6567574181e-04  1.6144455399e-01  9.4148145102e-02  1.9168460156e-01  1.0460899759e-01  -1.6419508784e-02  7.7778278220e-02  -2.2965225244e-02  7.1136600631e-02  8.0363559480e-02  5.6438442601e-02  9.1569768303e-02  5.5949177217e-02  3.0018671002e-02  5.1281573668e-02  1.1447304585e-02  5.1090831456e-02  -8.5912562803e-03  6.0958175758e-02  1.8621030710e-02  6.4887531760e-02  9.8704907283e-02  7.1283654071e-02  1.3363997707e-01  8.8107777054e-02  
6.1136312485e+00  3.2280413434e-03  7.3398306267e-04  6.2061493304e-02  9.1198390025e-02  1.3539285418e-01  8.9820374853e-02  -2.9928337174e-02  8.2747266993e-02  -2.9015936972e-02  7.7650889734e-02  -2.5285429167e-02  8.9562460650e-02  -1.6288345374e-03  8.0969881376e-02  2.8216615989e-02  9.0204593482e-02  -4.4091499348e-03  8.2998259277e-02  -5.3926186028e-02  6.7938277904e-02  -5.2037852816e-02  6.3425370212e-02  -4.3451849504e-02  7.6243576184e-02  5.7555834212e-02  4.7792948669e-02  
6.2151017189e+00  3.2618108671e-03  6.6637463169e-04  1.8353574236e-01  8.0779560451e-02  1.4390556697e-01  8.6413306414e-02  -1.2854169591e-02  6.9770498459e-02  -1.2914885525e-02  6.2876532814e-02  6.7366753591e-02  7.4009125771e-02  7.4052984541e-02  7.3999104131e-02  -3.6533020627e-02  9.1185040719e-02  -3.6731051709e-02  8.3641501993e-02  -1.1007525947e-01  4.2551490525e-02  -3.5427190420e-02  4.6514390729e-02  -1.6503810662e-01  8.3293136836e-02  -1.7356415678e-01  1.0245406474e-01  
6.3099961281e+00  1.9203157863e-03  4.9096514704e-04  2.5597735510e-01  9.3078530682e-02  2.3199728694e-01  8.9054315318e-02  6.9125800926e-02  9.0347931272e-02  4.7278875138e-02  8.2531230208e-02  -5.8156985286e-02  9.1613347350e-02  8.4552128514e-03  9.5050269333e-02  4.0525230703e-02  9.5862822914e-02  -6.4280464087e-03  1.0552113559e-01  -9.1751700761e-02  1.0216581293e-01  -5.3642286086e-02  1.2110746384e-01  -2.0619726303e-01  1.3164356085e-01  -9.7094476451e-02  6.9737314604e-02  
6.4076800346e+00  1.2057473650e-03  2.7454411611e-04  1.6145244104e-01  1.1105404151e-01  2.6967451098e-01  1.2686265136e-01  -8.7961650986e-02  1.2901210850e-01  -6.8767255609e-02  1.3303410838e-01  1.4882293845e-01  1.3430723954e-01  1.6364334744e-01  1.2081745068e-01  7.6414068895e-02  9.3906136457e-02  8.3268000041e-02  8.9274574350e-02  1.2238448889e-01  1.2736789821e-01  2.0118985827e-01  1.1658364048e-01  -1.3435343356e-01  1.1932584605e-01  -1.8541337913e-02  1.2890782849e-01  
6.5067567825e+00  9.2246301938e-04  2.5118113263e-04  8.1251701834e-02  8.7642020893e-02  2.6421163718e-01  1.4703849488e-01  -8.8442400640e-02  1.0661061298e-01  -6.1903157739e-02  9.8137459122e-02  9.9004394926e-02  1.4432333201e-01  9.5989914383e-02  1.2963510850e-01  -5.3458105457e-03  1.3218175051e-01  -2.0962026318e-02  1.3612860689e-01  -4.9464975816e-02  1.4471130284e-01  -1.0276999790e-01  1.5554879553e-01  -2.1874736662e-02  1.1885544262e-01  -1.7959074916e-02  1.4448030686e-01  
6.6059145927e+00  9.3639176339e-04  2.6843664818e-04  2.7053557397e-01  1.3381426624e-01  3.1510154066e-02  9.4146039834e-02  2.7116186233e-01  1.0594531804e-01  2.7396885412e-01  9.1672396081e-02  1.5226675791e-03  1.6398621011e-01  5.9255985049e-02  1.3434060922e-01  2.5304694812e-02  8.5235436098e-02  5.6650766533e-02  1.1956589717e-01  -1.4066853473e-01  1.2651745270e-01  -8.0646641267e-02  1.3234340677e-01  4.9929524363e-02  9.7415804189e-02  -3.5881375991e-02  9.7082904442e-02  
6.7046165466e+00  4.9717642833e-04  1.6253265494e-04  5.2803744741e-01  2.4660963531e-01  3.8078572251e-01  2.4082026993e-01  -4.1941669480e-02  1.9766385894e-01  -3.5996334670e-02  1.7718628072e-01  -1.8432769483e-01  3.5613097602e-01  -1.2320555220e-01  2.8055504443e-01  4.6818146330e-02  1.3241130826e-01  1.8685001842e-02  1.8450369738e-01  7.8831857374e-02  2.3843105188e-01  -1.1081402658e-01  2.7049292747e-01  1.5329115791e-01  2.1553206279e-01  -4.0913200510e-03  2.0735417889e-01  
6.8032793999e+00  3.7980920752e-04  1.3215433864e-04  2.2609756108e-01  2.4879263230e-01  1.7233725166e-01  1.8949281689e-01  -3.4349715774e-02  2.0739207847e-01  -3.8523753516e-02  2.0281710606e-01  -6.0534538518e-02  2.1737275244e-01  -1.7886692981e-02  2.2318264781e-01  6.0666642361e-02  1.4452769867e-01  -2.2637182153e-02  1.7483285600e-01  -1.5644874597e-03  2.6343076695e-01  1.7369090484e-01  2.8918049554e-01  -2.3749443524e-01  2.8437689969e-01  -2.6397173563e-01  2.2810405384e-01  
6.9028644562e+00  3.5916801426e-04  1.5247207193e-04  1.3992011868e-01  2.1548714783e-01  3.9313517085e-01  2.2650934946e-01  1.7511329351e-01  1.9249214854e-01  1.9059431066e-01  1.9509330150e-01  -4.9869318489e-01  1.9189860799e-01  -4.3709689440e-01  1.6485816732e-01  -1.2498568354e-02  2.8425616342e-01  -3.8396368659e-02  2.9555299975e-01  2.3897557280e-01  2.5920098302e-01  3.4924639343e-01  3.1098016812e-01  -1.1979617351e-01  2.8487397380e-01  -2.0789901878e-02  1.8122886928e-01  
7.0018019676e+00  2.7661980130e-04  1.2069819786e-04  9.7665613365e-02  1.9395845652e-01  2.3313753102e-01  3.1248813171e-01  2.6368348939e-01  2.2374183633e-01  2.5334882615e-01  2.1981283156e-01  -3.1427868015e-01  2.1603400139e-01  -2.5946469362e-01  2.0936143511e-01  -1.2403223648e-01  2.6568787361e-01  -7.9254179813e-02  2.8140640734e-01  1.3499226645e-01  1.7126584027e-01  4.5501379933e-02  1.7542589248e-01  -7.0675310004e-03  2.2013018006e-01  5.6332730598e-03  1.8856618049e-01  
