#pT  vn{4}  vn{4}_err
1.0802124441e-01  0.0000000000e+00  0.0000000000e+00  2.9416835879e-03  4.6606301290e-02  0.0000000000e+00  0.0000000000e+00  
2.0372217894e-01  0.0000000000e+00  0.0000000000e+00  1.6785904046e-02  8.2874999323e-03  0.0000000000e+00  0.0000000000e+00  
3.0201628804e-01  0.0000000000e+00  0.0000000000e+00  2.0592830333e-02  7.4768818297e-03  0.0000000000e+00  0.0000000000e+00  
4.0095171332e-01  0.0000000000e+00  0.0000000000e+00  2.8983025986e-02  7.3287228051e-03  0.0000000000e+00  0.0000000000e+00  
5.0030094385e-01  0.0000000000e+00  0.0000000000e+00  2.8171697873e-02  8.1953879202e-03  0.0000000000e+00  0.0000000000e+00  
5.9995859861e-01  0.0000000000e+00  0.0000000000e+00  6.0454293633e-02  8.6874850060e-03  0.0000000000e+00  0.0000000000e+00  
6.9982761145e-01  0.0000000000e+00  0.0000000000e+00  8.5579344016e-02  1.3665558405e-02  0.0000000000e+00  0.0000000000e+00  
7.9950708151e-01  0.0000000000e+00  0.0000000000e+00  1.0663457382e-01  1.6310284472e-02  0.0000000000e+00  0.0000000000e+00  
8.9898693562e-01  0.0000000000e+00  0.0000000000e+00  1.1940069196e-01  1.3639059431e-02  0.0000000000e+00  0.0000000000e+00  
9.9897587299e-01  0.0000000000e+00  0.0000000000e+00  1.2489658844e-01  1.3175374665e-02  0.0000000000e+00  0.0000000000e+00  
1.0986938477e+00  0.0000000000e+00  0.0000000000e+00  1.5612923986e-01  1.8884539744e-02  0.0000000000e+00  0.0000000000e+00  
1.1985422373e+00  0.0000000000e+00  0.0000000000e+00  1.5234136342e-01  1.6570746812e-02  0.0000000000e+00  0.0000000000e+00  
1.2986122370e+00  0.0000000000e+00  0.0000000000e+00  1.5802386453e-01  1.9710982728e-02  0.0000000000e+00  0.0000000000e+00  
1.3986513615e+00  0.0000000000e+00  0.0000000000e+00  1.7674380526e-01  1.8241366715e-02  0.0000000000e+00  0.0000000000e+00  
1.4982502460e+00  0.0000000000e+00  0.0000000000e+00  1.6159948742e-01  3.0608692936e-02  0.0000000000e+00  0.0000000000e+00  
1.5983953476e+00  0.0000000000e+00  0.0000000000e+00  1.6083170515e-01  4.2494971234e-02  0.0000000000e+00  0.0000000000e+00  
1.6985490322e+00  0.0000000000e+00  0.0000000000e+00  1.3361489103e-01  6.2697372518e-02  0.0000000000e+00  0.0000000000e+00  
1.7983659506e+00  0.0000000000e+00  0.0000000000e+00  1.2444345030e-01  1.3065291435e-01  0.0000000000e+00  0.0000000000e+00  
1.8982843161e+00  0.0000000000e+00  0.0000000000e+00  1.6893019545e-01  4.8447354150e-02  0.0000000000e+00  0.0000000000e+00  
1.9985785484e+00  0.0000000000e+00  0.0000000000e+00  1.1132710815e-01  1.0270538119e-01  0.0000000000e+00  0.0000000000e+00  
2.0980260372e+00  0.0000000000e+00  0.0000000000e+00  1.0804008761e-01  1.0090291021e-01  0.0000000000e+00  0.0000000000e+00  
2.1987102032e+00  0.0000000000e+00  0.0000000000e+00  8.3869134073e-02  1.4003883189e-01  0.0000000000e+00  0.0000000000e+00  
2.2986583710e+00  0.0000000000e+00  0.0000000000e+00  9.8461070031e-02  8.5770593495e-02  0.0000000000e+00  0.0000000000e+00  
2.3984799385e+00  0.0000000000e+00  0.0000000000e+00  1.0353679933e-01  8.0407433968e-02  0.0000000000e+00  0.0000000000e+00  
2.4989762306e+00  0.0000000000e+00  0.0000000000e+00  6.4677416280e-02  2.6385786729e-01  0.0000000000e+00  0.0000000000e+00  
2.5991191864e+00  0.0000000000e+00  0.0000000000e+00  3.0636924347e-02  4.9495464732e-01  0.0000000000e+00  0.0000000000e+00  
2.6991479397e+00  0.0000000000e+00  0.0000000000e+00  9.6541180401e-02  1.1106252281e-01  0.0000000000e+00  0.0000000000e+00  
2.7993013859e+00  0.0000000000e+00  0.0000000000e+00  3.1235215756e-02  6.8590185944e-01  0.0000000000e+00  0.0000000000e+00  
2.8993635178e+00  0.0000000000e+00  0.0000000000e+00  6.6267662707e-02  1.0859612468e-01  0.0000000000e+00  0.0000000000e+00  
2.9999666214e+00  0.0000000000e+00  0.0000000000e+00  5.5481275207e-02  6.2907203170e-02  0.0000000000e+00  0.0000000000e+00  
3.0997648239e+00  0.0000000000e+00  0.0000000000e+00  1.0375127982e-01  4.4490246981e-02  0.0000000000e+00  0.0000000000e+00  
3.1991801262e+00  0.0000000000e+00  0.0000000000e+00  4.8216707468e-02  1.3252514850e-01  0.0000000000e+00  0.0000000000e+00  
3.3000178337e+00  0.0000000000e+00  0.0000000000e+00  5.4535181227e-02  7.0739946322e-02  0.0000000000e+00  0.0000000000e+00  
3.3991713524e+00  0.0000000000e+00  0.0000000000e+00  3.2603117985e-02  4.9369775366e-02  0.0000000000e+00  0.0000000000e+00  
3.4995245934e+00  0.0000000000e+00  0.0000000000e+00  4.2622077900e-02  4.2824740393e-02  0.0000000000e+00  0.0000000000e+00  
3.6006076336e+00  0.0000000000e+00  0.0000000000e+00  2.7664598076e-02  5.1939430630e-02  0.0000000000e+00  0.0000000000e+00  
3.7004883289e+00  0.0000000000e+00  0.0000000000e+00  1.3249630358e-02  2.2866975861e-01  0.0000000000e+00  0.0000000000e+00  
3.8005821705e+00  0.0000000000e+00  0.0000000000e+00  5.9748147869e-02  4.8979934028e-02  0.0000000000e+00  0.0000000000e+00  
3.8989191055e+00  0.0000000000e+00  0.0000000000e+00  1.1209713779e-01  8.0614533678e-02  0.0000000000e+00  0.0000000000e+00  
3.9990911484e+00  0.0000000000e+00  0.0000000000e+00  2.3454302654e-02  2.5209162206e-01  0.0000000000e+00  0.0000000000e+00  
