#pT  dN/(2pi dy pT dpT)  dN/(2pi dy pT dpT)_err  vn{SP}  vn{SP}_err
1.0997161269e-01  6.2172531155e+01  1.0556134127e+00  1.8936805133e-03  5.5394387625e-04  6.5287076047e-03  5.4902538779e-04  -1.1979811881e-04  5.2338832003e-04  1.1702323254e-04  4.0728214535e-04  4.2240268904e-04  5.2912221420e-04  -9.6780026186e-04  4.8365755106e-04  
2.0108720660e-01  5.8010515806e+01  9.7952764886e-01  2.5142840116e-03  5.8396013578e-04  2.0546464220e-02  9.3755018453e-04  2.0499819985e-03  4.9914222398e-04  -3.1769261213e-04  4.2366164489e-04  -2.3280456178e-06  3.8864557442e-04  7.6496340158e-04  3.4018180167e-04  
2.9887855053e-01  3.8168711797e+01  6.4662305274e-01  4.3600596714e-03  7.5434338105e-04  3.8973646451e-02  1.6474676758e-03  4.6096593689e-03  4.4919015311e-04  1.2342493468e-03  4.0849462930e-04  -6.8294065236e-05  3.8345567353e-04  -3.9244683116e-04  3.5148233097e-04  
3.9820274711e-01  2.4015698276e+01  4.1219330455e-01  5.0788152295e-03  9.3554954181e-04  5.8058346820e-02  2.4499188561e-03  8.6408110296e-03  6.3042908893e-04  3.1642644380e-03  5.9141099250e-04  3.8134606844e-04  3.8650684312e-04  -3.4934489619e-04  4.1898335974e-04  
4.9798208475e-01  1.5261214784e+01  2.6342703802e-01  4.8410474589e-03  1.0185951318e-03  7.6804787781e-02  3.2297851131e-03  1.2585779644e-02  8.8348643345e-04  5.8873554885e-03  5.7864927950e-04  1.1275360630e-03  5.1960446594e-04  5.8581105591e-04  6.5318719713e-04  
5.9789419174e-01  9.9138135779e+00  1.7683308902e-01  7.8170476992e-03  1.1603942498e-03  9.6017711049e-02  4.0356595556e-03  1.8687295432e-02  1.3231731571e-03  7.9637713664e-03  8.3969540753e-04  2.1384798407e-03  5.1736383791e-04  -6.7902398256e-04  6.6595170050e-04  
6.9785881042e-01  6.5660095277e+00  1.2178929585e-01  7.7994707445e-03  1.3578627077e-03  1.1143662377e-01  4.8540476211e-03  2.3073960490e-02  1.7166492848e-03  1.0667905849e-02  1.0083100109e-03  1.8385619952e-03  5.8639088992e-04  -5.7448460539e-04  6.3301478824e-04  
7.9785782099e-01  4.4161644628e+00  8.6515279336e-02  8.3336806094e-03  1.4249190422e-03  1.2990449720e-01  5.7970224641e-03  3.2388883430e-02  2.3196594640e-03  1.4246380853e-02  1.2820401827e-03  4.0864858711e-03  9.6089202985e-04  1.7576538895e-04  8.9541001316e-04  
8.9782428741e-01  3.0265689579e+00  6.2167501742e-02  8.6703542415e-03  1.6700785014e-03  1.4463304839e-01  6.3919274354e-03  3.8286719997e-02  2.7352276073e-03  1.9554199541e-02  1.6501779972e-03  4.8997965771e-03  1.0061670288e-03  3.7247487666e-04  7.6168092516e-04  
9.9788242579e-01  2.1003981140e+00  4.4814540784e-02  9.5392085832e-03  2.3743260945e-03  1.5678419093e-01  7.2992986607e-03  4.5761627532e-02  3.1120916588e-03  2.3370137347e-02  2.0311867088e-03  8.1270560697e-03  1.0053928100e-03  4.5262863526e-03  9.6096404391e-04  
1.0978827477e+00  1.4738994982e+00  3.2400216845e-02  8.1799963538e-03  2.6400492075e-03  1.6921088692e-01  8.2166995177e-03  5.0343370659e-02  3.4275519168e-03  2.6799834990e-02  2.5968397766e-03  7.3945399344e-03  1.2539342580e-03  4.6802295048e-03  1.1771278417e-03  
1.1979317665e+00  1.0508283428e+00  2.4370388270e-02  1.0355547644e-02  3.2600873341e-03  1.7790248814e-01  9.2979544730e-03  5.7393517474e-02  3.7517347640e-03  3.1937330291e-02  2.7821742443e-03  9.7089019060e-03  1.8770036693e-03  5.4034167338e-03  1.5017442539e-03  
1.2980372906e+00  7.5973378336e-01  1.8332072166e-02  9.6577090271e-03  4.2829444290e-03  1.8531370668e-01  9.8482246617e-03  6.5031673782e-02  4.1627917837e-03  3.6159895299e-02  3.5097574161e-03  1.4419823875e-02  2.8855049758e-03  8.4363716779e-03  1.9073558422e-03  
1.3981724977e+00  5.5491238132e-01  1.3813099909e-02  9.1968395155e-03  5.2316521937e-03  1.8899237888e-01  1.1137979872e-02  6.6082865890e-02  4.4539079053e-03  4.2183099646e-02  3.4749877843e-03  1.6084663718e-02  2.8607349412e-03  7.6147915247e-03  1.7979461357e-03  
1.4979889393e+00  4.0975929414e-01  1.0337455085e-02  7.0498324752e-03  5.7010830582e-03  1.9055579377e-01  1.1558379285e-02  7.3143483903e-02  5.1380251390e-03  4.6944797170e-02  3.8240723839e-03  1.6061907419e-02  3.5433810305e-03  1.1124394605e-02  2.0040755166e-03  
1.5982573032e+00  3.0881457019e-01  7.8256562239e-03  6.2798828485e-03  7.2338154592e-03  1.9002867492e-01  1.2345208875e-02  7.7112666954e-02  5.1016122098e-03  4.9460790337e-02  4.2685642473e-03  2.1094607379e-02  4.4768698425e-03  1.1409643503e-02  2.0188642274e-03  
1.6983381510e+00  2.3392705942e-01  6.0454433703e-03  3.2222182061e-03  7.2242290105e-03  1.8546608560e-01  1.2851689065e-02  7.9898981011e-02  6.0018094607e-03  5.1394736195e-02  4.5784811303e-03  2.4300643392e-02  5.5855456737e-03  1.5455192190e-02  3.1230231751e-03  
1.7985389233e+00  1.8094244619e-01  4.5677443303e-03  5.7660865035e-03  7.6885430987e-03  1.8314821780e-01  1.3655155399e-02  8.2133501764e-02  5.6469962101e-03  5.4495292819e-02  4.7854524130e-03  2.5864117509e-02  4.9924637999e-03  1.4460780373e-02  3.2496147652e-03  
1.8983190060e+00  1.4240018716e-01  3.6447004171e-03  5.9777235075e-03  7.6899351041e-03  1.6944463328e-01  1.3464721174e-02  8.4782677020e-02  6.1696033116e-03  5.7893535257e-02  5.7384405679e-03  2.9971807372e-02  5.3418778527e-03  2.0693008470e-02  2.9136555424e-03  
1.9985138178e+00  1.1290296532e-01  2.8342542858e-03  5.4063861968e-03  8.4588929232e-03  1.5838579321e-01  1.4878543024e-02  8.0386956502e-02  6.8467075766e-03  6.2205868718e-02  6.4083270662e-03  3.3352169943e-02  5.9207180986e-03  2.1602624568e-02  3.5530714306e-03  
2.0987749100e+00  9.1321716423e-02  2.2746380221e-03  5.1133156493e-03  8.4548230922e-03  1.4943443870e-01  1.4521739309e-02  8.1703910942e-02  6.7850054224e-03  5.8246302010e-02  6.5375356866e-03  2.5482936959e-02  4.8618658632e-03  2.3794569355e-02  4.7691943258e-03  
2.1987552643e+00  7.5603251778e-02  1.9236480048e-03  7.7892936221e-03  1.0398230136e-02  1.3665738273e-01  1.4164629290e-02  7.6966602024e-02  6.8614577706e-03  6.3241744268e-02  6.6355308750e-03  2.7784385244e-02  6.9957827330e-03  2.3902752960e-02  4.5704462831e-03  
2.2989127636e+00  6.2674814949e-02  1.5977802042e-03  3.5834599602e-03  7.8619276989e-03  1.2881636047e-01  1.3831963899e-02  7.3361555201e-02  6.9729697959e-03  5.4813987205e-02  5.9614485607e-03  3.7968977271e-02  7.1017909346e-03  3.0968521993e-02  5.7556894457e-03  
2.3990972042e+00  5.3058444073e-02  1.3865918860e-03  -2.6759044771e-03  9.5991895685e-03  1.0750392317e-01  1.5074002401e-02  7.3622645720e-02  7.0688586993e-03  6.5836418778e-02  6.6628064220e-03  3.0243876282e-02  6.2488653539e-03  2.6170417509e-02  5.4958361087e-03  
2.4990158081e+00  4.5378045017e-02  1.2339791650e-03  -7.6331552969e-03  1.0034965458e-02  9.9286965035e-02  1.4105699529e-02  7.0828907465e-02  6.9788248231e-03  5.8543188043e-02  7.4550929273e-03  3.2998206042e-02  7.3415596986e-03  2.7698849945e-02  9.5140489840e-03  
2.5992598534e+00  3.9038569660e-02  1.1080706663e-03  6.7301318420e-03  9.8261392137e-03  8.1729895186e-02  1.3762755817e-02  7.2367797638e-02  7.9441016378e-03  6.6978437047e-02  7.7440448964e-03  2.6361669093e-02  6.5186986387e-03  2.9760453376e-02  7.0922793277e-03  
2.6992471218e+00  3.4410413102e-02  1.0010127683e-03  1.6084659093e-03  1.0646364439e-02  7.0841694290e-02  1.3257157178e-02  6.0589573443e-02  7.7222490375e-03  6.3956860723e-02  8.1176535860e-03  2.4971545608e-02  6.5943070852e-03  3.3362511732e-02  7.0042163939e-03  
2.7990696430e+00  3.0261985495e-02  9.3521325280e-04  -1.5291600745e-03  1.1502106858e-02  6.0827146347e-02  1.3976825045e-02  6.0148446427e-02  7.4881217221e-03  5.6569646555e-02  8.4192635869e-03  2.8272375809e-02  6.7603866955e-03  2.9743121902e-02  8.0050384711e-03  
2.8993449211e+00  2.6659276899e-02  8.3717478310e-04  8.3894022745e-03  1.0759125709e-02  5.3903192313e-02  1.4998884477e-02  6.3459839807e-02  8.8690856083e-03  5.9918150960e-02  8.5353710876e-03  2.0358871568e-02  7.4409839402e-03  3.6733015426e-02  8.7864449960e-03  
2.9991879463e+00  2.4212531677e-02  7.8917270425e-04  1.1241550481e-03  1.1252336344e-02  3.9791050223e-02  1.3085504608e-02  7.0192244632e-02  8.2200717364e-03  5.6563237755e-02  8.7759285760e-03  2.5010194568e-02  6.5165195038e-03  3.3782563966e-02  1.0673205765e-02  
3.0996148586e+00  2.1544684578e-02  7.0689945703e-04  5.7240405602e-03  1.0034725934e-02  3.5267666634e-02  1.3891443370e-02  5.9857727112e-02  8.8474102092e-03  5.2913409958e-02  9.1033472988e-03  2.0695676105e-02  7.2437522537e-03  3.6352859992e-02  1.0457822370e-02  
3.1991422176e+00  1.9481701126e-02  6.4640864471e-04  -6.0898908052e-03  1.2035218796e-02  2.8161214392e-02  1.2985420967e-02  5.3399875032e-02  8.9430659648e-03  4.7670893504e-02  9.3232075775e-03  3.0361793895e-02  7.4051432542e-03  3.8860634429e-02  8.9513404533e-03  
3.2997477055e+00  1.7819140217e-02  6.1069556895e-04  4.7753042927e-03  1.1021303371e-02  2.5021203088e-02  1.3805126179e-02  5.2221360733e-02  8.1462907393e-03  6.5599443092e-02  1.1217168514e-02  2.1502884096e-02  6.0914746267e-03  3.6772932333e-02  1.1169655873e-02  
3.3993089199e+00  1.6288055659e-02  5.6664424769e-04  4.8189873593e-03  1.2755221978e-02  1.2316353679e-02  1.3297060708e-02  5.1919887851e-02  9.4169270767e-03  5.9855426760e-02  9.9554932409e-03  2.5613818041e-02  8.3077536282e-03  4.0927618202e-02  1.1654080905e-02  
3.4993469715e+00  1.4792168788e-02  5.2341599234e-04  -6.7589269275e-03  1.3382528226e-02  1.1456281181e-02  1.2320034845e-02  4.8344424201e-02  9.8535224796e-03  5.0916485593e-02  1.0475016058e-02  2.2548067795e-02  7.7058117006e-03  4.0656700569e-02  1.2633060528e-02  
3.5995681286e+00  1.3663749141e-02  4.8721711429e-04  1.9452705743e-03  1.1792591643e-02  9.1348876529e-03  1.5338732906e-02  4.1683647564e-02  9.0106059333e-03  5.6556515962e-02  1.1305127950e-02  2.8371204132e-02  6.3232556825e-03  2.0668997593e-02  1.1924928855e-02  
3.6994001865e+00  1.2483627011e-02  4.6752990624e-04  1.3087311366e-02  1.3524643535e-02  1.6905050252e-03  1.5350734673e-02  4.6693039827e-02  9.5350515283e-03  5.4590764634e-02  1.0238207415e-02  2.1333362174e-02  1.0173898283e-02  2.7645105691e-02  1.3116175931e-02  
3.7997138500e+00  1.1643097137e-02  4.3166307495e-04  1.3464636789e-02  1.2735366180e-02  1.3777201982e-02  1.4102044829e-02  5.6941751508e-02  8.1452493542e-03  5.8294925543e-02  1.2847450006e-02  2.7215266256e-02  8.8193800762e-03  5.1269143935e-02  1.0414104067e-02  
3.8991088867e+00  1.0672367248e-02  4.0623468357e-04  1.4289067078e-02  1.2466412648e-02  2.0035936312e-03  1.6406103293e-02  5.6219854380e-02  9.5391183207e-03  4.9213370655e-02  1.2257297097e-02  1.9917487249e-02  1.0819401498e-02  3.3650762732e-02  1.2918254323e-02  
3.9993472099e+00  1.0032808472e-02  3.8381300926e-04  -4.0366303093e-03  1.4377639449e-02  -1.0235337243e-02  1.6560209212e-02  5.4329460154e-02  8.8727710910e-03  5.1052392194e-02  1.0938070327e-02  2.0198526664e-02  1.0559916597e-02  2.7819900237e-02  1.3373994249e-02  
