#pT  dN/(2pi dy pT dpT)  dN/(2pi dy pT dpT)_err  vn{SP}  vn{SP}_err
1.0841827840e-01  7.5674304744e-02  2.8411456421e-03  1.1666088717e-02  7.9877554214e-03  7.8640460494e-03  1.3140635786e-02  -3.8294460640e-03  1.0277888592e-02  2.8647374966e-03  1.0083447294e-02  -4.9268056288e-03  1.2869441771e-02  1.3391972659e-02  9.9101195464e-03  
2.0332519710e-01  7.4964310902e-02  2.5981342704e-03  1.6102781987e-02  6.8670555728e-03  5.9909157069e-03  7.0512756247e-03  1.5926069450e-02  6.3370272750e-03  1.2555717855e-03  7.5572160779e-03  -3.1422526381e-03  9.3042258044e-03  1.6269541965e-03  8.8415241131e-03  
3.0227309465e-01  7.1969771662e-02  2.2375634858e-03  5.4301817470e-03  6.0908915903e-03  1.2180708175e-02  6.3184927568e-03  1.4233732298e-02  7.3541493190e-03  -6.8708803302e-03  5.6742267228e-03  -7.1149528255e-04  5.2454826053e-03  -9.2036176568e-03  1.0709199552e-02  
4.0135556459e-01  6.7020667830e-02  2.2533933701e-03  2.0961876551e-02  6.7613907574e-03  6.2817877997e-03  5.6884362852e-03  -1.2714814087e-03  5.1722202154e-03  9.3246429242e-03  6.5702252584e-03  -4.7845996679e-03  8.2052628764e-03  3.0950316228e-03  5.4141072087e-03  
5.0074261427e-01  6.0391986518e-02  2.0230990837e-03  2.3234417003e-02  7.9130400964e-03  1.0706521373e-02  5.4977903954e-03  7.0962315260e-03  5.0588226178e-03  3.8221466181e-04  5.3319393865e-03  1.1276099937e-02  4.6818983018e-03  2.8023300741e-03  5.4702079541e-03  
6.0035997629e-01  5.3568039703e-02  1.7936646588e-03  2.8728268893e-02  6.2899793221e-03  2.4272015274e-02  5.5579977031e-03  -5.8891538982e-03  5.5468822867e-03  -2.2419587163e-03  5.6301670943e-03  -5.9611004674e-04  4.4066936098e-03  2.6664751443e-03  5.0627080195e-03  
7.0001900196e-01  4.6904149605e-02  1.5355212612e-03  2.3171587969e-02  5.8070645493e-03  3.7926759540e-02  5.8371034952e-03  2.2490470952e-05  4.6670054309e-03  -9.6973655638e-04  5.1027910825e-03  -3.3302412697e-03  5.7015332492e-03  -3.9680417465e-03  5.6906171160e-03  
8.0026429892e-01  4.0562256339e-02  1.4031595145e-03  2.0977190080e-02  5.7291546062e-03  4.2436810472e-02  6.1402827338e-03  9.8286065073e-03  6.8368329573e-03  -4.6277597929e-04  5.2207334151e-03  -7.1185102669e-03  5.7162869015e-03  -1.0489821666e-02  5.7644886236e-03  
8.9962577820e-01  3.4882041541e-02  1.1475043485e-03  3.1938559812e-02  6.5627468069e-03  5.0076930148e-02  6.3933964711e-03  1.5678604154e-02  4.7654109176e-03  -6.5555726477e-03  5.6553215353e-03  1.1051788198e-03  4.9748879481e-03  4.2426102506e-03  3.6781045373e-03  
9.9913102388e-01  2.9863417373e-02  1.0890360585e-03  3.1315889712e-02  6.7015911332e-03  6.4305457352e-02  7.4809050881e-03  1.6010029799e-02  5.7921973953e-03  4.2614056727e-03  7.2133730103e-03  -4.2625459085e-03  6.4636655157e-03  3.7260086862e-03  6.2460915422e-03  
1.0989499092e+00  2.4625626854e-02  9.2723745543e-04  4.1143637610e-02  8.1283056313e-03  8.2248208492e-02  7.1885705087e-03  3.1577627365e-02  7.4015567227e-03  -2.7499317605e-04  4.9712645409e-03  8.3458969292e-03  4.5849005872e-03  7.4976057962e-03  4.4278525836e-03  
1.1989731789e+00  2.0563656985e-02  8.3350827545e-04  4.7044229688e-02  8.7962540267e-03  8.6220939124e-02  8.2210776188e-03  3.5513467844e-02  7.9529443526e-03  9.5308415257e-03  6.3409610434e-03  -1.1822903551e-03  6.1864296156e-03  1.9357484528e-03  5.0053480992e-03  
1.2987469435e+00  1.7082454598e-02  7.2706227987e-04  4.8657290266e-02  1.2601582333e-02  9.5982800792e-02  9.5162564516e-03  2.8370213297e-02  8.3716010470e-03  1.7051780979e-03  5.7196727289e-03  5.7550369319e-03  7.7390708345e-03  -7.5921833604e-04  8.9719313794e-03  
1.3985965252e+00  1.3721128476e-02  5.9191220774e-04  3.9938245653e-02  9.5996636727e-03  1.0337207246e-01  1.0272075319e-02  4.3356380505e-02  8.3685473925e-03  2.2781504933e-03  9.2264715804e-03  1.3319223243e-02  7.6226334218e-03  -1.3582623781e-03  1.0158711674e-02  
1.4989205599e+00  1.1197093799e-02  4.9385015892e-04  4.6952805196e-02  9.7074386843e-03  1.1816715766e-01  1.0906332071e-02  4.2641592479e-02  1.0394954699e-02  5.8815536452e-03  1.0532243493e-02  5.4640235288e-03  7.8235070438e-03  5.3137932034e-03  6.3968773475e-03  
1.5989497900e+00  9.0301024231e-03  4.1104311170e-04  3.7538159794e-02  1.4810904397e-02  1.4929044203e-01  1.4047630619e-02  4.4167221312e-02  9.4769710166e-03  1.3085016315e-02  7.9923601079e-03  4.7350430039e-03  8.2280201723e-03  -6.9629110562e-04  9.5125968833e-03  
1.6987431049e+00  7.1036387972e-03  3.6312440810e-04  6.5416389481e-02  1.3553113806e-02  1.6630772033e-01  1.8733844271e-02  7.7361817746e-02  1.2413147888e-02  1.7538259163e-02  8.8171355272e-03  9.3717436685e-03  1.0389491447e-02  4.3555396287e-03  1.1454619147e-02  
1.7990752459e+00  5.6877528619e-03  2.8726270675e-04  5.6871425518e-02  1.5772013366e-02  1.6948189029e-01  1.6083627572e-02  6.6473516118e-02  1.1120256429e-02  2.5779805237e-02  1.1342290121e-02  3.1624399813e-02  1.1307419468e-02  4.1161432607e-03  8.6941142996e-03  
1.8991149664e+00  4.5037112081e-03  2.3460073968e-04  5.6998958485e-02  1.4082167930e-02  1.8768866667e-01  1.9778247497e-02  7.2485764628e-02  1.1400921967e-02  3.7112970431e-02  1.0161421691e-02  1.6969121602e-03  1.3434818136e-02  4.3463886556e-03  1.1310601559e-02  
1.9981471300e+00  3.6268169371e-03  2.0087600625e-04  6.0419589108e-02  1.3085625757e-02  1.8235724299e-01  1.4939757443e-02  8.8225620574e-02  1.5170005288e-02  3.7101743046e-02  1.3873274004e-02  2.9688882701e-03  1.3490794680e-02  6.5028361511e-03  1.1111498448e-02  
2.0973124504e+00  2.8846802816e-03  1.5966314145e-04  6.0544294072e-02  1.5655451144e-02  2.2105839107e-01  2.3168879273e-02  9.0126656162e-02  2.1030726236e-02  4.7914809470e-02  1.3483338952e-02  2.0602591244e-02  1.3665546562e-02  -3.2283305588e-03  1.2063273625e-02  
2.1974236965e+00  2.2140817466e-03  1.3901964700e-04  6.2358630828e-02  1.5806642734e-02  2.2692729969e-01  2.1863304942e-02  8.6345586891e-02  1.6946268578e-02  3.3912489349e-02  1.1878497960e-02  2.0047924124e-02  1.6133418159e-02  2.9886432694e-03  1.2284619287e-02  
2.2980537415e+00  1.8462714049e-03  1.1041163230e-04  4.9404576892e-02  1.9501197008e-02  2.0330249015e-01  2.0174027947e-02  8.4259755870e-02  1.9960680621e-02  2.4481406064e-02  1.6199522998e-02  -5.3590283862e-03  1.2734817409e-02  -1.5468481669e-02  1.6873557968e-02  
2.3985812664e+00  1.4322348289e-03  8.4900883562e-05  4.2177045452e-02  1.7251243639e-02  2.3233548750e-01  2.1980917086e-02  1.0090360459e-01  2.2556049035e-02  5.5609037338e-02  1.7360432827e-02  4.7904643200e-02  1.6102413882e-02  6.3318272467e-03  1.3750281470e-02  
2.4981248379e+00  1.1347506204e-03  6.0467366231e-05  3.7985660414e-02  1.7167027658e-02  2.2653220774e-01  2.3408664578e-02  1.4155615714e-01  2.3954878773e-02  6.0579976010e-02  2.1413888088e-02  6.5452471797e-02  1.9220974962e-02  4.9992192761e-02  1.5694969186e-02  
2.5970404148e+00  9.1977153401e-04  6.2677177300e-05  3.6340972885e-02  1.9120077725e-02  2.1403824915e-01  1.8893148011e-02  1.0432207788e-01  2.1904438149e-02  9.0203143080e-02  2.5102619047e-02  7.4593937523e-02  2.1903528593e-02  5.9396076886e-02  2.2911748894e-02  
2.6996059418e+00  7.5601701297e-04  4.4473034829e-05  1.2630278371e-02  2.1886768696e-02  2.6904310553e-01  3.2692475697e-02  1.1800916417e-01  2.8713206789e-02  7.4048330573e-02  1.6386831058e-02  7.1210159229e-02  2.1764255274e-02  8.8585191715e-03  1.7867394175e-02  
2.7994270325e+00  6.5668261668e-04  3.6556233292e-05  1.1344575838e-02  2.9405887503e-02  2.0591538554e-01  2.8317517720e-02  1.3026720093e-01  2.7859205428e-02  9.4767112547e-02  3.0295777161e-02  2.6297606470e-02  1.9900778808e-02  -1.4713170190e-02  2.2001519798e-02  
2.8977878094e+00  5.0723780811e-04  2.8453683042e-05  1.3846533674e-02  3.1422250973e-02  1.8045989590e-01  2.7153876821e-02  7.2768262887e-02  2.9292956689e-02  8.7025273214e-02  2.7652437022e-02  2.3688235071e-02  4.2579051824e-02  1.6448014816e-02  3.2295487144e-02  
2.9998152256e+00  4.7652145284e-04  2.9480111825e-05  2.2213474977e-02  3.1621277243e-02  2.2701465021e-01  3.6722570653e-02  1.1219785089e-01  3.1187650760e-02  1.0010942991e-01  2.4072119457e-02  8.0093283316e-02  2.8614085647e-02  2.7923185759e-02  2.7328727680e-02  
3.0982820988e+00  3.5692637399e-04  1.7881689361e-05  2.4702886453e-02  2.8366715688e-02  1.7443221707e-01  3.0953286751e-02  1.3838475124e-01  3.1882654139e-02  9.6220835248e-03  3.0520718209e-02  1.5751495475e-02  2.9283279532e-02  5.3479744780e-03  3.4071662987e-02  
3.1984400749e+00  3.4686031753e-04  1.7065040872e-05  3.1993467492e-02  3.0091262123e-02  1.7946574794e-01  2.7382777415e-02  1.1465293919e-01  2.3839459459e-02  7.9143172394e-02  4.5436196536e-02  8.7730190059e-03  4.1855281453e-02  -2.3354999635e-02  3.5610057651e-02  
3.2999658585e+00  3.0332110724e-04  1.6487065566e-05  -1.9706637310e-02  5.0348039224e-02  1.8592732767e-01  3.0025220761e-02  1.4960346787e-01  2.8278771529e-02  4.9342602741e-02  2.8501557231e-02  2.3917248446e-02  3.9808724080e-02  6.1081450514e-03  5.9837345269e-02  
3.3985524178e+00  2.4298238149e-04  1.2930889247e-05  -1.4976860183e-03  3.7895080023e-02  1.8113666396e-01  3.1481215868e-02  1.2490430766e-01  3.0871859707e-02  5.2280072828e-03  5.3025338349e-02  3.5213056162e-02  3.0449386248e-02  6.0027614437e-03  3.6783042366e-02  
3.4982328415e+00  2.3548267031e-04  1.6105514877e-05  -2.5200316228e-02  3.6052936164e-02  1.2804322448e-01  3.4737895393e-02  1.1942202857e-01  4.6620909234e-02  6.4913974933e-02  2.9264350885e-02  5.3138315306e-02  3.2542736766e-02  1.2798199176e-02  3.3279981324e-02  
3.6013190746e+00  2.2403574108e-04  1.2054412291e-05  -1.9374970367e-02  4.1978552926e-02  1.0552652132e-01  2.9438747948e-02  9.2249437069e-02  3.4446706790e-02  9.4843940848e-02  3.3424756912e-02  9.4412922846e-02  2.8522048187e-02  9.2891707341e-04  3.0174104470e-02  
3.7003030777e+00  1.8941223989e-04  1.1627751049e-05  -7.0449720678e-02  5.2564468017e-02  1.4685230193e-01  4.7584825476e-02  8.6184354546e-02  3.9168923827e-02  5.8258521082e-02  4.3720680107e-02  3.7571914211e-02  3.3366458606e-02  4.2466202391e-02  3.0123789568e-02  
3.8005294800e+00  1.7356561268e-04  1.0760932113e-05  -6.2848876456e-02  4.5513655099e-02  1.1139527028e-01  4.7965765411e-02  1.0642961748e-01  3.5948660127e-02  6.6758174575e-02  3.9390713565e-02  2.4245503689e-02  3.1262016347e-02  -2.5627322612e-03  5.0442786131e-02  
3.8975877762e+00  1.5341734791e-04  9.8231032364e-06  -9.2565020535e-02  4.6411917074e-02  7.5992154024e-02  3.8955096048e-02  1.2261771485e-01  5.1471662254e-02  -2.5099154580e-02  3.6053179638e-02  1.2082527152e-01  3.6899951276e-02  -3.5702656178e-03  4.5458887421e-02  
3.9985015392e+00  1.4673396691e-04  1.0122490982e-05  -9.3503578011e-02  5.4685828885e-02  1.5974512426e-01  5.3497975929e-02  3.3104822268e-02  5.4334165120e-02  -2.2124224255e-02  4.9617268719e-02  4.9507267928e-02  2.8343542683e-02  4.8200521639e-02  5.6477452760e-02  
