#pT  dN/(2pi dy pT dpT)  dN/(2pi dy pT dpT)_err  vn[2]  vn[2]_err
1.0795436054e-01  1.4648429965e+00  2.1683813886e-02  5.1733661443e-02  1.4929474331e-02  7.5569082983e-03  7.6161138713e-02  3.2679766417e-02  2.1329628304e-02  1.8497515470e-02  3.9691869169e-02  3.9263363928e-02  1.8575571477e-02  3.6135978997e-02  1.6503956169e-02  
2.0400880277e-01  1.5332849456e+00  1.7917633564e-02  8.6190141737e-03  2.8783891350e-02  0.0000000000e+00  0.0000000000e+00  0.0000000000e+00  0.0000000000e+00  1.6993016005e-02  1.6945496202e-02  2.2693837062e-02  1.7806926742e-02  0.0000000000e+00  0.0000000000e+00  
3.0242890120e-01  1.4999114096e+00  1.4878004635e-02  0.0000000000e+00  0.0000000000e+00  1.5023178421e-02  1.2266607955e-02  0.0000000000e+00  0.0000000000e+00  1.2560380623e-02  1.3933145441e-02  8.4736449644e-03  2.3162435740e-02  0.0000000000e+00  0.0000000000e+00  
4.0148222446e-01  1.4321244511e+00  1.4145371321e-02  8.9300172403e-03  1.8207272515e-02  0.0000000000e+00  0.0000000000e+00  1.0891585611e-02  1.2873216532e-02  0.0000000000e+00  0.0000000000e+00  0.0000000000e+00  0.0000000000e+00  0.0000000000e+00  0.0000000000e+00  
5.0108540058e-01  1.3590897293e+00  1.3422413251e-02  1.7047610134e-02  7.7078505419e-03  2.5470837951e-02  6.3255983405e-03  2.2909319028e-02  7.2082257830e-03  0.0000000000e+00  0.0000000000e+00  1.0503464378e-02  1.2815157883e-02  3.2767036464e-03  3.3584576100e-02  
6.0064333677e-01  1.2550108796e+00  1.1695816070e-02  2.7104275301e-02  5.4870154709e-03  2.1455146372e-02  6.4724590629e-03  0.0000000000e+00  0.0000000000e+00  0.0000000000e+00  0.0000000000e+00  0.0000000000e+00  0.0000000000e+00  0.0000000000e+00  0.0000000000e+00  
7.0028764009e-01  1.1337884463e+00  1.1506550971e-02  2.9921688139e-02  5.1771528088e-03  2.2996643558e-02  6.1167869717e-03  0.0000000000e+00  0.0000000000e+00  0.0000000000e+00  0.0000000000e+00  0.0000000000e+00  0.0000000000e+00  0.0000000000e+00  0.0000000000e+00  
8.0016291142e-01  1.0070542633e+00  8.9542229869e-03  3.4009590745e-02  4.7408421524e-03  4.5964129269e-02  4.1205240414e-03  1.9860271364e-02  7.5003444217e-03  0.0000000000e+00  0.0000000000e+00  1.4331040904e-02  9.5417732373e-03  0.0000000000e+00  0.0000000000e+00  
8.9950656891e-01  8.8470326049e-01  8.0169468173e-03  3.2284926623e-02  4.4749421068e-03  4.7368116677e-02  4.0853186511e-03  1.5170576982e-02  8.9189000428e-03  6.2347045168e-03  1.7801810056e-02  1.2275824323e-02  9.6351150423e-03  1.4105211943e-02  9.1825164855e-03  
9.9959975481e-01  7.5985326855e-01  6.6319354036e-03  3.8810729980e-02  4.3035377748e-03  5.3877625614e-02  4.7544818372e-03  2.0134845749e-02  6.4334417693e-03  1.8582195044e-02  8.0393254757e-03  1.1908008717e-02  1.1677243747e-02  0.0000000000e+00  0.0000000000e+00  
1.0992542505e+00  6.3262230251e-01  5.3208935855e-03  3.8252592087e-02  5.6174891070e-03  6.7516453564e-02  5.3538987413e-03  2.3011932150e-02  7.0411078632e-03  2.2771211341e-02  6.2082381919e-03  2.3975795135e-02  6.1732796021e-03  0.0000000000e+00  0.0000000000e+00  
1.1987613440e+00  5.2556086508e-01  4.6436680653e-03  4.2981185019e-02  5.3583406843e-03  7.2750680149e-02  4.9218223430e-03  3.9135664701e-02  5.9518530034e-03  0.0000000000e+00  0.0000000000e+00  0.0000000000e+00  0.0000000000e+00  0.0000000000e+00  0.0000000000e+00  
1.2989062071e+00  4.2974821529e-01  3.7644802991e-03  4.0434706956e-02  6.6390116699e-03  7.2898209095e-02  5.1552560180e-03  4.1411019862e-02  5.3880903870e-03  2.3453475907e-02  6.8876193836e-03  0.0000000000e+00  0.0000000000e+00  1.5120999888e-02  1.1591891758e-02  
1.3991155624e+00  3.4678653978e-01  3.2295710970e-03  4.4173911214e-02  6.8327165209e-03  9.1914929450e-02  5.7405969128e-03  4.2429555207e-02  5.9904619120e-03  3.6992926151e-02  6.6747097299e-03  1.4534154907e-02  1.3240646571e-02  0.0000000000e+00  0.0000000000e+00  
1.4987807274e+00  2.7884314519e-01  3.1184975363e-03  3.9794750512e-02  6.2488112599e-03  9.2238463461e-02  6.1767408624e-03  4.1190769523e-02  7.1533629671e-03  2.7281412855e-02  9.8909726366e-03  2.3087514564e-02  9.6096592024e-03  9.3804290518e-03  2.3916346952e-02  
1.5987312794e+00  2.1947796345e-01  2.3465501942e-03  5.9980269521e-02  8.0796545371e-03  1.0598288476e-01  7.0271659642e-03  5.4853506386e-02  8.3619495854e-03  5.5809553713e-02  9.8453415558e-03  2.5447431952e-02  1.0715326294e-02  1.2877279893e-02  1.9395774230e-02  
1.6983315945e+00  1.7153059199e-01  2.2887773252e-03  4.1070993990e-02  9.9896145985e-03  1.0490894318e-01  7.6639987528e-03  5.6292422116e-02  8.0503206700e-03  3.8026168942e-02  1.1326526292e-02  4.6969681978e-02  8.9218178764e-03  1.1763814837e-02  2.5727540255e-02  
1.7984080315e+00  1.3498229169e-01  1.7135469082e-03  4.1786700487e-02  1.1268920265e-02  1.0187347978e-01  8.9623965323e-03  7.4463121593e-02  8.8699245825e-03  3.8766071200e-02  1.2362200767e-02  3.0534049496e-02  1.3971070759e-02  0.0000000000e+00  0.0000000000e+00  
1.8987191916e+00  1.0417522753e-01  1.1968722876e-03  7.7462904155e-02  1.0160872713e-02  1.0213539749e-01  9.0010473505e-03  8.3955273032e-02  1.1486642063e-02  3.4298464656e-02  1.4167829417e-02  0.0000000000e+00  0.0000000000e+00  2.8903068975e-02  1.6838876531e-02  
1.9983038902e+00  8.1738164759e-02  1.2526003943e-03  5.3833976388e-02  1.2200734578e-02  1.1452877522e-01  9.2567214742e-03  8.5214205086e-02  8.8026039302e-03  7.0584796369e-02  1.0762817226e-02  0.0000000000e+00  0.0000000000e+00  0.0000000000e+00  0.0000000000e+00  
2.0977597237e+00  6.3665627321e-02  1.1318467430e-03  9.0291030705e-02  1.2729565613e-02  1.1571221799e-01  1.0816002265e-02  7.8130818903e-02  1.3748407364e-02  7.1290619671e-02  1.5646480024e-02  1.5318711288e-02  5.5758293718e-02  0.0000000000e+00  0.0000000000e+00  
2.1987156868e+00  4.8961405217e-02  9.5351061825e-04  8.3108939230e-02  1.3126066886e-02  1.2683010101e-01  1.1334373616e-02  7.5003333390e-02  1.4017096721e-02  3.5317532718e-02  2.7321768925e-02  5.5222976953e-02  2.0361373201e-02  0.0000000000e+00  0.0000000000e+00  
2.2983329296e+00  3.8393715183e-02  7.8280766636e-04  5.1609080285e-02  2.2447613999e-02  1.4206549525e-01  1.2893632054e-02  7.9801037908e-02  1.7870230600e-02  9.0444028378e-02  1.6136355698e-02  5.5304210633e-02  1.9745072350e-02  4.5823082328e-02  2.6129713282e-02  
2.3983809948e+00  3.1015061302e-02  7.3665798541e-04  8.2649655640e-02  2.3130660877e-02  1.5435743332e-01  1.5656149015e-02  1.2281097472e-01  1.9066998735e-02  1.0781907290e-01  1.8498523161e-02  8.9924953878e-02  1.9489536062e-02  4.1672110558e-02  3.2987032086e-02  
2.4989130497e+00  2.4360777274e-02  5.5114944291e-04  1.3615170121e-01  1.9900806248e-02  1.2581889331e-01  1.8803048879e-02  1.4038433135e-01  1.6329996288e-02  7.8890755773e-02  2.4690898135e-02  4.8748482019e-02  4.0894210339e-02  0.0000000000e+00  0.0000000000e+00  
2.5982856750e+00  1.9178486018e-02  5.2725760356e-04  1.2794396281e-01  2.1006057039e-02  1.8020290136e-01  1.8190430477e-02  1.4195185900e-01  1.7813639715e-02  4.6431925148e-02  4.3484039605e-02  0.0000000000e+00  0.0000000000e+00  0.0000000000e+00  0.0000000000e+00  
2.6996269226e+00  1.6257594792e-02  4.8525086944e-04  1.6601356864e-01  2.3168740794e-02  1.7905479670e-01  1.9820932299e-02  1.3408753276e-01  2.6700802147e-02  2.0996900275e-02  1.3021302223e-01  1.2492311001e-01  2.7481388301e-02  0.0000000000e+00  0.0000000000e+00  
2.7992846966e+00  1.2911594328e-02  3.8162763609e-04  1.6939976811e-01  2.7247756720e-02  1.7990148067e-01  2.4657234550e-02  1.1475976557e-01  3.3760961145e-02  1.1094410717e-01  2.8887717053e-02  8.7930880487e-02  3.3696956933e-02  3.9814591408e-02  6.2278896570e-02  
2.8987691402e+00  1.0920781380e-02  3.7135636024e-04  1.6357459128e-01  2.7305293828e-02  1.8318997324e-01  2.7788870037e-02  8.6354583502e-02  5.0044439733e-02  1.6662029922e-01  3.6682303995e-02  1.2757577002e-01  3.3979967237e-02  1.7365135252e-02  1.9825845957e-01  
2.9998793602e+00  9.4835244299e-03  3.4935463784e-04  1.0590121895e-01  4.2089883238e-02  2.1282757819e-01  2.8218090534e-02  1.4161913097e-01  3.1334504485e-02  0.0000000000e+00  0.0000000000e+00  1.1122322828e-01  4.8272874206e-02  0.0000000000e+00  0.0000000000e+00  
3.0990576744e+00  7.5582305289e-03  2.7415761748e-04  1.7026561499e-01  4.1675325483e-02  1.6072142124e-01  3.9436314255e-02  1.8272504210e-01  3.8683895022e-02  1.2795878947e-01  5.1300965250e-02  1.3518090546e-01  4.9037925899e-02  9.8015740514e-02  5.7449959219e-02  
3.1984190941e+00  6.8556864931e-03  2.7926217876e-04  1.3743335009e-01  5.5738892406e-02  2.0576271415e-01  4.9339614809e-02  2.2048211098e-01  3.7180192769e-02  1.4582091570e-01  5.7097844779e-02  0.0000000000e+00  0.0000000000e+00  6.7590817809e-02  1.1745421588e-01  
3.2987153530e+00  6.5838454177e-03  2.7834276000e-04  0.0000000000e+00  0.0000000000e+00  1.8654099107e-01  5.6582339108e-02  1.8376201391e-01  4.4335551560e-02  0.0000000000e+00  0.0000000000e+00  8.5473150015e-02  7.0350453258e-02  0.0000000000e+00  0.0000000000e+00  
3.4002022743e+00  5.3434735298e-03  2.1912188922e-04  2.0651838183e-01  3.4432411194e-02  1.8148604035e-01  4.8877395689e-02  0.0000000000e+00  0.0000000000e+00  7.8386507928e-02  8.4038577974e-02  0.0000000000e+00  0.0000000000e+00  0.0000000000e+00  0.0000000000e+00  
3.4982323647e+00  4.5893374535e-03  2.0399343576e-04  2.8961166739e-01  4.4360905886e-02  2.7493605018e-01  4.7149918973e-02  1.7590960860e-01  5.8232996613e-02  2.1955330670e-01  4.6316217631e-02  1.7916451395e-01  4.9359124154e-02  1.2971860170e-01  7.9360619187e-02  
3.5998985767e+00  4.0769613221e-03  2.3166836374e-04  2.1491520107e-01  6.1469245702e-02  2.1254573762e-01  5.7560067624e-02  0.0000000000e+00  0.0000000000e+00  0.0000000000e+00  0.0000000000e+00  1.8481640145e-02  5.6049400568e-01  1.1881566048e-01  9.9836379290e-02  
3.6991553307e+00  3.6966115203e-03  1.7752758335e-04  1.4442893863e-01  9.6278533340e-02  1.8453410268e-01  7.4005872011e-02  2.1069504321e-01  7.4304856360e-02  1.8380260468e-01  7.0559136569e-02  8.0175615847e-02  1.7015761137e-01  2.8130030632e-01  5.0226848572e-02  
3.7979521751e+00  3.1972718851e-03  1.5666715369e-04  2.6373592019e-01  6.0448043048e-02  2.6920998096e-01  5.4091401398e-02  2.1386563778e-01  6.8283438683e-02  0.0000000000e+00  0.0000000000e+00  0.0000000000e+00  0.0000000000e+00  1.1085854492e+03  5.5142852783e+02  
3.9009661674e+00  2.8307834555e-03  1.3317860134e-04  0.0000000000e+00  0.0000000000e+00  1.1085855713e+03  5.5142840576e+02  1.6136188805e-01  4.6639410000e+06  1.1085855713e+03  5.5142858887e+02  7.8388830566e+02  8.7551025391e+02  0.0000000000e+00  0.0000000000e+00  
3.9986062050e+00  2.5021060351e-03  1.4730399007e-04  0.0000000000e+00  0.0000000000e+00  0.0000000000e+00  0.0000000000e+00  0.0000000000e+00  0.0000000000e+00  7.8388830566e+02  8.7550994873e+02  2.1205180883e-01  6.9793418050e-02  0.0000000000e+00  0.0000000000e+00  
