#pT  dN/(2pi dy pT dpT)  dN/(2pi dy pT dpT)_err  vn{SP}  vn{SP}_err
1.0821813345e-01  2.4065551162e-01  7.1361948957e-03  2.2364782736e-02  1.8701894679e-02  -1.4384246670e-02  1.7587003732e-02  -1.3164442339e-02  1.8921374997e-02  3.2038405128e-03  1.8918997557e-02  -1.0121568125e-02  2.6179782880e-02  -3.7414726794e-02  5.7437270979e-02  
2.0428496599e-01  2.4573082773e-01  5.1175805959e-03  -1.0481779424e-02  1.4983688212e-02  1.2837047276e-02  1.5416960958e-02  4.5881425409e-03  1.1216636847e-02  6.3512231832e-03  1.6182952370e-02  -2.6510882969e-03  2.1993242606e-02  -1.7461427260e-02  4.4761643916e-02  
3.0243164301e-01  2.4599181488e-01  4.0960644691e-03  -1.1820047850e-04  1.3834029143e-02  8.1528552963e-03  9.9882382799e-03  4.7199671273e-03  1.0390631945e-02  2.4162209967e-03  1.3006314755e-02  -2.6148887220e-02  1.7758148083e-02  1.0612540645e-02  3.8511423371e-02  
4.0189582109e-01  2.3652563597e-01  4.0348177422e-03  1.1891367171e-03  1.0400517312e-02  1.1890493558e-02  9.2606254357e-03  -1.5165087197e-03  8.4557096039e-03  1.6959015378e-02  7.7612333477e-03  1.4863598047e-02  1.6898392727e-02  -9.0804308288e-03  3.6076712036e-02  
5.0086581707e-01  2.2551844943e-01  3.2478989746e-03  3.6265425820e-03  1.0555379981e-02  3.2974241939e-02  9.7348745810e-03  -1.5372337543e-02  1.1244440002e-02  -1.9861163954e-03  9.4582207415e-03  -1.4881589511e-02  1.5089596390e-02  -1.2082401953e-02  2.7617873814e-02  
6.0085034370e-01  2.1047954407e-01  3.2411171647e-03  1.6358643481e-03  9.4079296834e-03  2.3650766524e-02  1.0812703726e-02  1.6582323413e-02  7.4289736052e-03  -1.1158723683e-02  7.4195084030e-03  3.1920170400e-03  1.3004866731e-02  -2.2723054592e-02  2.1228488572e-02  
7.0001274347e-01  1.9345052670e-01  2.8137909737e-03  4.5405151548e-03  9.1301704281e-03  2.0566069826e-02  9.1511167965e-03  8.2951450479e-03  8.9896983354e-03  -1.1237630630e-02  8.3136412734e-03  -2.0332778906e-03  1.4778623921e-02  -1.1225121417e-02  2.8625404931e-02  
8.0038321018e-01  1.7666458622e-01  2.2835554870e-03  7.6388664843e-03  7.6145509622e-03  2.8082381960e-02  8.4911063820e-03  1.0978460023e-02  8.5838927489e-03  4.4440155662e-03  8.2333138717e-03  -1.4335349383e-02  1.1306203820e-02  -2.2187490624e-02  2.5654402678e-02  
8.9944195747e-01  1.5500760696e-01  2.0655957101e-03  1.1222517274e-02  7.0144006653e-03  3.7665017276e-02  8.3020321029e-03  -2.2358764987e-03  6.7621590671e-03  -1.4733556955e-03  1.0796367101e-02  3.9580048919e-03  1.2995515048e-02  4.4056883084e-04  2.6714184953e-02  
9.9946182966e-01  1.3556139075e-01  1.7675437113e-03  4.8088490958e-03  8.6265883281e-03  4.1849297976e-02  8.1709424565e-03  2.6583811858e-03  9.1486851330e-03  8.3309213305e-03  9.0524163040e-03  2.6869755188e-02  1.2618487627e-02  1.6237524300e-02  2.0853597626e-02  
1.0993893147e+00  1.1677911184e-01  1.6765488536e-03  2.5549764243e-02  8.3697793287e-03  4.9476176474e-02  9.2935285474e-03  8.9092097283e-03  8.7222467488e-03  8.4951277302e-03  9.5660490974e-03  6.0101257544e-04  1.3266629696e-02  -1.3111794706e-03  2.6654320642e-02  
1.1984579563e+00  9.6105180997e-02  1.3147171439e-03  2.9420349467e-02  9.7450564055e-03  5.6866470546e-02  8.8895358017e-03  1.7142804514e-02  9.5038037774e-03  2.7368175260e-02  1.0028351640e-02  -2.4748548999e-02  1.3497837684e-02  2.1461253405e-02  2.7069968037e-02  
1.2986052036e+00  8.0761399698e-02  1.1393176771e-03  1.4752081996e-02  1.0740594691e-02  6.6555291374e-02  1.0486801397e-02  1.2773811190e-02  9.5411221678e-03  1.7341477152e-02  1.0180736759e-02  -5.1603033470e-03  1.6699822524e-02  -3.3674021891e-03  2.6084501800e-02  
1.3992450237e+00  6.6430699093e-02  1.0336024557e-03  1.7455118746e-02  1.1135563717e-02  9.0656935297e-02  1.2488500523e-02  3.4600758418e-02  9.8362217706e-03  2.9164852811e-02  1.4050044125e-02  -9.5579382200e-03  1.6210270981e-02  8.1166484672e-03  3.0650056852e-02  
1.4985176325e+00  5.3552676442e-02  9.1908594710e-04  2.2427579114e-02  1.0474841620e-02  6.9551779340e-02  1.1136658999e-02  4.3619488623e-02  9.5367089931e-03  1.2897997869e-02  1.0075466718e-02  -3.4835655822e-03  1.6884818330e-02  -2.3411997473e-02  3.0466394977e-02  
1.5981909037e+00  4.2579485309e-02  7.9980380258e-04  -1.2744326887e-02  1.2730144533e-02  7.6274798767e-02  1.2428292089e-02  6.1041453961e-02  9.7329419142e-03  3.0423662747e-02  1.0191182713e-02  8.4023132083e-03  2.3699862342e-02  2.5933710675e-02  3.9210356757e-02  
1.6981459856e+00  3.3494533569e-02  7.4414545441e-04  1.8145889911e-02  1.5812358452e-02  1.1118399791e-01  1.4539273094e-02  4.7794525392e-02  1.2668381869e-02  5.5746755408e-02  1.4750239429e-02  7.7209038659e-03  1.8830952822e-02  4.0946153207e-03  3.5251517385e-02  
1.7979584932e+00  2.7489591075e-02  5.5240563151e-04  2.8961099787e-03  1.4939030787e-02  1.1185390889e-01  1.6139769844e-02  3.0418231602e-02  1.4559765378e-02  3.6645240913e-02  1.5512683172e-02  4.8467008462e-02  2.0477111691e-02  -3.3943689881e-02  4.1103962927e-02  
1.8989590406e+00  2.1137490197e-02  5.4264227791e-04  2.6954195807e-02  1.4943661694e-02  1.2051295806e-01  1.5679760155e-02  5.6939948171e-02  1.6527098619e-02  4.1000172182e-02  1.7400066219e-02  1.9999075623e-02  2.5137953272e-02  2.8655729312e-02  4.3760704478e-02  
1.9978334904e+00  1.6974955967e-02  5.2098247161e-04  2.4086051629e-02  2.1066492109e-02  1.1707805205e-01  1.7546191098e-02  6.5233614067e-02  2.1064674672e-02  3.5479688534e-02  1.7221829280e-02  4.8525357567e-02  2.3204505720e-02  6.6893221837e-02  6.0841136835e-02  
2.0970358849e+00  1.2905843981e-02  3.5894599064e-04  1.3799525691e-02  1.9720922892e-02  1.3013098436e-01  1.6736248274e-02  8.0987567648e-02  1.9318344883e-02  5.0928837373e-02  1.6775485054e-02  -8.7400463524e-03  3.3236491973e-02  -1.5562661101e-02  5.5920949859e-02  
2.1993114948e+00  1.0609653639e-02  3.0242654734e-04  3.7678545463e-03  2.6408915667e-02  1.5729576119e-01  2.0283960804e-02  5.4883798113e-02  2.0274069509e-02  5.9418771315e-02  1.9479726720e-02  -1.3854120285e-03  3.8681658705e-02  2.7530345368e-02  6.4768190193e-02  
2.2975487709e+00  8.1152992743e-03  2.5729554451e-04  -3.1989031880e-02  2.3486653362e-02  1.0346730538e-01  2.4215502376e-02  1.0052425016e-01  2.2529559409e-02  7.9934387692e-02  2.4716191896e-02  6.1015164044e-02  4.7416416725e-02  9.6010114519e-02  8.1079864277e-02  
2.3970103264e+00  6.4776182197e-03  2.5226740344e-04  -6.9403310419e-02  2.7353760225e-02  9.0539334638e-02  2.5130998236e-02  7.4370564806e-02  2.8795074968e-02  7.4817046090e-02  3.1482207696e-02  1.5762461599e-01  3.8290745113e-02  -3.9768044217e-02  8.7527992371e-02  
2.4974663258e+00  5.3184975074e-03  1.9142579966e-04  -4.6026730609e-03  2.3771535421e-02  1.4071745162e-01  2.7557502063e-02  7.0821274950e-02  2.5546966240e-02  5.9860543492e-02  3.3743090143e-02  8.0666348140e-02  4.9971565599e-02  7.9838707173e-02  1.0206510930e-01  
2.5981106758e+00  3.9563059183e-03  1.8806374452e-04  -6.1536790911e-03  2.8822783696e-02  1.3201387337e-01  2.7346518737e-02  1.0679053318e-01  3.5545837725e-02  9.3964076262e-02  2.8521862314e-02  8.8320010687e-02  5.2785595066e-02  5.8457456047e-03  1.0211561152e-01  
2.6975700855e+00  3.0721722678e-03  1.5535069572e-04  -6.6779492271e-03  3.7626330541e-02  9.1456977666e-02  3.7086400625e-02  9.5743061864e-02  3.2031026114e-02  6.5370183083e-02  3.7309368459e-02  7.3698582204e-02  5.5638724253e-02  1.4287414038e-01  1.1423427655e-01  
2.7946684361e+00  2.5088622907e-03  1.3820271457e-04  -9.2192621670e-02  3.4676315951e-02  1.3822814838e-01  4.2557048522e-02  5.3005490846e-02  4.1940520824e-02  3.5860228570e-02  4.5577343208e-02  7.5829114143e-02  6.0268315517e-02  1.0668926957e-01  1.4160191922e-01  
2.8983824253e+00  2.1481904493e-03  1.4129521530e-04  -9.8408696165e-02  3.2997394970e-02  9.8608655462e-02  3.2655148278e-02  1.2636323436e-01  3.6451784523e-02  7.2232547798e-02  3.5918169730e-02  1.5300571343e-01  6.4035873444e-02  1.3144461068e-01  1.3707182983e-01  
2.9980578423e+00  1.9195795510e-03  1.2350215735e-04  -7.5031179005e-02  4.1459312451e-02  1.0751114430e-01  4.2699688367e-02  2.7920478102e-02  4.1236499716e-02  9.9377446116e-02  4.3527841954e-02  7.0925566425e-02  6.1460204666e-02  2.6954491545e-01  1.5775233372e-01  
3.1004583836e+00  1.6052287701e-03  9.0254052405e-05  -6.7218244076e-02  4.3867036797e-02  1.5521982365e-01  4.7705663792e-02  1.3612538946e-01  4.7927850734e-02  6.9919523796e-02  4.7538348146e-02  8.1144106915e-02  6.6864822356e-02  6.6328976909e-02  1.4275784789e-01  
3.1996078491e+00  1.3670306693e-03  8.2569878229e-05  4.6598618130e-02  4.8697406569e-02  7.2491122852e-02  4.6189894781e-02  2.1183689785e-02  4.8308902990e-02  1.4041669687e-01  5.0128625089e-02  2.7207246736e-02  6.8454160326e-02  1.0163412832e-02  1.4079390975e-01  
3.2974100113e+00  1.1070091897e-03  7.8849994762e-05  2.9074843837e-03  4.8833624783e-02  6.7855224047e-02  4.9314352435e-02  1.1729028384e-01  3.7286951599e-02  1.4842345028e-01  5.2257517290e-02  1.9045376213e-01  9.1016551631e-02  9.0795031423e-02  1.4514739875e-01  
3.3977458477e+00  9.9879901000e-04  8.0414232234e-05  -1.4699119117e-01  5.1869020024e-02  4.2388304877e-02  5.1172316289e-02  9.4545498511e-02  5.1238524203e-02  2.0117770200e-01  5.7567864989e-02  9.7543343505e-02  8.8628263588e-02  3.5249801479e-01  1.9086634947e-01  
3.4989972115e+00  1.0000228511e-03  7.6440410578e-05  -5.6768573762e-02  5.5846763662e-02  1.0365980642e-01  5.3213472663e-02  9.8421877929e-02  5.4378283043e-02  -2.4612216747e-02  5.0536599567e-02  8.6428705654e-02  8.9697561181e-02  2.0964693252e-02  1.6435478022e-01  
3.5989556313e+00  9.5028537152e-04  7.3989273482e-05  -4.7631438165e-02  6.0470148677e-02  6.2677048599e-02  4.6093213671e-02  4.5504280844e-02  5.4621894739e-02  1.6143442472e-01  6.1766585851e-02  1.1280938227e-01  9.7405666624e-02  2.5882928483e-01  1.7926722615e-01  
3.6996679306e+00  8.5870248951e-04  6.6113736814e-05  -1.1378064732e-02  5.5275548103e-02  1.1174115823e-01  5.5707015799e-02  1.3409893418e-01  5.5808172825e-02  9.3484719719e-02  6.5159842308e-02  1.9409824773e-02  9.4313657347e-02  -1.9685993885e-01  2.1437665421e-01  
3.7982590199e+00  9.4764816884e-04  7.7139354349e-05  -6.7361709380e-02  4.9299457340e-02  3.8158796638e-02  4.7474334645e-02  8.3074297122e-02  6.3442479016e-02  6.2249032744e-02  6.5056661914e-02  -1.8744160717e-02  7.9562580500e-02  2.8621501725e-01  1.9320858490e-01  
3.9004809856e+00  7.8137431623e-04  7.5152627179e-05  9.3013800229e-02  4.8935274076e-02  -2.1986191319e-02  6.3724962812e-02  3.0923481518e-02  5.5574765317e-02  8.0610243385e-02  6.3551916506e-02  3.1801857332e-01  9.7833920642e-02  -1.6389411209e-01  1.8076286174e-01  
3.9997818470e+00  7.3132327645e-04  6.0387607137e-05  1.4218783553e-02  4.8394625470e-02  2.7853804486e-02  6.2283874328e-02  1.6840737643e-01  5.5272427793e-02  8.1896902144e-02  5.0761068344e-02  3.0920382275e-02  1.0008763938e-01  -1.2782443155e-01  1.5709249169e-01  
