#pT  dN/(2pi dy pT dpT)  dN/(2pi dy pT dpT)_err  vn{SP}  vn{SP}_err
1.0798721761e-01  1.3192055996e+01  9.5104095546e-02  -5.2594634183e-04  1.8561748944e-03  -7.1833486670e-04  1.5441258253e-03  3.5967561342e-03  1.6405485029e-03  7.7256023726e-04  1.8142645024e-03  -3.1471312972e-03  4.0841692824e-03  nan  nan  
2.0315131545e-01  1.2864237987e+01  9.2175489394e-02  -2.3177456445e-03  1.3551389073e-03  7.0132128555e-03  1.2888517480e-03  3.8515345595e-04  1.1757015856e-03  2.6775820472e-03  1.4599930428e-03  2.2596159338e-03  3.0972744250e-03  nan  nan  
3.0125230551e-01  1.1188746729e+01  7.8837876413e-02  -1.9700155487e-03  1.4179001792e-03  1.2872392988e-02  1.2109853861e-03  3.4583925125e-03  1.1525222379e-03  3.3283064737e-04  1.2614829253e-03  -1.0750145959e-03  3.0101482792e-03  nan  nan  
4.0017375350e-01  9.1638485290e+00  6.6917159734e-02  -1.4405285474e-03  1.3662044929e-03  2.0213935328e-02  1.1869544587e-03  2.4850409607e-03  1.2004177178e-03  1.6005407027e-03  1.3310273113e-03  -2.1281182700e-03  2.7432176965e-03  nan  nan  
4.9939396977e-01  7.0953896492e+00  5.2556547413e-02  -1.9387985275e-03  1.4618089330e-03  3.1136004032e-02  1.6448553515e-03  7.2816797056e-03  9.6299055833e-04  2.8318386772e-03  1.2928060243e-03  1.2437825822e-03  2.3533366564e-03  nan  nan  
5.9879779816e-01  5.2816630434e+00  3.9275694071e-02  -3.3335735437e-04  1.5587375535e-03  4.0421633086e-02  1.5990084373e-03  1.0961359682e-02  1.2281038394e-03  3.5706093491e-03  1.4156799424e-03  4.3692390226e-03  3.2128334913e-03  nan  nan  
6.9829648733e-01  3.8199147094e+00  2.9509689408e-02  2.9653196324e-05  1.7440005050e-03  5.3998986478e-02  2.0417934258e-03  1.5158047328e-02  1.2874395722e-03  4.5289353329e-03  1.7194068878e-03  -7.5158890548e-03  3.0823714080e-03  nan  nan  
7.9810160398e-01  2.6797029378e+00  2.1748292053e-02  2.7751877058e-03  1.7756759657e-03  6.3696223061e-02  2.2434974914e-03  1.8403268887e-02  1.7372402761e-03  5.1858640540e-03  1.7530536633e-03  -3.0676859142e-03  3.8039133071e-03  nan  nan  
8.9781618118e-01  1.8509898787e+00  1.5516163960e-02  2.7975794526e-03  1.8794616520e-03  7.0661479601e-02  2.3328489120e-03  2.1012728752e-02  1.7448576745e-03  7.3851282347e-03  1.9053467028e-03  1.9067670505e-03  3.3882876692e-03  nan  nan  
9.9747085571e-01  1.2637917526e+00  1.0929584440e-02  3.4256155883e-03  2.1630033575e-03  7.9158313137e-02  2.7767004769e-03  2.6808024069e-02  2.1749212063e-03  9.5660577633e-03  2.3798073030e-03  7.2060636227e-03  4.8493258290e-03  nan  nan  
1.0975410938e+00  8.5490676390e-01  8.0315989439e-03  7.4908446857e-03  2.5885775569e-03  8.5275860167e-02  3.2308547863e-03  3.0069535827e-02  2.4757770359e-03  1.3851703185e-02  2.4484729595e-03  3.5278551480e-03  4.9393066365e-03  nan  nan  
1.1972428560e+00  5.7383373090e-01  5.4869535475e-03  -3.4856907300e-03  3.1256824063e-03  9.9267524926e-02  3.7742037154e-03  3.4461546913e-02  2.6938341656e-03  1.4304276057e-02  2.7143358231e-03  -2.2392495317e-03  6.1842722958e-03  nan  nan  
1.2973265648e+00  3.8261676905e-01  4.1308756979e-03  5.7158729734e-03  2.8929485002e-03  1.0096375979e-01  4.2256543656e-03  3.6825746286e-02  3.5715408395e-03  1.3685675685e-02  3.2423337108e-03  6.8277775087e-03  6.3552699208e-03  nan  nan  
1.3973615170e+00  2.5368395343e-01  2.8392700954e-03  6.1475396307e-03  3.9102404099e-03  1.1426022221e-01  4.7693894408e-03  4.2132736288e-02  3.9684284828e-03  1.6355762436e-02  4.2291471614e-03  -3.2745793640e-03  8.4367600836e-03  nan  nan  
1.4972753525e+00  1.6673584099e-01  1.9729318347e-03  -7.4943832377e-04  4.7249235730e-03  1.1642267192e-01  5.2055773876e-03  3.5070587055e-02  4.4824554136e-03  1.3286681742e-02  4.3558637322e-03  2.2453734506e-02  1.0610898152e-02  nan  nan  
1.5970724821e+00  1.0949525704e-01  1.4238007936e-03  7.9214714693e-03  5.5601359753e-03  1.2706402262e-01  5.8136330359e-03  4.5279432096e-02  5.9311974697e-03  1.4706373177e-02  5.8936456662e-03  5.4725587232e-03  1.0843901777e-02  nan  nan  
1.6966395378e+00  7.2214863449e-02  1.1040892335e-03  1.7527486675e-03  6.1575948550e-03  1.2583060432e-01  7.3063226035e-03  4.5441276818e-02  5.8884982908e-03  1.2611166219e-02  6.1648466708e-03  1.7823236159e-02  1.4055108531e-02  nan  nan  
1.7973836660e+00  4.7477770257e-02  7.1797351844e-04  7.8555151160e-03  7.8828019550e-03  1.3248324232e-01  7.3195280640e-03  4.8509534082e-02  8.3813681706e-03  1.3690643062e-02  8.2759554870e-03  -7.3657561474e-03  1.8483039374e-02  nan  nan  
1.8969439268e+00  3.1010354830e-02  5.5306680850e-04  -4.6977062880e-03  9.1326711228e-03  1.2739105570e-01  9.0160248826e-03  3.7563516769e-02  9.3172199184e-03  2.1497193914e-02  1.0430484614e-02  -7.7120846666e-04  2.1966596164e-02  nan  nan  
1.9966872931e+00  2.0650566509e-02  4.1190918452e-04  7.1562761619e-03  1.1105786832e-02  1.3818294748e-01  1.0320152868e-02  2.3114817287e-02  1.1293053588e-02  1.9689902501e-02  1.1759993221e-02  1.8842713236e-02  2.5115397238e-02  nan  nan  
2.0976753235e+00  1.3056721589e-02  3.0503883650e-04  -2.5534405882e-02  1.2814272675e-02  1.5602941330e-01  1.2444037945e-02  5.3160927450e-03  1.2731009130e-02  3.5698977869e-02  1.5097438362e-02  -1.4901459697e-02  2.8359216509e-02  nan  nan  
2.1965677738e+00  8.7194135713e-03  2.1908227495e-04  -7.6993639888e-03  1.6162482437e-02  1.6413808506e-01  1.6947961642e-02  4.2163385801e-02  1.4062287366e-02  3.1068690525e-02  1.5497375202e-02  1.7214713854e-02  2.8993093306e-02  nan  nan  
2.2965621948e+00  5.6797418733e-03  1.7169905294e-04  4.1375154372e-03  1.8221268557e-02  1.6715796219e-01  1.7504059053e-02  7.0077314222e-02  1.8365599298e-02  1.0360676543e-02  2.3199110284e-02  -4.1451587801e-02  3.8986115203e-02  nan  nan  
2.3972043991e+00  3.8677885306e-03  1.3673952804e-04  -3.9388902427e-02  2.0913018557e-02  1.6214717222e-01  2.1922720617e-02  2.0633373274e-02  1.9539195015e-02  1.2345673835e-03  2.7110996082e-02  -3.1200356298e-02  5.3950805486e-02  nan  nan  
2.4971885681e+00  2.3848767771e-03  8.9177646960e-05  -1.2817680137e-02  2.6343080007e-02  1.5596258685e-01  2.7092845521e-02  3.2300255469e-02  2.7709229580e-02  -3.6065871286e-02  3.1406767185e-02  5.2557876716e-02  6.3289302796e-02  nan  nan  
2.5994291306e+00  1.6056010784e-03  7.3042288969e-05  -4.4871047040e-02  3.4726836126e-02  1.7645373144e-01  3.1294679027e-02  9.2775738936e-02  3.0219877062e-02  5.4939901485e-02  3.4765977291e-02  2.9786743793e-02  7.1874560520e-02  nan  nan  
2.6968541145e+00  1.0563462314e-03  5.8566466693e-05  1.0430863673e-02  4.0150320670e-02  1.4377650450e-01  3.4766026937e-02  6.7299050883e-02  4.3279814616e-02  -9.5801490570e-03  4.7714762017e-02  9.5205880961e-02  9.8658588396e-02  nan  nan  
2.7962698936e+00  6.7782581932e-04  4.5234344979e-05  3.2340535228e-02  5.2046996207e-02  1.9788697069e-01  4.6900421969e-02  -9.7047993669e-03  5.0185460237e-02  6.9822376783e-02  5.3652729228e-02  8.2158710351e-02  1.1835527070e-01  nan  nan  
2.8934788704e+00  4.7332357236e-04  3.9512190414e-05  1.2648680995e-01  6.2203503241e-02  2.1076229702e-01  6.0948915091e-02  1.4320236026e-02  6.4492443135e-02  -1.6076847334e-04  5.5619383805e-02  2.3953146194e-01  1.3049229231e-01  nan  nan  
3.0011634827e+00  3.0103032596e-04  3.1383552473e-05  7.6723892755e-02  7.3071136464e-02  1.7500337571e-01  6.7365611421e-02  1.1367415147e-01  5.9928639721e-02  9.7291842321e-02  7.2878462559e-02  3.0666379880e-01  1.6452701120e-01  nan  nan  
3.0941593647e+00  2.0064718122e-04  2.2176700873e-05  3.2001146424e-02  8.2272253010e-02  2.1250299111e-01  7.7553392602e-02  1.4805882011e-01  8.9217156360e-02  -5.1536630151e-02  9.5596445128e-02  -1.2902653409e-01  2.3639008970e-01  nan  nan  
3.1992926598e+00  1.5718085822e-04  2.0420606611e-05  6.7225447527e-02  1.1388863148e-01  1.5446124085e-01  9.9630225687e-02  1.9973514675e-01  8.4330143021e-02  -4.6204432952e-02  1.0813567613e-01  -3.2708967091e-01  2.1147606256e-01  nan  nan  
3.2921514511e+00  8.0204822467e-05  1.3248929719e-05  -1.4647682695e-02  1.3191926787e-01  3.9730079292e-01  1.3084802858e-01  3.1117089497e-01  1.2718747796e-01  2.1786608488e-01  1.4934942923e-01  -3.9499832528e-01  3.1463164660e-01  nan  nan  
3.3922913074e+00  6.8638908558e-05  1.4864587326e-05  -1.2640805457e-01  1.3210692574e-01  3.9139433833e-01  1.3978633947e-01  2.1245171422e-01  1.0597804704e-01  1.7490716873e-01  1.2882178656e-01  -2.2108496322e-02  3.4455240011e-01  nan  nan  
3.4934945107e+00  4.9786980880e-05  1.0390325972e-05  2.1708116638e-01  2.0176778947e-01  3.3381161173e-01  1.7786489159e-01  1.4906517847e-01  1.5570227080e-01  6.9112452831e-02  1.2165228869e-01  1.0034177646e+00  4.7569802258e-01  nan  nan  
3.5966620445e+00  3.7055303498e-05  8.9264685832e-06  -1.3292509531e-01  2.1056462918e-01  1.7327369756e-01  1.9864112251e-01  8.9137234394e-03  1.7972120823e-01  -2.3571571875e-01  2.9259873518e-01  1.6150754994e-01  4.1526144800e-01  nan  nan  
3.6771571636e+00  1.6295856608e-05  6.0784919105e-06  -2.0621242089e-01  3.8478867609e-01  2.5991129399e-01  2.1044971553e-01  3.6268500694e-02  3.5631732563e-01  -3.6261815767e-01  2.7986189362e-01  -4.3909122568e-01  3.3594792751e-01  nan  nan  
3.8025677204e+00  1.6501983633e-05  5.7712951770e-06  2.4574019444e-02  3.3330031989e-01  3.3599160016e-01  2.1421337049e-01  -1.3299799325e-01  2.3034557107e-01  9.3915029151e-02  4.0640231470e-01  -8.5979103571e-01  6.7263654295e-01  nan  nan  
3.8978340626e+00  1.2336952382e-05  5.0103392646e-06  8.5730400956e-02  3.4764332116e-01  -4.3308841990e-01  3.1071041395e-01  4.0616935627e-01  3.0201233563e-01  1.8349988456e-01  4.9232763516e-01  -9.4160830017e-01  1.1623736510e+00  nan  nan  
4.0077185631e+00  1.2094443875e-05  4.8875310649e-06  1.9774830024e-02  3.6390358242e-01  3.6138075854e-01  4.2334609356e-01  -1.5460249390e-01  3.9852942703e-01  7.1418043068e-01  3.9109731854e-01  9.8347159513e-01  5.1845365758e-01  nan  nan  
