#pT  vn{4}  vn{4}_err
1.0798721761e-01  4.7969451103e-04  2.8267512620e-03  1.2464490234e-03  2.4097327999e-03  0.0000000000e+00  0.0000000000e+00  
2.0315131545e-01  5.4146902441e-04  2.2467832282e-03  6.7282504243e-03  1.8017946967e-03  0.0000000000e+00  0.0000000000e+00  
3.0125230551e-01  2.0545330538e-04  3.6557436552e-03  1.3732095774e-02  1.6681622978e-03  0.0000000000e+00  0.0000000000e+00  
4.0017375350e-01  1.5952685558e-03  1.9214626222e-03  1.8157562005e-02  1.6627487955e-03  0.0000000000e+00  0.0000000000e+00  
4.9939396977e-01  3.4611904511e-04  2.5885312354e-03  2.3234006761e-02  2.4499773843e-03  0.0000000000e+00  0.0000000000e+00  
5.9879779816e-01  2.8781674151e-03  2.2502344595e-03  3.3707445638e-02  2.3371574940e-03  0.0000000000e+00  0.0000000000e+00  
6.9829648733e-01  1.5400580970e-03  2.1374977621e-03  4.3061891474e-02  2.9755818962e-03  0.0000000000e+00  0.0000000000e+00  
7.9810160398e-01  2.1918540056e-03  2.6594118559e-03  5.4336017697e-02  3.1224171844e-03  0.0000000000e+00  0.0000000000e+00  
8.9781618118e-01  2.2112529270e-03  2.4940568563e-03  6.2753192294e-02  3.4298537988e-03  0.0000000000e+00  0.0000000000e+00  
9.9747085571e-01  5.7678124276e-03  2.9421218262e-03  7.1159930550e-02  3.5566624121e-03  0.0000000000e+00  0.0000000000e+00  
1.0975410938e+00  3.9227925113e-03  3.4027073708e-03  7.0275042219e-02  4.4425877269e-03  0.0000000000e+00  0.0000000000e+00  
1.1972428560e+00  5.5487473381e-03  5.0310610601e-03  8.1560941848e-02  5.2351987820e-03  0.0000000000e+00  0.0000000000e+00  
1.2973265648e+00  1.0745171384e-03  4.2340564199e-03  8.0708556168e-02  5.8364761666e-03  0.0000000000e+00  0.0000000000e+00  
1.3973615170e+00  8.0913835066e-03  5.4870588567e-03  9.0270640712e-02  6.8472738428e-03  0.0000000000e+00  0.0000000000e+00  
1.4972753525e+00  9.5880676928e-04  7.2815646824e-03  9.7461223870e-02  7.3941926434e-03  0.0000000000e+00  0.0000000000e+00  
1.5970724821e+00  5.7602414306e-03  8.2179614815e-03  1.0273540566e-01  7.8196633329e-03  0.0000000000e+00  0.0000000000e+00  
1.6966395378e+00  1.0849383620e-02  8.2784675417e-03  9.9312419823e-02  1.0241450291e-02  0.0000000000e+00  0.0000000000e+00  
1.7973836660e+00  1.6321859489e-03  2.9670680024e-02  1.2149495108e-01  1.0927507699e-02  0.0000000000e+00  0.0000000000e+00  
1.8969439268e+00  4.6161361565e-03  1.4897023867e-02  1.0972041605e-01  1.2962476605e-02  0.0000000000e+00  0.0000000000e+00  
1.9966872931e+00  2.9335725671e-02  1.7100255981e-02  1.2593574367e-01  1.4556495462e-02  0.0000000000e+00  0.0000000000e+00  
2.0976753235e+00  2.4505573435e-02  1.9695715052e-02  1.1372620022e-01  1.8291543688e-02  0.0000000000e+00  0.0000000000e+00  
2.1965677738e+00  9.9181642524e-03  2.5370803454e-02  1.0709369465e-01  2.5631386833e-02  0.0000000000e+00  0.0000000000e+00  
2.2965621948e+00  5.5930988397e-03  2.9291181878e-02  1.3616031016e-01  2.5599831692e-02  0.0000000000e+00  0.0000000000e+00  
2.3972043991e+00  6.1662143089e-02  2.9942524715e-02  1.6593237678e-01  3.3913129841e-02  0.0000000000e+00  0.0000000000e+00  
2.4971885681e+00  1.8546709952e-02  3.5803761982e-02  9.6714255193e-02  3.7991238143e-02  0.0000000000e+00  0.0000000000e+00  
2.5994291306e+00  6.7109336911e-03  1.6009588005e-01  1.2499228397e-01  4.3613375424e-02  0.0000000000e+00  0.0000000000e+00  
2.6968541145e+00  5.9273404518e-03  8.3246145264e-02  1.0819409624e-01  5.0713633850e-02  0.0000000000e+00  0.0000000000e+00  
2.7962698936e+00  1.9516669503e-02  9.8111645429e-02  9.7852674267e-02  7.7147107098e-02  0.0000000000e+00  0.0000000000e+00  
2.8934788704e+00  1.9771092332e-01  9.8195920005e-02  1.8150284395e-01  8.6143383120e-02  0.0000000000e+00  0.0000000000e+00  
3.0011634827e+00  7.1528935989e-02  1.0522290631e-01  1.8905044374e-01  9.7837722642e-02  0.0000000000e+00  0.0000000000e+00  
3.0941593647e+00  1.8415750520e-01  1.1310970309e-01  2.1182939487e-01  1.2588370340e-01  0.0000000000e+00  0.0000000000e+00  
3.1992926598e+00  4.5056872518e-02  1.8302572749e-01  3.0396036572e-02  2.2692546067e-01  0.0000000000e+00  0.0000000000e+00  
3.2921514511e+00  2.2492507253e-01  1.9888224069e-01  1.8859654174e-01  2.3342969761e-01  0.0000000000e+00  0.0000000000e+00  
3.3922913074e+00  2.1804483071e-01  1.9420544601e-01  2.6587330911e-01  2.2260142151e-01  0.0000000000e+00  0.0000000000e+00  
3.4934945107e+00  3.4922214547e-01  3.6889821766e-01  3.2625556227e-01  2.5206557125e-01  0.0000000000e+00  0.0000000000e+00  
3.5966620445e+00  1.6241870482e-01  4.0105442352e-01  5.7652380344e-02  1.0292802647e+00  0.0000000000e+00  0.0000000000e+00  
3.6771571636e+00  3.6539591894e-01  1.1132899484e+00  9.9912315125e-02  6.3787248126e-01  0.0000000000e+00  0.0000000000e+00  
3.8025677204e+00  5.2459458358e-01  6.1952890301e-01  1.0944080496e-01  1.9736724741e+00  0.0000000000e+00  0.0000000000e+00  
3.8978340626e+00  1.2826810865e-01  4.0382891068e+00  9.2474771951e-02  3.2576781181e+00  0.0000000000e+00  0.0000000000e+00  
4.0077185631e+00  5.3061046958e-01  9.7876979315e-01  1.0960060015e-01  3.4828261283e+00  0.0000000000e+00  0.0000000000e+00  
