#pT  dN/(2pi dy pT dpT)  dN/(2pi dy pT dpT)_err  vn{SP}  vn{SP}_err
1.0809054226e-01  6.5910925582e+00  5.5719512650e-02  -2.7687728908e-03  2.3180664908e-03  -8.8427893329e-04  2.4642716916e-03  4.4135363710e-03  2.3504476172e-03  7.7264871546e-04  2.7351276358e-03  -3.8393494242e-05  5.5143479765e-03  nan  nan  
2.0382010937e-01  6.8522149509e+00  5.4263383829e-02  -2.6410150927e-04  2.2020382561e-03  1.4351491695e-03  1.8459908223e-03  3.9934070694e-03  1.7456504952e-03  2.6105730216e-03  1.9438258038e-03  1.7943181717e-03  4.2393282931e-03  nan  nan  
3.0225500464e-01  6.6204213274e+00  5.1580135647e-02  -4.8362329763e-03  2.0871984813e-03  5.9798371228e-03  1.4904661106e-03  2.4515806040e-03  1.4962760114e-03  1.8760219288e-05  1.7160414015e-03  3.2876460390e-03  3.3052232263e-03  nan  nan  
4.0136560798e-01  6.2074008017e+00  4.7070559032e-02  -4.9274789145e-03  2.4112509666e-03  1.1651935857e-02  1.4348487640e-03  -1.0513212171e-03  1.3403684125e-03  3.7648003141e-04  1.4301597531e-03  -3.7323159111e-03  3.2427171580e-03  nan  nan  
5.0085765123e-01  5.6994665118e+00  4.3070508650e-02  -4.6174758598e-03  2.3203705170e-03  1.8726346146e-02  1.5243775265e-03  1.4211800321e-03  1.2592732115e-03  -5.9008548032e-04  1.2529821631e-03  4.0121013462e-03  3.2041158677e-03  nan  nan  
6.0035926104e-01  5.1034017162e+00  3.8954185779e-02  -4.5065263829e-03  2.4082658218e-03  2.7475934135e-02  1.6972018510e-03  3.2970679745e-03  1.2133510920e-03  2.2875784581e-03  1.2741542403e-03  -4.8686897921e-03  2.8903909755e-03  nan  nan  
6.9993358850e-01  4.4648850624e+00  3.3746379355e-02  -1.2461491380e-03  2.5495071941e-03  3.5830749291e-02  1.9546921312e-03  7.1091425602e-03  1.2857293397e-03  1.7872673864e-03  1.1972659180e-03  2.1191587504e-03  3.1198129727e-03  nan  nan  
7.9965168238e-01  3.7929804190e+00  2.9684821750e-02  -8.0696930306e-04  2.7569511897e-03  4.6963840503e-02  2.1171389224e-03  1.4123059329e-02  1.4997761681e-03  6.1595789040e-03  1.3647748785e-03  9.0660362889e-04  2.8549824628e-03  nan  nan  
8.9926117659e-01  3.1338019324e+00  2.5235873741e-02  3.4187522509e-04  2.8206967613e-03  5.8876491693e-02  2.2001163307e-03  1.5303296242e-02  1.4191793512e-03  8.2674809526e-03  1.5430792075e-03  2.8418838014e-03  2.9942751892e-03  nan  nan  
9.9886357784e-01  2.5179321106e+00  2.1569638992e-02  2.2357100648e-03  3.1104238886e-03  6.8874764809e-02  2.7058219454e-03  2.2273166607e-02  1.9337806528e-03  9.3201669637e-03  1.5736946308e-03  2.7540280780e-03  3.1222504715e-03  nan  nan  
1.0986442566e+00  1.9859810488e+00  1.7598511785e-02  1.4801808334e-03  3.4213153514e-03  8.1612491019e-02  3.0158657994e-03  2.3425622667e-02  2.0092918606e-03  1.4648858308e-02  1.6565387668e-03  -6.1181277400e-03  3.9514060366e-03  nan  nan  
1.1983284950e+00  1.5254200329e+00  1.3944787348e-02  3.4554867638e-03  3.5551177626e-03  9.3974435744e-02  3.2820603161e-03  2.6139938299e-02  2.1106606343e-03  1.8942786766e-02  2.0136963927e-03  -3.0732739520e-03  3.9735669910e-03  nan  nan  
1.2981404066e+00  1.1505184171e+00  1.0758843182e-02  6.5958790710e-03  3.5147995212e-03  1.0314280545e-01  3.9271472160e-03  3.7000271645e-02  2.6043248650e-03  2.0041999100e-02  2.4644922574e-03  -2.4068982517e-03  3.9937500488e-03  nan  nan  
1.3979183435e+00  8.5138670759e-01  8.9579992377e-03  7.2667175224e-03  4.0127339769e-03  1.1514913078e-01  4.2917088098e-03  3.8894752737e-02  2.9967113370e-03  2.1753873389e-02  2.8880183420e-03  -1.3018041734e-03  4.3798502247e-03  nan  nan  
1.4977810383e+00  6.2058122945e-01  6.6070467590e-03  6.7660980895e-03  3.9195105034e-03  1.2722221150e-01  4.5714719758e-03  4.1843980334e-02  3.3094628536e-03  2.6428447638e-02  2.9462617778e-03  4.1835250312e-03  5.6418414255e-03  nan  nan  
1.5976049900e+00  4.4576483012e-01  5.2023601262e-03  9.7466335332e-03  4.7381923034e-03  1.3170858454e-01  4.6594042612e-03  4.4501288789e-02  3.2757444237e-03  2.8572299684e-02  3.1998248462e-03  4.6408389002e-03  5.6814511809e-03  nan  nan  
1.6976695061e+00  3.1751964949e-01  4.0663696220e-03  4.0928561443e-03  5.1374096176e-03  1.4203377910e-01  5.4338107784e-03  5.5056275775e-02  3.9587715761e-03  3.0012161361e-02  3.7356823262e-03  1.6995631058e-02  6.8406598756e-03  nan  nan  
1.7975759506e+00  2.2346453649e-01  2.8968647942e-03  8.1346047284e-03  4.9688512771e-03  1.4406605097e-01  5.3865184118e-03  5.9077711616e-02  4.4293437898e-03  3.4385427472e-02  3.9791709702e-03  6.1521632640e-03  8.2048115111e-03  nan  nan  
1.8977612257e+00  1.5620473537e-01  2.1280646436e-03  1.1703876017e-02  6.4823312910e-03  1.6116284831e-01  6.5998459553e-03  5.8683737240e-02  5.5027401440e-03  3.1270042960e-02  4.7347698464e-03  7.5942950898e-03  1.0511557234e-02  nan  nan  
1.9971672297e+00  1.0789714514e-01  1.6285759405e-03  4.4554163358e-03  7.4240211960e-03  1.6638920190e-01  6.5385448569e-03  6.0896885012e-02  5.0643633065e-03  4.1951646520e-02  5.6149527694e-03  1.9331195611e-02  1.0597632010e-02  nan  nan  
2.0972180367e+00  7.4158900205e-02  1.2137586616e-03  5.7454016493e-03  8.1883312643e-03  1.7140019591e-01  7.5300756996e-03  6.2895042322e-02  6.2738386843e-03  4.0850963078e-02  6.4321664053e-03  2.1873452841e-02  1.3285096212e-02  nan  nan  
2.1974105835e+00  5.1788799361e-02  8.9587775976e-04  8.5157639234e-03  8.8306197698e-03  1.8229841776e-01  8.2208972012e-03  6.3125990659e-02  7.1565330112e-03  4.3694863477e-02  7.2815775731e-03  2.9143929243e-02  1.4316855776e-02  nan  nan  
2.2975199223e+00  3.5110583363e-02  6.1546384762e-04  1.6652235000e-02  8.3991546847e-03  1.6628501408e-01  8.9808103317e-03  6.3845919264e-02  8.1715507911e-03  3.6882030511e-02  9.6815810671e-03  1.3244655724e-02  1.5936172009e-02  nan  nan  
2.3975861073e+00  2.3132225949e-02  4.8829852571e-04  9.4844912083e-03  1.0825157494e-02  1.8878598336e-01  1.0173665519e-02  7.0565919514e-02  9.5407157877e-03  3.9895505319e-02  9.7881099148e-03  3.5174411398e-02  1.9371026746e-02  nan  nan  
2.4973306656e+00  1.6556907822e-02  3.8284496176e-04  -6.6664527341e-03  1.2604555006e-02  1.9945808135e-01  1.1180769564e-02  9.1956494322e-02  1.2140316955e-02  3.0697498169e-02  1.2243306386e-02  2.6556967586e-02  2.3242723006e-02  nan  nan  
2.5966663361e+00  1.0985126432e-02  2.7212815608e-04  2.3960595338e-02  1.6788171803e-02  2.1239568624e-01  1.4756728807e-02  8.5769443882e-02  1.5737664726e-02  4.0598783714e-02  1.3934135025e-02  -3.3475015728e-02  3.0932232568e-02  nan  nan  
2.6973588467e+00  7.4866294924e-03  1.9224592411e-04  1.9574464585e-02  1.7895085624e-02  2.1604384244e-01  1.5557235753e-02  7.8506099849e-02  1.4761324055e-02  5.8903495380e-02  1.8088579372e-02  -7.9742622703e-02  3.5235825365e-02  nan  nan  
2.7971475124e+00  5.1818855444e-03  1.6927539653e-04  2.4707040591e-03  1.9358050426e-02  2.4266267019e-01  1.6960692894e-02  8.8150473172e-02  1.5474690418e-02  4.4965198681e-02  1.6559824241e-02  5.9679817647e-02  4.5206008541e-02  nan  nan  
2.8968052864e+00  3.6082491820e-03  1.3234706140e-04  6.0923827270e-03  2.1988480445e-02  1.8473945654e-01  1.9254975849e-02  9.1444348514e-02  2.0848429466e-02  6.1734734507e-02  2.3198153084e-02  5.1552819629e-02  5.1846161951e-02  nan  nan  
2.9966773987e+00  2.4164385550e-03  9.3454478274e-05  -4.1934503108e-02  3.0323414842e-02  2.2902658122e-01  2.6476664096e-02  8.0352905940e-02  2.8568316491e-02  3.8261068773e-02  3.1386054380e-02  -8.1433580628e-03  5.6103108462e-02  nan  nan  
3.0956659317e+00  1.6177639546e-03  8.0389629268e-05  -2.0949286073e-03  3.6338678213e-02  2.5944379423e-01  2.9790712805e-02  7.8753333457e-02  3.8889156170e-02  1.2931387321e-01  3.3903164464e-02  6.7261336217e-02  7.5519538484e-02  nan  nan  
3.1960527897e+00  1.0540517896e-03  5.6524541384e-05  1.3842512526e-02  4.1678512389e-02  1.8440381231e-01  3.4932926159e-02  5.6427564042e-02  3.9668016449e-02  1.1286477582e-01  4.0353012433e-02  4.2692487710e-02  8.8554491481e-02  nan  nan  
3.2939517498e+00  6.8745102710e-04  4.3814157286e-05  -4.2289355387e-02  4.2776419435e-02  2.1027349161e-01  3.9305887385e-02  1.2006572661e-01  3.7933757293e-02  6.9613189069e-02  4.6622989420e-02  7.6936929343e-02  1.1637431775e-01  nan  nan  
3.3961956501e+00  4.8383904102e-04  3.2130760131e-05  -6.3827424645e-02  5.9743598422e-02  2.0286443177e-01  4.8972226804e-02  1.4496282997e-01  4.6083364545e-02  3.1208732467e-02  5.1958213631e-02  9.5265603808e-02  1.3562598453e-01  nan  nan  
3.4985907078e+00  3.3353494225e-04  2.9463983638e-05  1.9736109459e-02  7.1442928815e-02  1.8134186307e-01  6.3255305733e-02  1.9322682363e-01  6.2867765572e-02  1.5673379078e-01  7.1986331862e-02  8.5025261949e-02  1.3998578639e-01  nan  nan  
3.5866496563e+00  2.0970284578e-04  2.2898043822e-05  1.2407715744e-01  7.0973192667e-02  1.6452354675e-01  6.5082496028e-02  6.2321246416e-02  9.2174326877e-02  -1.0520276948e-01  8.0734659527e-02  4.9304434118e-02  1.4376710590e-01  nan  nan  
3.6958742142e+00  1.8181117043e-04  2.0362212868e-05  -7.5775266783e-02  8.9418457649e-02  3.5120921337e-01  8.7938421739e-02  6.5906490427e-02  7.9458989055e-02  5.6341165629e-02  8.9440961019e-02  1.0368657504e-01  1.7666727278e-01  nan  nan  
3.7943122387e+00  9.6592542676e-05  1.5564275567e-05  3.4238093319e-02  1.2735357989e-01  9.7223962711e-02  1.1087386936e-01  5.2006875635e-02  8.6417192129e-02  8.3939034564e-02  1.5857556646e-01  -7.4565358066e-02  2.8648725447e-01  nan  nan  
3.8936851025e+00  7.6968957078e-05  1.3436736968e-05  3.3362158738e-02  1.3380017769e-01  2.9848838569e-01  1.2165730186e-01  -5.5243124638e-02  1.6119236480e-01  -3.0449768960e-02  1.4970609784e-01  -1.0608609179e-01  3.1765024781e-01  nan  nan  
3.9919779301e+00  3.8880121938e-05  8.5325960816e-06  5.1793090438e-02  1.6776865762e-01  3.1605422974e-01  1.8848780340e-01  1.1874884525e-01  2.0744182117e-01  2.6796148883e-01  2.1265457294e-01  -8.7616322632e-02  4.7271082402e-01  nan  nan  
