#pT  dN/(2pi dy pT dpT)  dN/(2pi dy pT dpT)_err  vn{SP}  vn{SP}_err
1.0773416634e-01  2.9841413771e-01  8.3402351219e-03  5.3949641475e-03  6.4354608649e-03  2.1755950429e-03  9.6519644092e-03  8.1643082572e-03  9.4693116930e-03  nan  nan  nan  nan  nan  nan  
2.0298151502e-01  2.7403401905e-01  7.2940473388e-03  6.5586754371e-03  4.3313654442e-03  9.7331545637e-03  3.5752126054e-03  1.3820969401e-03  7.2020063742e-03  nan  nan  nan  nan  nan  nan  
3.0069152316e-01  2.2242930272e-01  5.8866494621e-03  9.0035458272e-03  4.7062919507e-03  1.3380293475e-02  3.7622540869e-03  1.4620875486e-03  7.8570313671e-03  nan  nan  nan  nan  nan  nan  
3.9950222768e-01  1.6612626777e-01  4.3195560053e-03  1.1528363215e-03  4.9826850214e-03  1.4231132021e-02  3.7249644155e-03  6.0305165382e-03  8.8207460730e-03  nan  nan  nan  nan  nan  nan  
4.9866077405e-01  1.1548675060e-01  3.1167032507e-03  5.2851658203e-03  6.2355960418e-03  5.9243118436e-03  6.7488146386e-03  -7.9465254894e-03  6.7439588167e-03  nan  nan  nan  nan  nan  nan  
5.9797483741e-01  7.7747511580e-02  2.1713077702e-03  8.0888643488e-03  5.9860234455e-03  1.5217954592e-02  5.6018813922e-03  6.7009205920e-03  6.6204038584e-03  nan  nan  nan  nan  nan  nan  
6.9766807352e-01  5.1018276290e-02  1.4444351547e-03  1.0476157771e-02  7.3411849649e-03  1.7834180794e-02  6.4955688066e-03  1.5647466294e-02  8.4766785432e-03  nan  nan  nan  nan  nan  nan  
7.9685065953e-01  3.1959349681e-02  1.0010867723e-03  8.1227541829e-03  1.1298586920e-02  1.0826785841e-02  5.6136646754e-03  9.3070991793e-03  9.7036015337e-03  nan  nan  nan  nan  nan  nan  
8.9687417249e-01  2.0606762920e-02  6.2490302431e-04  6.0537110229e-03  9.5046267540e-03  1.7207043670e-02  8.1494963887e-03  1.7966242761e-03  1.2630610204e-02  nan  nan  nan  nan  nan  nan  
9.9661126343e-01  1.2547022793e-02  4.2069151955e-04  8.0863919913e-03  1.2105158286e-02  1.9410951988e-02  1.0963902478e-02  4.4872655095e-02  1.6677330208e-02  nan  nan  nan  nan  nan  nan  
1.0966137603e+00  7.6884906425e-03  2.7739196706e-04  3.9945928553e-03  1.6510763051e-02  9.1978046968e-03  1.1875056236e-02  2.3056458513e-02  1.8268666886e-02  nan  nan  nan  nan  nan  nan  
1.1955367192e+00  4.6494992789e-03  1.7426934663e-04  -5.8038925553e-03  2.0445548231e-02  1.2875910037e-02  2.0127085511e-02  -2.2298617746e-02  2.2522065162e-02  nan  nan  nan  nan  nan  nan  
1.2964088419e+00  2.8781865505e-03  1.2635231862e-04  3.5149195781e-02  1.7353840942e-02  9.0034692512e-03  2.0933092203e-02  5.7345980783e-02  2.4366828459e-02  nan  nan  nan  nan  nan  nan  
1.3976541097e+00  1.5520494082e-03  6.9767910790e-05  9.8645884231e-03  3.2444442384e-02  -4.7382207681e-03  3.3759108273e-02  4.1837854184e-02  4.2240791710e-02  nan  nan  nan  nan  nan  nan  
1.4977647577e+00  1.0521245959e-03  5.1267283912e-05  -3.1283553129e-02  3.0312373294e-02  2.5102459935e-02  3.2534218425e-02  4.9174491934e-02  3.4157244998e-02  nan  nan  nan  nan  nan  nan  
1.5973734476e+00  5.3877104778e-04  2.5434647964e-05  2.5752140859e-02  3.2008731153e-02  -6.8845713126e-03  3.7412812834e-02  1.5009498625e-02  6.6833479583e-02  nan  nan  nan  nan  nan  nan  
1.6961676222e+00  3.3478395648e-04  2.3793506305e-05  -4.1532910606e-02  4.6635108168e-02  4.1528299630e-02  4.9447522829e-02  7.4122199970e-03  6.7122258022e-02  nan  nan  nan  nan  nan  nan  
1.7970250107e+00  2.1321405277e-04  1.6781369796e-05  1.0646527378e-01  5.6801513550e-02  -2.3572130858e-02  4.7510446755e-02  3.7718664555e-02  9.3847986468e-02  nan  nan  nan  nan  nan  nan  
1.8923173878e+00  1.2667834691e-04  1.2895848724e-05  1.2435113629e-02  9.0940558575e-02  7.7034580008e-03  7.5508540041e-02  9.9927105017e-02  1.3564613351e-01  nan  nan  nan  nan  nan  nan  
1.9956597373e+00  7.2858617121e-05  9.1515176196e-06  2.5236303374e-02  1.0353468114e-01  -3.8076428091e-02  7.5030382499e-02  1.1157372153e-01  1.3464367783e-01  nan  nan  nan  nan  nan  nan  
2.1049034767e+00  3.6405544784e-05  6.0655958658e-06  -1.6372726068e-01  1.0678637669e-01  2.8181934507e-01  1.8219198746e-01  -4.2430896972e-02  1.9499330086e-01  nan  nan  nan  nan  nan  nan  
2.2019870057e+00  2.0523347417e-05  3.8348082076e-06  5.4392606008e-01  1.8811567922e-01  -2.1111181491e-01  1.8301651710e-01  -3.9687617776e-02  1.9177897970e-01  nan  nan  nan  nan  nan  nan  
2.2956580000e+00  1.5406373734e-05  3.4236386075e-06  1.2385794172e-01  2.1866578419e-01  -3.0307370603e-01  2.3684193171e-01  -4.9870439741e-02  2.6729248656e-01  nan  nan  nan  nan  nan  nan  
2.4100946817e+00  4.8916148923e-06  2.2409605419e-06  -2.8364098965e-01  3.9775866631e-01  2.0893853027e-01  5.0893323566e-01  -4.8656321360e-01  4.0925504991e-01  nan  nan  nan  nan  nan  nan  
2.5033111117e+00  4.7094645936e-06  1.8500524166e-06  -4.3811116079e-01  7.1046988260e-01  7.6488672858e-01  2.7822209026e-01  -2.7820567123e-01  3.3424444710e-01  nan  nan  nan  nan  nan  nan  
2.5911465450e+00  3.0332145342e-06  1.4786860843e-06  -3.8086861095e-01  3.0698365552e-01  8.3857938076e-01  4.9634769023e-01  -3.1843710628e-01  9.1778139945e-01  nan  nan  nan  nan  nan  nan  
2.6855869800e+00  2.1949121620e-06  1.2435444383e-06  2.9455301129e-01  8.1722032381e-01  -1.9800187312e-01  1.2415258145e-01  -9.9441356407e-02  1.1884039877e+00  nan  nan  nan  nan  nan  nan  
2.8090988201e+00  1.3989367896e-06  9.7690904323e-07  2.7309924832e-01  4.3013424331e-02  2.4426380176e-01  1.0281890330e+00  2.7679110621e-01  2.4777096895e-01  nan  nan  nan  nan  nan  nan  
2.8500000000e+00  0.0000000000e+00  0.0000000000e+00  nan  nan  nan  nan  nan  nan  nan  nan  nan  nan  nan  nan  
2.9893969800e+00  1.3145633401e-06  9.1798916461e-07  1.4865510846e-01  8.2739702308e-01  -2.5820554883e-01  6.5555501499e-01  -5.2875403755e-01  3.6996233975e-01  nan  nan  nan  nan  nan  nan  
3.0500000000e+00  0.0000000000e+00  0.0000000000e+00  nan  nan  nan  nan  nan  nan  nan  nan  nan  nan  nan  nan  
3.1698413500e+00  6.1986567284e-07  6.1602745839e-07  nan  nan  nan  nan  nan  nan  nan  nan  nan  nan  nan  nan  
3.2500000000e+00  0.0000000000e+00  0.0000000000e+00  nan  nan  nan  nan  nan  nan  nan  nan  nan  nan  nan  nan  
3.3500000000e+00  0.0000000000e+00  0.0000000000e+00  nan  nan  nan  nan  nan  nan  nan  nan  nan  nan  nan  nan  
3.4500000000e+00  0.0000000000e+00  0.0000000000e+00  nan  nan  nan  nan  nan  nan  nan  nan  nan  nan  nan  nan  
3.5500000000e+00  0.0000000000e+00  0.0000000000e+00  nan  nan  nan  nan  nan  nan  nan  nan  nan  nan  nan  nan  
3.6500000000e+00  0.0000000000e+00  0.0000000000e+00  nan  nan  nan  nan  nan  nan  nan  nan  nan  nan  nan  nan  
3.7500000000e+00  0.0000000000e+00  0.0000000000e+00  nan  nan  nan  nan  nan  nan  nan  nan  nan  nan  nan  nan  
3.8500000000e+00  0.0000000000e+00  0.0000000000e+00  nan  nan  nan  nan  nan  nan  nan  nan  nan  nan  nan  nan  
3.9500000000e+00  0.0000000000e+00  0.0000000000e+00  nan  nan  nan  nan  nan  nan  nan  nan  nan  nan  nan  nan  
