#pT  dN/(2pi dy pT dpT)  dN/(2pi dy pT dpT)_err  vn{SP}  vn{SP}_err
1.0772351064e-01  2.2008426679e-01  1.2526886929e-02  1.0174809665e-02  8.9511830181e-03  6.1757502461e-03  7.3550677663e-03  8.5982218820e-03  8.1654954686e-03  3.4503030550e-03  1.2201800911e-02  nan  nan  nan  nan  
2.0379048855e-01  2.2171018755e-01  1.2807425778e-02  1.8476511458e-02  9.1482584867e-03  2.2742627446e-03  6.2128527078e-03  -2.5175432168e-03  5.2504395785e-03  -5.0211218885e-03  7.8426627445e-03  nan  nan  nan  nan  
3.0181728565e-01  2.0195188996e-01  1.1159162409e-02  2.4713721614e-02  1.0216578009e-02  8.3379526414e-03  5.5164075586e-03  5.5322942285e-03  5.1935466090e-03  -2.9687752775e-03  6.2887729767e-03  nan  nan  nan  nan  
4.0053657707e-01  1.7293781853e-01  9.4141743425e-03  2.9316716148e-02  1.1386005242e-02  -3.6099473364e-04  4.0697209592e-03  2.3197988205e-03  3.9225772092e-03  4.9296835610e-03  7.3481063253e-03  nan  nan  nan  nan  
4.9989859265e-01  1.4216041878e-01  7.8831873700e-03  3.8281885441e-02  1.2704960195e-02  9.6466762075e-03  5.3523734110e-03  6.7929659283e-03  4.4466724827e-03  8.8960463560e-03  8.1151718079e-03  nan  nan  nan  nan  
5.9931834969e-01  1.1260749465e-01  6.2266174305e-03  4.5740193622e-02  1.3808293156e-02  1.3354450698e-02  5.5460395948e-03  7.1001441116e-03  7.2959760803e-03  -2.1167344675e-03  6.3885030553e-03  nan  nan  nan  nan  
6.9874917656e-01  8.4483612883e-02  4.7386698420e-03  5.0411251043e-02  1.6113076031e-02  1.1535243087e-02  4.7837513699e-03  4.4658771251e-03  4.7374167563e-03  1.6970581173e-02  1.0959600621e-02  nan  nan  nan  nan  
7.9818251765e-01  6.1830321654e-02  3.3962213914e-03  5.7516221983e-02  1.6922562530e-02  1.4060484620e-02  6.4888006430e-03  2.6305682354e-03  6.3032762970e-03  5.3941626199e-03  7.2826038838e-03  nan  nan  nan  nan  
8.9829943570e-01  4.3219508331e-02  2.4884880137e-03  6.1280822336e-02  1.9166469133e-02  2.0408778137e-02  7.6560185045e-03  1.9806831304e-02  7.4630438896e-03  1.2830408560e-03  8.8320603099e-03  nan  nan  nan  nan  
9.9756599340e-01  2.9537230485e-02  1.7129706357e-03  7.2167611256e-02  1.8903053352e-02  1.5616883516e-02  8.3733175506e-03  1.8960566115e-02  6.8219299866e-03  7.6169104816e-03  8.9110202773e-03  nan  nan  nan  nan  
1.0970569312e+00  1.9785685045e-02  1.1523385953e-03  4.9652556568e-02  2.0542656040e-02  1.0430293710e-02  8.6798136164e-03  1.8149761698e-02  8.8402146852e-03  3.4466097714e-02  1.0474973329e-02  nan  nan  nan  nan  
1.1980192276e+00  1.3212699682e-02  8.0062375169e-04  7.8038776128e-02  2.0191825489e-02  2.2527008431e-02  1.1722708980e-02  1.3136622148e-02  1.0978338437e-02  1.4011279223e-02  1.4781525786e-02  nan  nan  nan  nan  
1.2968971828e+00  8.5858561182e-03  5.2246515487e-04  4.7900119329e-02  2.2373982213e-02  2.9162845552e-02  1.2451982399e-02  3.5523567082e-02  1.4556579951e-02  2.5172296668e-02  1.4648014434e-02  nan  nan  nan  nan  
1.3966795089e+00  5.3698385489e-03  3.4462904433e-04  6.2200571903e-02  2.8094656930e-02  1.6548262029e-02  1.3191991835e-02  2.3222776306e-02  1.5127598850e-02  2.7383559068e-02  1.6605629915e-02  nan  nan  nan  nan  
1.4974090184e+00  3.2844004871e-03  2.0961735509e-04  3.3608192362e-02  3.3606981589e-02  3.4120409239e-02  1.8113671933e-02  3.2315654226e-02  1.8955274812e-02  -9.0120150809e-03  3.1304703933e-02  nan  nan  nan  nan  
1.5964927877e+00  2.0147334670e-03  1.3262027334e-04  5.7372474741e-02  2.6195142173e-02  4.9207944095e-02  1.9053226809e-02  1.6692634461e-03  2.5524360740e-02  4.6164118046e-02  3.2952540042e-02  nan  nan  nan  nan  
1.6945383987e+00  1.2986799862e-03  9.0023196058e-05  3.9472533041e-02  4.0202189081e-02  -1.8985251880e-02  2.5924715902e-02  2.6936166695e-02  2.6055582275e-02  5.9283005126e-02  3.6774047699e-02  nan  nan  nan  nan  
1.7983014454e+00  7.8450819971e-04  6.2685834956e-05  1.3202121585e-01  3.6674353683e-02  2.7788629644e-04  2.4931157153e-02  1.2534331203e-03  3.2468036819e-02  8.5505374384e-02  4.1588810372e-02  nan  nan  nan  nan  
1.8971146985e+00  4.4950233697e-04  4.2761649111e-05  1.7606838425e-01  6.1640605739e-02  1.2090547102e-02  3.6582666269e-02  1.6710907747e-02  4.6496920343e-02  6.7465913791e-02  7.7284602986e-02  nan  nan  nan  nan  
1.9962164064e+00  2.6772980123e-04  2.2329008915e-05  1.1191696832e-01  6.0729040007e-02  3.8867682244e-02  5.0836981998e-02  1.2930197207e-02  4.5978537040e-02  1.6888087420e-01  9.0577627586e-02  nan  nan  nan  nan  
2.0996386085e+00  1.5253841631e-04  1.8879085879e-05  8.9782656227e-02  7.7761085747e-02  5.1375426658e-02  6.8619617328e-02  5.8299526065e-02  5.8953513261e-02  2.7009788477e-03  1.1373344254e-01  nan  nan  nan  nan  
2.1947330236e+00  1.0027009742e-04  1.1915344097e-05  1.1608679881e-01  7.1432038692e-02  -1.4931331314e-02  1.3679797880e-01  5.1758152482e-02  9.3055115434e-02  2.0727528856e-01  1.0897177305e-01  nan  nan  nan  nan  
2.2974461206e+00  6.7564321304e-05  8.4643453955e-06  4.2893394049e-02  1.3382547967e-01  3.3465702527e-02  1.3728612381e-01  2.1545238313e-01  1.0311414409e-01  -4.1905049358e-02  1.3214723230e-01  nan  nan  nan  nan  
2.3914292035e+00  4.6833049776e-05  6.3051331825e-06  2.2675088733e-01  1.0991967219e-01  -1.0364729441e-01  9.4800794087e-02  1.6763975361e-01  1.3823815378e-01  1.0903039778e-01  1.7645288611e-01  nan  nan  nan  nan  
2.4992735445e+00  1.7295933299e-05  3.6895740965e-06  3.2083791613e-01  1.6168059526e-01  -5.3926318344e-03  1.1419834468e-01  1.4057996904e-01  2.4448502920e-01  4.0717738157e-01  2.6581015992e-01  nan  nan  nan  nan  
2.5939065553e+00  1.2877445111e-05  3.3391862285e-06  -2.5431645536e-01  1.8918317724e-01  1.5799912090e-01  1.9313352498e-01  -3.7315585255e-01  2.3199812786e-01  -8.1815643560e-02  3.8251281153e-01  nan  nan  nan  nan  
2.7017209767e+00  6.5454140980e-06  2.0570251975e-06  2.2114166220e-01  3.0344751537e-01  -5.2456197798e-01  3.1554114657e-01  1.0364585382e-01  4.3565996903e-01  5.2895011783e-01  5.1980516764e-01  nan  nan  nan  nan  
2.8017722400e+00  5.6103799228e-06  2.1282820830e-06  6.7731635314e-02  4.5665455104e-01  -3.6486647547e-02  1.9673691915e-01  -8.5916345588e-02  1.3121159067e-01  1.1242591677e-01  2.4841650680e-01  nan  nan  nan  nan  
2.8988224275e+00  2.7112745120e-06  1.3217409604e-06  -1.0662269974e+00  4.2613209786e-01  -1.1093830031e+00  7.1585824472e-01  5.3186812695e-01  5.9590662153e-01  5.3788191433e-01  8.7132405390e-01  nan  nan  nan  nan  
2.9912163175e+00  2.6275275737e-06  1.5823177873e-06  -5.8106979540e-02  4.6680389821e-01  1.6025790738e-02  1.2593051091e-01  3.8164025120e-01  3.4656744109e-01  -7.4548431971e-01  4.9943337322e-01  nan  nan  nan  nan  
3.0500000000e+00  0.0000000000e+00  0.0000000000e+00  nan  nan  nan  nan  nan  nan  nan  nan  nan  nan  nan  nan  
3.2345896300e+00  6.0745753457e-07  6.0369615144e-07  nan  nan  nan  nan  nan  nan  nan  nan  nan  nan  nan  nan  
3.2727472900e+00  6.0037505679e-07  5.9665752843e-07  nan  nan  nan  nan  nan  nan  nan  nan  nan  nan  nan  nan  
3.3500000000e+00  0.0000000000e+00  0.0000000000e+00  nan  nan  nan  nan  nan  nan  nan  nan  nan  nan  nan  nan  
3.4944675800e+00  5.6228189259e-07  5.5880023749e-07  nan  nan  nan  nan  nan  nan  nan  nan  nan  nan  nan  nan  
3.6091083500e+00  5.4442140617e-07  5.4105034338e-07  nan  nan  nan  nan  nan  nan  nan  nan  nan  nan  nan  nan  
3.6500000000e+00  0.0000000000e+00  0.0000000000e+00  nan  nan  nan  nan  nan  nan  nan  nan  nan  nan  nan  nan  
3.7500000000e+00  0.0000000000e+00  0.0000000000e+00  nan  nan  nan  nan  nan  nan  nan  nan  nan  nan  nan  nan  
3.8500000000e+00  0.0000000000e+00  0.0000000000e+00  nan  nan  nan  nan  nan  nan  nan  nan  nan  nan  nan  nan  
3.9500000000e+00  0.0000000000e+00  0.0000000000e+00  nan  nan  nan  nan  nan  nan  nan  nan  nan  nan  nan  nan  
