#pT  dN/(2pi dy pT dpT)  dN/(2pi dy pT dpT)_err  vn{SP}  vn{SP}_err
1.1033532476e-01  4.7370010185e-03  3.1073619849e-04  2.0223427138e-02  4.9796101488e-02  5.5352041126e-02  6.2035614950e-02  3.8229266188e-02  6.4902720421e-02  -4.3150804879e-02  1.1802068315e-01  nan  nan  nan  nan  
2.0426243412e-01  5.2714347230e-03  2.6247757296e-04  -5.2458101598e-03  3.7385887138e-02  -1.2214418151e-02  3.2912494160e-02  3.2458540946e-02  3.3439857949e-02  9.8920894510e-02  7.9248190346e-02  nan  nan  nan  nan  
3.0242079539e-01  5.3861573893e-03  2.5184604440e-04  -2.4303756909e-02  3.0637628109e-02  -7.6940473208e-02  3.7255628133e-02  -5.0119204874e-02  3.5430408854e-02  3.2144525780e-02  5.5998229460e-02  nan  nan  nan  nan  
4.0077996584e-01  4.6231902857e-03  2.5917279801e-04  -4.2691651388e-02  2.4278128004e-02  3.7666436924e-02  3.4196942112e-02  2.0123449190e-02  3.1746174913e-02  -3.3244177285e-03  3.9533379681e-02  nan  nan  nan  nan  
4.9823590576e-01  3.8253616227e-03  1.8268709720e-04  6.3886294576e-02  2.7420021378e-02  -2.1547951675e-02  2.6228826742e-02  -9.9590783765e-03  2.5685748140e-02  -2.4257235539e-03  4.7828685685e-02  nan  nan  nan  nan  
5.9967567789e-01  3.3879791500e-03  1.5384311817e-04  3.2329304092e-02  2.6521352389e-02  2.3570679328e-02  2.3294406926e-02  1.8448351461e-02  3.1414069385e-02  -1.1797480989e-02  5.2836867155e-02  nan  nan  nan  nan  
7.0072870460e-01  2.7984462149e-03  1.2156897173e-04  2.3263723721e-02  2.6467917685e-02  1.2349748933e-02  2.8370903067e-02  2.7165265644e-02  2.9579405244e-02  1.6337347985e-02  6.0088410505e-02  nan  nan  nan  nan  
7.9938347881e-01  2.2957696423e-03  1.0981928270e-04  -2.7213027803e-02  3.4778305270e-02  4.5456796915e-02  2.3952526993e-02  1.3259644822e-02  3.4329371824e-02  6.0670487731e-02  4.9619565882e-02  nan  nan  nan  nan  
8.9852209837e-01  1.8456509419e-03  9.0632164318e-05  -5.1676664697e-02  2.4161507640e-02  8.1133859198e-03  1.9804985129e-02  5.9115009776e-02  4.5282827904e-02  -2.8234561039e-02  4.7190328258e-02  nan  nan  nan  nan  
9.9855275095e-01  1.3301835331e-03  7.4366202704e-05  -3.3375758549e-02  2.7710736647e-02  -3.0699965139e-02  2.9960824465e-02  1.2955775590e-02  4.0474262544e-02  6.2079433396e-02  5.8524927086e-02  nan  nan  nan  nan  
1.0972633756e+00  1.0708445485e-03  6.1228760849e-05  4.5809563925e-02  4.8056694520e-02  4.2875213682e-02  4.4121189983e-02  6.1127518673e-02  3.5366147250e-02  5.3245593262e-02  7.6643606917e-02  nan  nan  nan  nan  
1.1982092842e+00  7.2645186799e-04  4.1620012063e-05  5.8499723349e-03  4.1074469186e-02  2.9457138368e-02  4.5867561659e-02  -6.5023656863e-02  6.5430821591e-02  -1.2848760407e-02  7.1437851073e-02  nan  nan  nan  nan  
1.2974170811e+00  4.9371255032e-04  3.4065036825e-05  -6.6926011918e-02  4.6911883324e-02  -3.6926797393e-02  3.7220128371e-02  -5.9377055787e-02  5.7112751500e-02  1.6008420655e-02  8.2540545829e-02  nan  nan  nan  nan  
1.4003870086e+00  3.1569733004e-04  2.5333549710e-05  5.0641285139e-02  5.5029202933e-02  -8.7631494117e-02  6.4927296755e-02  -2.6002158831e-02  5.2989025910e-02  4.5746668635e-02  8.6036575485e-02  nan  nan  nan  nan  
1.4935904307e+00  2.4337476973e-04  1.8439556624e-05  -3.8642281315e-02  6.7454598081e-02  3.3462676167e-03  5.5430338147e-02  -2.1097592933e-02  7.8087480936e-02  -1.2402011575e-01  1.0436730359e-01  nan  nan  nan  nan  
1.5980666231e+00  1.5369176295e-04  1.5262991358e-05  -7.8577671956e-02  1.2525278196e-01  -8.5687778880e-02  6.6479401720e-02  -9.0256928498e-02  9.7718226282e-02  -5.6698630212e-02  1.3711757545e-01  nan  nan  nan  nan  
1.6968745900e+00  1.1116206336e-04  1.1358554279e-05  -3.0496993053e-02  7.3371997433e-02  2.7592934865e-02  8.9005395405e-02  3.7333574321e-02  8.3805341919e-02  4.3447447650e-02  2.1945175516e-01  nan  nan  nan  nan  
1.7969750065e+00  5.9045504280e-05  7.2530290123e-06  1.2403437797e-01  1.5989893346e-01  -1.1775915797e-02  1.2587323985e-01  -7.4197606765e-02  1.2244506039e-01  4.5152805624e-01  2.1836078521e-01  nan  nan  nan  nan  
1.9021033926e+00  5.5782396119e-05  8.2640515096e-06  1.3165458798e-01  1.1884907558e-01  1.0339096406e-01  9.2650863575e-02  -3.1207468275e-02  1.4960051954e-01  -1.2839435478e-01  2.2294674192e-01  nan  nan  nan  nan  
2.0015041754e+00  1.5707291721e-05  3.5176731786e-06  3.5657463975e-01  2.5500399106e-01  -1.0885648453e-01  2.7456424463e-01  1.2417885312e-01  2.1382322214e-01  -9.3147536092e-02  3.7291666625e-01  nan  nan  nan  nan  
2.1032007200e+00  2.6158475038e-05  5.3112494935e-06  6.9012905024e-02  1.5298430398e-01  3.8778526532e-02  1.9364855119e-01  -4.0581491872e-01  2.6183185818e-01  -1.5557432000e-01  3.3420232807e-01  nan  nan  nan  nan  
2.1971449311e+00  1.5202950575e-05  3.9421943211e-06  -2.6278854240e-01  1.9388296202e-01  -1.8670462124e-01  2.8424905196e-01  -1.0050995171e-01  1.6646133829e-01  4.6984943251e-01  3.4240059895e-01  nan  nan  nan  nan  
2.3121888533e+00  7.6481134079e-06  2.6872731316e-06  5.9307782240e-02  2.0413009642e-01  2.7377253751e-01  2.1693377568e-01  -4.8822899603e-01  3.5665599683e-01  4.5455661254e-01  8.6150158254e-01  nan  nan  nan  nan  
2.3850059933e+00  4.9430714535e-06  2.2645339684e-06  -2.3624380032e-01  2.4429690033e-01  -4.4145191508e-01  4.2801256979e-01  5.4842739914e-01  2.8185556008e-01  -2.3403484627e-01  3.2760888422e-01  nan  nan  nan  nan  
2.4796899550e+00  1.5847754153e-06  1.1066843379e-06  -4.3942010219e-01  5.2576077318e-01  6.2679668407e-03  4.8020956133e-01  3.7013085829e-01  2.4915200954e-01  -6.6388063013e-01  1.4681951244e+00  nan  nan  nan  nan  
2.6150875975e+00  3.0054455435e-06  1.4651487562e-06  6.5461140649e-02  5.5880981045e-01  -2.5638770961e-01  1.7789953946e-01  -1.3233473500e-01  7.6864166254e-01  1.9000629612e-01  5.2053327333e-01  nan  nan  nan  nan  
2.6500000000e+00  0.0000000000e+00  0.0000000000e+00  nan  nan  nan  nan  nan  nan  nan  nan  nan  nan  nan  nan  
2.7971185800e+00  7.0246426173e-07  6.9811459600e-07  nan  nan  nan  nan  nan  nan  nan  nan  nan  nan  nan  nan  
2.9129183500e+00  6.7453859012e-07  6.7036184043e-07  nan  nan  nan  nan  nan  nan  nan  nan  nan  nan  nan  nan  
2.9500000000e+00  0.0000000000e+00  0.0000000000e+00  nan  nan  nan  nan  nan  nan  nan  nan  nan  nan  nan  nan  
3.1118212500e+00  6.3142310741e-07  6.2751332921e-07  nan  nan  nan  nan  nan  nan  nan  nan  nan  nan  nan  nan  
3.1500000000e+00  0.0000000000e+00  0.0000000000e+00  nan  nan  nan  nan  nan  nan  nan  nan  nan  nan  nan  nan  
3.2500000000e+00  0.0000000000e+00  0.0000000000e+00  nan  nan  nan  nan  nan  nan  nan  nan  nan  nan  nan  nan  
3.3500000000e+00  0.0000000000e+00  0.0000000000e+00  nan  nan  nan  nan  nan  nan  nan  nan  nan  nan  nan  nan  
3.4500000000e+00  0.0000000000e+00  0.0000000000e+00  nan  nan  nan  nan  nan  nan  nan  nan  nan  nan  nan  nan  
3.5500000000e+00  0.0000000000e+00  0.0000000000e+00  nan  nan  nan  nan  nan  nan  nan  nan  nan  nan  nan  nan  
3.6500000000e+00  0.0000000000e+00  0.0000000000e+00  nan  nan  nan  nan  nan  nan  nan  nan  nan  nan  nan  nan  
3.7500000000e+00  0.0000000000e+00  0.0000000000e+00  nan  nan  nan  nan  nan  nan  nan  nan  nan  nan  nan  nan  
3.8500000000e+00  0.0000000000e+00  0.0000000000e+00  nan  nan  nan  nan  nan  nan  nan  nan  nan  nan  nan  nan  
3.9500000000e+00  0.0000000000e+00  0.0000000000e+00  nan  nan  nan  nan  nan  nan  nan  nan  nan  nan  nan  nan  
