#pT  dN/(2pi dy pT dpT)  dN/(2pi dy pT dpT)_err  vn{SP}  vn{SP}_err
1.0807297379e-01  3.6377180934e-02  8.4830285842e-04  1.6926945082e-02  1.2296641839e-02  -1.9729746314e-02  1.1578227496e-02  -1.3069084275e-02  1.4367147527e-02  1.2818251920e-02  1.7391550477e-02  8.5920540830e-03  4.1456543019e-02  2.8021020377e-02  6.0816707512e-02  
2.0430199802e-01  3.7966944526e-02  6.2669199783e-04  -5.3251971615e-04  7.6411288873e-03  -3.0628298066e-03  8.3791075488e-03  -1.8612811031e-03  8.9953290511e-03  5.8109292706e-03  1.1836894516e-02  -2.6705588035e-02  3.3405844832e-02  -2.0231731093e-02  3.9880178107e-02  
3.0201083422e-01  3.7065845326e-02  6.3760288794e-04  1.2579128909e-03  7.8147186765e-03  1.3668594603e-02  7.3599416041e-03  1.1040249194e-02  6.9655219909e-03  3.5661410041e-03  1.0625229861e-02  -7.5375226104e-03  3.1111152388e-02  1.3727057194e-02  3.9597831082e-02  
4.0131247044e-01  3.3904465342e-02  5.3133174002e-04  2.1693378883e-03  6.5925928082e-03  1.2825016865e-02  6.6612546711e-03  8.0886336494e-03  6.4768494867e-03  -9.5446597028e-03  9.4811388760e-03  3.5977669790e-02  3.1848094827e-02  -1.5518909734e-02  3.5375355958e-02  
5.0129812956e-01  3.1130742705e-02  4.6841509105e-04  3.1611235585e-03  6.9285071673e-03  2.0481752741e-02  6.2344019392e-03  6.1006973562e-03  6.7789169363e-03  4.4561156482e-03  8.6523439989e-03  -1.2319985339e-02  2.1046360684e-02  -2.6166887231e-03  2.5139072066e-02  
6.0015237331e-01  2.7549078543e-02  3.8951319026e-04  4.3548060010e-03  6.2699115903e-03  3.7377396624e-02  6.2761081750e-03  4.8796953391e-03  6.1479403203e-03  1.2618303191e-02  7.5353706701e-03  1.3385967575e-02  2.2675515073e-02  -6.3113061160e-02  4.7328744608e-02  
7.0050251484e-01  2.3910079696e-02  3.1449159077e-04  6.2798481093e-03  7.2266582016e-03  5.4174804697e-02  6.9170207172e-03  9.0119483129e-03  6.2247257121e-03  6.0714410271e-04  7.7268031691e-03  -1.9625017288e-02  2.3266315584e-02  -1.9933248414e-02  2.8088981157e-02  
7.9935985804e-01  2.0197407146e-02  2.6460190087e-04  1.0512726202e-02  7.8965469114e-03  6.5760407072e-02  6.4786779049e-03  1.9112704346e-02  6.4045043365e-03  8.7116168660e-03  8.2135299054e-03  -2.4216944534e-04  2.3665158984e-02  -1.4017946630e-03  2.7542656096e-02  
8.9869296551e-01  1.7049794791e-02  2.3023954287e-04  1.3556206620e-03  7.4550263479e-03  7.9872199001e-02  6.4657793824e-03  7.7323129512e-03  6.5876100206e-03  1.6767803048e-02  8.6181838280e-03  -2.0914210460e-02  2.2985463193e-02  -2.0841188793e-02  3.6648738878e-02  
9.9916517735e-01  1.3582452287e-02  1.9586850544e-04  1.6023961464e-02  7.9740142067e-03  1.0160260363e-01  6.7008261493e-03  2.7069817722e-02  6.9832566530e-03  1.9416703147e-02  9.7385424069e-03  -4.7537589245e-03  2.4936238275e-02  8.8071136540e-03  3.4011513809e-02  
1.0986605883e+00  1.1201302365e-02  1.7021663661e-04  1.7724642497e-02  8.4806240079e-03  1.2478970211e-01  8.6496733541e-03  3.4478040172e-02  7.5776377327e-03  2.1150238324e-02  9.2635789331e-03  4.4538170612e-03  2.3467194162e-02  2.8245326480e-02  3.5707544121e-02  
1.1981277466e+00  8.7212697565e-03  1.4273819137e-04  1.9036601149e-02  8.1466271108e-03  1.4338344554e-01  9.4919623420e-03  2.6103958793e-02  7.6490793706e-03  -3.1715851744e-03  1.0781849652e-02  -3.5461938211e-02  3.4834539802e-02  7.0118496235e-03  3.3318342894e-02  
1.2983053923e+00  6.8120838010e-03  1.1373474503e-04  2.1508999027e-02  9.8576310411e-03  1.5069650659e-01  9.8251647820e-03  2.5703620241e-02  9.4153148914e-03  1.6823013071e-02  1.3301497735e-02  6.7525572606e-03  3.3297503673e-02  5.9231521880e-02  5.7878879419e-02  
1.3979655504e+00  5.1250954929e-03  9.8102129403e-05  1.3939755819e-02  1.1306129553e-02  1.5510645051e-01  1.0149269968e-02  5.6959687789e-02  9.5202324475e-03  9.5250305538e-03  1.2367614195e-02  1.2552798784e-02  3.2210894861e-02  -7.9052036826e-03  4.5189280494e-02  
1.4987362623e+00  3.7541980398e-03  7.6780075641e-05  2.8304647927e-02  1.0973758331e-02  1.8247209771e-01  1.1765317442e-02  4.1876992022e-02  1.0885897108e-02  3.0815500242e-02  1.4131609860e-02  -1.4905286108e-02  4.7065993564e-02  9.2669698892e-03  4.5596620538e-02  
1.5972900391e+00  2.7105413779e-03  6.5088699884e-05  3.8064059292e-02  1.3164724405e-02  1.8587466326e-01  1.2840533493e-02  5.5690303043e-02  1.4438090265e-02  4.7946189294e-03  1.4318941079e-02  -3.4909589917e-02  4.7696099756e-02  -3.0155128338e-02  6.6514765585e-02  
1.6972337961e+00  1.9326090944e-03  5.6399018125e-05  2.7964737772e-02  1.4179078396e-02  2.1836935229e-01  1.6284931701e-02  5.3454327872e-02  1.4878437636e-02  2.8159787046e-02  1.9413321471e-02  -1.0044413956e-01  6.8772294237e-02  7.3561868378e-02  8.0720764153e-02  
1.7982802391e+00  1.4244923823e-03  4.1660185112e-05  5.2804604216e-02  1.8208411004e-02  2.0414208065e-01  1.7642735475e-02  4.5234388909e-02  1.5589980529e-02  -1.6102581598e-02  2.1395816786e-02  -6.1223818479e-02  6.6398515856e-02  -2.2633102630e-02  6.7145389774e-02  
1.8966202736e+00  9.8710378673e-04  3.4931634798e-05  6.1243931028e-02  2.1823885336e-02  1.9421545713e-01  2.0054591240e-02  3.8063350096e-02  2.3925492224e-02  4.1425123108e-02  2.5902698889e-02  -5.5052395222e-02  7.5653208380e-02  -1.2726097556e-02  7.2421443170e-02  
1.9960341454e+00  6.8198165867e-04  2.8979087785e-05  5.5307376819e-02  2.4635218780e-02  2.3441439391e-01  2.3965525970e-02  5.9246143728e-02  2.3454871376e-02  5.6264092937e-02  3.4125313287e-02  7.1773411454e-02  8.5376609679e-02  8.8348149990e-02  1.1534667514e-01  
2.0955624580e+00  4.3259294206e-04  2.1668733877e-05  4.8919013440e-02  2.7237498188e-02  2.3961843238e-01  2.5169373849e-02  7.2227662210e-02  2.8991614505e-02  7.7821633503e-03  3.4170509034e-02  -4.9335289089e-02  9.5272090192e-02  1.3248238046e-01  1.6526950810e-01  
2.1992335320e+00  2.9916629979e-04  1.6185264730e-05  6.7207057327e-02  3.4615793767e-02  2.5301855033e-01  3.3673383816e-02  1.3650368335e-01  3.9261673577e-02  8.0209054998e-02  3.8378866974e-02  2.1630657056e-01  1.6311320524e-01  1.2054036355e-01  1.4777621341e-01  
2.2992327213e+00  1.9251225060e-04  1.2397243863e-05  1.5482537665e-01  3.9315249320e-02  2.2586316333e-01  4.5391718546e-02  -2.5902412780e-02  3.8785305223e-02  8.1750002835e-02  5.2133044577e-02  -6.3331120973e-03  1.3438582930e-01  -6.7648523593e-03  1.9184919883e-01  
2.3935227394e+00  1.2536657117e-04  1.0306718536e-05  8.6741189292e-02  4.7871402423e-02  2.6543008990e-01  4.8398992192e-02  1.2729858083e-01  5.5906626412e-02  8.3754459921e-02  5.3130050673e-02  1.9540282908e-01  1.8285175410e-01  4.3252635931e-03  1.9398212462e-01  
2.4940934181e+00  8.8783808172e-05  7.5046808106e-06  8.3429191355e-02  6.4473214772e-02  2.0904251624e-01  6.4540946776e-02  1.1179097531e-01  6.2001225839e-02  -5.1089387206e-03  8.7784307556e-02  -1.6264459213e-01  2.4735225959e-01  1.5819856927e-02  2.2495920672e-01  
2.5947496891e+00  5.8524049753e-05  6.4551441659e-06  1.3750761812e-01  5.9220706408e-02  3.4541269485e-01  5.7307104406e-02  3.6734806209e-02  9.0039990246e-02  -1.0241615270e-01  7.3216827033e-02  1.8740991075e-01  2.6031340549e-01  4.3141938299e-03  2.8532155376e-01  
2.6901073456e+00  3.4504573470e-05  4.5581973909e-06  -3.9214601629e-02  8.6802902098e-02  1.3431107399e-01  8.6943887005e-02  1.0048063661e-01  7.8471156955e-02  -1.3804304114e-02  1.1239827445e-01  -2.5915559618e-01  3.0915260028e-01  5.3759708451e-01  5.0708168703e-01  
2.7963349819e+00  2.3461681408e-05  3.4275806518e-06  -4.6388394477e-02  1.0091858120e-01  3.1930279784e-01  9.8133526324e-02  3.4120850390e-02  1.0757418328e-01  5.3397273245e-02  1.3574573349e-01  -1.4454401697e-01  3.0025522957e-01  7.6603106249e-01  6.7122727411e-01  
2.8989908695e+00  1.3113746425e-05  2.2053685388e-06  -6.0822339716e-02  1.4910603474e-01  2.1589701036e-01  1.0461803827e-01  9.4824441891e-03  1.8338566173e-01  -2.1969431685e-01  1.8336744956e-01  -1.1821609461e+00  6.4258065854e-01  -1.1635440314e-01  6.2288110489e-01  
2.9921221733e+00  6.6506838390e-06  1.5573156373e-06  8.4039198727e-02  2.1713948524e-01  1.6363437713e-01  1.8146872377e-01  -1.1029144745e-01  2.0317858864e-01  2.2902992454e-01  3.0842632261e-01  4.6017233263e-02  7.3614145516e-01  -4.6392318770e-01  7.9944125309e-01  
3.0996918678e+00  6.6881810908e-06  1.6251524328e-06  -2.2283439046e-02  1.7393234630e-01  3.3909104471e-01  1.5878488964e-01  2.0222988654e-01  1.6323634368e-01  -1.5510861351e-01  1.7764723677e-01  -3.3743816495e-02  5.8969990090e-01  4.3455582146e-01  6.5037916728e-01  
3.2072799206e+00  3.2576229563e-06  1.1592653778e-06  5.0111868536e-03  2.6572022146e-01  3.5894202500e-01  2.5798396647e-01  3.2444445624e-01  3.3828291767e-01  -8.7319961727e-02  3.2959550388e-01  4.5295599759e-02  1.5332154408e+00  -1.6342673355e-01  5.7834225804e-01  
3.2897810936e+00  3.4862604694e-06  1.1475027607e-06  -2.3777415822e-01  2.9592905469e-01  2.4534816293e-01  2.2542035012e-01  9.1594342126e-02  1.9775693789e-01  2.7607412201e-02  2.6941085390e-01  3.6739374491e-01  9.7002377515e-01  -6.1013035650e-01  1.3568639748e+00  
3.3873610497e+00  1.1137888683e-06  6.4216391365e-07  1.9907489265e-01  4.6256860911e-01  2.1515582587e-01  5.8028456314e-01  4.6798203136e-01  1.6514513440e-01  -6.5867216401e-01  1.1308877678e+00  -1.4540667303e+00  1.1649199950e+00  -2.9609530975e+00  2.3790680885e+00  
3.4500007629e+00  0.0000000000e+00  0.0000000000e+00  nan  nan  nan  nan  nan  nan  nan  nan  nan  nan  nan  nan  
3.5499992371e+00  0.0000000000e+00  0.0000000000e+00  nan  nan  nan  nan  nan  nan  nan  nan  nan  nan  nan  nan  
3.6894614697e+00  3.4408325546e-07  3.4321803034e-07  nan  nan  nan  nan  nan  nan  nan  nan  nan  nan  nan  nan  
3.7500000000e+00  0.0000000000e+00  0.0000000000e+00  nan  nan  nan  nan  nan  nan  nan  nan  nan  nan  nan  nan  
3.8500001431e+00  0.0000000000e+00  0.0000000000e+00  nan  nan  nan  nan  nan  nan  nan  nan  nan  nan  nan  nan  
3.9500007629e+00  0.0000000000e+00  0.0000000000e+00  nan  nan  nan  nan  nan  nan  nan  nan  nan  nan  nan  nan  
