#pT  vn{4}  vn{4}_err
1.0806847785e-01  0.0000000000e+00  0.0000000000e+00  4.1405776519e-02  2.7883334199e-02  0.0000000000e+00  0.0000000000e+00  
2.0357398824e-01  1.4929079046e-01  3.0331881247e+00  3.3752698567e-02  2.3517757522e-02  0.0000000000e+00  0.0000000000e+00  
3.0248497457e-01  7.2437387288e-02  2.6836568275e+00  2.0544911509e-02  1.7452189133e-02  0.0000000000e+00  0.0000000000e+00  
4.0179553186e-01  1.9775957427e-02  4.3813908443e-01  1.7562871730e-02  1.5205136324e-02  0.0000000000e+00  0.0000000000e+00  
5.0028219096e-01  1.0401126091e-01  2.0602419213e+00  1.3094496533e-02  2.6858258783e-02  0.0000000000e+00  0.0000000000e+00  
5.9962574082e-01  1.1186997418e-01  2.7600706850e+00  2.4760146067e-02  3.7232640937e-02  0.0000000000e+00  0.0000000000e+00  
6.9983790133e-01  0.0000000000e+00  0.0000000000e+00  2.7847905772e-02  2.3854142130e-02  0.0000000000e+00  0.0000000000e+00  
7.9946882714e-01  8.5025386193e-02  1.7233150659e+00  4.6078510770e-02  1.7651889092e-02  0.0000000000e+00  0.0000000000e+00  
8.9866674672e-01  1.3432823170e-01  9.7462433485e+00  8.3370471495e-02  1.7604528457e-02  0.0000000000e+00  0.0000000000e+00  
9.9846576457e-01  0.0000000000e+00  0.0000000000e+00  6.5333267927e-02  1.9190053876e-02  0.0000000000e+00  0.0000000000e+00  
1.0989278138e+00  5.3860412483e-02  1.0679736544e+00  4.0198142504e-02  3.7669544192e-02  0.0000000000e+00  0.0000000000e+00  
1.1976179593e+00  0.0000000000e+00  0.0000000000e+00  2.8360626529e-02  1.0866311410e-01  0.0000000000e+00  0.0000000000e+00  
1.2984420136e+00  7.6844054205e-02  1.9691272840e+01  9.6516212684e-02  2.7222929162e-02  0.0000000000e+00  0.0000000000e+00  
1.3971946524e+00  5.2169701666e-02  2.0910639775e+00  1.8446228037e-02  1.3228083654e-01  0.0000000000e+00  0.0000000000e+00  
1.4984668946e+00  2.5331838459e-02  7.0374036118e-01  6.2650962502e-02  5.7288567220e-02  0.0000000000e+00  0.0000000000e+00  
1.5972976554e+00  2.5631526076e-01  5.0884408408e+00  4.7268756018e-02  4.3952969674e-02  0.0000000000e+00  0.0000000000e+00  
1.6974477128e+00  3.3334159301e-01  6.5843530095e+00  1.3071435836e-01  3.2751396518e-02  0.0000000000e+00  0.0000000000e+00  
1.7960056432e+00  9.7436270868e-02  1.9260418100e+00  3.8924087375e-02  1.2181485751e-01  0.0000000000e+00  0.0000000000e+00  
1.8971574572e+00  0.0000000000e+00  0.0000000000e+00  1.6253317212e-01  8.4885260561e-02  0.0000000000e+00  0.0000000000e+00  
1.9989014326e+00  1.6344598283e-01  3.4283490220e+00  1.1178767444e-01  1.2180288842e-01  0.0000000000e+00  0.0000000000e+00  
2.0955880674e+00  4.1801473524e-01  8.2596838538e+00  5.7781891746e-02  3.4262330282e-01  0.0000000000e+00  0.0000000000e+00  
2.1962184969e+00  0.0000000000e+00  0.0000000000e+00  2.3310355764e-02  2.2699236015e-01  0.0000000000e+00  0.0000000000e+00  
2.3002640782e+00  8.4733240568e-01  1.7983544569e+01  6.5550507576e-02  3.8487402542e-01  0.0000000000e+00  0.0000000000e+00  
2.4001615206e+00  0.0000000000e+00  0.0000000000e+00  1.4662290156e-01  2.8173482388e-01  0.0000000000e+00  0.0000000000e+00  
2.4996110577e+00  6.3720562883e-01  1.5516965091e+01  2.4971529993e-01  1.3315305547e-01  0.0000000000e+00  0.0000000000e+00  
2.5974143250e+00  1.2876300114e+00  2.5781369494e+01  4.7079910774e-01  2.2289126210e-01  0.0000000000e+00  0.0000000000e+00  
2.6926906583e+00  2.9844512591e-01  6.0585074076e+00  4.0853312146e-01  3.7515395198e-01  0.0000000000e+00  0.0000000000e+00  
2.7980081247e+00  1.3299859892e+00  2.6747777542e+01  2.3807765502e-01  3.0684090685e-01  0.0000000000e+00  0.0000000000e+00  
2.8983528773e+00  2.5353619074e+00  5.0623378007e+01  2.8780169022e-01  5.9438496079e-01  0.0000000000e+00  0.0000000000e+00  
3.0067095544e+00  0.0000000000e+00  0.0000000000e+00  2.6872241107e-01  5.5221480559e-01  0.0000000000e+00  0.0000000000e+00  
3.1146909725e+00  3.3386650987e+00  7.3066100858e+01  6.1680852484e-01  7.0300882680e-01  0.0000000000e+00  0.0000000000e+00  
3.1890356667e+00  6.0104506300e-01  1.2476677231e+01  1.8500546231e-01  2.2868666564e+00  0.0000000000e+00  0.0000000000e+00  
3.2673715452e+00  2.7522968621e+00  5.5361442415e+01  2.4184925820e-01  3.3207340052e+00  0.0000000000e+00  0.0000000000e+00  
3.3921141465e+00  3.0026361320e+00  6.0317103847e+01  4.4385546361e-01  6.3380553050e+00  0.0000000000e+00  0.0000000000e+00  
3.5308442985e+00  3.0384613277e+00  6.0818980382e+01  2.5936499376e-01  2.5173478703e+00  0.0000000000e+00  0.0000000000e+00  
3.5500000000e+00  0.0000000000e+00  0.0000000000e+00  0.0000000000e+00  0.0000000000e+00  0.0000000000e+00  0.0000000000e+00  
3.7439454800e+00  7.3655988869e+00  1.4829167069e+02  2.1988882564e+00  8.0351853502e-01  0.0000000000e+00  0.0000000000e+00  
3.7500000000e+00  0.0000000000e+00  0.0000000000e+00  0.0000000000e+00  0.0000000000e+00  0.0000000000e+00  0.0000000000e+00  
3.8500000000e+00  0.0000000000e+00  0.0000000000e+00  0.0000000000e+00  0.0000000000e+00  0.0000000000e+00  0.0000000000e+00  
3.9500000000e+00  0.0000000000e+00  0.0000000000e+00  0.0000000000e+00  0.0000000000e+00  0.0000000000e+00  0.0000000000e+00  
