#eta  rn(eta)  rn_err(eta)  rnn(eta)  rnn_err(eta)
-7.0000000000e+00  0.0000000000e+00  0.0000000000e+00  0.0000000000e+00  0.0000000000e+00  0.0000000000e+00  0.0000000000e+00  0.0000000000e+00  0.0000000000e+00  0.0000000000e+00  0.0000000000e+00  0.0000000000e+00  0.0000000000e+00  0.0000000000e+00  0.0000000000e+00  0.0000000000e+00  0.0000000000e+00  0.0000000000e+00  0.0000000000e+00  0.0000000000e+00  0.0000000000e+00  0.0000000000e+00  0.0000000000e+00  0.0000000000e+00  0.0000000000e+00  
-6.9000000000e+00  0.0000000000e+00  0.0000000000e+00  0.0000000000e+00  0.0000000000e+00  0.0000000000e+00  0.0000000000e+00  0.0000000000e+00  0.0000000000e+00  0.0000000000e+00  0.0000000000e+00  0.0000000000e+00  0.0000000000e+00  0.0000000000e+00  0.0000000000e+00  0.0000000000e+00  0.0000000000e+00  0.0000000000e+00  0.0000000000e+00  0.0000000000e+00  0.0000000000e+00  0.0000000000e+00  0.0000000000e+00  0.0000000000e+00  0.0000000000e+00  
-6.8000000000e+00  0.0000000000e+00  0.0000000000e+00  0.0000000000e+00  0.0000000000e+00  0.0000000000e+00  0.0000000000e+00  0.0000000000e+00  0.0000000000e+00  0.0000000000e+00  0.0000000000e+00  0.0000000000e+00  0.0000000000e+00  0.0000000000e+00  0.0000000000e+00  0.0000000000e+00  0.0000000000e+00  0.0000000000e+00  0.0000000000e+00  0.0000000000e+00  0.0000000000e+00  0.0000000000e+00  0.0000000000e+00  0.0000000000e+00  0.0000000000e+00  
-6.7000000000e+00  0.0000000000e+00  0.0000000000e+00  0.0000000000e+00  0.0000000000e+00  0.0000000000e+00  0.0000000000e+00  0.0000000000e+00  0.0000000000e+00  0.0000000000e+00  0.0000000000e+00  0.0000000000e+00  0.0000000000e+00  0.0000000000e+00  0.0000000000e+00  0.0000000000e+00  0.0000000000e+00  0.0000000000e+00  0.0000000000e+00  0.0000000000e+00  0.0000000000e+00  0.0000000000e+00  0.0000000000e+00  0.0000000000e+00  0.0000000000e+00  
-6.6000000000e+00  0.0000000000e+00  0.0000000000e+00  0.0000000000e+00  0.0000000000e+00  0.0000000000e+00  0.0000000000e+00  0.0000000000e+00  0.0000000000e+00  0.0000000000e+00  0.0000000000e+00  0.0000000000e+00  0.0000000000e+00  0.0000000000e+00  0.0000000000e+00  0.0000000000e+00  0.0000000000e+00  0.0000000000e+00  0.0000000000e+00  0.0000000000e+00  0.0000000000e+00  0.0000000000e+00  0.0000000000e+00  0.0000000000e+00  0.0000000000e+00  
-6.5000000000e+00  0.0000000000e+00  0.0000000000e+00  0.0000000000e+00  0.0000000000e+00  0.0000000000e+00  0.0000000000e+00  0.0000000000e+00  0.0000000000e+00  0.0000000000e+00  0.0000000000e+00  0.0000000000e+00  0.0000000000e+00  0.0000000000e+00  0.0000000000e+00  0.0000000000e+00  0.0000000000e+00  0.0000000000e+00  0.0000000000e+00  0.0000000000e+00  0.0000000000e+00  0.0000000000e+00  0.0000000000e+00  0.0000000000e+00  0.0000000000e+00  
-6.4000000000e+00  0.0000000000e+00  0.0000000000e+00  0.0000000000e+00  0.0000000000e+00  0.0000000000e+00  0.0000000000e+00  0.0000000000e+00  0.0000000000e+00  0.0000000000e+00  0.0000000000e+00  0.0000000000e+00  0.0000000000e+00  0.0000000000e+00  0.0000000000e+00  0.0000000000e+00  0.0000000000e+00  0.0000000000e+00  0.0000000000e+00  0.0000000000e+00  0.0000000000e+00  0.0000000000e+00  0.0000000000e+00  0.0000000000e+00  0.0000000000e+00  
-6.3000000000e+00  0.0000000000e+00  0.0000000000e+00  0.0000000000e+00  0.0000000000e+00  0.0000000000e+00  0.0000000000e+00  0.0000000000e+00  0.0000000000e+00  0.0000000000e+00  0.0000000000e+00  0.0000000000e+00  0.0000000000e+00  0.0000000000e+00  0.0000000000e+00  0.0000000000e+00  0.0000000000e+00  0.0000000000e+00  0.0000000000e+00  0.0000000000e+00  0.0000000000e+00  0.0000000000e+00  0.0000000000e+00  0.0000000000e+00  0.0000000000e+00  
-6.2000000000e+00  0.0000000000e+00  0.0000000000e+00  0.0000000000e+00  0.0000000000e+00  0.0000000000e+00  0.0000000000e+00  0.0000000000e+00  0.0000000000e+00  0.0000000000e+00  0.0000000000e+00  0.0000000000e+00  0.0000000000e+00  0.0000000000e+00  0.0000000000e+00  0.0000000000e+00  0.0000000000e+00  0.0000000000e+00  0.0000000000e+00  0.0000000000e+00  0.0000000000e+00  0.0000000000e+00  0.0000000000e+00  0.0000000000e+00  0.0000000000e+00  
-6.1000000000e+00  0.0000000000e+00  0.0000000000e+00  0.0000000000e+00  0.0000000000e+00  0.0000000000e+00  0.0000000000e+00  0.0000000000e+00  0.0000000000e+00  0.0000000000e+00  0.0000000000e+00  0.0000000000e+00  0.0000000000e+00  0.0000000000e+00  0.0000000000e+00  0.0000000000e+00  0.0000000000e+00  0.0000000000e+00  0.0000000000e+00  0.0000000000e+00  0.0000000000e+00  0.0000000000e+00  0.0000000000e+00  0.0000000000e+00  0.0000000000e+00  
-6.0000000000e+00  0.0000000000e+00  0.0000000000e+00  0.0000000000e+00  0.0000000000e+00  0.0000000000e+00  0.0000000000e+00  0.0000000000e+00  0.0000000000e+00  0.0000000000e+00  0.0000000000e+00  0.0000000000e+00  0.0000000000e+00  0.0000000000e+00  0.0000000000e+00  0.0000000000e+00  0.0000000000e+00  0.0000000000e+00  0.0000000000e+00  0.0000000000e+00  0.0000000000e+00  0.0000000000e+00  0.0000000000e+00  0.0000000000e+00  0.0000000000e+00  
-5.9000000000e+00  0.0000000000e+00  0.0000000000e+00  0.0000000000e+00  0.0000000000e+00  0.0000000000e+00  0.0000000000e+00  0.0000000000e+00  0.0000000000e+00  0.0000000000e+00  0.0000000000e+00  0.0000000000e+00  0.0000000000e+00  0.0000000000e+00  0.0000000000e+00  0.0000000000e+00  0.0000000000e+00  0.0000000000e+00  0.0000000000e+00  0.0000000000e+00  0.0000000000e+00  0.0000000000e+00  0.0000000000e+00  0.0000000000e+00  0.0000000000e+00  
-5.8000000000e+00  0.0000000000e+00  0.0000000000e+00  0.0000000000e+00  0.0000000000e+00  0.0000000000e+00  0.0000000000e+00  0.0000000000e+00  0.0000000000e+00  0.0000000000e+00  0.0000000000e+00  0.0000000000e+00  0.0000000000e+00  0.0000000000e+00  0.0000000000e+00  0.0000000000e+00  0.0000000000e+00  0.0000000000e+00  0.0000000000e+00  0.0000000000e+00  0.0000000000e+00  0.0000000000e+00  0.0000000000e+00  0.0000000000e+00  0.0000000000e+00  
-5.7000000000e+00  0.0000000000e+00  0.0000000000e+00  0.0000000000e+00  0.0000000000e+00  0.0000000000e+00  0.0000000000e+00  0.0000000000e+00  0.0000000000e+00  0.0000000000e+00  0.0000000000e+00  0.0000000000e+00  0.0000000000e+00  0.0000000000e+00  0.0000000000e+00  0.0000000000e+00  0.0000000000e+00  0.0000000000e+00  0.0000000000e+00  0.0000000000e+00  0.0000000000e+00  0.0000000000e+00  0.0000000000e+00  0.0000000000e+00  0.0000000000e+00  
-5.6000000000e+00  0.0000000000e+00  0.0000000000e+00  0.0000000000e+00  0.0000000000e+00  0.0000000000e+00  0.0000000000e+00  0.0000000000e+00  0.0000000000e+00  0.0000000000e+00  0.0000000000e+00  0.0000000000e+00  0.0000000000e+00  0.0000000000e+00  0.0000000000e+00  0.0000000000e+00  0.0000000000e+00  0.0000000000e+00  0.0000000000e+00  0.0000000000e+00  0.0000000000e+00  0.0000000000e+00  0.0000000000e+00  0.0000000000e+00  0.0000000000e+00  
-5.5000000000e+00  0.0000000000e+00  0.0000000000e+00  0.0000000000e+00  0.0000000000e+00  0.0000000000e+00  0.0000000000e+00  0.0000000000e+00  0.0000000000e+00  0.0000000000e+00  0.0000000000e+00  0.0000000000e+00  0.0000000000e+00  0.0000000000e+00  0.0000000000e+00  0.0000000000e+00  0.0000000000e+00  0.0000000000e+00  0.0000000000e+00  0.0000000000e+00  0.0000000000e+00  0.0000000000e+00  0.0000000000e+00  0.0000000000e+00  0.0000000000e+00  
-5.4000000000e+00  0.0000000000e+00  0.0000000000e+00  0.0000000000e+00  0.0000000000e+00  0.0000000000e+00  0.0000000000e+00  0.0000000000e+00  0.0000000000e+00  0.0000000000e+00  0.0000000000e+00  0.0000000000e+00  0.0000000000e+00  0.0000000000e+00  0.0000000000e+00  0.0000000000e+00  0.0000000000e+00  0.0000000000e+00  0.0000000000e+00  0.0000000000e+00  0.0000000000e+00  0.0000000000e+00  0.0000000000e+00  0.0000000000e+00  0.0000000000e+00  
-5.3000000000e+00  0.0000000000e+00  0.0000000000e+00  0.0000000000e+00  0.0000000000e+00  0.0000000000e+00  0.0000000000e+00  0.0000000000e+00  0.0000000000e+00  0.0000000000e+00  0.0000000000e+00  0.0000000000e+00  0.0000000000e+00  0.0000000000e+00  0.0000000000e+00  0.0000000000e+00  0.0000000000e+00  0.0000000000e+00  0.0000000000e+00  0.0000000000e+00  0.0000000000e+00  0.0000000000e+00  0.0000000000e+00  0.0000000000e+00  0.0000000000e+00  
-5.2000000000e+00  0.0000000000e+00  0.0000000000e+00  0.0000000000e+00  0.0000000000e+00  0.0000000000e+00  0.0000000000e+00  0.0000000000e+00  0.0000000000e+00  0.0000000000e+00  0.0000000000e+00  0.0000000000e+00  0.0000000000e+00  0.0000000000e+00  0.0000000000e+00  0.0000000000e+00  0.0000000000e+00  0.0000000000e+00  0.0000000000e+00  0.0000000000e+00  0.0000000000e+00  0.0000000000e+00  0.0000000000e+00  0.0000000000e+00  0.0000000000e+00  
-5.1000000000e+00  0.0000000000e+00  0.0000000000e+00  0.0000000000e+00  0.0000000000e+00  0.0000000000e+00  0.0000000000e+00  0.0000000000e+00  0.0000000000e+00  0.0000000000e+00  0.0000000000e+00  0.0000000000e+00  0.0000000000e+00  0.0000000000e+00  0.0000000000e+00  0.0000000000e+00  0.0000000000e+00  0.0000000000e+00  0.0000000000e+00  0.0000000000e+00  0.0000000000e+00  0.0000000000e+00  0.0000000000e+00  0.0000000000e+00  0.0000000000e+00  
-5.0000000000e+00  0.0000000000e+00  0.0000000000e+00  0.0000000000e+00  0.0000000000e+00  0.0000000000e+00  0.0000000000e+00  0.0000000000e+00  0.0000000000e+00  0.0000000000e+00  0.0000000000e+00  0.0000000000e+00  0.0000000000e+00  0.0000000000e+00  0.0000000000e+00  0.0000000000e+00  0.0000000000e+00  0.0000000000e+00  0.0000000000e+00  0.0000000000e+00  0.0000000000e+00  0.0000000000e+00  0.0000000000e+00  0.0000000000e+00  0.0000000000e+00  
-4.9000000000e+00  0.0000000000e+00  0.0000000000e+00  0.0000000000e+00  0.0000000000e+00  0.0000000000e+00  0.0000000000e+00  0.0000000000e+00  0.0000000000e+00  0.0000000000e+00  0.0000000000e+00  0.0000000000e+00  0.0000000000e+00  0.0000000000e+00  0.0000000000e+00  0.0000000000e+00  0.0000000000e+00  0.0000000000e+00  0.0000000000e+00  0.0000000000e+00  0.0000000000e+00  0.0000000000e+00  0.0000000000e+00  0.0000000000e+00  0.0000000000e+00  
-4.8000000000e+00  0.0000000000e+00  0.0000000000e+00  0.0000000000e+00  0.0000000000e+00  0.0000000000e+00  0.0000000000e+00  0.0000000000e+00  0.0000000000e+00  0.0000000000e+00  0.0000000000e+00  0.0000000000e+00  0.0000000000e+00  0.0000000000e+00  0.0000000000e+00  0.0000000000e+00  0.0000000000e+00  0.0000000000e+00  0.0000000000e+00  0.0000000000e+00  0.0000000000e+00  0.0000000000e+00  0.0000000000e+00  0.0000000000e+00  0.0000000000e+00  
-4.7000000000e+00  0.0000000000e+00  0.0000000000e+00  0.0000000000e+00  0.0000000000e+00  0.0000000000e+00  0.0000000000e+00  0.0000000000e+00  0.0000000000e+00  0.0000000000e+00  0.0000000000e+00  0.0000000000e+00  0.0000000000e+00  0.0000000000e+00  0.0000000000e+00  0.0000000000e+00  0.0000000000e+00  0.0000000000e+00  0.0000000000e+00  0.0000000000e+00  0.0000000000e+00  0.0000000000e+00  0.0000000000e+00  0.0000000000e+00  0.0000000000e+00  
-4.6000000000e+00  0.0000000000e+00  0.0000000000e+00  0.0000000000e+00  0.0000000000e+00  0.0000000000e+00  0.0000000000e+00  0.0000000000e+00  0.0000000000e+00  0.0000000000e+00  0.0000000000e+00  0.0000000000e+00  0.0000000000e+00  0.0000000000e+00  0.0000000000e+00  0.0000000000e+00  0.0000000000e+00  0.0000000000e+00  0.0000000000e+00  0.0000000000e+00  0.0000000000e+00  0.0000000000e+00  0.0000000000e+00  0.0000000000e+00  0.0000000000e+00  
-4.5000000000e+00  0.0000000000e+00  0.0000000000e+00  0.0000000000e+00  0.0000000000e+00  0.0000000000e+00  0.0000000000e+00  0.0000000000e+00  0.0000000000e+00  0.0000000000e+00  0.0000000000e+00  0.0000000000e+00  0.0000000000e+00  0.0000000000e+00  0.0000000000e+00  0.0000000000e+00  0.0000000000e+00  0.0000000000e+00  0.0000000000e+00  0.0000000000e+00  0.0000000000e+00  0.0000000000e+00  0.0000000000e+00  0.0000000000e+00  0.0000000000e+00  
-4.4000000000e+00  0.0000000000e+00  0.0000000000e+00  0.0000000000e+00  0.0000000000e+00  0.0000000000e+00  0.0000000000e+00  0.0000000000e+00  0.0000000000e+00  0.0000000000e+00  0.0000000000e+00  0.0000000000e+00  0.0000000000e+00  0.0000000000e+00  0.0000000000e+00  0.0000000000e+00  0.0000000000e+00  0.0000000000e+00  0.0000000000e+00  0.0000000000e+00  0.0000000000e+00  0.0000000000e+00  0.0000000000e+00  0.0000000000e+00  0.0000000000e+00  
-4.3000000000e+00  0.0000000000e+00  0.0000000000e+00  0.0000000000e+00  0.0000000000e+00  0.0000000000e+00  0.0000000000e+00  0.0000000000e+00  0.0000000000e+00  0.0000000000e+00  0.0000000000e+00  0.0000000000e+00  0.0000000000e+00  0.0000000000e+00  0.0000000000e+00  0.0000000000e+00  0.0000000000e+00  0.0000000000e+00  0.0000000000e+00  0.0000000000e+00  0.0000000000e+00  0.0000000000e+00  0.0000000000e+00  0.0000000000e+00  0.0000000000e+00  
-4.2000000000e+00  0.0000000000e+00  0.0000000000e+00  0.0000000000e+00  0.0000000000e+00  0.0000000000e+00  0.0000000000e+00  0.0000000000e+00  0.0000000000e+00  0.0000000000e+00  0.0000000000e+00  0.0000000000e+00  0.0000000000e+00  0.0000000000e+00  0.0000000000e+00  0.0000000000e+00  0.0000000000e+00  0.0000000000e+00  0.0000000000e+00  0.0000000000e+00  0.0000000000e+00  0.0000000000e+00  0.0000000000e+00  0.0000000000e+00  0.0000000000e+00  
-4.1000000000e+00  0.0000000000e+00  0.0000000000e+00  0.0000000000e+00  0.0000000000e+00  0.0000000000e+00  0.0000000000e+00  0.0000000000e+00  0.0000000000e+00  0.0000000000e+00  0.0000000000e+00  0.0000000000e+00  0.0000000000e+00  0.0000000000e+00  0.0000000000e+00  0.0000000000e+00  0.0000000000e+00  0.0000000000e+00  0.0000000000e+00  0.0000000000e+00  0.0000000000e+00  0.0000000000e+00  0.0000000000e+00  0.0000000000e+00  0.0000000000e+00  
-4.0000000000e+00  0.0000000000e+00  0.0000000000e+00  0.0000000000e+00  0.0000000000e+00  0.0000000000e+00  0.0000000000e+00  0.0000000000e+00  0.0000000000e+00  0.0000000000e+00  0.0000000000e+00  0.0000000000e+00  0.0000000000e+00  0.0000000000e+00  0.0000000000e+00  0.0000000000e+00  0.0000000000e+00  0.0000000000e+00  0.0000000000e+00  0.0000000000e+00  0.0000000000e+00  0.0000000000e+00  0.0000000000e+00  0.0000000000e+00  0.0000000000e+00  
-3.9000000000e+00  0.0000000000e+00  0.0000000000e+00  0.0000000000e+00  0.0000000000e+00  0.0000000000e+00  0.0000000000e+00  0.0000000000e+00  0.0000000000e+00  0.0000000000e+00  0.0000000000e+00  0.0000000000e+00  0.0000000000e+00  0.0000000000e+00  0.0000000000e+00  0.0000000000e+00  0.0000000000e+00  0.0000000000e+00  0.0000000000e+00  0.0000000000e+00  0.0000000000e+00  0.0000000000e+00  0.0000000000e+00  0.0000000000e+00  0.0000000000e+00  
-3.8000000000e+00  0.0000000000e+00  0.0000000000e+00  0.0000000000e+00  0.0000000000e+00  0.0000000000e+00  0.0000000000e+00  0.0000000000e+00  0.0000000000e+00  0.0000000000e+00  0.0000000000e+00  0.0000000000e+00  0.0000000000e+00  0.0000000000e+00  0.0000000000e+00  0.0000000000e+00  0.0000000000e+00  0.0000000000e+00  0.0000000000e+00  0.0000000000e+00  0.0000000000e+00  0.0000000000e+00  0.0000000000e+00  0.0000000000e+00  0.0000000000e+00  
-3.7000000000e+00  1.2194465308e+12  1.2194465308e+12  0.0000000000e+00  0.0000000000e+00  -2.4173842172e+12  2.4173842172e+12  0.0000000000e+00  0.0000000000e+00  4.7352455950e+11  4.7352455950e+11  0.0000000000e+00  0.0000000000e+00  2.9276852228e+12  2.9276852228e+12  0.0000000000e+00  0.0000000000e+00  3.5426520062e+12  3.5426520062e+12  0.0000000000e+00  0.0000000000e+00  1.2338159921e+11  1.2338159921e+11  0.0000000000e+00  0.0000000000e+00  
-3.5993792621e+00  0.0000000000e+00  0.0000000000e+00  0.0000000000e+00  0.0000000000e+00  0.0000000000e+00  0.0000000000e+00  0.0000000000e+00  0.0000000000e+00  0.0000000000e+00  0.0000000000e+00  0.0000000000e+00  0.0000000000e+00  0.0000000000e+00  0.0000000000e+00  0.0000000000e+00  0.0000000000e+00  0.0000000000e+00  0.0000000000e+00  0.0000000000e+00  0.0000000000e+00  0.0000000000e+00  0.0000000000e+00  0.0000000000e+00  0.0000000000e+00  
-3.4976906169e+00  -8.0833629131e+00  1.9670470607e+01  0.0000000000e+00  0.0000000000e+00  -4.7033616264e-01  2.1216966061e+00  0.0000000000e+00  0.0000000000e+00  1.5473772657e+00  3.7736337730e+00  0.0000000000e+00  0.0000000000e+00  -8.9673623271e-01  2.5422436141e+00  0.0000000000e+00  0.0000000000e+00  1.0803460548e-01  2.1151410284e-01  0.0000000000e+00  0.0000000000e+00  -1.5940696194e+00  4.6327103022e+00  0.0000000000e+00  0.0000000000e+00  
-3.3979224013e+00  2.1438797749e+00  1.7109128204e+01  0.0000000000e+00  0.0000000000e+00  1.7871585061e-01  4.3295457910e+00  0.0000000000e+00  0.0000000000e+00  2.5057522700e-01  4.3573824635e-01  0.0000000000e+00  0.0000000000e+00  2.8714808717e+00  1.1954747667e+01  0.0000000000e+00  0.0000000000e+00  -3.4478721209e-02  3.4979183223e+00  0.0000000000e+00  0.0000000000e+00  1.5408594719e+01  4.0910153577e+01  0.0000000000e+00  0.0000000000e+00  
-3.2957545476e+00  1.0543793172e-01  2.3231407845e+00  0.0000000000e+00  0.0000000000e+00  -1.1329068042e+00  4.6200831519e+00  0.0000000000e+00  0.0000000000e+00  -7.0540967679e-01  1.7255165104e+00  0.0000000000e+00  0.0000000000e+00  1.2704396305e+00  6.2754939371e+00  0.0000000000e+00  0.0000000000e+00  3.6772279233e-01  2.7044423025e-01  0.0000000000e+00  0.0000000000e+00  -1.6401671910e+00  8.2937230744e+00  0.0000000000e+00  0.0000000000e+00  
-3.1913625674e+00  1.3227639674e+00  2.1264724512e+00  -4.0893107183e+01  4.0893107183e+01  1.4761848044e+00  2.0180270781e+01  -1.2293101089e+00  1.2293101089e+00  -1.8734774328e+00  8.3152986361e+00  -4.1042594261e+00  4.1042594261e+00  -6.4504327083e+00  3.0610838704e+01  -1.2939158303e+00  1.2939158303e+00  2.1400652572e+00  3.8722154134e+01  3.6578822511e-01  3.6578822511e-01  -3.3758867937e+00  1.3570936868e+01  3.3896988257e+00  3.3896988257e+00  
-3.0888359467e+00  5.0104566347e-01  6.1073234266e-01  -7.6511347115e-01  5.4336904171e+00  3.7300940643e-01  4.0290198190e-01  6.4091312082e-01  2.6851404986e+00  5.9296039028e-01  5.3927381407e-01  2.6384744057e+00  1.7116089469e+01  1.6234093084e+00  2.6811974586e+00  1.4960609939e+00  7.3862727867e+00  1.5801638982e-01  5.5982946053e-01  -8.9229006222e-01  3.0732821024e-01  1.8004308037e+00  2.6228573127e+00  -2.2692487194e+01  5.9748786269e+01  
-2.9838384625e+00  -3.1941277168e+00  7.2388983898e+00  -8.7338556016e-01  6.5371674957e-01  7.1027555127e+00  7.3301324787e+01  1.0614937880e+00  4.0340980787e-01  5.8920376303e+00  7.6234135135e+01  -3.0963498890e+00  2.3532368372e+01  1.4374275071e+00  1.4179000314e+00  1.5300448001e+00  8.9643668582e+00  3.3815545094e+00  8.2182690934e+00  9.1250439164e-01  4.6714556629e+00  -2.4064973270e+01  1.0290192429e+03  -1.7839705810e-01  1.2082860226e+00  
-2.8799315176e+00  -4.1791241957e+00  6.4144016513e+00  6.3812216011e+00  8.1912908584e+01  -2.9269344224e+00  3.0612673183e+00  8.4973668118e-01  3.5547339101e-01  -7.5267846513e+00  3.5450764990e+02  -5.8467240088e+00  9.2546558813e+01  -1.7658623967e+01  3.2722418135e+02  -7.5855185384e-02  1.1317071044e+00  2.1094016907e+00  2.6556842120e+00  -5.3700515151e-01  6.7684736416e+00  -6.6488497268e+01  1.5951361549e+04  -2.0631550413e+00  7.1537124362e+00  
-2.7774047550e+00  -2.4403909196e+00  2.9051845237e+00  -8.2952924799e+00  2.8683510669e+02  4.5304063640e+00  5.3085494219e+00  3.2778013256e+00  4.7044033486e+00  -6.7606197904e+00  1.0769575850e+01  -3.0368802496e+00  2.4366575260e+01  7.1624916503e+00  2.3078994128e+01  -1.0923602046e+00  1.1186688759e+00  1.8201140937e+00  1.2454724741e+00  4.1128268363e+00  1.0565174898e+02  -6.6391014734e+00  1.8260768586e+01  1.6503900216e+01  2.4809277086e+02  
-2.6731126979e+00  -1.1157596829e+01  7.7759890243e+01  5.3746402726e+00  1.9739530221e+01  3.9208722667e+00  3.5687455775e+00  1.4106165882e+00  9.4437612370e-01  1.3263892074e+01  1.2071219011e+02  -7.2810364545e+00  9.8598864990e+01  9.1649168064e+00  5.3435095342e+01  -1.0014075488e+00  1.2914376828e+00  -1.1648898819e+01  1.5827532347e+02  -2.7136859282e+00  3.3225616318e+00  3.4316073776e+00  3.5506629096e+00  1.0582249623e+00  4.7597455221e+00  
-2.5661548572e+00  1.2615874576e+01  2.3761902243e+02  1.6948140703e-01  3.2718043031e-01  -7.7733965034e+00  1.0622904446e+01  -1.5751099072e+00  1.3823261800e+00  -6.5148064418e+00  1.4905307727e+04  4.7390862913e+00  1.6079643681e+01  9.2435147661e+00  2.0733579647e+01  5.6277995976e+00  2.1873526153e+01  1.8095314498e+01  2.8844777473e+02  -1.6250953418e+00  1.4232213612e+00  -6.2738607443e+00  1.2026940534e+01  1.3473013945e+00  1.0066615413e+00  
-2.4646697523e+00  -1.1324321528e+01  1.5124034751e+01  -9.9942269020e-01  4.2602428443e-01  6.3558803434e+00  6.0222417331e+00  1.3105251268e+00  2.6704843434e-01  -4.3208230005e+01  7.6178144134e+02  -3.5874419271e+00  5.9945134786e+00  4.9145151376e+00  3.1649556445e+00  -2.9657077069e+00  2.7885016586e+00  8.1698650294e+00  8.3717227222e+00  2.8369657473e+00  6.8981164219e+00  3.5148851260e+01  1.6716680441e+02  1.5309755813e+01  7.9503604345e+02  
-2.3598591319e+00  3.0695286892e+00  3.3747578411e+00  7.5484683394e-02  3.3346072779e-01  -4.0789302016e+00  1.1839998581e+01  -7.0755379086e-01  1.8768749132e+00  3.0015393447e+00  2.7802123196e+00  1.5625690937e+00  2.4749312232e+00  -5.9552516435e+00  1.2493675515e+01  -3.3159063775e+00  6.6835211563e+01  -4.0593285557e+00  3.2241481770e+01  1.1861413836e+00  7.3876450329e-01  -7.7823389508e+00  3.1386061753e+01  3.3065560250e-01  9.3207484644e-01  
-2.2558303134e+00  -4.1854373690e+01  1.2521221709e+03  -7.2222349398e-01  1.8987438033e+00  -2.1520375129e+01  1.8110589884e+03  2.6451331451e-01  2.0333677575e+00  6.6987255660e+01  4.6268545009e+03  1.0228888600e+00  1.5940447006e+00  2.3284030354e-01  8.8935943177e-01  4.7731380853e+00  6.1382685626e+02  -4.7800220320e+00  3.7695716918e+02  9.2332646803e+00  1.1488361645e+02  6.5987803267e+00  5.1576338861e+01  -5.6282229533e-02  9.3617293983e-01  
-2.1591098860e+00  -1.7242037691e+00  4.1908726808e+00  -4.0577666251e+00  1.0218337264e+01  -1.8159575488e+00  2.8915217904e+00  -1.0162185012e-01  1.4081712572e+00  8.0434370084e-01  7.9713985244e-01  2.2658109245e+01  1.3387128694e+03  6.3009349410e-01  1.8512800845e+01  1.3413077364e-01  4.4622579791e-01  -7.7092211585e-01  2.5784842929e+00  1.5952865446e+00  1.5263651935e+00  1.2899033261e-01  8.1593634698e-01  3.8709590405e+00  1.7315907873e+02  
-2.0561851462e+00  -5.6349418800e+01  4.2909476221e+03  2.8534610952e+00  2.8373849266e+01  5.5175616034e-01  1.3692520360e+00  -2.9299144103e+00  1.2436200109e+01  2.7519516976e+00  3.7713309936e+01  1.1154437602e+00  4.0938946732e+00  1.0301040364e+00  1.1052093015e+00  -1.2845606413e+00  5.1768560399e-01  1.1842599314e+00  5.6954792127e+00  -9.3270175702e-01  4.0459104425e+00  6.1503659663e-02  1.5336216065e+00  -3.9858474467e+00  1.5351881333e+01  
-1.9555184305e+00  2.7711201639e+00  7.5774487715e+02  -3.7223347647e+01  7.5997429967e+03  -1.1086769633e+00  1.5844437547e+00  4.5226704662e-01  1.6725927745e+01  -8.7856361148e+00  2.6485026121e+02  -3.1895052507e+00  5.1882937236e+00  -1.6225158516e+00  3.4394580847e+00  1.5980412134e+00  3.1032295750e+00  -1.7718707262e+00  4.6319720940e+00  9.3712701000e-02  3.6740703234e-01  8.7155070653e-01  1.1273743696e+00  2.8077196254e+00  8.4705702139e+00  
-1.8556863046e+00  4.1896502559e-01  1.7878210141e+00  6.0771176425e-02  7.0655526674e-01  1.1757344549e+01  4.6429131271e+02  2.8187730287e+00  2.7627688663e+00  -5.1701738658e+00  8.6309649119e+01  -6.9427775021e-01  1.3292677767e+00  -1.9342478518e+00  3.2050314442e+00  -4.6469879866e-01  1.6420888464e+01  -4.9196025255e+00  2.0468011157e+02  -1.1201527102e+00  1.5154009526e+01  1.2225024527e+00  9.8248918783e-01  5.0278343109e-01  4.2279445278e-01  
-1.7545754184e+00  -1.5181017208e+00  1.5563678030e+02  -1.5061938098e+00  3.8594653006e+00  -4.4474108495e+00  2.9229585683e+02  5.5100992898e-01  7.2653203729e-01  5.1087546637e-01  7.2049161889e-01  -8.8804212491e-01  6.4522035794e-01  -2.1555112830e+00  3.2807290259e+00  2.0678886153e+00  3.2219873719e+00  9.1847950128e-01  2.9991846721e+00  2.7123433908e-01  3.3479252221e+00  1.4810090616e+00  9.8024812298e+00  2.3037343794e+00  2.8545634057e+00  
-1.6543396061e+00  7.4437450334e+00  1.5788212712e+02  -2.2574869213e-01  1.1579599505e+00  -2.5522209719e+00  3.8832490185e+00  5.3068705527e-01  1.1262090684e+00  8.2441898720e-01  3.8405916891e+00  -1.1554374454e+00  3.0392069340e+00  2.6184893771e-01  2.8600858667e+00  -3.5788924604e-01  4.9055562981e-01  -2.9631159599e+00  9.6508416680e+00  6.6396674528e-01  2.3214258039e+00  6.9281986527e+00  7.0860027742e+01  -1.2734632052e+00  8.4811110791e+01  
-1.5541139034e+00  1.2043964789e+00  1.2153479327e+00  -2.3206987216e+01  1.5738799029e+03  2.7947043714e-01  5.0148067464e+00  4.1437703117e-01  8.9371251171e-01  2.1708939972e+00  7.6961977907e+01  -8.5982738232e-02  4.8810724263e-01  3.3665774868e-01  9.9299201857e-01  -1.1565057549e+00  3.7022843150e+01  -4.5979653411e-02  8.6514260040e-01  -2.6735021872e+00  1.7234103626e+01  1.0672628554e+00  1.1524920531e+00  8.2289927057e-01  2.7051710075e+00  
-1.4530466002e+00  5.4589720917e-01  8.0201362244e-01  -6.9537261363e-01  7.4324558062e-01  3.7678274940e+00  4.6960762367e+01  1.1131545719e+00  6.3826053758e+00  8.5083712623e-01  1.0431909476e+03  -4.3802630474e-01  1.1201162658e+00  -1.1236810098e+00  1.8610761039e+00  -3.2540370433e+00  1.1301595926e+02  5.4547703584e-01  5.3259594648e-01  -6.8676251757e-03  2.5435270890e+00  1.3009837766e-02  2.4516823972e+00  5.1989301588e-01  5.6425011620e-01  
-1.3514227974e+00  -4.2662267851e-01  4.7459336422e-01  -1.6673114125e+00  6.0877092532e+00  1.2458223379e+01  1.9978004680e+02  1.1330339261e+02  8.4329660574e+03  -3.1109106544e+00  7.7524433370e+00  -1.3310137043e+00  1.0469376433e+00  1.5609566465e+00  1.9449881059e+00  4.7373465024e-01  9.6739809315e-01  1.8639734248e+00  2.3913318675e+00  2.8847615044e+00  8.3699411992e+00  9.6540914473e-01  1.3255940770e+01  1.6718122777e+00  3.3390427169e+01  
-1.2528779160e+00  -3.3605759985e+00  3.0900035982e+01  1.1323627348e+00  1.8418646597e+00  -4.2874250210e-01  2.9088610819e+02  -1.3600154513e-01  5.1738392869e-01  3.4739610637e-01  1.0661804925e+00  -7.2010823670e-01  9.4932124027e-01  -6.1317321016e-02  6.3087726321e-01  7.0640495877e+01  1.5718476294e+03  -7.8678244055e-01  7.8906794108e-01  -1.8505897517e-01  6.4011480809e-01  -1.5127176535e+00  1.4422077905e+00  7.9647068643e-01  8.4654746469e-01  
-1.1526459054e+00  -5.4831692321e-01  4.5736871820e-01  1.9631581976e+00  4.6767838031e+00  -6.7238511875e+00  5.3704582647e+01  -9.4408313150e-02  7.2444060937e-01  6.8291593611e-01  1.1359750943e+00  -2.1269763570e+00  1.1290635904e+00  1.4702715094e+00  6.9196814752e+01  -4.0186928877e-01  1.4986505962e+00  4.2961372920e-01  1.6167001289e+00  4.2636213318e-01  1.4063795703e+00  1.9137337383e+00  1.0576115976e+01  2.0060324886e+01  4.9465052984e+02  
-1.0517515972e+00  3.2401452754e-01  5.0915435944e-01  -8.6429985716e-01  1.4868539185e+00  -5.1928597281e+00  8.4591096141e+01  -6.8129561878e-01  1.5912368264e+00  -8.3005688394e-01  6.9261420236e+00  1.2785064558e+00  2.3688009315e+00  -5.5901359734e+00  1.4925206936e+02  -2.6927062926e-01  2.0774223197e+00  -3.3742656147e-01  1.6812488368e+00  1.2356365782e+00  7.6246873555e+01  2.2269778585e-01  6.4357170057e-01  -7.2119755200e+00  2.8172156067e+02  
-9.5180329679e-01  -5.6402912294e-02  9.8669971733e-01  -1.6736529350e+00  7.5463376099e+01  8.9787420169e-02  7.2841900489e-01  -5.6163748039e-01  3.4302137927e+00  2.1217379170e+00  6.4416139980e+00  -5.7660536392e-01  7.0525569460e-01  6.9956912333e-01  1.5521410906e+02  1.0539962365e+00  3.3517328825e+00  -6.2094490782e-01  9.9298375645e-01  1.4248268040e+01  3.5512081524e+03  -1.2083369017e+00  6.1367846649e+00  1.6665185989e-01  1.5058180754e+00  
-8.5250849269e-01  -7.9645715535e-01  6.9774848068e-01  8.1075671174e-01  7.3254042423e-01  6.9979981501e-01  7.5093296427e-01  9.1178894803e-01  9.6477161158e-01  -1.3997727066e-01  6.8206283630e-01  5.2245132420e+01  4.6549066459e+03  9.1668576095e+00  8.3197970189e+01  -4.5730087262e-01  1.9531092899e+00  -1.1879228193e-01  2.9296518466e+00  -7.8179651180e-01  2.6586347070e+00  -5.0750216908e+00  1.7085201015e+02  4.7027852534e-01  1.1867504044e+00  
-7.5156729574e-01  1.3156179152e+00  2.1471781589e+02  3.9812965477e+00  6.7337262422e+01  7.0497248457e-01  1.3377400363e+00  8.8474950157e-01  1.8903209285e+01  -2.3004590317e+00  7.5997559606e+00  -8.7381194421e-01  2.4953039573e+00  -5.7778572486e-01  3.0540735809e+00  6.0867704984e-01  1.8246647546e+00  -3.0064434586e+00  5.0590700113e+00  6.6248124666e+00  1.0622257132e+02  1.4069601701e-02  7.4415670198e-01  7.4141906117e+00  1.3369289425e+02  
-6.5193350184e-01  -1.4898840926e+00  2.8376065101e+00  -4.5355499308e+00  2.4711129524e+01  -1.2859183760e+00  3.6701794542e+00  -2.3770995541e+00  2.1765457155e+01  -6.3768092388e-01  2.8678552308e+01  1.2447441772e+00  6.2287971624e+02  1.3991992843e+00  3.0901093254e+00  1.5994394574e-01  8.3559520955e-01  7.0389865306e+00  2.2550372717e+02  -7.9435826585e-01  1.3697439784e+00  -5.7767776945e-01  1.0590171835e+00  7.4461330227e-01  8.6144178787e-01  
-5.5022255880e-01  3.3731446306e+00  9.1285483752e+00  -2.0327125508e+00  2.9940268316e+00  6.3598737969e-01  7.9556052279e-01  2.2887814470e+01  1.5540163576e+03  -4.2242627279e-01  4.0199728080e-01  -2.3477589090e+00  3.8028164903e+00  -4.1850360440e+00  1.7073528876e+02  1.5884640865e-01  1.9372301786e+00  5.6221832464e-01  4.7084044825e+00  1.0061852130e+00  1.5520223879e+00  -1.8557575954e+00  5.5593724946e+00  -1.8382517428e-03  8.2450107973e-01  
-4.5040877384e-01  -2.0738461610e+00  3.6705734783e+02  3.7878475630e+00  1.0174106391e+03  7.0422329815e-02  1.4382582201e+00  9.2507553325e-02  1.5551134879e+00  -7.9894334751e+00  3.4032039698e+02  1.3606119505e+00  3.5453661995e+00  -4.0215589661e-01  9.9100194913e-01  -5.4740774470e-02  2.8098581400e+00  1.2122884300e+02  8.9430970173e+03  -5.1939452052e-01  1.5870433362e+00  1.2791510943e+00  2.7163546919e+00  -8.7078437315e-02  1.2784639353e+00  
-3.5061031858e-01  2.0647512808e+00  1.3422881339e+02  -3.9263037753e-02  4.0109195967e+00  2.1678277282e-01  1.5786810184e+00  -1.2501017301e+00  3.5891454440e+00  -1.1115570411e+00  1.9046105097e+00  1.4227940498e+00  2.8407306190e+00  -2.1371201756e-01  8.4693061966e-01  -1.3281859861e-01  9.8704585767e-01  -7.2480556610e-01  2.5601808302e+00  -6.0813519448e-01  2.1421158426e+01  1.5277855092e+00  6.1411184362e+00  3.2843692569e+00  1.5125435668e+01  
-2.5153568370e-01  2.2243981920e+00  1.1739950778e+01  -1.2630085041e+00  1.1975379563e+00  2.1122657476e+00  1.2981709585e+01  6.7760446133e+02  1.3844477249e+05  2.5319961519e+00  5.4244715877e+00  5.1364165851e-01  2.7060318915e+01  1.6272672353e+00  2.4280797245e+00  -8.2496688730e+00  2.2974715412e+02  6.3659758369e-01  3.7872456302e+01  1.6296946105e+00  2.1257014670e+00  -2.1653870801e+00  2.1641895962e+02  8.6551430128e-01  8.3357382927e+00  
-1.5239021057e-01  1.7271979410e+00  1.5426418203e+01  1.7020398982e+00  1.4283673945e+00  7.7371866216e-01  1.3341772574e+00  9.8144735069e-02  7.3460176291e-01  1.9965461690e-01  1.9678829746e+00  -2.5054145380e+00  4.0097895661e+00  -2.5609532448e+01  2.1609816310e+03  1.1851984330e+00  2.3026309235e+01  1.7574986511e+00  4.1806492905e+00  4.9652039694e-01  1.0387883237e+00  8.4631945835e-01  1.0115842773e+00  1.8564221382e+00  1.4809921011e+01  
-5.1070183762e-02  -1.1256413446e+00  9.5670478599e-01  -6.2725395257e-01  1.4186969811e+00  -9.1225339823e+00  2.4906140020e+01  -1.5850211492e-01  9.2683670629e-01  -1.8034237056e+00  2.3127774461e+01  -2.2075126423e-01  7.1731892772e-01  -2.0887845180e+00  5.5999299618e+01  -4.9298400234e-01  6.2978416262e-01  1.0032412018e+00  7.0041190953e-01  -3.8533025904e-01  3.5954165608e+01  1.3111797936e+01  7.2877293020e+02  9.4773914178e-02  8.2183024207e-01  
4.8473354264e-02  1.0000000000e+00  1.9240339154e-10  1.0000000000e+00  1.4138427481e-11  1.0000000000e+00  7.4897540854e-13  1.0000000000e+00  1.4613225810e-12  1.0000000000e+00  1.0906669290e-12  1.0000000000e+00  2.4218704963e-10  1.0000000000e+00  1.0270832904e-13  1.0000000000e+00  9.0183772955e-13  1.0000000000e+00  5.6647443529e-14  1.0000000000e+00  1.2224608254e-12  1.0000000000e+00  8.8282771548e-14  1.0000000000e+00  6.8206256485e-10  
1.4937688946e-01  -8.9709967044e-01  8.2215719602e-01  -1.6645614291e+00  2.8373154184e+00  -1.1819621027e-01  3.0777930003e-01  -1.0362387855e+01  2.3210396499e+02  -7.6362287377e-01  4.4735430937e+00  -5.8020988006e+00  1.3673249084e+02  -4.0576431021e-01  2.7390724610e+00  -2.1845138394e+00  1.2758930785e+01  1.0042030789e+00  8.6853562075e-01  5.2634336518e+00  6.4638735321e+02  4.7834822482e-01  8.7032513183e+01  8.8654417132e+00  1.7713759158e+02  
2.4748350845e-01  5.7356755355e-01  1.5241378225e+00  5.9240252589e-01  4.7246404464e-01  1.3498366643e+00  2.9318502916e+00  5.6515721157e+00  3.0745680457e+02  2.6227721123e+00  3.2971972284e+02  -4.0994007043e-01  5.6876963570e-01  -9.8848782807e-02  8.5944108886e-01  1.0357381554e+00  1.8754652416e+01  5.9756584673e-01  1.0688386968e+00  2.0935712004e+00  3.9999965631e+00  1.2038451648e+00  1.5427933140e+00  6.1691866537e-01  1.3119884066e+00  
3.4758819409e-01  4.8944102738e-01  8.2883537833e-01  -7.9985602518e-01  6.9056408252e-01  5.8578875085e-01  2.0702474338e+00  1.2138235943e-02  1.6709897379e+00  4.1614001755e-01  9.2322592146e-01  -2.6128047773e-01  2.8489561798e+02  6.3184115433e-01  9.4820787626e-01  -1.4616374995e-01  7.7426377540e-01  3.8226539121e-01  4.1955170691e+01  6.3002492428e-01  1.1499709691e+00  2.7444985634e-01  1.6884884196e+00  1.4690382297e+00  2.5212941452e+01  
4.4777494166e-01  7.3752825963e-02  2.4263411024e+01  -2.7727334224e+01  1.4285640585e+03  4.2303416863e+00  8.5769485728e+01  -9.6607440348e-01  1.0509168388e+01  -9.3116241817e-01  1.5166449639e+00  7.3927719942e-01  1.7525718456e+00  -1.7097967786e+00  2.8210431924e+02  -7.7479352787e+00  1.2064593841e+02  -1.7349723412e+00  1.5273909315e+01  4.3876981531e-02  8.0373192696e+01  7.7564094902e-01  3.5403435745e+00  3.2281874833e-01  1.2613095942e+00  
5.4677666623e-01  1.1344298700e-01  2.8247423700e+00  8.5866336279e-02  7.8329075892e-01  3.7956637949e+00  2.9093480620e+02  8.6718365551e+00  2.6079314593e+02  -1.2599022569e-01  6.3373923437e-01  7.6500115123e-01  1.1283998136e+00  -2.7859116108e+00  1.2535717621e+01  -2.8971745479e+01  9.8488479111e+02  8.9393493012e-02  5.5081499414e-01  -2.1258032370e+00  1.0087371046e+01  8.1616814091e-01  1.4003116882e+00  -1.1574567297e+01  1.2975886137e+02  
6.4827290449e-01  3.1762900710e-01  6.8501739247e-01  -5.0218113934e-01  6.2379948448e-01  1.6043462189e+00  2.1564815409e+00  2.8460580733e-01  1.1645589571e+00  -2.3982358311e+00  2.6194494967e+00  -4.3667751051e-01  5.6540554473e-01  -1.8070501326e-01  5.1060741508e-01  2.5401773878e+00  4.7135854897e+02  2.0233686860e+00  2.6139302559e+01  1.0139966367e+00  1.1033497697e+00  -5.7865595106e-01  1.2635913042e+00  -7.0428030722e+01  6.3767958914e+03  
7.4738719142e-01  -7.0596285807e-01  1.5770432943e+00  -2.4647384678e-01  9.3858220700e-01  -8.4139465315e-01  2.0315780193e+00  -4.7733128277e-01  2.9502173281e+00  -1.4531529840e+00  1.2991571866e+01  1.0751955915e+00  1.2186574105e+02  7.6847171799e-01  2.1741969077e+00  6.6258819592e+01  4.7374956670e+03  2.5863725485e-01  6.5942259808e-01  -1.5727097793e+00  2.3601541636e+01  -1.8991432197e+00  1.0741438902e+01  1.3692249705e+00  1.9630537655e+00  
8.4827140766e-01  2.5437313555e-01  1.1192735188e+00  3.6970587280e-01  3.2447763816e+00  1.5335337871e+00  5.9963931726e+00  1.5819669961e+00  2.6464296466e+01  -4.6369966844e-01  8.5786696894e-01  -1.1955283995e+00  1.9546608018e+00  -1.2337178048e-01  1.1046612599e+02  1.6641917411e+00  1.0237559347e+01  -3.4313259396e-01  5.1551988291e-01  1.3859326110e-01  7.1551025087e+00  1.4065863332e+02  1.5048448529e+04  9.1991873741e-02  5.9158664143e-01  
9.4729815256e-01  -1.2669504983e+00  1.0447245565e+00  1.2452919857e+00  1.0636854706e+00  1.4500633276e+00  1.6061807215e+00  1.1105983267e+00  1.2125269669e+00  4.1283015289e+00  8.6533564742e+02  -2.4973480494e-01  7.9068803276e+00  1.0642315748e-01  4.4922317943e-01  -2.7280496681e+00  4.2121086998e+01  -4.2451571379e+00  1.9717718528e+02  -1.3569380800e+00  2.5188999561e+00  -2.0710307482e-01  1.9851485686e+00  2.2156871430e+00  3.7517748273e+00  
1.0455515029e+00  -1.1056236991e+01  7.7779245715e+02  -4.2354287205e-01  1.7867465630e+00  1.6269614176e+01  2.6771920602e+02  -1.8125983392e+00  1.0251318948e+01  5.0737764337e-01  1.0301419399e+00  -7.9644780147e-01  7.3011523298e+01  -3.8221144720e-01  1.1839362877e+01  1.1122978512e+00  6.9406329043e+00  -1.6660260325e+00  2.9515042724e+00  -1.2219192460e-02  8.9576031863e-01  -9.3792635351e-01  2.6083821207e+00  8.0495472120e+00  2.6794445091e+02  
1.1465689809e+00  3.2006032569e+00  6.1690673687e+00  -1.1959949854e+00  2.0097697064e+00  -1.8473740046e-01  1.3228504429e+00  -1.4389792328e+00  1.1528013551e+01  -1.3410307005e+00  5.1694211813e+01  8.1337558629e-01  1.5948942607e+00  -3.1094206214e-01  2.4101385298e+00  -3.4246071296e+00  1.8913075477e+01  -5.2892111724e+00  1.2157134590e+02  1.3433774815e+00  5.9187314807e+01  2.5146050561e+00  2.0072039571e+02  -3.0246056665e-01  1.1510003245e+00  
1.2446535591e+00  -1.8393062016e+00  1.4897548264e+00  6.8364093457e-01  1.2486562866e+01  -1.8631057534e-01  5.9534105223e-01  1.6735736169e+00  1.2471236918e+03  1.5274474942e+00  3.2713474807e+00  -4.7178781231e-01  2.4579670113e-01  4.4448604357e-01  1.0172986832e+00  -2.5005675341e+00  1.1048823040e+01  2.7914722730e+00  2.0877174591e+01  2.4877527060e+00  5.1788321461e+00  5.7333899163e-01  1.0534933911e+00  3.7459823691e-02  1.0785235289e+00  
1.3463892775e+00  -2.9990871994e-01  8.4382291681e-01  9.0393981027e-01  1.0900094574e+00  -2.8832186481e-01  2.8667499780e+01  -7.1456015893e+00  9.8795305646e+01  4.5298807854e+00  8.3233058855e+01  -1.4086870974e+00  1.2943978843e+00  -3.0115943829e+01  1.0411454428e+03  1.6558374395e-02  3.5119044815e-01  -1.2870556937e+00  1.2812208542e+00  -5.8948774523e+00  5.7957293159e+01  -6.6879479199e-01  6.5151864937e-01  1.2730604964e+00  1.3781231657e+00  
1.4447390168e+00  -2.3832680636e+00  2.8949351326e+00  -6.5257141099e-01  1.5690916482e+00  1.0229788592e-01  4.0636145503e-01  2.3693467912e-02  1.0262396589e+00  -3.4267019338e-01  7.3318154721e-01  -7.5870935808e-01  7.7624239219e-01  6.5156694321e-01  7.1513988134e-01  1.7296561939e+00  3.1812607548e+01  5.4713885350e-01  6.7308636538e-01  3.4642399120e-01  1.0063526470e+00  1.5047738586e+00  1.1660083664e+01  4.9745777661e-01  1.8480908482e+00  
1.5458213904e+00  1.8933604081e+00  3.6023897733e+00  -1.4553083380e+00  1.3750789941e+00  2.6036527156e-01  1.2969156835e+00  9.7741979099e-01  1.5391981278e+00  8.5884850544e-02  7.6810454481e-01  -2.5562961133e+00  1.0527601796e+01  -9.1541537186e-01  1.3044830555e+00  -5.2110677561e+00  3.4643633497e+02  1.8555299009e+00  1.8272378410e+00  9.3324669037e+01  5.7774627277e+03  1.7454305084e+02  1.3989233658e+04  1.9593698327e+00  2.8017787141e+00  
1.6458780703e+00  8.4242299115e-01  9.8938693693e-01  -9.4849401908e-03  1.2875264806e+00  3.3624681653e+00  6.6150836681e+01  2.4903264451e+00  3.2760089031e+00  1.5857407431e+00  3.2665938917e+01  -1.1596704156e+01  6.9668334242e+01  3.8516758396e+00  4.0060218247e+01  -1.3736114820e+00  2.1287962051e+01  -1.9244076427e+01  6.5318437850e+02  -4.2107872793e-01  9.0336945566e-01  9.5102033683e-01  1.0630893576e+00  1.5056430091e+00  1.8622772464e+01  
1.7445385416e+00  1.8703816544e-01  9.0710209347e-01  -4.9415549252e+00  4.0446909424e+01  -4.0308594025e-01  6.1371356953e-01  1.7968991180e+00  1.5878350316e+01  1.3545299348e+00  3.8587390199e+00  -9.2618197116e-01  2.1972312805e+00  1.7402583435e+00  1.4362577159e+02  -2.8455228056e+00  3.4443648247e+00  -3.6522587115e-01  8.1589892793e-01  1.6397638601e+00  4.4907853131e+00  1.5110967049e-01  5.2508114534e-01  -4.4241442184e-01  2.7484146029e+00  
1.8405476210e+00  -3.4795141082e-01  9.3859659083e-01  -7.5050243759e-01  5.4544621580e+00  -3.0853078184e-01  8.1466546390e+01  1.8493441932e+00  2.1773724684e+00  2.0048074388e+00  2.8131931736e+00  -1.1326255878e+00  7.4415336247e-01  -4.7627002427e-01  6.6607904292e-01  4.5734309740e-01  1.8212647192e+00  1.2766937333e+00  7.6001803307e+00  1.8627074935e+00  8.4111131538e+01  7.6649269210e-01  1.7634605134e+00  4.4084125523e-01  4.6413634856e-01  
1.9412510814e+00  2.6014755736e+00  1.6235376764e+01  1.4175273023e+01  1.8922376462e+02  3.0188371046e-02  1.2528650795e+00  3.6031597405e-01  4.8804578353e-01  -3.8263615884e-01  4.2668230461e+00  -1.4916542424e+00  2.6522531130e+00  -5.3290022666e-01  8.2233289531e-01  -3.2363716623e+00  7.1257508668e+01  -1.0504413790e-01  1.5720874374e+00  -8.1171075164e-01  1.5036532523e+00  8.2468529353e-01  6.6936484089e-01  2.0067923569e+00  1.7564082648e+00  
2.0406368823e+00  5.4574705430e-02  7.5566700317e-01  3.2372398292e-03  4.6405188606e-01  -9.2467411489e-01  1.3196117412e+00  1.4942070377e+00  2.6194628953e+01  -8.7099138159e-02  9.4411077182e-01  -2.9707183745e-01  1.1241187412e+00  -6.4535298864e-01  1.1667794916e+00  6.5581708741e-01  1.3762128646e+00  -6.0218389171e-01  1.2839762037e+00  9.8530445926e+00  7.0643241139e+01  1.1740689115e+00  1.7997559858e+00  3.8317298137e-01  8.5698029245e-01  
2.1398794646e+00  -2.8443194379e+02  2.2654491561e+04  -5.4714806564e+00  4.6095758219e+02  2.2859489834e+00  2.2525918691e+01  -3.6449368322e-01  1.3996105271e+00  3.6734325697e-01  1.1767219587e+00  1.0182268082e+00  5.6447771749e+00  9.8578984288e-01  1.1426167993e+00  -7.8017867323e-01  3.3985663475e-01  9.0391667341e-01  7.2609795746e+00  -1.2698636692e+00  7.8164256657e+00  9.0512045696e+00  4.2073438316e+02  -2.6704649288e-01  4.4001758774e-01  
2.2363047883e+00  -6.1416435562e-01  1.2461848383e+00  -2.5794359791e-01  4.2882844447e-01  -5.6690983329e-01  8.8814992936e-01  -1.0959596483e+01  2.3206220819e+02  1.2580126598e+00  1.2025887509e+00  9.2463599750e-02  2.1621556740e+00  2.2866034642e+01  1.4804733071e+03  7.5389172793e+00  3.8839960529e+01  -1.6106549991e+00  1.6490180797e+01  6.3689140592e-01  8.7805613419e-01  6.7502154432e+00  3.0278230177e+02  2.5423481232e-01  2.7191036555e+01  
2.3349264691e+00  -3.8929243528e-02  6.7050279549e-01  -1.6298686803e+00  1.3457575319e+01  5.7676231004e-02  5.2338618489e-01  3.6687396465e+00  2.3360326031e+01  1.5077517652e-01  6.7192320732e-01  1.0020092748e+00  1.3685613046e+00  2.4541470923e+00  9.0991138783e+01  3.2020801395e-02  4.9074159572e+00  -9.2614321561e-02  8.1859534894e-01  1.3418947283e-01  6.6613462483e-01  1.8740382237e-01  4.8516921381e-01  -2.4827676049e+01  4.5179256861e+02  
2.4340359137e+00  3.3052582527e-01  3.5928104489e-01  1.6901231701e+01  3.5986272280e+02  -2.6369243284e-01  5.5458142803e-01  -1.5570694658e+00  8.2033596852e+00  3.3638156201e-01  2.8243204927e-01  6.6800352027e-01  1.7501745577e+00  -1.7381918004e-01  2.4295258677e-01  -4.0480735355e-01  2.3779335062e+00  -2.9227373244e-01  8.0475495805e-01  8.4694849566e-01  5.0498043781e-01  -1.4438569754e-01  3.6430485753e-01  2.6438291895e+00  2.5826320057e+01  
2.5318694246e+00  -9.0111558440e-02  1.0913529027e-01  -1.0028886568e+00  4.3138194369e-01  1.5894416639e-01  1.3656396317e-01  7.6346293275e-01  1.5922735636e-01  -3.2080870139e-02  1.2057351821e-01  -2.8559977140e-01  3.5901031398e-01  2.0455220192e-01  1.3356639774e-01  -3.4175297739e-01  4.1856391624e-01  1.2410767974e-01  1.3608214237e-01  3.3713649752e-01  6.5637159623e-01  3.3766949997e-02  1.0640697710e-01  1.9480572485e-01  3.3389634952e-01  
2.6255929984e+00  6.0168401062e-02  2.6434444331e-01  6.5099985426e+00  3.4759823364e+01  -1.3130690150e-01  1.6045890210e-01  -6.3976429196e-01  4.7232313157e-01  -1.5817597204e-02  1.3235717197e-01  2.1291974156e-01  6.6342872941e-01  1.1337007897e-01  2.0774976136e-01  1.7669549334e-01  5.3922067351e-01  4.6034568922e-02  1.6447229236e-01  -6.1998069144e-01  4.4880559182e-01  -1.6429193998e-01  2.2738057156e-01  7.4690272442e-01  5.0652290336e-01  
2.7223157391e+00  -8.5309401283e-02  2.6220079847e-01  1.8984055535e-01  7.2870372932e-01  2.5741916916e-01  2.1054893991e-01  7.1264583952e-01  4.6680051757e-01  7.1881861063e-02  2.4243288052e-01  -1.6909968910e-01  5.1554751656e-01  1.1830170005e-01  3.6241129276e-01  -1.0141497548e+00  1.0785883218e+00  -7.9083020827e-02  2.0115117646e-01  -3.7525543821e-01  4.8918803118e-01  2.9470040137e-01  2.5687894791e-01  1.0110806921e+00  1.6682188587e+00  
2.8177473666e+00  -4.1685214099e-01  4.8414578493e-01  -1.6789347104e-01  1.1321405593e+00  2.2419047163e-01  2.4168150335e-01  3.1275084017e-01  4.6740235501e-01  -1.5157261352e-01  1.9176507506e-01  -3.7370184469e-01  1.0211374900e+00  1.4834431171e-01  2.5697243876e-01  -9.3589825155e-01  1.8759704959e+00  5.5256136428e-01  3.6719001375e-01  2.6327020145e-01  2.4194965934e+00  -1.5973494287e-01  3.0402805122e-01  6.7341213946e-02  1.0346359823e+00  
2.9147646938e+00  -2.4539017115e-01  3.3590801372e-01  2.0299234986e-01  4.3840970262e-01  -3.4618156759e-01  3.4759952393e-01  1.1795733716e+00  5.2315875893e-01  -7.0791817539e-02  5.9514777424e-01  2.1633428088e-01  2.6718563352e+01  -1.0596630770e-01  4.3090422722e-01  1.1249527882e+02  9.8546630121e+03  4.8318937607e-01  5.8979722830e-01  -1.8223464987e+00  1.6974886918e+01  -8.9544005262e-02  5.6759781523e-01  -4.6763349966e-01  1.0497359680e+00  
3.0108512005e+00  -3.2336886731e-01  4.1322843935e-01  -1.1536811131e+00  9.8468725671e-01  1.4850090984e-01  5.2591514566e-01  9.4354503499e-01  3.1287607170e-01  2.1527414181e-01  4.4344075310e-01  -3.2272581981e-01  1.8303261550e+00  7.0342965849e-01  6.3949061400e-01  6.8864014767e-01  2.4696505216e+00  3.1193916080e-01  6.0941749049e-01  1.0280400351e+00  1.6824034311e+00  -1.1114872253e-01  6.5952351578e-01  -5.5257356962e+00  4.2735801464e+01  
3.1043030065e+00  2.0398511081e+00  3.1547319021e+00  -1.4098355754e+00  1.7442855446e+01  2.7274233426e+00  3.5240090645e+00  1.5044348671e+00  2.5807697634e+00  1.7051887137e+00  1.6701167796e+00  -1.8750503052e-01  4.3313479511e+01  6.3527821281e-01  9.9445957087e-01  1.2476207363e-01  3.6387696588e+01  5.0317415668e+00  8.5113996997e+01  -1.1223308344e+00  3.7616975872e-01  5.6745827071e-01  6.9226568244e-01  -4.1448280082e-02  1.2420182039e+00  
3.2034264309e+00  7.7677263281e-01  1.1160581851e+00  -2.3846469916e-02  2.3846469916e-02  8.6459439634e-01  1.6822659010e+00  -7.9325488576e-01  7.9325488576e-01  -5.7494587074e-01  9.2641801801e-01  -2.3759615286e-01  2.3759615286e-01  -1.4255095146e-01  1.1559685785e+00  -7.5364736033e-01  7.5364736033e-01  6.1181137649e-01  1.0086271138e+00  2.6659038839e+00  2.6659038839e+00  -3.2297032627e-01  6.2843514686e-01  2.8768226916e-01  2.8768226916e-01  
3.3016642995e+00  1.2176608274e+01  4.9669934063e+01  0.0000000000e+00  0.0000000000e+00  -9.4842287063e-01  1.8348825285e+00  0.0000000000e+00  0.0000000000e+00  -1.4696404563e+00  2.0933204393e+00  0.0000000000e+00  0.0000000000e+00  8.6377410694e-01  1.9693627464e+00  0.0000000000e+00  0.0000000000e+00  2.7394129529e+00  2.2232826346e+00  0.0000000000e+00  0.0000000000e+00  -6.1938785656e-01  3.2862573259e+00  0.0000000000e+00  0.0000000000e+00  
3.4014452064e+00  4.9347539462e-01  1.2760413923e+00  0.0000000000e+00  0.0000000000e+00  4.0260341875e+00  2.0143689059e+01  0.0000000000e+00  0.0000000000e+00  4.2334117406e+00  1.8114123298e+01  0.0000000000e+00  0.0000000000e+00  3.7241302654e-01  6.3031048413e-01  0.0000000000e+00  0.0000000000e+00  -2.5317312231e+01  2.7384253988e+02  0.0000000000e+00  0.0000000000e+00  6.0708075813e-02  1.6739769572e+00  0.0000000000e+00  0.0000000000e+00  
3.5000579314e+00  2.1069655247e+09  1.6645027646e+11  0.0000000000e+00  0.0000000000e+00  3.6296848234e+10  2.8674510107e+12  0.0000000000e+00  0.0000000000e+00  4.4530209646e+10  3.5178865620e+12  0.0000000000e+00  0.0000000000e+00  1.6697295254e+10  1.3190863252e+12  0.0000000000e+00  0.0000000000e+00  -1.8646370116e+11  1.4730632393e+13  0.0000000000e+00  0.0000000000e+00  -3.1169436556e+10  2.4623854879e+12  0.0000000000e+00  0.0000000000e+00  
3.6000000000e+00  5.7182140934e+09  5.7182140934e+09  0.0000000000e+00  0.0000000000e+00  -1.2332100489e+12  1.2332100489e+12  0.0000000000e+00  0.0000000000e+00  6.7153336938e+11  6.7153336938e+11  0.0000000000e+00  0.0000000000e+00  -2.1450267454e+11  2.1450267454e+11  0.0000000000e+00  0.0000000000e+00  5.0604445842e+11  5.0604445842e+11  0.0000000000e+00  0.0000000000e+00  1.0879257087e+12  1.0879257087e+12  0.0000000000e+00  0.0000000000e+00  
3.7001701622e+00  0.0000000000e+00  0.0000000000e+00  0.0000000000e+00  0.0000000000e+00  0.0000000000e+00  0.0000000000e+00  0.0000000000e+00  0.0000000000e+00  0.0000000000e+00  0.0000000000e+00  0.0000000000e+00  0.0000000000e+00  0.0000000000e+00  0.0000000000e+00  0.0000000000e+00  0.0000000000e+00  0.0000000000e+00  0.0000000000e+00  0.0000000000e+00  0.0000000000e+00  0.0000000000e+00  0.0000000000e+00  0.0000000000e+00  0.0000000000e+00  
3.8000000000e+00  0.0000000000e+00  0.0000000000e+00  0.0000000000e+00  0.0000000000e+00  0.0000000000e+00  0.0000000000e+00  0.0000000000e+00  0.0000000000e+00  0.0000000000e+00  0.0000000000e+00  0.0000000000e+00  0.0000000000e+00  0.0000000000e+00  0.0000000000e+00  0.0000000000e+00  0.0000000000e+00  0.0000000000e+00  0.0000000000e+00  0.0000000000e+00  0.0000000000e+00  0.0000000000e+00  0.0000000000e+00  0.0000000000e+00  0.0000000000e+00  
3.9000000000e+00  0.0000000000e+00  0.0000000000e+00  0.0000000000e+00  0.0000000000e+00  0.0000000000e+00  0.0000000000e+00  0.0000000000e+00  0.0000000000e+00  0.0000000000e+00  0.0000000000e+00  0.0000000000e+00  0.0000000000e+00  0.0000000000e+00  0.0000000000e+00  0.0000000000e+00  0.0000000000e+00  0.0000000000e+00  0.0000000000e+00  0.0000000000e+00  0.0000000000e+00  0.0000000000e+00  0.0000000000e+00  0.0000000000e+00  0.0000000000e+00  
4.0000000000e+00  0.0000000000e+00  0.0000000000e+00  0.0000000000e+00  0.0000000000e+00  0.0000000000e+00  0.0000000000e+00  0.0000000000e+00  0.0000000000e+00  0.0000000000e+00  0.0000000000e+00  0.0000000000e+00  0.0000000000e+00  0.0000000000e+00  0.0000000000e+00  0.0000000000e+00  0.0000000000e+00  0.0000000000e+00  0.0000000000e+00  0.0000000000e+00  0.0000000000e+00  0.0000000000e+00  0.0000000000e+00  0.0000000000e+00  0.0000000000e+00  
4.1000000000e+00  0.0000000000e+00  0.0000000000e+00  0.0000000000e+00  0.0000000000e+00  0.0000000000e+00  0.0000000000e+00  0.0000000000e+00  0.0000000000e+00  0.0000000000e+00  0.0000000000e+00  0.0000000000e+00  0.0000000000e+00  0.0000000000e+00  0.0000000000e+00  0.0000000000e+00  0.0000000000e+00  0.0000000000e+00  0.0000000000e+00  0.0000000000e+00  0.0000000000e+00  0.0000000000e+00  0.0000000000e+00  0.0000000000e+00  0.0000000000e+00  
4.2000000000e+00  0.0000000000e+00  0.0000000000e+00  0.0000000000e+00  0.0000000000e+00  0.0000000000e+00  0.0000000000e+00  0.0000000000e+00  0.0000000000e+00  0.0000000000e+00  0.0000000000e+00  0.0000000000e+00  0.0000000000e+00  0.0000000000e+00  0.0000000000e+00  0.0000000000e+00  0.0000000000e+00  0.0000000000e+00  0.0000000000e+00  0.0000000000e+00  0.0000000000e+00  0.0000000000e+00  0.0000000000e+00  0.0000000000e+00  0.0000000000e+00  
4.3000000000e+00  0.0000000000e+00  0.0000000000e+00  0.0000000000e+00  0.0000000000e+00  0.0000000000e+00  0.0000000000e+00  0.0000000000e+00  0.0000000000e+00  0.0000000000e+00  0.0000000000e+00  0.0000000000e+00  0.0000000000e+00  0.0000000000e+00  0.0000000000e+00  0.0000000000e+00  0.0000000000e+00  0.0000000000e+00  0.0000000000e+00  0.0000000000e+00  0.0000000000e+00  0.0000000000e+00  0.0000000000e+00  0.0000000000e+00  0.0000000000e+00  
4.4000000000e+00  0.0000000000e+00  0.0000000000e+00  0.0000000000e+00  0.0000000000e+00  0.0000000000e+00  0.0000000000e+00  0.0000000000e+00  0.0000000000e+00  0.0000000000e+00  0.0000000000e+00  0.0000000000e+00  0.0000000000e+00  0.0000000000e+00  0.0000000000e+00  0.0000000000e+00  0.0000000000e+00  0.0000000000e+00  0.0000000000e+00  0.0000000000e+00  0.0000000000e+00  0.0000000000e+00  0.0000000000e+00  0.0000000000e+00  0.0000000000e+00  
4.5000000000e+00  0.0000000000e+00  0.0000000000e+00  0.0000000000e+00  0.0000000000e+00  0.0000000000e+00  0.0000000000e+00  0.0000000000e+00  0.0000000000e+00  0.0000000000e+00  0.0000000000e+00  0.0000000000e+00  0.0000000000e+00  0.0000000000e+00  0.0000000000e+00  0.0000000000e+00  0.0000000000e+00  0.0000000000e+00  0.0000000000e+00  0.0000000000e+00  0.0000000000e+00  0.0000000000e+00  0.0000000000e+00  0.0000000000e+00  0.0000000000e+00  
4.6000000000e+00  0.0000000000e+00  0.0000000000e+00  0.0000000000e+00  0.0000000000e+00  0.0000000000e+00  0.0000000000e+00  0.0000000000e+00  0.0000000000e+00  0.0000000000e+00  0.0000000000e+00  0.0000000000e+00  0.0000000000e+00  0.0000000000e+00  0.0000000000e+00  0.0000000000e+00  0.0000000000e+00  0.0000000000e+00  0.0000000000e+00  0.0000000000e+00  0.0000000000e+00  0.0000000000e+00  0.0000000000e+00  0.0000000000e+00  0.0000000000e+00  
4.7000000000e+00  0.0000000000e+00  0.0000000000e+00  0.0000000000e+00  0.0000000000e+00  0.0000000000e+00  0.0000000000e+00  0.0000000000e+00  0.0000000000e+00  0.0000000000e+00  0.0000000000e+00  0.0000000000e+00  0.0000000000e+00  0.0000000000e+00  0.0000000000e+00  0.0000000000e+00  0.0000000000e+00  0.0000000000e+00  0.0000000000e+00  0.0000000000e+00  0.0000000000e+00  0.0000000000e+00  0.0000000000e+00  0.0000000000e+00  0.0000000000e+00  
4.8000000000e+00  0.0000000000e+00  0.0000000000e+00  0.0000000000e+00  0.0000000000e+00  0.0000000000e+00  0.0000000000e+00  0.0000000000e+00  0.0000000000e+00  0.0000000000e+00  0.0000000000e+00  0.0000000000e+00  0.0000000000e+00  0.0000000000e+00  0.0000000000e+00  0.0000000000e+00  0.0000000000e+00  0.0000000000e+00  0.0000000000e+00  0.0000000000e+00  0.0000000000e+00  0.0000000000e+00  0.0000000000e+00  0.0000000000e+00  0.0000000000e+00  
4.9000000000e+00  0.0000000000e+00  0.0000000000e+00  0.0000000000e+00  0.0000000000e+00  0.0000000000e+00  0.0000000000e+00  0.0000000000e+00  0.0000000000e+00  0.0000000000e+00  0.0000000000e+00  0.0000000000e+00  0.0000000000e+00  0.0000000000e+00  0.0000000000e+00  0.0000000000e+00  0.0000000000e+00  0.0000000000e+00  0.0000000000e+00  0.0000000000e+00  0.0000000000e+00  0.0000000000e+00  0.0000000000e+00  0.0000000000e+00  0.0000000000e+00  
5.0000000000e+00  0.0000000000e+00  0.0000000000e+00  0.0000000000e+00  0.0000000000e+00  0.0000000000e+00  0.0000000000e+00  0.0000000000e+00  0.0000000000e+00  0.0000000000e+00  0.0000000000e+00  0.0000000000e+00  0.0000000000e+00  0.0000000000e+00  0.0000000000e+00  0.0000000000e+00  0.0000000000e+00  0.0000000000e+00  0.0000000000e+00  0.0000000000e+00  0.0000000000e+00  0.0000000000e+00  0.0000000000e+00  0.0000000000e+00  0.0000000000e+00  
5.1000000000e+00  0.0000000000e+00  0.0000000000e+00  0.0000000000e+00  0.0000000000e+00  0.0000000000e+00  0.0000000000e+00  0.0000000000e+00  0.0000000000e+00  0.0000000000e+00  0.0000000000e+00  0.0000000000e+00  0.0000000000e+00  0.0000000000e+00  0.0000000000e+00  0.0000000000e+00  0.0000000000e+00  0.0000000000e+00  0.0000000000e+00  0.0000000000e+00  0.0000000000e+00  0.0000000000e+00  0.0000000000e+00  0.0000000000e+00  0.0000000000e+00  
5.2000000000e+00  0.0000000000e+00  0.0000000000e+00  0.0000000000e+00  0.0000000000e+00  0.0000000000e+00  0.0000000000e+00  0.0000000000e+00  0.0000000000e+00  0.0000000000e+00  0.0000000000e+00  0.0000000000e+00  0.0000000000e+00  0.0000000000e+00  0.0000000000e+00  0.0000000000e+00  0.0000000000e+00  0.0000000000e+00  0.0000000000e+00  0.0000000000e+00  0.0000000000e+00  0.0000000000e+00  0.0000000000e+00  0.0000000000e+00  0.0000000000e+00  
5.3000000000e+00  0.0000000000e+00  0.0000000000e+00  0.0000000000e+00  0.0000000000e+00  0.0000000000e+00  0.0000000000e+00  0.0000000000e+00  0.0000000000e+00  0.0000000000e+00  0.0000000000e+00  0.0000000000e+00  0.0000000000e+00  0.0000000000e+00  0.0000000000e+00  0.0000000000e+00  0.0000000000e+00  0.0000000000e+00  0.0000000000e+00  0.0000000000e+00  0.0000000000e+00  0.0000000000e+00  0.0000000000e+00  0.0000000000e+00  0.0000000000e+00  
5.4000000000e+00  0.0000000000e+00  0.0000000000e+00  0.0000000000e+00  0.0000000000e+00  0.0000000000e+00  0.0000000000e+00  0.0000000000e+00  0.0000000000e+00  0.0000000000e+00  0.0000000000e+00  0.0000000000e+00  0.0000000000e+00  0.0000000000e+00  0.0000000000e+00  0.0000000000e+00  0.0000000000e+00  0.0000000000e+00  0.0000000000e+00  0.0000000000e+00  0.0000000000e+00  0.0000000000e+00  0.0000000000e+00  0.0000000000e+00  0.0000000000e+00  
5.5000000000e+00  0.0000000000e+00  0.0000000000e+00  0.0000000000e+00  0.0000000000e+00  0.0000000000e+00  0.0000000000e+00  0.0000000000e+00  0.0000000000e+00  0.0000000000e+00  0.0000000000e+00  0.0000000000e+00  0.0000000000e+00  0.0000000000e+00  0.0000000000e+00  0.0000000000e+00  0.0000000000e+00  0.0000000000e+00  0.0000000000e+00  0.0000000000e+00  0.0000000000e+00  0.0000000000e+00  0.0000000000e+00  0.0000000000e+00  0.0000000000e+00  
5.6000000000e+00  0.0000000000e+00  0.0000000000e+00  0.0000000000e+00  0.0000000000e+00  0.0000000000e+00  0.0000000000e+00  0.0000000000e+00  0.0000000000e+00  0.0000000000e+00  0.0000000000e+00  0.0000000000e+00  0.0000000000e+00  0.0000000000e+00  0.0000000000e+00  0.0000000000e+00  0.0000000000e+00  0.0000000000e+00  0.0000000000e+00  0.0000000000e+00  0.0000000000e+00  0.0000000000e+00  0.0000000000e+00  0.0000000000e+00  0.0000000000e+00  
5.7000000000e+00  0.0000000000e+00  0.0000000000e+00  0.0000000000e+00  0.0000000000e+00  0.0000000000e+00  0.0000000000e+00  0.0000000000e+00  0.0000000000e+00  0.0000000000e+00  0.0000000000e+00  0.0000000000e+00  0.0000000000e+00  0.0000000000e+00  0.0000000000e+00  0.0000000000e+00  0.0000000000e+00  0.0000000000e+00  0.0000000000e+00  0.0000000000e+00  0.0000000000e+00  0.0000000000e+00  0.0000000000e+00  0.0000000000e+00  0.0000000000e+00  
5.8000000000e+00  0.0000000000e+00  0.0000000000e+00  0.0000000000e+00  0.0000000000e+00  0.0000000000e+00  0.0000000000e+00  0.0000000000e+00  0.0000000000e+00  0.0000000000e+00  0.0000000000e+00  0.0000000000e+00  0.0000000000e+00  0.0000000000e+00  0.0000000000e+00  0.0000000000e+00  0.0000000000e+00  0.0000000000e+00  0.0000000000e+00  0.0000000000e+00  0.0000000000e+00  0.0000000000e+00  0.0000000000e+00  0.0000000000e+00  0.0000000000e+00  
5.9000000000e+00  0.0000000000e+00  0.0000000000e+00  0.0000000000e+00  0.0000000000e+00  0.0000000000e+00  0.0000000000e+00  0.0000000000e+00  0.0000000000e+00  0.0000000000e+00  0.0000000000e+00  0.0000000000e+00  0.0000000000e+00  0.0000000000e+00  0.0000000000e+00  0.0000000000e+00  0.0000000000e+00  0.0000000000e+00  0.0000000000e+00  0.0000000000e+00  0.0000000000e+00  0.0000000000e+00  0.0000000000e+00  0.0000000000e+00  0.0000000000e+00  
6.0000000000e+00  0.0000000000e+00  0.0000000000e+00  0.0000000000e+00  0.0000000000e+00  0.0000000000e+00  0.0000000000e+00  0.0000000000e+00  0.0000000000e+00  0.0000000000e+00  0.0000000000e+00  0.0000000000e+00  0.0000000000e+00  0.0000000000e+00  0.0000000000e+00  0.0000000000e+00  0.0000000000e+00  0.0000000000e+00  0.0000000000e+00  0.0000000000e+00  0.0000000000e+00  0.0000000000e+00  0.0000000000e+00  0.0000000000e+00  0.0000000000e+00  
6.1000000000e+00  0.0000000000e+00  0.0000000000e+00  0.0000000000e+00  0.0000000000e+00  0.0000000000e+00  0.0000000000e+00  0.0000000000e+00  0.0000000000e+00  0.0000000000e+00  0.0000000000e+00  0.0000000000e+00  0.0000000000e+00  0.0000000000e+00  0.0000000000e+00  0.0000000000e+00  0.0000000000e+00  0.0000000000e+00  0.0000000000e+00  0.0000000000e+00  0.0000000000e+00  0.0000000000e+00  0.0000000000e+00  0.0000000000e+00  0.0000000000e+00  
6.2000000000e+00  0.0000000000e+00  0.0000000000e+00  0.0000000000e+00  0.0000000000e+00  0.0000000000e+00  0.0000000000e+00  0.0000000000e+00  0.0000000000e+00  0.0000000000e+00  0.0000000000e+00  0.0000000000e+00  0.0000000000e+00  0.0000000000e+00  0.0000000000e+00  0.0000000000e+00  0.0000000000e+00  0.0000000000e+00  0.0000000000e+00  0.0000000000e+00  0.0000000000e+00  0.0000000000e+00  0.0000000000e+00  0.0000000000e+00  0.0000000000e+00  
6.3000000000e+00  0.0000000000e+00  0.0000000000e+00  0.0000000000e+00  0.0000000000e+00  0.0000000000e+00  0.0000000000e+00  0.0000000000e+00  0.0000000000e+00  0.0000000000e+00  0.0000000000e+00  0.0000000000e+00  0.0000000000e+00  0.0000000000e+00  0.0000000000e+00  0.0000000000e+00  0.0000000000e+00  0.0000000000e+00  0.0000000000e+00  0.0000000000e+00  0.0000000000e+00  0.0000000000e+00  0.0000000000e+00  0.0000000000e+00  0.0000000000e+00  
6.4000000000e+00  0.0000000000e+00  0.0000000000e+00  0.0000000000e+00  0.0000000000e+00  0.0000000000e+00  0.0000000000e+00  0.0000000000e+00  0.0000000000e+00  0.0000000000e+00  0.0000000000e+00  0.0000000000e+00  0.0000000000e+00  0.0000000000e+00  0.0000000000e+00  0.0000000000e+00  0.0000000000e+00  0.0000000000e+00  0.0000000000e+00  0.0000000000e+00  0.0000000000e+00  0.0000000000e+00  0.0000000000e+00  0.0000000000e+00  0.0000000000e+00  
6.5000000000e+00  0.0000000000e+00  0.0000000000e+00  0.0000000000e+00  0.0000000000e+00  0.0000000000e+00  0.0000000000e+00  0.0000000000e+00  0.0000000000e+00  0.0000000000e+00  0.0000000000e+00  0.0000000000e+00  0.0000000000e+00  0.0000000000e+00  0.0000000000e+00  0.0000000000e+00  0.0000000000e+00  0.0000000000e+00  0.0000000000e+00  0.0000000000e+00  0.0000000000e+00  0.0000000000e+00  0.0000000000e+00  0.0000000000e+00  0.0000000000e+00  
6.6000000000e+00  0.0000000000e+00  0.0000000000e+00  0.0000000000e+00  0.0000000000e+00  0.0000000000e+00  0.0000000000e+00  0.0000000000e+00  0.0000000000e+00  0.0000000000e+00  0.0000000000e+00  0.0000000000e+00  0.0000000000e+00  0.0000000000e+00  0.0000000000e+00  0.0000000000e+00  0.0000000000e+00  0.0000000000e+00  0.0000000000e+00  0.0000000000e+00  0.0000000000e+00  0.0000000000e+00  0.0000000000e+00  0.0000000000e+00  0.0000000000e+00  
6.7000000000e+00  0.0000000000e+00  0.0000000000e+00  0.0000000000e+00  0.0000000000e+00  0.0000000000e+00  0.0000000000e+00  0.0000000000e+00  0.0000000000e+00  0.0000000000e+00  0.0000000000e+00  0.0000000000e+00  0.0000000000e+00  0.0000000000e+00  0.0000000000e+00  0.0000000000e+00  0.0000000000e+00  0.0000000000e+00  0.0000000000e+00  0.0000000000e+00  0.0000000000e+00  0.0000000000e+00  0.0000000000e+00  0.0000000000e+00  0.0000000000e+00  
6.8000000000e+00  0.0000000000e+00  0.0000000000e+00  0.0000000000e+00  0.0000000000e+00  0.0000000000e+00  0.0000000000e+00  0.0000000000e+00  0.0000000000e+00  0.0000000000e+00  0.0000000000e+00  0.0000000000e+00  0.0000000000e+00  0.0000000000e+00  0.0000000000e+00  0.0000000000e+00  0.0000000000e+00  0.0000000000e+00  0.0000000000e+00  0.0000000000e+00  0.0000000000e+00  0.0000000000e+00  0.0000000000e+00  0.0000000000e+00  0.0000000000e+00  
6.9000000000e+00  0.0000000000e+00  0.0000000000e+00  0.0000000000e+00  0.0000000000e+00  0.0000000000e+00  0.0000000000e+00  0.0000000000e+00  0.0000000000e+00  0.0000000000e+00  0.0000000000e+00  0.0000000000e+00  0.0000000000e+00  0.0000000000e+00  0.0000000000e+00  0.0000000000e+00  0.0000000000e+00  0.0000000000e+00  0.0000000000e+00  0.0000000000e+00  0.0000000000e+00  0.0000000000e+00  0.0000000000e+00  0.0000000000e+00  0.0000000000e+00  
