#eta  rn(eta)  rn_err(eta)  rnn(eta)  rnn_err(eta)
-6.9949502945e+00  4.3691403206e+00  1.2848672902e+01  -7.6986635185e-01  7.0074440215e-01  5.4804413105e+00  2.9580252637e+01  -2.1982231884e-01  1.4582646995e+00  -5.3565617441e-02  4.3940065359e+02  9.7850720528e-01  6.8708780050e-01  1.6203525986e+00  2.4238963454e+00  1.8341394308e-01  9.6972165776e+00  -4.4889132450e+01  9.4379708319e+02  -3.0056587385e+00  9.1834147193e+00  -2.4967959883e+00  1.8025239589e+01  4.0619733348e-01  9.9064121634e-01  
-6.8487792015e+00  5.9954872924e+00  1.7097264069e+01  5.5229665264e-01  5.9373051286e-01  -2.1969837048e+00  7.3839835211e+00  -1.3500106288e-01  4.8741026646e-01  -1.3201305426e+00  1.9911474309e+01  7.3695228771e-01  1.2606655823e+00  5.8328435192e+00  6.9269498040e+02  2.1479505236e+00  1.4207462282e+00  3.5788199289e+00  4.8018561318e+00  2.6610287510e+00  1.2274147519e+02  -5.0181067102e+00  7.7835311870e+02  -6.0443838867e-01  5.7754016500e+00  
-6.7488880157e+00  3.5008542443e+00  2.4160198739e+01  4.8817860105e-01  5.9500446632e-01  -1.0208684794e+00  3.2113361470e+00  -3.9957410216e-01  6.6455132360e-01  -1.0556181182e+00  5.3996189183e+00  -2.3026014006e+00  8.9244593842e+00  3.3215590791e+00  1.9494481620e+01  8.9725237053e-02  1.0600380975e+00  -2.9929899489e+00  4.0558261534e+00  1.1010285915e+00  6.7561829243e-01  -2.8280157431e+00  5.4685204378e+00  1.3177251262e-01  7.7983850566e-01  
-6.6488070488e+00  1.8547668660e+00  7.1572809943e+01  -8.8487905039e-01  1.8031946058e+01  4.3122617308e+00  3.2148435500e+01  -4.7107900863e+00  4.6091066975e+01  -7.6914847747e-01  2.5051145303e+00  2.3406082246e-01  9.4098711429e-01  -1.0605986377e+01  5.2815175752e+01  1.7319064775e+00  7.3436994832e+00  -3.9633546202e+00  4.2636413999e+01  8.0955878394e-02  1.1109150287e+00  3.5221849011e-01  3.7042236031e+00  1.0570402412e+00  1.3468029051e+00  
-6.5486645699e+00  9.7505823214e+00  2.3658104146e+01  4.5179004204e-01  1.0148941047e+00  -1.5917671350e+00  1.9953480936e+01  -2.2259961981e+00  7.2180841230e+00  -2.9880213883e+00  1.0954022558e+01  -8.1893333390e-01  1.5071135972e+00  1.1931918202e+00  2.3131836642e+00  6.0383043412e-01  8.8361236353e-01  9.1884795600e-01  8.9856518641e-01  -5.4538867664e-01  4.6866061914e-01  1.5765126404e+01  4.3896592630e+02  -7.6681209475e+00  5.7602806470e+02  
-6.4486985207e+00  8.8884210539e-01  1.3290444670e+00  -1.8213921084e+00  1.4915419587e+00  -1.1444544674e+00  1.7615898303e+01  1.3555076676e+00  5.7491619380e+00  7.4544720261e-01  7.5231232060e+00  1.1804887451e+00  1.2704203596e+00  -4.1683498013e+00  5.5109624347e+01  2.5971600507e-01  1.8902805604e+00  2.3631391187e-01  1.2872528338e+00  -7.7924507918e-01  1.6373170258e+00  1.8596943487e-01  1.3567898375e+00  1.5211918010e-01  3.6376573119e-01  
-6.3486685753e+00  4.0844549333e+00  1.2175389962e+01  -1.2168417625e+00  1.6633063647e+00  -1.0949382098e+00  3.3577587984e+00  -9.7689322646e+00  2.0097673370e+02  -2.7070867493e-01  4.0247771463e+00  1.5384136685e+00  3.2957210637e+00  -9.8918160098e-01  1.1478618453e+00  9.0624314391e-01  7.8501565709e-01  1.4794987400e+00  7.1334077697e+00  1.2723700642e+01  9.9144899764e+02  -3.8707016151e-01  1.2431378505e+00  1.5916479050e+00  1.5162173152e+00  
-6.2487182617e+00  1.4507808043e+00  9.7029172312e-01  5.1319233895e-01  8.1982725100e-01  -3.9305166098e-01  6.6183780415e-01  3.7603726986e-01  7.3605222727e-01  9.2678874387e-01  6.8185260873e+01  -2.7028576748e+01  1.5506944367e+03  -6.9972366146e+01  2.9112298986e+03  -3.0908818686e+00  2.9216663695e+02  1.0330965108e+00  2.0730766592e+00  2.2574100428e+00  6.5861575051e+00  -9.8569196696e+00  3.6538434664e+02  -1.6607939427e+01  2.1470567298e+02  
-6.1488409042e+00  3.7555162968e+00  4.4219913107e+00  8.5181243430e-01  1.0700950202e+00  1.4229217695e+00  1.0226969395e+02  -5.5423638491e-01  2.3251768234e+00  -3.8910351511e-01  1.2750396518e+00  4.6377457400e-01  1.2430544840e+00  5.4616870920e+00  3.7377875457e+01  -2.7781022117e+00  2.4885315473e+00  -1.2230301013e+00  6.6743182125e+01  8.8514860826e-02  1.0199119188e+00  6.7096060194e-01  1.0004668594e+00  -8.1393979828e-01  1.9925925221e+00  
-6.0486726761e+00  3.8891147838e+00  2.7708188634e+00  -5.0123666020e-01  1.8890258024e+00  -2.3364348708e+00  3.0459942389e+00  -9.7561702393e+00  4.1787044113e+01  -1.0014237562e+00  5.1519768553e+00  4.9614346111e-01  2.7614170542e+00  2.6748536279e-01  2.0329245238e+00  4.9243009975e+00  3.2402556189e+01  -2.4387667232e+00  1.3931605824e+01  3.0102537504e+01  2.8591770389e+03  1.7145030673e+00  5.3860553750e+00  2.8480796778e-01  4.3411179573e-01  
-5.9488663673e+00  1.5477775073e+00  7.0729010314e-01  1.8618451371e+00  2.3935776471e+00  5.1991287286e-01  9.9464158362e-01  2.8905049271e-01  5.9773638310e+00  6.5696477805e-01  1.8086313803e+02  1.2456250591e+00  3.7667742702e+00  -5.4658477194e+00  3.2983072734e+01  -2.4935711652e+00  5.6631441679e+01  2.3724668827e+00  5.1843165511e+00  3.0331468985e-01  1.8223944646e+00  -5.4784388549e+00  5.3880004651e+01  1.0441253544e+00  8.2413766449e-01  
-5.8488216400e+00  2.4045526054e+01  2.3340940726e+02  -9.8951989700e-01  7.9312754114e-01  -1.0057684924e+00  2.5556618808e+00  -2.8843774809e-01  9.1835610983e-01  2.5739329181e+00  6.3937224287e+01  4.0978381572e-01  8.0762257529e-01  1.2940530616e+01  2.5218639400e+02  -9.2219349242e-02  5.4448301798e+00  -1.6381731507e+00  3.4147606028e+00  2.2267755157e-01  2.8586477488e+00  9.8137871231e-01  9.3765720563e-01  -4.2771538514e+00  1.9240405017e+01  
-5.7487721443e+00  5.6615326309e+00  1.0488179482e+01  8.8443675912e-02  1.0168266669e+01  2.2806753399e+00  9.2713110562e+00  5.7805836637e-01  9.1576626054e-01  1.0999392167e+00  1.1740551249e+00  2.0848574645e+00  4.6991794374e+01  9.8572884862e-01  1.8022879182e+00  -7.3950798575e-01  7.6539228817e-01  -3.4502677551e-01  9.7813743773e-01  -6.1451629603e-02  5.0287943686e-01  -1.1449044255e-01  5.7968953004e-01  5.3660370274e-01  3.6387133667e-01  
-5.6488609314e+00  1.3205327784e+01  4.2820449057e+02  -5.3912929788e-01  1.0402276077e+00  -2.1720092681e+00  1.4081375825e+01  2.6668741666e+00  3.6003227869e+00  3.3861247538e-01  3.1251767234e+00  1.5637352724e-02  8.9544666564e-01  -5.5815419668e-01  1.1678150200e+00  8.0020909153e-01  5.6558122095e-01  1.9312386034e+00  1.1026073300e+01  -1.2824283718e-01  6.2566380492e-01  1.6974102496e+00  2.7313805265e+00  -1.1062280905e+00  1.5687985338e+00  
-5.5489816666e+00  6.9829367657e+00  7.0315486015e+00  -3.7390771662e-01  7.1765277064e-01  1.1614540055e+00  2.4559105893e+00  -4.9824741535e-01  7.8729489864e-01  -1.1365292276e+00  4.4542450960e+00  -1.7502459130e+00  4.6539717852e+00  4.6188256064e-01  2.8238939724e-01  -4.9866141789e-01  3.3447054697e+00  -2.4734402108e-01  8.2511805585e-01  -7.5185311181e-01  1.5570745120e+00  -1.4908471112e+00  1.3189821576e+00  -6.3379968720e-01  1.4439862480e+00  
-5.4490475655e+00  7.2372354860e+00  1.6617100661e+01  1.0442493731e+00  1.5201540827e+00  1.2632832086e+00  8.9408461225e+00  1.0593948118e+00  2.0459112845e+00  3.7485731080e+00  5.6769260984e+01  -5.9591479996e-01  4.1441955997e-01  -5.4767941961e+01  1.6890796171e+03  2.5592626923e+00  1.5802376540e+01  1.4993474018e+00  2.5017119572e+01  3.0493125509e-01  2.2988966575e+00  2.2705136610e+00  1.2598365491e+02  2.9349087822e-01  8.9625818698e-01  
-5.3489909172e+00  5.3054311166e+00  6.6245306412e+02  -1.7438062339e+00  2.7017738040e+00  2.2354980256e+00  2.6032583460e+01  9.7509442457e+00  3.9974767622e+02  3.5804359366e+00  1.2242272753e+01  -5.7612322382e+00  5.0832347739e+01  3.5904091920e+00  8.6528606009e+01  -2.8451648245e+00  1.3089977087e+01  4.5852866080e+00  1.5524302251e+02  -3.8238041129e-01  4.3214057658e+00  -2.4698565798e-01  4.5341589502e-01  1.8831735730e-01  1.4394686541e+00  
-5.2491970062e+00  8.2551155649e+00  1.4142638053e+01  -2.5773277359e+00  2.6668411731e+02  1.0748521571e+00  4.0112836727e+00  -2.5796447033e+00  3.2600615393e+00  -3.2926616103e-01  1.0231253899e+00  3.7653838728e+02  3.5805262016e+04  1.0846552070e+00  1.4046720861e+00  -4.7442999396e-01  7.2878645920e-01  1.1118380959e-01  5.1204301921e-01  -1.6194166898e-01  1.4153337385e+00  -2.4365157181e+01  1.5587124351e+03  3.1868723970e-01  1.0411766901e+00  
-5.1491742134e+00  1.7311677851e+01  4.5804389503e+02  1.2393226326e-01  8.5105826845e-01  -6.9475220939e-01  1.2435254856e+00  1.0422228906e-01  3.3329697072e+00  5.3956751705e-01  7.7749824868e-01  -4.3917445567e-01  1.0357712671e+00  -1.8984536705e+00  1.6034335977e+01  5.4039818865e+00  6.5579841561e+02  -1.3734976380e+00  1.4705473185e+00  3.5842389454e+00  2.8557311199e+02  3.5308491154e-01  5.1599209663e-01  5.6929076216e-01  5.3003026767e-01  
-5.0492196083e+00  6.6028570456e+00  2.1389325798e+01  2.5330971055e+00  1.2572079482e+01  2.3543651257e-01  4.5429685175e-01  -6.8652181119e-01  1.3959832218e+00  -1.1122435617e+01  5.1241409660e+02  1.1213996467e+00  8.8824953980e-01  -1.7422364321e+00  3.4327123475e+00  2.8599191355e-02  4.8100957373e-01  -2.1280589230e+00  7.0390637838e+01  -2.0522337282e+01  3.3054176649e+02  -3.4045551298e-02  1.2293494347e+00  -1.7766713199e+01  3.4661796718e+02  
-4.9493064880e+00  1.1702388794e+01  4.6749471823e+02  3.4724187535e-02  5.2820724945e-01  4.2667069591e-01  8.1255104078e-01  -1.8066690680e+00  3.5227903767e+00  4.0333710696e-01  6.7674528353e-01  4.0212779212e-01  7.8215621273e-01  -8.1856252176e-01  5.3534878953e+00  2.5802466061e+00  4.1678371720e+00  8.0032485800e-01  2.9583431498e+00  -5.3486849447e+00  3.4781867593e+01  7.9831492156e-01  9.9494503783e-01  1.0767448126e+03  1.8810735255e+05  
-4.8493695259e+00  -2.0371562075e+01  1.4716278480e+02  1.7009312815e+00  1.2785324397e+01  1.9021413010e+00  2.7017142548e+00  -1.6377401554e+00  5.7506746471e+00  8.6672884814e-01  8.9151501498e-01  1.9725415733e+00  4.7573917005e+00  4.8236150424e-01  1.1826115386e+00  -5.9929901602e-01  1.0445642323e+00  2.0218257312e+00  1.7039712303e+01  -2.5493742535e-01  6.7322143386e-01  -3.9708054875e+00  3.8468588952e+01  -8.3850701407e+00  9.5081111415e+01  
-4.7494168282e+00  1.0626506105e+01  2.5480740862e+02  -3.4556244054e+00  4.6937005074e+01  1.4721571743e+00  2.7248035152e+00  -6.3134135889e-01  1.0872546988e+00  1.2783953335e+00  1.1863057197e+00  8.6274088412e-01  3.3044551778e+00  -3.3294601296e-02  9.8143934850e-01  5.0710885434e-01  1.2982774144e+00  -8.1052431194e-01  6.6302474307e+00  3.2238617624e-01  1.2102725537e+00  8.7204748731e-01  1.8727466331e+00  1.0863060704e+00  9.1147754206e-01  
-4.6494765282e+00  -8.4266401281e+00  3.6353293712e+01  1.3984992958e+01  9.3460915219e+02  4.6336743080e+00  1.6281847749e+01  -3.6016868182e-01  3.7018398378e+00  -7.5052767684e+00  4.9831796282e+01  1.1638741031e+01  2.0023805743e+02  -7.2755730695e-01  4.3477707760e+00  1.9557580196e-01  6.7719142194e-01  1.2566382541e-01  5.8645377824e-01  -2.2547855736e+01  1.6541572281e+03  5.3589667376e+00  1.7886326451e+02  -4.5152021026e-01  2.1338780911e+00  
-4.5495214462e+00  1.7177213994e+01  2.4909521142e+02  2.2798719975e+00  2.4208288456e+02  3.2817529724e+00  6.1057106477e+00  4.9240430102e-02  4.0915984767e-01  -6.3433833934e-01  1.2806915746e+00  -7.8804434333e-02  1.1869925904e+01  1.4622975872e+00  2.2422399092e+00  -1.5700296027e+00  1.6562721253e+01  1.9157020721e+02  1.4283093088e+04  -6.8374165451e-02  7.9097904703e-01  1.8216930612e+00  1.8666232591e+01  1.0701516445e+00  9.0499316736e-01  
-4.4494524002e+00  -3.3871880215e+00  8.6195900120e+00  -1.3244554207e-01  9.8934583362e-01  6.4074790062e+00  5.1706117214e+01  -1.6116985393e+00  1.7573616380e+00  -1.0428197692e+03  9.7859716127e+04  -8.7806268447e-01  2.5071185759e+00  2.9664801189e-01  6.1720586492e-01  -1.9723365824e+00  2.2514977110e+01  -4.8694793000e+00  2.4809382698e+02  3.5174847181e+03  3.3871661433e+05  -7.5681147975e-01  1.0192017997e+00  2.4420761502e-01  6.0195633824e-01  
-4.3495650291e+00  1.2880120211e+00  3.4556294760e+03  -9.1024289475e-01  1.3708929436e+00  9.0865550281e+00  1.8230890411e+01  -1.9738391787e+00  3.2208454861e+00  -9.2798548951e+00  3.8407231049e+01  7.3137785256e-02  1.8196833638e+00  1.2028620068e+01  3.6928320210e+02  1.1075197749e+00  7.2789896300e-01  1.5279164183e-01  1.0948794966e+00  2.9550065745e+00  4.0021550484e+01  7.9403567542e+00  5.0217055909e+01  2.9173873485e-01  8.4446845287e-01  
-4.2496142387e+00  -3.3279776536e+00  1.3331987462e+01  -3.2001981062e+00  5.2850675100e+00  2.5105742940e+00  1.8196466028e+00  -1.2145839131e+01  1.9664833271e+01  6.2996291321e+00  4.6887748010e+02  -6.5764661361e-02  8.5173502042e-01  -1.9209087031e+01  8.4064696288e+02  1.2455837130e+00  1.1256778577e+00  -4.7477437043e-01  7.7514619512e-01  1.1491241085e+00  2.0165099905e+00  7.5711560284e-01  7.1376072711e-01  7.8527540489e-01  5.2457303070e-01  
-4.1496424675e+00  -9.0627269853e-01  7.6755749465e-01  -1.1030719560e+00  2.7711765689e+00  -7.5577585079e+00  1.0616698585e+01  -1.8820234127e+00  2.3372406143e+00  9.8073386383e+01  9.0626545345e+03  -5.0992598342e+00  2.1342870821e+03  3.1456694907e+00  7.3301265633e+00  -1.0795142189e+00  1.4362294262e+00  -1.6577406880e+00  2.9029043022e+00  1.2975372009e+00  2.3076669743e+00  3.3730266367e+00  4.5172643981e+02  -3.4831815216e+00  1.1356792651e+01  
-4.0497140884e+00  -2.9720135833e+00  3.3883132559e+00  -7.9863619694e+00  5.4560276044e+02  3.8109349940e+00  3.2632457392e+00  -7.1333119217e-01  2.0839003274e+00  2.4166346575e+00  3.8819166545e+02  -1.9578280261e+00  3.4790347568e+00  -1.5104495536e-01  1.4362807768e+00  5.9877094577e+00  2.8400375743e+01  1.1393029594e+01  2.8243271206e+02  -2.6703446662e+00  5.3945720184e+01  1.0356746619e+00  2.8479093809e+00  7.3465225080e+00  4.6387198352e+02  
-3.9497220516e+00  -5.9209671580e+00  8.6594949795e+00  -8.4055668470e+00  7.3555113800e+02  1.0148431717e+01  3.6779539814e+01  -2.6377238777e+00  1.5610694984e+00  -2.1195911602e+00  3.1745449648e+00  1.3049713260e+00  1.0134438154e+00  3.0568442123e+02  2.5174043670e+04  1.2315201898e+00  1.9096163811e+00  6.0672803638e+00  4.5646198517e+01  -2.5787598887e-01  1.8274516820e+00  1.2111290843e+01  9.1029293502e+01  1.3920679584e+00  1.3282265966e+00  
-3.8496992588e+00  -4.6841638900e+00  3.4402194099e+00  -1.2437546094e+00  8.1989459568e-01  4.9979669879e+00  4.2250747479e+00  -9.1467855188e-01  2.9865585331e-01  2.8766386088e+00  1.6327686780e+00  -2.8292929743e+00  4.7943931995e+00  3.4714415597e+00  2.3650698365e+00  2.3589567648e-01  5.0427014963e-01  1.2071899457e+00  8.8196623595e-01  1.1582032334e+00  3.7239587443e+00  9.8109045251e+00  8.8313411660e+01  5.3181400600e+00  4.6867351285e+01  
-3.7497515678e+00  -7.4633985329e+00  8.4139798469e+00  -4.1530757570e+00  8.5026827978e+00  4.6473741569e+00  4.5085660063e+00  -2.5986403762e+00  1.4464734098e+00  3.7762862142e+00  2.9714640821e+00  -1.4181165636e+01  2.6362109683e+03  -1.4679138400e+00  2.1119464100e+00  3.2599509433e+01  1.6399954671e+03  -6.4866771669e+00  2.3988927367e+01  3.0029005584e-01  5.9148018761e-01  -6.7437568893e+00  1.0803694321e+01  -6.1723048302e-02  1.7944954422e+00  
-3.6497082710e+00  -1.1472825843e+01  2.0821597635e+01  -3.3357371752e+00  6.3415882966e+00  1.1060547182e+01  3.2107370668e+01  9.0802890277e+00  8.7879387680e+01  2.4074984357e+00  1.3318863775e+00  4.5620585932e+00  2.0066364849e+01  3.6209733987e+00  4.0643354766e+00  -4.5354006334e+00  1.3573056394e+01  -9.9831693666e+00  1.1110673864e+02  -3.2122933830e+00  4.7460053453e+00  1.4265332525e+01  1.7251409256e+02  -2.5446289878e+00  1.5541970420e+01  
-3.5497925282e+00  -8.8636421820e+00  8.5280894150e+00  -1.7331741494e+00  2.7150119966e+00  2.1058772755e+01  1.8920050252e+02  3.7579877442e+00  2.2975450180e+00  -6.2584236200e+00  3.1017932946e+01  -4.4321438266e-01  1.5430028421e+00  2.9943589316e+00  2.9481757625e+00  7.8305844247e+00  5.6122911371e+01  -7.4675795650e+00  1.9346962929e+02  -3.1860434034e+00  6.6151098583e+00  3.3242201176e+01  1.8977432184e+03  -7.1520552142e+00  4.2753566401e+01  
-3.4498171806e+00  2.3818063853e+01  3.5814837864e+01  5.0903321302e+00  8.9351393897e+02  -8.3392508473e+00  1.2272526355e+01  -3.4887501172e+00  9.1945174077e+00  -7.1914624516e+00  2.4157409768e+01  -1.2471599567e+00  1.0798203334e+00  4.1275874563e+00  6.9255503262e+00  8.3271843017e+00  4.2436683278e+01  3.6690173253e+00  2.9794128464e+00  5.7857965121e-01  1.0475516871e+00  -1.5734976841e+00  1.0899662992e+00  2.6921710556e+00  1.0034193381e+01  
-3.3497993946e+00  1.4962036638e+02  1.8391253746e+04  -5.9939459571e+00  8.0373746288e+00  -5.0678166724e+01  8.4720691269e+03  3.0776192658e+00  6.0754222298e+00  8.6617735053e+00  3.0877860690e+01  8.8584921891e-01  1.2933105691e+00  1.4049936367e+01  6.9376611214e+01  1.5318072735e+00  1.5355133744e+01  -3.4008736271e+00  4.1371971559e+00  -1.1695230375e+00  4.9272273499e+00  -4.4856346252e+00  5.9390350800e+00  -6.2386897539e-01  1.3330779803e+00  
-3.2498562336e+00  -4.6392703449e+01  6.8287121025e+02  -8.2896065342e+00  3.4953225566e+01  1.5744557634e+01  7.5906165568e+02  -8.6883525323e-01  3.5773175371e+00  -9.4095626874e+00  2.8139209069e+01  -2.0120524893e+00  2.8271899741e+00  4.1082279154e+00  6.1638513434e+00  -2.7268251311e+00  8.5278360741e+00  -2.5430548607e+00  3.9840365046e+00  -1.5385910677e+00  1.1859654407e+01  -3.3201996273e+01  7.8752699491e+02  5.8019104714e-01  5.1507675481e-01  
-3.1498088837e+00  -5.4155893810e+01  4.1081321643e+02  -1.2964313085e+01  2.4354837151e+01  -1.1052079306e+01  1.8986635800e+01  1.9225361666e+01  7.4479123508e+02  4.9915507318e+00  8.9190749967e+00  6.0393517475e+00  3.1316577884e+01  6.2497544313e+00  1.8848933866e+01  -2.7279842753e-01  3.7515700904e+00  -5.2449172877e+00  1.4438932566e+02  4.0124940594e-01  9.8152892496e-01  1.2563586367e+01  4.4650652374e+01  -8.1220949330e+00  6.9028275672e+01  
-3.0498905182e+00  1.4915818789e+02  3.2951108702e+03  -1.3638184742e+03  1.5021529744e+05  3.8796149713e+00  2.6622867997e+00  -1.2429781618e+01  1.8131711673e+01  -3.1217591801e+00  2.9631035328e+00  -5.4422692295e+00  2.7978428637e+01  6.3597196774e+00  4.3312138460e+02  -5.4704214661e-01  2.1427518326e+00  1.4431967115e+01  1.0229952705e+02  8.8420634621e-02  1.6646769739e+00  -3.6752555188e+00  6.9979647156e+00  2.9570858421e+00  2.7395451770e+01  
-2.9499258995e+00  4.9568975460e+01  2.0620568070e+02  -2.7603364918e+01  4.6428909811e+02  1.2570669477e+01  3.6933465307e+01  1.8112567616e+00  8.3251866939e-01  2.6319116010e+00  4.8248075219e+00  -3.8713206671e+00  7.1614735645e+01  1.3720445039e+00  1.5365937569e+00  -1.8634699306e-01  1.4392315465e+00  4.1946293902e+00  4.2363349790e+01  9.6424402997e+00  2.1079932442e+02  -7.9716074618e-01  1.0254290898e+00  -3.6802517087e+00  1.2439949507e+02  
-2.8499319553e+00  2.0487546196e+01  1.1835179273e+02  1.2100097768e+01  3.2092546826e+02  6.5242373605e+00  8.8198235293e+00  -1.9550342901e+00  6.5794431384e+00  -4.9173530434e+00  4.2675093209e+00  -8.9081400776e-02  7.5867731568e+00  3.6386087112e+00  3.5830052916e+00  -1.4195835596e+00  1.7169943550e+00  4.3034380171e+00  3.4019775190e+02  -4.5546617142e+00  7.8079998423e+01  -3.6734096938e+00  4.8676233715e+00  -3.5945452054e-01  6.4393043731e+00  
-2.7499508858e+00  1.0441081728e+01  1.0456646151e+01  3.3634240768e+00  4.3913953247e+00  4.6085640718e+00  5.9607030518e+00  1.2055768445e+00  3.8813379541e+00  1.8681501361e+00  1.1812847749e+00  -1.4558549230e+01  5.0438658164e+02  -3.5620878562e+01  1.0400873850e+03  1.9617552113e-01  6.0464505348e+00  -1.1423756328e+00  7.1731956534e-01  7.6903222430e+00  5.8990455420e+01  3.5789778908e+00  8.8512458212e+00  -1.4914250317e+00  1.7816527541e+00  
-2.6499762535e+00  1.4251490541e+01  2.8112533122e+01  1.5542966602e+00  7.8543204484e-01  5.1266122679e+01  1.6896706646e+03  -2.3954360539e+01  1.0731811311e+02  -1.5117859500e+00  1.0186726916e+00  -2.6007542653e+00  8.0541907321e+00  1.8806424144e+01  1.6820888568e+02  5.6433131486e-01  8.9807755357e-01  1.7185956756e+00  2.2778820067e+00  8.3483058592e-01  4.1851229703e+00  -1.6665754840e+00  2.7551301935e+00  1.5241861481e+00  4.3657601841e+01  
-2.5499930382e+00  9.2650766357e+00  1.7794723822e+01  3.2683724594e-01  1.0951541860e+00  -3.5786495366e+00  2.9381171124e+00  5.9732104404e+00  1.5931828276e+01  3.3159302563e+00  5.7104597495e+00  -3.7041772812e+00  1.2083524692e+01  1.5712753051e+01  1.6145311947e+02  7.6952885738e+00  3.0878187265e+02  1.8492711799e+01  3.9836841451e+02  -6.5947467705e+01  5.7604665588e+03  -4.5162294394e+00  1.7949261809e+01  9.3601158162e-01  6.2162796621e-01  
-2.4500153065e+00  7.7413402767e+00  1.0505659393e+01  7.9708956822e-02  8.2159574754e-01  3.9208045093e+00  4.6430198110e+00  1.5334490051e+00  5.0412269898e-01  -5.4827212699e+00  8.5279275400e+00  -1.3394960793e+00  3.3665174229e+00  -3.4189306370e+00  3.8525163010e+00  -5.9249565322e-01  6.4524852892e-01  3.5806976208e+01  4.2184911927e+02  -2.9452817251e+00  2.1462753749e+01  -6.8479753101e+00  1.7074788529e+01  -7.1920792364e-01  5.9399939624e-01  
-2.3500280380e+00  6.1631176345e+00  7.7718608518e+00  -3.1721198407e-02  3.5748020272e-01  4.1731591002e+01  6.2318699606e+02  5.3244109432e-01  2.4675221097e+00  1.0253868483e+01  6.8289740207e+02  -1.0766657723e+00  1.5400512530e+01  -8.7781985267e-01  1.1034827229e+01  -7.4451915304e-01  1.6480946326e+00  2.9371927204e+00  1.0017336492e+02  -5.5884239622e-01  6.2564207996e-01  -1.3179149861e+01  1.5161415337e+03  8.4631555399e+01  1.3991258265e+04  
-2.2500963211e+00  6.0948947768e+00  7.0759419075e+00  -9.8916196301e-01  6.5579779988e-01  4.6466728807e+00  7.0176495571e+00  2.5245134263e+00  3.7467596900e+00  -2.4362444806e-02  3.2248188454e+02  -3.0981323662e-01  5.6403910203e-01  4.3788433877e-01  1.0944765007e+00  5.3423803236e+00  2.3016043217e+01  1.0506514081e+00  2.0448164265e+00  1.6285034789e+00  2.6503767292e+01  -1.3665241581e+00  8.5944427366e+02  -1.4811808924e+00  9.6661968102e+00  
-2.1501181126e+00  2.5594652159e+00  1.7298530893e+00  -7.5934918703e-01  2.4270983538e+00  6.2039028460e+00  2.1371796918e+02  2.2397074498e+00  2.0631629897e+00  6.7066417270e-01  1.8000458549e+00  -1.2062795131e-01  1.1166605705e+00  -2.0014878926e+00  3.1656130833e+00  6.1729962676e-01  6.2119838081e+00  -1.0306805197e+00  3.0005185153e+00  -1.5429560151e+00  4.5276526953e+00  -9.2520427112e-01  1.0749037511e+00  -4.5437256602e-01  7.1345821236e+01  
-2.0501594543e+00  3.4486820823e+00  3.7978266672e+00  2.6551686669e+00  1.7515899249e+01  6.0839447119e+00  1.5406429658e+01  1.5434976520e-01  3.8385260431e-01  9.2028953149e+01  6.4522444209e+03  9.4186566886e-02  6.0405062862e-01  5.1461552652e+00  3.3232982438e+01  -7.5239609662e-01  3.7640866906e+01  -5.5747667736e+00  5.6982696196e+01  1.9779418633e-01  2.8949371691e-01  -7.4621744028e+01  5.3948752686e+03  1.9447957005e+00  7.5082002188e+00  
-1.9501668215e+00  2.6376626193e+00  2.7182733546e+00  -2.2540292361e+00  6.3725739009e+00  1.7550647397e+00  1.4858592699e+00  5.8760245725e+00  1.4343916132e+01  -1.9781473111e+00  1.6490491428e+01  1.2651749624e+00  4.8961973406e+00  3.4627680619e-01  1.0936801840e+00  -7.4558842568e+00  4.4771482715e+01  7.3726936869e-01  1.3300412597e+00  -7.6411268721e-01  2.8729902901e+00  -2.5100782511e+00  3.3186743581e+01  1.1617839712e+00  2.6649791262e+02  
-1.8502179384e+00  3.2242425398e+00  6.3390595597e+00  5.6801469026e+00  1.1728124119e+01  -8.1744868243e+00  2.1085586012e+02  -1.1406678925e+00  1.2309221726e+00  -4.5723282748e-01  1.1883028448e+00  -1.4761682756e-01  7.3513397515e-01  -2.3785342611e-02  5.8999362209e-01  -1.3549461997e+00  6.0047177233e+00  -8.1117412047e+01  1.0498326373e+04  2.1574459215e+00  1.3654150471e+01  -7.6514974214e-01  5.7675687215e-01  1.9612218073e+00  5.8267858253e+00  
-1.7501933575e+00  1.3371674200e+00  2.6063007953e+00  3.4966915915e+00  7.0412884032e+00  -2.4015063992e-01  1.7218397002e+00  5.9740640642e-01  3.6982873769e-01  1.4885234224e+00  3.2200720243e+00  1.6454252148e+00  8.5621043945e+01  1.1512912075e+00  7.9664987856e-01  1.8849213365e-01  8.9803044883e-01  8.4755092935e-01  9.7218692558e+01  -3.8616896403e-01  1.0386791431e+00  5.6730862297e-01  1.5979487211e+00  2.5458619056e+00  7.4437069161e+01  
-1.6502265930e+00  6.5809774535e+00  1.1188826449e+02  5.5942624633e+01  1.5526167849e+03  6.1829499804e-01  2.2395715936e+00  2.8095799346e-02  3.6134087854e-01  9.5092004310e-02  1.0358454847e+00  -2.0117566688e+01  2.6375604146e+03  -4.8970058347e-01  9.8184938267e-01  -1.1530768466e-01  1.0132607766e+00  -1.7623564829e+00  1.6673373586e+00  -8.2849584668e-01  2.7006582865e+00  3.4998526728e-01  5.7648482939e-01  -2.0188666834e-02  1.9973104497e+00  
-1.5502433777e+00  2.8635850624e+00  7.4720004705e+00  -1.7213857683e+00  1.5020695283e+00  -5.7030267001e-02  1.9890617362e+00  -4.6129912271e+00  3.8981751337e+01  3.4413672150e-01  1.0737997013e+00  -2.3976808883e-01  9.0328869454e-01  -6.6404613110e-01  1.4075301766e+00  -3.6921478763e+00  2.2772665700e+02  -3.5671386705e-02  8.1080626882e-01  6.9648044491e-01  2.1573807628e+00  -1.7251186947e+00  2.8251824851e+00  1.0498601471e+00  6.7939463897e-01  
-1.4502569437e+00  3.5391739174e+00  3.4456194361e+01  -3.4929983813e+00  5.6663372686e+00  -1.0438556050e+00  9.3429425008e+00  -2.6081082734e+00  4.7015980216e+00  6.4675211907e+00  4.5685045091e+01  -1.2760401644e+00  4.8628009628e+00  7.1810774281e-02  1.4471097941e+00  -1.1784417699e+01  1.1087925598e+02  1.7323638645e-01  4.9829205725e-01  -3.1496647701e+00  7.4059328502e+00  -1.3129827072e+00  1.0010134736e+00  4.9801629079e-01  9.3423917086e-01  
-1.3502489328e+00  1.0782968937e+00  2.6641656877e+00  -2.8202994226e+00  6.3348135766e+00  -1.8730726549e+00  3.9345367546e+00  1.3615509994e+00  7.5216249602e+00  6.0666004111e+01  4.0230331006e+03  -3.4452905975e+00  1.4001033255e+01  4.3874833830e-01  1.9517643193e+00  -7.5847614898e+00  1.0570680346e+02  -2.9804710044e+00  1.1709242089e+01  1.3072798143e+01  2.4977750153e+02  5.9876252520e-01  8.6835114753e-01  -2.3933846655e+00  3.5669995238e+00  
-1.2501823902e+00  7.6456807175e-01  5.7236520423e+01  -6.1042535357e-01  1.5071015634e+00  5.3840077370e+01  7.0362800878e+03  -5.6822062107e-02  1.1215704462e+00  -4.3676534636e+00  8.2934720532e+01  -6.3482215939e-01  1.2906327207e+00  -4.9813744802e-01  8.9569105151e-01  -1.1378069077e+01  1.3640454458e+02  -2.2526374060e+00  1.6071135634e+01  -2.1610381392e+00  2.2425208302e+00  4.9892212132e-01  4.3767166743e-01  -1.1590700368e+00  4.2780862117e+00  
-1.1502213478e+00  1.1549376994e+00  1.3221573525e+02  2.6755092436e+00  6.1421873036e+01  -4.2218310248e-01  2.7302015474e+01  -6.1674888115e-01  2.0236799030e+00  6.7381631776e-01  1.3440281214e+00  9.9372302774e-01  5.2145626588e+01  -2.5712488440e-01  8.0667780461e-01  -1.1933497824e+01  2.7487455899e+02  4.5166687273e-01  2.8717744371e+01  -5.2836686853e-01  5.9221751346e-01  2.4497404989e+00  8.3588368210e+00  -3.4751973539e-01  1.0788937575e+00  
-1.0502382517e+00  -2.7710145712e+00  1.6108201925e+02  -1.0688277604e+00  1.8729665753e+00  -1.2632292897e-01  3.4188601730e+00  1.0797576480e+00  1.2123972423e+01  1.1433016544e+00  3.6532845691e+00  -2.1543339308e+00  1.0689360086e+01  -8.5391005476e-02  2.3589129735e+00  -1.2367286475e+00  6.7973137234e+00  -1.7921323735e+01  4.8579414482e+02  -2.5313745955e-01  1.9622520251e+03  3.9680394961e-01  1.8737643468e+00  2.6143577326e+00  6.9832855644e+00  
-9.5019233227e-01  6.1804311684e+00  2.7898875716e+02  1.5898334827e-01  2.3504563025e+00  3.2405689936e-01  1.4477078589e+00  -9.1967072815e+00  4.4392156791e+01  7.9052984555e-01  7.9362649602e+02  5.8384655868e+00  2.1349168733e+01  6.0689238987e-01  7.4325449542e-01  -1.9370492635e+00  9.2597003690e+00  -1.2025687394e+00  2.2232036318e+00  -4.7313286573e+00  5.9881179825e+02  -1.4519681930e-01  2.0321794521e+00  -4.3742240715e-01  1.9452907469e+01  
-8.5019415617e-01  -2.9311101096e+00  1.2076409988e+01  -1.2047934838e-01  1.6457734862e+00  -7.5461290024e-01  1.5936537839e+00  6.9522683989e-01  3.7199119258e+00  -6.5815637491e-01  7.5871088851e-01  -3.0893829834e+00  3.6029455308e+02  1.5132803291e+01  5.5749250820e+02  -7.1470747418e-01  8.6111925157e-01  2.7192700303e+00  5.4317478034e+00  1.5616677098e+00  2.4188106689e+00  9.6404894969e-02  2.4280515045e+01  -4.0230667034e-01  6.0505555100e+01  
-7.5011932850e-01  5.8127597583e-01  3.8504697578e+00  5.7085750231e-02  1.0194383281e+00  -1.0022418618e+00  3.2072924924e+00  6.5193071966e+00  1.5345758481e+02  1.0372111372e+00  7.2913946542e+00  4.5730681359e-01  9.0628561353e-01  5.0978149946e+00  2.3364475985e+01  -4.1513080763e+00  4.7382119817e+01  -1.7859574265e+00  1.7985030747e+00  2.0732939129e-01  6.1396892764e-01  -1.6831482593e+01  3.7570716187e+02  4.1977846178e-02  7.7885235901e-01  
-6.5017646551e-01  1.7783431160e+00  6.0654048912e+01  4.0905343301e-01  1.5740521294e+01  -4.7437576958e-01  2.0404302556e+00  7.0194432139e+00  1.1773911141e+01  -3.9176011082e+00  1.5438028168e+02  -1.7503779226e+00  1.2079168468e+01  -1.1813835709e+00  3.8250887038e+00  1.9122060738e+00  3.8026440513e+00  -2.3744564020e+00  6.0891260828e+00  2.5424274312e+00  3.4839329939e+00  -1.2930445746e-01  2.0593154849e+00  -8.4170221891e-01  2.2182860091e+00  
-5.5015766621e-01  -9.0293249533e-01  2.0405614430e+00  1.1401108027e+00  1.7807776226e+00  -1.0170061650e+00  1.5398660794e+03  9.1216530682e-02  1.2032788696e+00  5.3565428831e+01  1.9981551825e+03  -1.1781187685e+00  1.5949098223e+00  8.3842259171e+00  6.5413441331e+02  2.5578267725e+00  1.7187279682e+01  -9.6143350472e-01  1.6119140424e+00  -7.6820468309e-01  1.1476343743e+00  6.5702302400e+00  1.8335082742e+02  6.1725170119e+01  7.0917705527e+03  
-4.5009639859e-01  -6.7751084455e+00  4.1873894557e+02  1.2421468489e+00  2.8919352984e+00  3.2297367834e+00  3.4967668546e+00  9.0764757513e+00  6.0388997799e+01  -5.1540951669e-01  2.1855164125e+01  4.8286925971e+00  1.5199969151e+02  -5.6615131382e+00  4.2666271003e+01  -1.1972123035e+00  2.3474192944e+00  -2.4385695847e+00  2.8805840268e+00  -7.9099817429e-01  1.5095820351e+00  4.2028693430e-02  2.1073973291e+00  4.4665624481e-01  1.0347808155e+00  
-3.5009703040e-01  4.4736925028e-01  3.5628526339e+00  -2.0198605990e+01  8.5401894411e+02  3.4165925484e+00  1.0260791471e+01  -3.1878309326e+00  4.0926945891e+01  -2.8958258059e+00  5.3128821712e+00  1.9130221132e-02  1.2899891366e+00  2.9905147145e+00  5.1504596491e+00  -4.6208687857e-02  7.2713229214e-01  3.2627896044e-01  6.1639270135e-01  2.7176015826e+00  1.5808471670e+01  -1.7044486246e+01  6.3789658336e+02  5.2181357750e-01  7.1134056295e-01  
-2.5006836653e-01  -3.2017299832e+00  3.1305252181e+01  -1.1890793659e-01  7.4596037196e+00  9.3358829567e-01  3.9241747126e+00  7.5823440296e-01  2.2180575632e+00  -2.8441471037e+00  7.4615506769e+01  9.2170711790e-01  4.1577556741e-01  5.2251779629e-01  3.2005811329e+00  -1.8082973027e+00  8.8094664808e+01  -1.0973836729e+01  1.3389052452e+03  -1.1973539606e+00  1.1977661475e+00  -2.9386287782e-01  4.0820511193e-01  -2.6135130745e-01  6.6354095499e-01  
-1.5005667508e-01  1.1924980478e+00  2.9263249514e+01  1.1832318191e+01  4.8978875096e+02  1.5485174226e+00  1.4143958364e+00  5.6109239319e-01  4.8024569398e+00  -5.2530367630e-01  2.3509112239e+01  -1.9111113233e+00  1.2543913747e+01  5.3980719875e+00  1.7179532849e+02  7.5219617117e-01  9.5445034927e-01  -5.1091925340e-01  1.3675686826e+00  -1.0800793293e+00  1.1229640093e+01  -4.5443541838e+00  3.4228957129e+02  -1.2141645561e+00  1.0632019546e+00  
-5.0025518984e-02  1.7363610415e+00  9.9822059543e+00  5.8533217836e-01  1.3224358252e+00  1.4892443139e+00  1.0990804003e+00  5.3465745769e-01  1.8913775704e+00  2.0002310692e-01  1.6827145204e+00  3.0733479252e+00  1.1810960055e+01  2.5180758467e+00  3.3646226843e+00  5.0206597284e-01  3.1404718004e+00  -2.0615842054e+00  7.1227148923e+00  -1.1253611543e+00  7.0533688547e+00  4.3106274211e+00  2.4345523912e+02  -8.1637042113e-01  3.7102873400e+00  
4.9995604903e-02  1.0000000000e+00  0.0000000000e+00  1.0000000000e+00  0.0000000000e+00  1.0000000000e+00  0.0000000000e+00  1.0000000000e+00  0.0000000000e+00  1.0000000000e+00  0.0000000000e+00  1.0000000000e+00  0.0000000000e+00  1.0000000000e+00  0.0000000000e+00  1.0000000000e+00  0.0000000000e+00  1.0000000000e+00  0.0000000000e+00  1.0000000000e+00  0.0000000000e+00  1.0000000000e+00  0.0000000000e+00  1.0000000000e+00  0.0000000000e+00  
1.5001691878e-01  6.1409450559e-01  8.7949573438e-01  1.6431779498e+00  3.2059625028e+00  6.7482940795e-01  4.4307804313e-01  1.9603740832e+00  2.8356129491e+00  -1.7031715998e+01  1.6698945081e+03  2.9235402297e-01  4.5064132463e+00  4.0462106348e-01  5.5444929172e-01  1.9968007243e+00  4.4266837629e+01  -5.2972890756e-01  1.4378632979e+00  -9.7415561774e-01  1.9180186269e+00  5.8375184975e-01  1.2750543591e+00  -1.4498164213e+00  1.5688455381e+01  
2.5000885129e-01  1.4342600136e+00  5.4083791819e+01  7.6640636658e-02  9.3022695901e+00  6.4994291835e-01  4.5652561730e-01  1.6283450237e+00  2.1282762056e+00  -1.7236827597e+00  3.3595609258e+01  -5.8653933643e-01  4.5500082609e+00  2.0687812039e-01  1.8305385820e+00  1.3464672919e+00  1.4477106433e+00  -2.0714431718e+00  4.9286953002e+00  -1.9815557314e+00  6.1526978199e+01  1.7081341647e-01  1.5638689337e+01  -8.3102191032e-01  8.5509117647e-01  
3.5006174445e-01  -2.8314733072e-01  2.7657764374e+00  5.3941089382e+00  1.3174936211e+03  1.0523104349e+00  6.3198459267e+00  1.3765630659e+00  2.5583128311e+00  -5.0170665943e-01  1.0746296895e+00  1.0873954965e+00  5.2657943708e-01  3.0309671407e+00  4.6388014535e+01  -4.1664574357e-01  9.0393802347e-01  -1.2623122244e-01  5.6306424243e-01  -8.4467330045e-01  9.6517381767e-01  -3.4784224024e+00  5.4474633334e+00  -4.2444137127e+00  2.2697510205e+01  
4.5005688071e-01  2.0967150348e+00  2.4331205831e+01  -8.1613078860e-02  1.5903756366e+00  2.9058689775e-01  8.6203581702e-01  -3.0853136358e-01  5.4253049350e+00  -3.6031334978e-01  8.9658828774e-01  6.1581712453e+01  1.5616602060e+03  3.4230575223e-01  4.6658384126e-01  4.5729470801e+00  2.3779900318e+03  3.2208364242e+00  9.2683227430e+00  3.6925571996e-01  7.7421171085e-01  -6.8087565549e-02  4.5032218046e-01  2.0382726145e+00  1.1122331336e+01  
5.5008947849e-01  -4.0039918551e-01  2.5673912022e+00  8.3150719826e-01  1.3900194344e+00  3.1318819605e-01  3.2705467805e-01  1.0279153559e-01  1.1995737495e+00  -1.5944790014e+00  7.1784452574e+01  3.5982932501e-01  1.8168666996e+00  -2.1337979706e-01  7.3324007452e-01  -8.5097662961e-01  9.2893704064e-01  -4.1561523100e-01  4.6355328472e-01  -1.3296059832e+00  4.5524133472e+00  -4.0559827815e-01  2.4865516360e+02  2.2151218496e+00  8.1079523265e+00  
6.5005338192e-01  -1.2091353921e+00  5.6661364899e+00  8.3310838774e-01  4.2605395562e+00  3.4478982353e-02  8.4662683264e-01  1.3800704465e+01  5.8884969823e+01  2.6365805508e-02  5.0582799718e-01  -9.0357096633e-01  5.0875766487e+00  -3.7122151475e-01  1.1577664745e+01  4.5257019778e-01  2.2544054648e+00  -1.0663394138e+00  1.5964994155e+00  -1.3326251823e+00  2.3727003602e+00  2.9426566418e-01  1.4731111270e+00  -3.0464272575e-03  9.1850370352e-01  
7.5007063150e-01  8.1832118761e-01  5.7528937811e+00  4.1992651625e+00  7.6915316416e+01  -3.3740024509e+00  1.1578357508e+02  1.3602256645e-01  8.0939451475e-01  -8.6965085356e-01  1.3566094105e+01  -6.6050581686e-01  2.0090516249e+00  -8.9474446205e-01  1.7459639286e+00  5.3878269448e-01  8.9645590095e-01  -4.4249706763e-01  8.6434179346e-01  4.0114458557e-01  6.6323202658e-01  -1.3979666119e+00  3.3926604643e+02  -1.2497928703e+00  2.7515088088e+00  
8.5008913279e-01  1.6747026751e+00  1.3222880712e+01  1.6236696568e+01  1.4784384865e+02  -1.2444187474e+00  1.7527959029e+01  1.8558723251e-01  1.7445485594e+00  1.1251496178e+00  4.0989437931e+00  1.9895872159e+00  2.0710408540e+01  2.2052230117e-01  6.6610726431e-01  -2.3234813574e-01  1.6010412254e+00  -5.6557812285e-01  5.5245587466e-01  3.7238041764e+00  9.3162607786e+01  -5.9726214769e-02  2.6468563068e-01  4.0774555559e+00  9.9436866410e+02  
9.5007157326e-01  -3.4297739067e-01  3.0649652495e+00  2.4263961064e+01  6.7034004312e+03  -1.5952506505e+00  2.3958326958e+01  1.3594336880e+00  1.9890232365e+00  -1.5673684750e+00  4.7697275965e+00  -1.6501589390e-01  1.6673684656e+00  5.0535578368e-02  1.5047434583e+00  -1.4214567618e+00  1.9498663459e+00  3.8093722317e-01  6.7763013833e-01  6.5731343862e-01  1.1942824815e+00  -8.2899251962e+00  6.7996918242e+02  1.4187046216e+01  8.4962884288e+02  
1.0500943661e+00  9.1926374698e-03  1.0669028629e+01  5.4887575649e+00  1.0556924204e+02  2.5089106746e+00  3.9466577358e+01  -1.2100784845e-01  1.3437684626e+00  8.2818115243e-02  8.6683762318e+00  1.7635822639e-01  7.7375405812e-01  1.6737196531e+00  2.0859455206e+00  -4.7324327544e-01  4.5385105805e+00  -8.4960041083e-01  1.0609288621e+00  -8.9550026092e-02  4.9068818975e-01  -4.0317974093e+00  3.9765308647e+02  -3.9654248645e+00  1.6515826939e+02  
1.1500768661e+00  -1.2059628664e-01  3.9025167954e+00  -9.5577624590e-01  1.3733838390e+00  -4.9334361944e+00  1.5982015859e+02  1.0960577795e+00  5.7643737034e+00  8.7169274149e-01  2.1979579898e+00  -4.9499528112e-01  9.3814282639e-01  -2.1715705500e+00  3.0473091848e+02  -8.9808121206e-01  5.6265994704e+00  -6.9392851477e-02  4.1427432728e-01  6.6763713441e-02  4.2117936712e-01  2.8529221486e+00  6.1145840769e+01  3.7808598113e-01  1.3282493804e+00  
1.2500824928e+00  4.0166592963e-01  1.4304631408e+00  4.5539218204e-01  2.0369475862e+00  -1.2300227888e+00  4.6304300040e+01  -1.5133921913e+00  1.2475550791e+01  1.4392857124e+00  5.7138719939e+00  2.5825826053e+00  1.5057804158e+02  -4.2007441022e+00  2.5570891491e+01  -8.4650878311e-02  1.1280842989e+00  1.1794714287e+00  3.0263491784e+01  -1.9113973356e+00  1.6762262176e+00  4.6031112596e-01  1.7933031739e+00  -3.2606748794e+00  3.6529422228e+01  
1.3500479460e+00  5.7481278883e-01  2.4615330773e+01  -1.7653051496e+00  6.8590592793e+00  -2.7700620354e-02  5.5123118559e-01  -1.0547729408e+01  5.2467348733e+02  -2.5028980326e-01  3.0894445561e+00  -1.6223684590e+00  2.4787826365e+00  -2.2520284430e+00  1.9534435325e+01  -7.8971249245e-02  4.7823917043e-01  -4.9330956399e-01  1.1314772136e+00  -4.6772759223e-01  4.8919395749e-01  2.0200976478e+00  1.7463037805e+00  -1.2151980927e+00  2.2965980168e+01  
1.4500502348e+00  7.8747667933e-01  1.5974947774e+01  -3.6589509865e-01  2.5767202046e+00  -5.1677803261e-01  2.2868262407e+00  7.9732422367e-01  6.0427242212e+00  1.1063833068e-01  8.1335963468e-01  -2.8911163631e-01  1.3539076629e+00  2.6604122577e+00  3.4225060389e+01  -1.9442295044e-01  2.6875635618e+00  -3.7474464583e-01  1.1588556077e+00  5.9929795042e-02  8.1697797680e-01  1.7087830522e+00  2.6367413768e+00  -4.2808044359e-01  7.5973127559e-01  
1.5500079393e+00  2.4471423997e-01  5.3089495989e+00  -2.9324606607e-01  4.9947735292e-01  -8.5302767530e-01  2.2884605718e+00  -3.8239193737e-01  2.1044751911e+00  1.5428341891e-01  4.1384133364e-01  -7.5327074440e-01  1.3709439259e+00  2.9281733154e+01  2.5360677988e+03  -8.1214418318e-02  6.2484926118e-01  6.2286764842e+00  1.8093850025e+01  -3.3459595539e-01  8.3314474049e-01  -7.6628150664e-01  5.9557986862e-01  2.0738086069e+00  3.8120466392e+00  
1.6500132084e+00  3.6359624378e-01  6.2244249357e-01  -5.8526084640e-01  5.1924787620e-01  -1.2784985456e+01  3.4316042307e+02  -2.3972415353e-01  3.7402458865e-01  3.3989763023e+00  2.3066875980e+01  -4.3570277790e+00  1.7613876661e+01  -2.2385485126e+00  6.6732168600e+01  -7.8756148295e-01  2.2439609348e+00  -3.9162990598e+01  1.4822059405e+03  1.4864709891e+00  2.0158655814e+00  -5.9404169189e-01  8.8046354763e-01  9.5609115256e-01  5.4411370521e-01  
1.7500758171e+00  1.8269793675e-01  5.0842107530e-01  1.1804936941e-02  1.2061641453e+00  8.3103181373e-01  8.7503398805e+01  3.2866715959e+01  1.8645571954e+02  2.3110445135e+00  3.6133121291e+02  -5.7064487981e-03  6.5528443958e-01  -2.5694363075e+00  4.6419129494e+01  -8.0098053504e+00  4.3936721834e+01  -5.7261569255e-01  5.3759260026e-01  -1.2082756173e+00  5.9003397688e+00  2.9387569688e+00  5.0328498178e+00  5.0326592303e+01  9.9698763633e+03  
1.8500238657e+00  7.7808913649e-01  2.0094897861e+00  2.7710055383e-01  7.3583303968e-01  -5.0834088095e+00  5.4043949589e+01  1.6829673048e+00  1.4640022464e+00  7.0532770609e-01  1.6188348839e+00  4.1797612697e-01  1.9433485265e+00  8.7300185071e-01  6.1705219517e-01  5.5747909930e+00  1.9932797872e+01  7.5608636281e-01  1.9428689426e+01  -2.5715021681e+00  2.2907929207e+01  2.0709644948e+00  1.6115370779e+01  5.4578342414e-01  1.5380254612e+00  
1.9500192404e+00  3.1699032107e-01  3.7703445647e-01  1.7203799934e-01  6.0488241549e-01  -1.6861888333e-01  9.4282778582e-01  -8.9584160817e-01  2.1138415604e+00  -2.1007914498e+00  1.9218347118e+01  -7.4175794215e+00  8.5493968736e+01  8.2186590626e+01  7.1282477746e+03  -4.2085537235e-01  3.5915625804e+01  4.5771331582e-03  3.4871352920e-01  5.6479836554e-01  2.9997543229e+00  -1.3143154690e+00  9.5084052999e-01  5.3514000815e-01  9.4365848542e-01  
2.0500509739e+00  3.8283180664e-01  3.7126289519e-01  -4.2912365237e-01  9.2219034513e-01  5.7402343981e-01  5.0400907636e-01  1.6624446479e-01  4.5448597477e-01  -6.7420125698e-01  7.8665508661e+00  8.4267545544e-01  1.9123941071e+00  2.9536239427e+00  1.0209372750e+01  -1.3814337661e-01  1.2776654749e+00  1.4114192100e+00  3.2987752495e+00  -1.3770028538e+00  2.5400766318e+00  -3.6907549201e-01  9.6575714066e-01  3.8125293861e-01  5.2501667322e+00  
2.1500568390e+00  2.9261809200e-01  2.4367824945e-01  3.4943288064e-01  4.6880961918e-01  1.7021269195e-01  2.6032787848e-01  6.7000159365e+00  1.2074476471e+01  3.3456908131e-02  7.6778365641e-01  1.1469707423e+01  1.0483480085e+02  2.2148766235e-01  6.7103948436e-01  -3.1182151774e+00  4.1990071548e+01  -1.8093685439e-01  6.7103330278e-01  5.2181353908e+00  1.2045817324e+01  -1.0262425864e-01  1.2248745413e+00  4.8222596978e-01  2.2561365683e+00  
2.2500438690e+00  3.9223329349e-01  2.2114176703e-01  -1.2872118685e+00  3.6719968824e+00  1.1558971930e-01  3.0988146983e-01  4.5459970567e-01  9.7780015879e-01  1.5984520974e+00  4.8092653146e+00  -9.6818917685e+00  9.8824531610e+01  -5.1011247598e-01  6.7402309024e-01  1.8306180486e+00  2.6053532120e+01  -1.1125048295e+00  7.0034401386e+00  -8.7882413635e-01  2.0260196365e+01  -1.0964151203e+00  1.3404628768e+00  -8.7948059370e-01  3.5912585262e+00  
2.3500204086e+00  1.6588293931e-01  1.5504891608e-01  -1.0163882209e+00  8.1171024508e-01  2.1915107516e-01  2.6455115851e-01  4.0314660722e-01  6.1672463697e-01  6.3316383834e-01  3.3448371647e+01  -3.4261706401e+00  1.4421226897e+01  2.4506031487e+00  7.9627898700e+00  1.9656288984e-01  9.0526392325e-01  9.7619448045e-01  1.3851230743e+00  5.6471034176e-01  2.1504226335e+00  -9.2857067362e-02  2.5078653835e+00  -2.1109710475e+00  1.2793697106e+02  
2.4500458241e+00  1.6388128659e-01  1.3435594196e-01  -2.7973785963e+01  7.2440356885e+02  2.1455381339e-02  2.0909835154e-01  1.9312575681e+00  1.7130983502e+01  3.0971339528e-01  7.8680237193e-01  -8.1336965183e-01  1.4977403217e+00  -1.2578755066e+00  1.6002598144e+01  -7.5347454058e-01  5.8914110751e+01  2.5360543724e-01  4.5629392492e-01  -1.8170588318e+00  2.5984181945e+00  -1.4671755365e-02  9.6187312265e-01  1.1547960489e-02  1.0373692708e+00  
2.5499982834e+00  1.3057487311e-01  1.0703072365e-01  1.8540348142e+01  6.4223011844e+02  2.5804707542e-01  2.5357743769e-01  6.5288172121e-01  2.2309035733e-01  -1.8664205278e-01  2.7476678813e-01  -1.3022500959e+00  4.9911702844e+01  -2.9571628855e-01  2.8361979572e-01  -1.7349743986e+00  4.9005555551e+00  3.2067505084e-02  2.0756174521e-01  -3.5827667633e-01  1.8382835485e+00  -1.5403670263e-01  3.3745416951e-01  -1.4013704481e+00  1.3643693469e+00  
2.6499738693e+00  1.0984974602e-01  1.0919157975e-01  3.0372656268e+00  8.0843156993e+00  -2.8118742786e-01  2.0998132753e-01  1.8912718803e-01  1.8321424615e+00  3.0635755104e-01  2.9269428200e-01  -2.8117101850e-01  3.8921634335e-01  6.9671109709e-02  2.1331641092e-01  3.4237594351e-01  9.7717310383e+00  5.6424832329e-02  2.6876930557e-01  -1.8306531796e-01  3.5676040093e+00  -2.3784863741e-01  4.8302240094e-01  1.0728697610e+00  6.6323683589e-01  
2.7499635220e+00  7.1526351103e-02  7.4428092019e-02  6.4506703209e-01  3.2754898409e-01  3.0777997871e-02  1.2050106510e-01  -3.5403736733e-02  4.3067131645e-01  -6.6461218031e-01  4.5449175613e-01  -3.9006919967e-01  1.6521361853e+00  6.0858056024e-02  3.2284145715e-01  1.8030902998e+00  2.1408734525e+00  5.9250533455e-01  7.9810786548e-01  9.7800830160e-01  3.9252434209e+01  -6.1629094515e-01  1.0133398889e+00  -1.8678507291e-01  2.6690367252e+01  
2.8500239849e+00  9.6531705435e-02  7.6659846918e-02  3.0096460675e-01  3.1320172656e-01  2.1949165228e-01  2.0017232359e-01  8.5308398915e-01  7.8095980244e-01  5.3749777744e-01  3.4019205543e-01  -4.9183361486e-02  2.3123060308e+00  -1.7296433991e-02  2.3133085622e-01  3.4385602358e+00  8.4130001994e+01  -8.7897464311e-01  5.6098586222e-01  1.3291365766e-01  4.9897117804e-01  2.9289342042e-01  5.6077746435e-01  -6.8168229629e-01  1.0654677010e+00  
2.9499533176e+00  5.1958269461e-02  7.0575263232e-02  1.2079775033e-01  6.0354790063e-01  1.5556249299e-01  1.7318079553e-01  -5.2662280526e-01  4.6485246373e-01  -2.0492871738e-01  1.7543950287e-01  -3.0993062329e+01  6.6825692061e+02  2.7749310292e-01  2.6794980714e-01  -7.1169306943e-01  5.9898391702e-01  1.2534851675e-01  5.5448329263e-01  -1.9388483942e-01  4.9788002581e-01  -2.7638991551e-01  3.1385161949e-01  -1.3961761962e+00  7.0365420446e+01  
3.0499579906e+00  2.0775523278e-02  6.2567315617e-02  -2.9058076425e-02  3.3715509912e-01  8.3441485198e-02  1.4709614089e-01  5.5352148584e-01  3.0249533606e-01  3.8867793081e-01  4.8696513544e-01  -4.0518541722e-01  2.5318675659e+00  7.3771855763e-01  7.7815766210e-01  -5.0982910527e+00  5.0249099695e+01  2.6847843898e-01  4.3573905370e-01  9.3505533397e-02  1.0670440471e+00  -1.2727382175e+00  1.4115304600e+00  -2.0463939797e-01  2.0309415717e+00  
3.1499202251e+00  9.1302692772e-03  5.6957080928e-02  3.1777109145e-03  3.9978953611e-01  2.5870619622e-01  1.3591858470e-01  -8.3614489983e-02  2.8491849653e-01  -3.2365723862e-01  3.4717547459e-01  -1.8130326368e-01  7.7485226568e-01  8.6262501919e-02  4.3117641599e-01  -1.9051714894e+00  1.1149989617e+01  7.0718885806e-02  1.8727768032e-01  1.2543864259e+01  1.2391375174e+02  -2.8052561892e-01  4.7018672853e-01  3.1966576287e-01  1.2197212095e+00  
3.2499141693e+00  -1.8006324949e-02  6.3211279348e-02  -7.4237357281e-02  4.4576957988e-01  -9.2790233344e-02  1.4044156842e-01  8.9022341724e-02  1.6190166226e-01  2.0559039500e-01  3.0504318549e-01  1.8276239293e-01  1.1218670438e+00  1.6690576974e-01  2.5313065745e-01  -4.5326340364e+00  1.6896553539e+01  -1.5354798905e-01  5.5137926098e-01  2.7152555286e+00  1.6285061567e+01  8.2001422857e-02  2.9853628846e-01  -1.4183378080e-01  1.2024465633e+00  
3.3499026299e+00  -2.2951445537e-02  5.3310490302e-02  -1.1983346202e-01  2.7708416328e-01  5.4905786622e-02  1.8504970844e-01  -1.1929314397e+00  9.9997520466e-01  -1.0775753424e-01  3.5710555668e-01  -5.0643284137e-01  7.4219917014e-01  2.4784041938e-01  3.0016229409e-01  -3.8468022478e-01  6.9337270207e-01  -3.9969991377e-01  4.4451277402e-01  -6.1985356938e-01  1.2561467560e+00  -4.8138424908e-02  2.7996573469e-01  1.7377071808e+00  1.5974214468e+00  
3.4499194622e+00  -2.3159138017e-02  5.8537153557e-02  -1.6924193474e-01  1.9389690843e-01  5.1894994397e-03  2.1838314136e-01  3.1460234792e-01  8.2974506593e-01  1.2396111540e-01  2.8592511954e-01  1.1461555741e+00  1.2813896396e+00  7.9396736469e-02  2.2641163161e-01  5.5306791623e-01  1.6740283007e+00  -2.9815335109e-01  3.3763407341e-01  -8.3798883340e-01  2.4922719135e+00  -2.2665141727e-01  2.7704374517e-01  -1.6489916819e+00  2.3586024431e+00  
3.5498900414e+00  4.2986333448e-02  6.9333402472e-02  -2.4298569743e-01  3.6492172696e-01  -1.2244991065e-01  1.8177952868e-01  -2.7597784642e-01  5.2020101512e-01  -1.4598576937e-01  2.3310757008e-01  -8.0802718143e-01  7.0725444295e-01  2.4791389000e-01  3.4060638295e-01  1.2793960816e-01  5.3277435284e-01  2.7430182278e-01  2.0991882466e-01  1.7558322633e+00  1.6146048648e+00  -6.3854332320e-01  4.2551020214e-01  3.8349732048e-01  1.4649365167e+00  
3.6498887539e+00  -1.1359452822e-01  8.0738615963e-02  -5.8341457213e-01  4.1741036485e-01  4.5419090672e-02  1.5521515382e-01  2.6690385318e-01  1.3136216448e-01  -1.5439378056e-01  3.2766749757e-01  -2.2741873745e+00  6.4479094192e+00  3.3695776301e-01  2.9716443847e-01  1.4362981415e-01  5.9280549137e-01  -1.2048872044e-01  3.9974178821e-01  -3.0511414627e-01  1.0288741808e+00  3.2502010819e-02  2.0509995263e-01  -1.4085343526e-01  4.3591680342e-01  
3.7498316765e+00  -8.8914524697e-02  9.8555873992e-02  -3.0420379594e-01  2.3903497066e-01  9.4800109153e-02  1.6710709552e-01  1.3599839433e-01  1.0676369194e+00  4.1663826484e-01  2.2141933583e-01  2.3851462451e-01  7.0260306757e-01  2.7956655690e-01  2.9782751830e-01  -2.3021715517e-01  4.0859408682e-01  -1.1987183177e-01  6.3048600482e-01  -3.1752510328e-01  4.6804757701e-01  8.3772242032e-02  3.4682738043e-01  -4.3464114713e-01  1.1157828938e+00  
3.8498132229e+00  -1.3521648141e-01  1.0818250202e-01  -2.3470607098e-01  6.7491236426e-01  2.1674150437e-01  1.6412909171e-01  -3.8613553397e-01  2.3200756686e-01  2.6641901928e-01  2.0193545152e-01  -1.7846174886e-02  1.0680040702e+00  -6.9666976511e-01  1.0817314542e+00  -5.2475441283e-01  5.2255770939e+01  -1.6680478900e-01  4.2079569914e-01  3.4562860285e+00  7.1416773960e+00  -1.5153138605e-01  2.0373487521e-01  -1.2014984200e+01  6.5724006858e+02  
3.9498102665e+00  -2.1453199481e-01  1.3937789496e-01  -8.0779681522e-01  5.7937550558e-01  2.0128618316e-01  1.4055328078e-01  -1.0942908237e+00  2.9944717415e-01  3.4882982561e-01  2.0492432614e-01  -3.6216303126e-01  5.6300549541e-01  2.8946674427e-01  1.9919119223e-01  4.5978069569e+00  2.2101611193e+01  8.3351905581e-01  6.9445550133e-01  8.9138404958e-01  1.0136461689e+00  1.0058434555e-01  2.7834716965e-01  1.9169359997e-01  3.6811117771e-01  
4.0497078896e+00  -1.7167384593e-01  1.9139564406e-01  -1.1742390759e-01  3.7742826207e+00  1.0276102380e-01  1.4625789501e-01  -3.8174724092e-01  4.3895432184e-01  -4.8110559710e-01  6.6590105109e-01  7.7087357160e-01  5.9266669943e-01  9.1610416014e-03  3.7709425716e-01  8.2965370411e-01  1.3538212291e+00  1.9055343103e-01  8.0748103113e-01  -4.6606424391e+00  2.8427914236e+01  1.0387305175e-01  4.3309437280e-01  7.2801288144e-01  1.0451306851e+00  
4.1497464180e+00  -3.4003871203e-01  3.1327867290e-01  -2.7866964044e-01  2.0218002375e+01  2.6425433883e-01  2.1463867994e-01  -1.3406916252e+00  2.1256286858e+00  1.1819107737e-01  7.3872511369e-01  -5.3089911911e-01  1.2711972577e+00  -5.2150886358e+00  2.2007086475e+02  1.8023639520e-01  9.0024488287e-01  1.5686243105e-01  6.7535370293e-01  -5.4128763415e-01  6.0157040775e+00  1.0261599337e+00  2.3320038274e+00  8.2026417005e-02  3.7230185527e-01  
4.2497267723e+00  -1.1102132032e+00  7.8281137889e-01  -9.4575474189e-01  2.2278702152e+00  -1.3502566781e-01  2.0150432488e-01  -4.8041150266e-01  4.4805106574e+00  -9.4490463977e-02  1.6530580324e+00  2.9266250122e-02  1.4856178263e+00  3.3417290095e-01  7.4811470951e-01  -9.4543129294e-01  1.5835639700e+00  -6.2103821466e-01  1.0264163318e+00  7.9720906599e-01  1.8685022424e+00  -3.9012929171e-02  9.6283258750e+00  -3.0324213696e-01  8.8265798617e-01  
4.3497242928e+00  -3.1869667520e-01  5.8340603952e-01  -2.4481667010e-01  6.6957057629e+00  4.0021663868e-01  2.5876760317e-01  -6.7985906042e-02  1.3989269131e+00  1.2082288379e-01  5.2944625570e-01  -2.3285724386e+01  1.0724893943e+03  -6.8106882508e-02  8.3137527656e-01  8.0876064825e-01  6.5742688542e-01  -2.1513797682e+00  2.8744886832e+00  8.9196208641e-01  1.3373098267e+00  1.3331473761e+00  1.2874345257e+00  1.2788126758e+00  7.9486789654e-01  
4.4497065544e+00  2.3351018495e-02  7.6312930095e-01  -1.0470415604e+00  3.8451242561e+00  1.1319237186e-01  1.6321135175e-01  -4.8493364848e-01  1.3193710073e+00  -1.1902164460e-01  4.1417413348e-01  1.9732793820e+01  3.8970879294e+02  7.8549575841e-02  8.8135917605e-01  9.0683172585e-01  5.8266760757e-01  6.3053134686e+01  5.3631659752e+03  4.2300013334e-01  1.9968028380e+00  1.4191643916e-01  3.7719268319e-01  6.4319310815e+00  2.6176610642e+02  
4.5496215820e+00  -3.0628436860e-01  5.0060186739e-01  8.8270053809e+00  1.4628984472e+03  1.7521458892e-01  3.4872474091e-01  -7.3942703628e-01  1.1842744020e+01  -6.1044072400e-02  4.4422922206e-01  -1.2040907623e+00  2.9475295844e+00  3.5723307520e+00  1.0877947558e+01  -6.3639583114e-01  6.4191007574e+00  -1.5937967013e-01  1.0618622243e+00  -9.1781696147e-02  1.2352344589e+00  -1.3465460001e+00  1.8887061334e+00  3.5955158029e+00  3.3131394893e+01  
4.6495838165e+00  5.6098327361e-02  2.9501096523e-01  -6.5645731605e+00  1.5910017724e+02  3.0983941471e-01  2.9429426126e-01  1.0285283295e+01  5.4184997818e+02  -1.6746247436e+00  5.9506638991e+00  -3.2031116719e+00  5.6581794337e+01  6.9821318944e-01  9.3989624265e-01  -5.5776766152e-01  2.8559871976e+00  2.0897935226e-02  5.7735029522e-01  -1.2740595697e+01  2.8512512912e+02  5.9164078265e-01  3.2098522187e+00  9.4135317933e-01  8.0799412994e-01  
4.7495360374e+00  -1.2609793593e-01  2.1870075527e-01  2.5004802168e-01  6.9067841030e-01  2.3558755762e-01  6.9390100980e-01  -3.1163291866e+00  4.9604364335e+00  -1.3134121644e-01  4.4434474568e-01  9.2008563712e-02  7.2291440359e-01  -1.6251426740e+00  1.5975120697e+01  5.3731769718e+00  2.5515794763e+01  5.7424071189e+00  3.0527767070e+02  -1.7184662414e-01  9.0027297367e-01  1.8887268320e-01  2.1446693390e+00  -1.4936043449e+00  7.9596534963e+01  
4.8495163918e+00  1.3075120129e-01  2.8953662724e-01  -2.7143842021e-01  2.1081626797e+00  7.0037351456e-01  1.2065713890e+00  -1.6031035951e+00  1.1039560949e+00  7.8901450436e-01  7.1689487129e-01  1.2599905900e+00  4.8722246142e+00  4.4826939001e+02  4.3094961678e+04  1.9736140703e+00  8.6477375905e+00  -1.3606921194e+00  2.3449474541e+01  3.1825708325e+00  1.3092560328e+01  1.2139711101e+00  3.6788369777e+00  9.2769475441e-01  8.5580613645e-01  
4.9494633675e+00  -4.7932102281e-02  1.5590870466e-01  6.2352611173e-01  1.6993491806e+00  5.3583916028e-01  7.5024994219e-01  -6.3053073104e-01  6.2723657266e-01  1.1676800983e+00  1.3517772257e+00  5.3053555986e-01  1.1243796832e+00  2.2072465212e+00  5.8992855868e+00  -1.7280849772e+00  3.8752535591e+00  4.9956169657e-01  2.8416077848e+00  -3.9231796802e+00  1.4066568524e+01  -3.1628645794e-01  1.1022356160e+00  -1.1309872565e-01  1.0517235202e+00  
5.0493440628e+00  1.4666629841e-01  2.1599598762e-01  1.5759415517e+01  1.4676300349e+03  2.4638172872e+00  6.8887391368e+00  -5.3349238460e-01  1.2686985733e+00  2.5571774044e+00  4.6810010262e+00  2.2120932984e+00  3.1035261379e+01  -1.3992424022e+00  4.6733225998e+00  3.9675779572e-01  6.5939124233e-01  1.6384499217e+00  2.5117093877e+01  -2.0397309497e-01  3.3842972109e-01  1.2757352539e+00  1.8284913456e+00  -8.5442273078e-03  5.6333528211e-01  
5.1492624283e+00  1.5629838230e-01  1.6870766911e-01  4.0469374224e-01  4.4056988437e+00  4.4549998052e+00  1.2230072465e+01  -1.4092268038e+00  3.6233004578e+00  -7.5454217104e-02  8.9069375523e-01  8.9890802889e-01  8.8700927529e-01  -5.9511931495e-01  1.0795502587e+00  2.5960888538e+01  5.3761418427e+02  -7.4423462031e-01  1.1106652769e+01  -4.9873516423e-02  5.7269643269e-01  -1.1455788359e+01  8.5099283023e+02  -4.9226967565e-02  4.5906177216e-01  
5.2492828369e+00  3.9436311137e-02  1.6043814654e-01  8.8543805599e+00  6.3248420024e+01  -1.4841444544e+00  2.7131064558e+00  7.4342065181e+00  1.5782199311e+01  1.9165212305e+00  4.9643547276e+00  -2.2256464607e+00  5.8590558459e+00  -7.4730804850e-01  8.0483026815e+00  -2.9689461988e-01  3.3473642816e+00  -7.3716925807e-01  8.3801213460e-01  1.5522842135e-01  1.4086658172e+00  2.9011073097e+00  4.7903298488e+00  1.7727339213e+00  1.7103680264e+00  
5.3492369652e+00  1.2364849288e-01  1.5277088852e-01  4.7681490909e+00  2.4363265643e+01  1.1962971074e+00  1.1751094045e+01  -4.0626813081e-01  1.8818867856e+00  -4.4273209413e+00  1.0005366255e+02  -2.4629200581e-02  3.8756672943e+00  9.3446792715e-01  9.6843852930e-01  -2.0119208446e+00  6.7439513607e+00  8.6039357903e+00  2.8979545474e+02  -1.0397757938e+01  2.8536428712e+02  2.8605632039e-01  4.4050978481e+00  1.5244240667e+00  2.1066620436e+02  
5.4491105080e+00  8.3431010500e-02  1.5311258761e-01  -5.4485768899e-01  2.4269415874e+00  4.8879289653e-01  3.0024445527e+00  3.3530300350e-02  3.8378715912e+00  3.0354173763e-01  7.8960414937e-01  -1.8083968753e-01  7.4456728846e-01  2.5164536722e-01  7.5396398717e-01  -3.2965103086e-01  1.3659207303e+00  4.5220728569e-01  6.9177148679e+00  -1.9456447341e+00  8.1566649802e+01  -4.2206861141e+00  9.4434881753e+00  4.5390564517e+00  5.8010977587e+01  
5.5491456985e+00  1.4129404887e-01  1.5214274213e-01  9.6971635577e-01  9.2844537145e-01  9.2029115632e-01  4.5199099298e+00  9.0630360149e-01  1.9770237519e+00  2.9717332523e-01  2.9418989313e+00  -1.6863471743e+00  1.1533278497e+00  -8.0891419063e-03  4.7942651211e-01  4.0442630448e-01  1.6146420747e+00  9.4921152065e-01  1.0280253662e+01  4.7522752576e+01  4.2933920883e+03  2.8657624482e-01  5.8648256519e-01  4.0789981833e+00  6.7122689286e+01  
5.6490797997e+00  1.4455822838e-01  1.3255160659e-01  -2.7508159611e+00  4.8045743378e+00  8.8424859993e-01  1.2586591463e+00  -2.0887980463e+00  7.0620813761e+00  -9.6465326861e-01  3.1556323214e+00  -5.6466199322e-01  1.5283189303e+00  2.1732257038e+00  1.2924374964e+00  -2.4431010266e+00  2.4984987706e+01  -4.8367410649e+00  6.2461426399e+01  -1.3636240056e+00  2.0978443147e+00  -6.7585828311e-01  5.6024511907e-01  -1.6562602606e+00  4.6373554661e+00  
5.7489542961e+00  1.1536887966e-01  1.8169688969e-01  -1.7849483618e+00  4.2329883987e+00  -5.2503397071e-01  2.0117135397e+00  3.7888291604e-01  3.0529789148e-01  3.5253315199e+00  1.2322042751e+02  1.3749435081e+01  6.7088304325e+02  -1.8972882164e+00  5.2476524762e+00  1.2562571768e+00  9.1412896167e-01  5.3071260685e-01  1.6452516441e+00  -8.5918998659e+00  6.5572417470e+01  6.0270838515e-01  8.5095746075e-01  -9.2184214007e-01  1.3019043215e+00  
5.8488941193e+00  1.8009471372e-01  1.9838948972e-01  -6.5775295288e+01  2.1911958615e+03  4.7177461776e-01  9.8335481258e-01  1.8253250062e+00  7.8802669249e+00  9.2147036062e-01  1.1890727437e+00  7.2292164039e-01  5.3956249173e+00  1.0475424839e+00  1.8810808683e+00  -1.3640128180e+00  1.1607233260e+00  -2.9681031804e+00  1.2434874224e+01  -1.5664044945e+01  2.5868472390e+02  -1.0316146882e+01  7.6866124224e+01  1.8730105013e+00  1.3789867555e+00  
5.9488639832e+00  4.3717864465e-02  1.5133268734e-01  -1.0159099004e+00  6.6289808781e-01  -9.7866323961e-01  3.3019743400e+00  -4.4606229721e+00  8.9874368033e+01  5.5058491507e-01  2.0520498133e+00  2.3989447972e+00  1.1557478991e+01  6.3068360343e-02  9.1219282970e-01  -2.2623088972e+01  2.0510298402e+03  -6.7642405782e-01  5.3352834505e+00  9.6866224941e+00  4.5967496864e+02  1.0296159653e+00  1.0865819139e+00  -2.3419137219e-01  7.2220226013e-01  
6.0488691330e+00  6.4756140907e-01  3.1403832765e-01  6.1268259798e-01  7.2252751657e+00  1.8144119354e+00  1.2580447689e+01  2.0290977735e+00  2.7482800745e+02  7.0270434501e-02  6.9324710730e+01  8.8498361474e-01  1.1000552176e+01  -1.9739078101e-01  1.2644703939e+00  -5.5808886749e-01  2.5160161422e+01  3.7393726079e-01  5.3940766615e+00  6.2864876200e+00  2.1972655066e+02  -2.1175321282e-01  4.9761473634e-01  9.6373499841e-01  7.5568463621e-01  
6.1488056183e+00  2.5837174756e-01  1.6992444360e-01  -1.8972837138e+00  2.7851195888e+00  -4.3588699770e-01  6.1087440255e-01  -9.9542201750e-02  5.0688269568e-01  -3.6747391117e+00  2.4405446072e+02  2.1856449141e+00  1.5150009983e+01  1.7875579072e+00  2.5914746454e+02  2.0568317595e-01  8.8190032104e-01  -3.9940961876e-01  1.7590520083e+00  9.2124405936e-01  2.2369530258e+01  6.2191271368e-01  1.4043275915e+00  3.6250321787e+00  8.1512079926e+00  
6.2487807274e+00  2.6955999745e-01  2.7877109580e-01  1.1893755938e+00  1.2845938762e+00  4.3404265256e-01  1.2689066863e+00  6.6828002979e+00  8.6406254277e+02  -2.7454767051e+00  6.9976874727e+00  2.0651808508e+00  1.5157564136e+01  2.1258073385e-01  8.0467732020e-01  -3.6257138518e-01  2.9190605828e-01  -2.6014882210e+00  2.9022169852e+01  7.4920195584e+00  2.7748650591e+02  1.5242566671e+00  2.2788067166e+00  -1.3498062383e+00  9.4503484759e+00  
6.3486933708e+00  6.9256042888e-01  4.7910581836e-01  1.2625131966e+00  6.7284084351e+01  -2.6179220780e+00  4.6692815348e+00  2.4546697624e+00  2.5052183797e+01  2.0294817345e-02  2.0610722467e+02  -2.0135427686e-01  5.7697863856e+00  -3.1570060447e-02  4.9219421344e-01  -1.3692733589e-01  9.9750277696e-01  1.0505206038e+00  5.5065181052e+00  4.6414783981e-01  8.9721071030e-01  -1.8666144753e-01  9.6049351433e-01  -6.6957844004e-02  5.9174384590e-01  
6.4487538338e+00  2.5247794774e-01  2.8367718177e-01  -7.6583039014e-01  4.6458279377e+00  -9.6919045223e-01  2.1028396135e+00  -9.6069399702e-02  7.1257330325e-01  -4.3168439993e+00  1.0402512023e+02  6.7072564499e-01  1.1869191499e+00  -1.0269757477e+00  1.4013637468e+00  1.1114009636e+00  9.1815929315e-01  7.9353298075e-01  3.6447131348e+00  -1.5155308300e-02  4.7044098474e+00  -2.7903905274e+00  8.4895051650e+00  6.3476067008e-01  6.9579387167e-01  
6.5486712456e+00  1.1479991868e+00  1.6355988987e+00  -5.6014857324e-01  1.3902344972e+00  -1.0120879012e+00  1.1322165533e+01  7.7613605337e-01  1.3071938067e+00  1.7351014458e+00  2.0591658333e+01  8.5827267253e-01  1.0513929452e+00  -2.9679689124e-01  1.4781025729e+00  3.6020381318e+00  3.7904113482e+01  5.3616203655e+00  1.0095945590e+02  -1.3453612669e+00  3.4025822180e+00  6.1961144513e+00  4.7171835081e+01  6.7562938368e+00  4.2570871197e+01  
6.6486148834e+00  1.0641940870e-01  1.7553312437e-01  2.0639214069e+00  1.6780966394e+01  -7.6811059009e-01  2.3026391853e+01  -4.3898007982e-01  1.1477994498e+00  -3.6287583821e-01  1.0005942474e+00  -2.1430085907e+00  8.7216392756e+01  8.6652086362e-01  1.5400411082e+00  1.5600874736e+00  8.6658830075e+00  1.1012221063e+00  1.3781028700e+00  -1.8506445392e+00  1.9812296556e+00  8.3470049008e-02  9.8818972654e-01  -1.3917961656e-01  4.2071743083e+00  
6.7484898567e+00  3.7853420049e-01  1.2929540395e+00  -9.2282703866e-01  1.0210256019e+00  2.6572251322e-01  1.3545866001e+00  -2.8865732909e-01  7.0336003869e+00  -1.4615334045e+00  8.5437398653e+00  4.7096125725e+00  3.2205204397e+01  -9.6312593080e-02  2.9100677016e-01  5.4768483365e-01  8.0255951018e-01  -2.7697774744e-01  1.9969288611e+00  1.1644642690e+01  7.0706479804e+01  8.4529958540e-01  1.7853315272e+02  9.5469976452e-01  6.8802304572e-01  
6.8483767509e+00  2.6963588174e-01  5.6456109606e-01  1.6682738835e+00  3.5240675343e+01  -9.1177274165e-01  7.2993342810e+00  -2.3977541141e+00  6.6715286007e+00  -7.1691450637e-01  3.3341885146e+01  -4.1432226760e-01  6.6945901097e-01  3.3511600171e-01  1.3594301224e+00  1.0286402514e+01  3.5513137721e+02  -3.4006828538e-01  4.8275795178e-01  9.1173574432e-01  5.5709031819e-01  -3.6819831952e-01  8.8521027027e-01  7.6899047647e+00  5.6397611377e+01  
6.9484038353e+00  2.2153310882e-01  4.8104481615e+00  1.8329105703e+00  2.2906043704e+00  -4.3686594578e-01  3.5727368139e+00  -7.4407858105e+00  2.1088752660e+01  -2.6730714225e+00  1.6576742480e+02  1.3770552414e+00  1.3019635284e+00  8.5708764973e-02  3.2269774436e-01  4.6879717386e-01  5.0220542561e-01  2.8454243409e-01  4.0722753059e-01  7.2395556432e-01  1.1814318006e+00  1.6568855350e-01  1.4784728668e+00  -1.4838811538e+00  5.0518493805e+00  
