#pT  vn{4}  vn{4}_err
1.0833507031e-01  2.5549615855e-02  3.4457791587e-02  2.0287243845e-02  8.5657780981e-03  0.0000000000e+00  0.0000000000e+00  
2.0408272743e-01  1.2541467582e-02  3.0744180960e-02  2.9626931125e-03  5.5823777455e-03  0.0000000000e+00  0.0000000000e+00  
3.0263477564e-01  5.4382934498e-03  3.1040843019e-02  7.4873413184e-03  4.8030494614e-03  0.0000000000e+00  0.0000000000e+00  
4.0152093768e-01  2.8179126919e-02  2.5584356675e-02  1.3059239750e-02  3.5266209071e-03  0.0000000000e+00  0.0000000000e+00  
5.0079125166e-01  5.9760661092e-02  4.8131587236e-02  2.3066224882e-02  4.0346935455e-03  0.0000000000e+00  0.0000000000e+00  
6.0061800480e-01  6.7246245219e-03  1.6317919886e-01  2.4352818588e-02  3.6691743317e-03  0.0000000000e+00  0.0000000000e+00  
7.0020002127e-01  4.4638910345e-02  3.5248749292e-02  3.5262354733e-02  4.6467401567e-03  0.0000000000e+00  0.0000000000e+00  
7.9987072945e-01  2.3268791532e-02  2.3385714608e-02  5.3911346476e-02  5.8918699398e-03  0.0000000000e+00  0.0000000000e+00  
8.9955097437e-01  4.2735404763e-02  3.3362461376e-02  6.1881639875e-02  4.1341389453e-03  0.0000000000e+00  0.0000000000e+00  
9.9922984838e-01  1.3225456754e-02  1.6313793174e-01  7.0198717777e-02  4.9527901380e-03  0.0000000000e+00  0.0000000000e+00  
1.0988911390e+00  7.5193778100e-03  1.2294822504e-01  8.8361180284e-02  4.9838927298e-03  0.0000000000e+00  0.0000000000e+00  
1.1988209486e+00  6.3325028357e-02  4.9259295860e-02  9.9233135149e-02  4.7933530294e-03  0.0000000000e+00  0.0000000000e+00  
1.2987900972e+00  2.9406704511e-02  2.5573067531e-02  9.8831102069e-02  7.0531931645e-03  0.0000000000e+00  0.0000000000e+00  
1.3984944820e+00  5.0392334026e-02  3.9737910305e-02  1.1738109531e-01  6.1937329491e-03  0.0000000000e+00  0.0000000000e+00  
1.4986584187e+00  4.0612389919e-03  6.1559303901e-02  1.2555604312e-01  7.1261031801e-03  0.0000000000e+00  0.0000000000e+00  
1.5987852812e+00  4.7264614249e-02  3.8992163558e-02  1.3248399668e-01  7.3384699544e-03  0.0000000000e+00  0.0000000000e+00  
1.6983395815e+00  7.6002800384e-02  7.3875449999e-02  1.5473288752e-01  8.1182127617e-03  0.0000000000e+00  0.0000000000e+00  
1.7982034683e+00  2.5059459909e-02  4.7768748513e-02  1.5255737345e-01  1.0406969788e-02  0.0000000000e+00  0.0000000000e+00  
1.8978379965e+00  1.4617635602e-02  7.7850518632e-02  1.4878695865e-01  1.1444356898e-02  0.0000000000e+00  0.0000000000e+00  
1.9978787899e+00  1.6874548552e-02  5.7364099025e-02  1.4972195752e-01  1.5312460633e-02  0.0000000000e+00  0.0000000000e+00  
2.0985283852e+00  2.4249477002e-02  6.1662144991e-02  1.5202522120e-01  1.3702857969e-02  0.0000000000e+00  0.0000000000e+00  
2.1984710693e+00  1.1310243837e-01  1.1030826016e-01  1.5791989405e-01  1.5949102587e-02  0.0000000000e+00  0.0000000000e+00  
2.2980630398e+00  1.2205803168e-01  1.0691128630e-01  1.7404676202e-01  1.3716276200e-02  0.0000000000e+00  0.0000000000e+00  
2.3986434937e+00  2.6552433913e-01  2.2331305084e-01  1.6042146863e-01  2.0116538577e-02  0.0000000000e+00  0.0000000000e+00  
2.4984598160e+00  2.1963025142e-01  1.9499171735e-01  1.3767700928e-01  2.2073898048e-02  0.0000000000e+00  0.0000000000e+00  
2.5984964371e+00  1.6995032764e-01  1.4730025765e-01  1.6830266059e-01  2.3131429323e-02  0.0000000000e+00  0.0000000000e+00  
2.6979596615e+00  1.5050970669e-01  1.3735450696e-01  1.5114185738e-01  2.3090536315e-02  0.0000000000e+00  0.0000000000e+00  
2.7989487648e+00  2.3774298756e-02  3.1692488785e-01  1.4050556666e-01  2.3963282444e-02  0.0000000000e+00  0.0000000000e+00  
2.8984005451e+00  1.1835040992e-01  1.2368850210e-01  1.0904806392e-01  3.7536387304e-02  0.0000000000e+00  0.0000000000e+00  
2.9988558292e+00  9.4715073797e-02  1.3971154445e-01  1.1764268696e-01  3.1544623236e-02  0.0000000000e+00  0.0000000000e+00  
3.0997171402e+00  4.5587125595e-01  3.8660408858e-01  1.4515992587e-01  2.4589946550e-02  0.0000000000e+00  0.0000000000e+00  
3.1991307735e+00  1.2552609478e-01  1.4061685411e-01  1.7186356550e-01  2.6297067206e-02  0.0000000000e+00  0.0000000000e+00  
3.2994122505e+00  2.4858480527e-01  2.1683377663e-01  1.5297456117e-01  2.8265777077e-02  0.0000000000e+00  0.0000000000e+00  
3.3989925385e+00  1.8401194708e-01  1.9645170627e-01  1.0162642100e-01  4.9613807093e-02  0.0000000000e+00  0.0000000000e+00  
3.5002229214e+00  1.4712450804e-01  1.6916884222e-01  1.3633954545e-01  3.5976778580e-02  0.0000000000e+00  0.0000000000e+00  
3.5987553596e+00  7.9898616877e-01  6.4350677449e-01  8.9173877855e-02  4.9514007634e-02  0.0000000000e+00  0.0000000000e+00  
3.6978943348e+00  3.5488186389e-01  3.2184193038e-01  8.2197318174e-02  6.0314172289e-02  0.0000000000e+00  0.0000000000e+00  
3.7990009785e+00  1.4309836959e-01  1.6884314287e-01  1.4181412443e-01  3.5191225984e-02  0.0000000000e+00  0.0000000000e+00  
3.8977537155e+00  6.7260562863e-01  5.7360366707e-01  1.2498289573e-01  4.3272598579e-02  0.0000000000e+00  0.0000000000e+00  
3.9977564812e+00  3.7574567610e-01  3.1839336132e-01  9.2336002698e-02  4.3900573759e-02  0.0000000000e+00  0.0000000000e+00  
