#pT  dN/(2pi dy pT dpT)  dN/(2pi dy pT dpT)_err  vn{SP}  vn{SP}_err
1.0774028301e-01  2.8520688965e+01  3.3618435330e-01  -2.9309762554e-03  5.0775990368e-03  1.3241421770e-03  5.7771082978e-03  -4.4677750680e-03  5.3551534515e-03  -4.4243515135e-03  5.9225508494e-03  -8.1747894595e-03  6.7968207458e-03  -4.9638499576e-03  9.3387374475e-03  
2.0341508090e-01  2.8060740366e+01  2.9023147883e-01  1.0475093851e-02  3.6447873906e-03  6.7015221669e-03  3.3993802966e-03  -1.8364282164e-03  3.6350706467e-03  3.7706485597e-04  3.4830292062e-03  6.7441403082e-04  4.1814946462e-03  7.5030856934e-03  5.4015446250e-03  
3.0161610246e-01  2.5211502489e+01  2.6167653477e-01  1.2026372567e-02  3.9361583443e-03  9.5940954825e-03  2.9743662323e-03  -2.2044642068e-03  3.2860954115e-03  -2.7026440420e-03  3.4600012531e-03  1.3189681917e-03  3.8563265867e-03  6.0964233626e-03  5.5017090634e-03  
4.0059819818e-01  2.1768828312e+01  2.2458498602e-01  1.3808920952e-02  3.1217526905e-03  1.1209476024e-02  3.0396553808e-03  7.0362182077e-05  2.9581314547e-03  -1.7797339254e-03  3.6493987980e-03  -1.4329722803e-03  3.0439378855e-03  8.5838719910e-03  5.3959284313e-03  
4.9993097782e-01  1.8173781066e+01  1.9781033398e-01  1.3635108819e-02  2.7209093371e-03  1.9844147838e-02  4.1477761262e-03  6.5049110323e-03  2.3193223293e-03  -2.1500836489e-03  3.1887525977e-03  -1.8999825315e-03  4.1065685176e-03  2.7621241633e-03  5.8484707558e-03  
5.9952062368e-01  1.4640146975e+01  1.3724271056e-01  1.8445683159e-02  2.6377403028e-03  2.4970781798e-02  2.7363250810e-03  1.1435351079e-02  3.8981244312e-03  -1.9199309861e-03  3.6109268955e-03  2.9999111181e-03  3.8532948347e-03  -1.1664799837e-03  5.8799322588e-03  
6.9896024466e-01  1.1412770975e+01  1.1676015309e-01  9.1044482628e-03  3.4391252655e-03  3.8513257677e-02  4.4951898961e-03  1.5788165633e-02  3.6465349254e-03  1.2617121811e-02  3.1927574214e-03  -1.4773926244e-03  3.6471240021e-03  -5.5891718739e-03  5.8594191788e-03  
7.9884862900e-01  8.7515016651e+00  8.0552613427e-02  4.4042514036e-03  3.6827136537e-03  4.9971779143e-02  4.8176138465e-03  1.9286776250e-02  3.5314523376e-03  9.3957644927e-03  3.6340358215e-03  1.1115759657e-03  4.0866083413e-03  3.1061412007e-03  5.9859754170e-03  
8.9869552851e-01  6.5348244539e+00  6.8244644852e-02  1.3253633284e-02  4.9147896285e-03  5.8841150317e-02  5.3547953381e-03  3.0480594815e-02  5.5252220092e-03  1.1774349162e-02  4.1831757673e-03  2.5590010619e-03  4.0004095583e-03  -2.1122223434e-03  8.0088529080e-03  
9.9842548370e-01  4.7987682976e+00  5.4475428039e-02  2.0919291581e-03  4.0430229853e-03  6.6818136848e-02  4.9929724077e-03  3.7047669407e-02  4.7786363113e-03  1.1132089130e-02  3.5027099622e-03  1.1578278507e-02  3.8284941396e-03  -1.1276530038e-02  8.1087763225e-03  
1.0981134176e+00  3.5563768592e+00  4.5291664349e-02  2.9020268648e-03  4.1709101449e-03  7.9084313080e-02  6.8874944311e-03  4.8975224496e-02  6.3043456355e-03  1.9524838667e-02  4.4434542212e-03  2.0774547139e-02  5.5919136051e-03  8.4896897659e-03  7.7764980012e-03  
1.1983009577e+00  2.6072826541e+00  2.9432193821e-02  1.0382643733e-03  6.9591488653e-03  7.5356157146e-02  7.8897972123e-03  5.0022946039e-02  7.5370965418e-03  2.3523691042e-02  6.3303174336e-03  9.6143034163e-03  6.9045248340e-03  -3.4666883776e-03  8.2441096356e-03  
1.2976193428e+00  1.8744402042e+00  2.6107589662e-02  -8.0587699161e-03  5.6969364246e-03  9.6281342423e-02  7.3802853192e-03  5.6018605592e-02  8.0234487150e-03  3.9487865160e-02  7.0961751274e-03  1.1681738693e-02  6.1369845935e-03  8.5950837007e-03  1.0558734872e-02  
1.3981577158e+00  1.3965314010e+00  2.2590698310e-02  -2.4630157732e-03  6.9659350663e-03  8.8874850211e-02  9.6690611489e-03  7.2786614375e-02  8.4211737806e-03  2.9902785976e-02  8.2044042103e-03  1.7011784405e-02  6.7592991848e-03  3.0565501728e-04  1.3036800980e-02  
1.4980143309e+00  1.0063902889e+00  1.6179993846e-02  -8.8443816897e-03  6.4656092687e-03  9.4841997532e-02  9.2901164579e-03  6.5789857116e-02  1.0737883186e-02  3.6281560230e-02  8.7552713181e-03  3.3170638425e-02  7.2888835330e-03  3.3428088924e-03  1.3195641161e-02  
1.5978782177e+00  7.2863316506e-01  1.4112647008e-02  -1.9330907308e-02  9.0466730929e-03  9.3081631351e-02  7.8813013735e-03  8.0661827955e-02  9.6934645388e-03  5.3179871348e-02  1.0850668797e-02  3.2703074754e-02  9.3428366763e-03  -1.0979852121e-03  1.5217477612e-02  
1.6972368956e+00  5.3393180172e-01  1.2605707722e-02  -1.7166670316e-02  1.3106949814e-02  1.1521813178e-01  9.2272571138e-03  9.1205668943e-02  1.2684021454e-02  5.3542142203e-02  8.7686768463e-03  1.9416540155e-02  1.1618850613e-02  -1.0923847924e-02  1.6532269540e-02  
1.7973875999e+00  3.7614802906e-01  9.2709346545e-03  -3.4414056320e-02  1.2033179279e-02  9.8240285901e-02  1.0447898991e-02  7.4680931656e-02  1.2095274919e-02  5.5434876731e-02  1.3926125146e-02  1.5065063709e-03  1.5275380013e-02  1.9731322696e-02  1.8197057494e-02  
1.8983188868e+00  2.7128208149e-01  6.5545668206e-03  -1.4041626698e-02  1.7144978307e-02  1.2091951426e-01  1.4982425858e-02  1.0587586425e-01  1.2070402508e-02  5.9128007878e-02  1.3341177427e-02  2.8012924666e-02  1.4431433228e-02  1.9596412853e-02  2.0652512867e-02  
1.9973531961e+00  2.0099611382e-01  5.0464875369e-03  -3.8534037812e-02  1.5843596282e-02  1.1459402431e-01  1.3124724034e-02  8.7467758461e-02  1.3249253442e-02  6.2753612144e-02  1.6136466386e-02  8.6485946686e-03  1.3591307972e-02  1.7458395958e-02  2.5293435238e-02  
2.0976793766e+00  1.4926637858e-01  4.8044917661e-03  -2.2577934886e-02  1.5767950530e-02  1.3367339150e-01  1.7799623916e-02  8.8563039960e-02  2.3680582387e-02  4.7706898818e-02  1.7098207165e-02  6.0526506216e-02  1.7913345737e-02  -5.0684567731e-02  3.3822344242e-02  
2.1987545490e+00  1.1005344279e-01  3.0452355671e-03  -8.0730488659e-03  1.8674714592e-02  1.1005735132e-01  2.1547950544e-02  1.0531432585e-01  1.9416067408e-02  4.8935680194e-02  1.7969445294e-02  3.2498203496e-02  2.0962916275e-02  -2.4837022708e-02  3.6603319956e-02  
2.2986056805e+00  7.6940937248e-02  2.6098842113e-03  -7.6799275906e-02  2.0139530169e-02  8.2450542636e-02  2.1083616700e-02  6.0424153915e-02  1.9903631049e-02  1.0648567525e-01  1.6875482808e-02  5.6872395419e-02  2.5992037353e-02  6.5688570194e-03  3.7605727460e-02  
2.3982539177e+00  6.0810028098e-02  2.5721615429e-03  -4.1346748050e-02  2.8018869053e-02  1.3052477862e-01  2.2423130741e-02  1.1172416177e-01  3.3441250785e-02  8.2256205532e-02  1.7408790001e-02  2.5977202887e-02  2.8729307539e-02  9.5277932398e-03  4.0427133554e-02  
2.4971070290e+00  4.6956329284e-02  1.7226082200e-03  -5.4477864236e-02  3.4829127504e-02  1.2693606834e-01  3.7548556168e-02  9.0016865543e-02  2.5937233980e-02  9.3645036959e-02  2.9577259626e-02  -1.0584793893e-02  2.7217612998e-02  6.0923178169e-02  4.2807748425e-02  
2.5987045765e+00  3.3559182787e-02  1.5306756093e-03  -2.1582384401e-02  4.2145997009e-02  1.1663828165e-01  2.9251628432e-02  1.2134631461e-01  2.8318116028e-02  8.0648286379e-02  3.0339715461e-02  4.0787404520e-02  4.1798782272e-02  6.9192949593e-02  4.7963441563e-02  
2.6960299015e+00  2.5058942945e-02  1.2696399422e-03  -5.0134113239e-02  3.7558011602e-02  1.8156538029e-01  4.0420843256e-02  1.1573704935e-01  3.5409005610e-02  1.0798713816e-01  3.5603439267e-02  5.3921782650e-02  3.9421282547e-02  -4.5801438859e-02  4.7722265811e-02  
2.7992551327e+00  1.8913379614e-02  1.1085586936e-03  -2.8585244848e-02  4.3758233497e-02  1.0765844488e-01  3.6786181232e-02  1.3446660000e-01  4.0645532189e-02  1.3718598873e-01  4.3783250086e-02  7.4030920699e-02  3.9010696718e-02  -2.7917354782e-02  7.2727465272e-02  
2.8991620541e+00  1.6244999370e-02  1.0886288465e-03  -1.6525672071e-02  3.9261514698e-02  1.4132788143e-01  4.8698515977e-02  6.7252699955e-02  3.1837186924e-02  7.8464733975e-02  4.3717153266e-02  1.1479072225e-01  3.6193335006e-02  6.0709600661e-02  6.2228035237e-02  
2.9982221127e+00  1.2349948272e-02  6.1545580011e-04  -5.8334411134e-03  4.9726777599e-02  9.0072145154e-02  4.6345053109e-02  3.9638851292e-02  4.4855880830e-02  4.3407703114e-02  4.3342694984e-02  -4.6369293535e-02  6.3066718219e-02  -6.8459203833e-02  7.8178089985e-02  
3.0953350067e+00  9.3915969897e-03  7.2908755086e-04  1.0801142747e-02  6.3924792712e-02  1.4748748789e-01  4.3367666807e-02  5.1820935684e-02  4.5926368147e-02  8.6931133779e-02  4.4183180823e-02  2.3994804086e-02  4.6175524433e-02  4.6260966761e-02  1.0651942345e-01  
3.1985895634e+00  7.9714105992e-03  6.3407550443e-04  1.8307636591e-02  7.3222517711e-02  2.5079620656e-02  5.9332095609e-02  -2.8687580777e-02  5.8565945485e-02  -1.0739424173e-01  6.6888326829e-02  8.2144877101e-02  7.2048091731e-02  6.7409441204e-02  7.5711316730e-02  
3.2963688374e+00  6.3062079564e-03  5.6524926627e-04  2.3832956810e-02  6.8441764627e-02  1.4864595306e-01  7.0790515340e-02  7.8336184875e-02  8.2227187010e-02  6.0595780668e-02  6.8023772093e-02  1.2678728234e-01  7.1429344543e-02  2.5367443323e-01  1.3765184843e-01  
3.3965520859e+00  6.1202027420e-03  5.1858471863e-04  9.4319164608e-03  5.6945058410e-02  7.2458455023e-02  7.4335053905e-02  -8.0291358909e-03  6.2752850239e-02  1.0266931855e-01  7.7096832062e-02  -2.3181708731e-02  7.6552395873e-02  -7.7840911158e-02  1.1123004763e-01  
3.4970107079e+00  5.7586260202e-03  5.3799706491e-04  2.1603057054e-02  6.5118372498e-02  3.3403972033e-02  5.6159804174e-02  2.3222431748e-02  6.8414626716e-02  1.1476020958e-01  9.3657041918e-02  4.0223566148e-02  7.7034138258e-02  -2.9421886825e-02  8.6311773563e-02  
3.5998129845e+00  4.9625736859e-03  4.8811326136e-04  8.9679826817e-03  6.3076134301e-02  -2.6961638501e-02  8.2455491336e-02  -2.0386983211e-02  7.3670504686e-02  -1.7023948841e-01  7.0932570252e-02  5.2240401555e-02  8.3734022071e-02  5.6288001204e-02  9.4117699149e-02  
3.6955752373e+00  4.7460895440e-03  4.0266701116e-04  -1.8247342080e-01  7.3569118145e-02  -1.5881710742e-03  6.1697840979e-02  7.8954455850e-02  6.7922450273e-02  9.0628372358e-02  6.4913756084e-02  1.8299052362e-03  1.0035671675e-01  5.4838630482e-02  9.8806357533e-02  
3.7917718887e+00  4.1973775334e-03  4.0632461724e-04  2.8093513097e-02  7.3849297136e-02  2.0174146138e-02  7.4839127722e-02  3.4251265262e-03  5.0336819656e-02  -9.8399247486e-04  6.0813072376e-02  1.1157354127e-01  6.2187843648e-02  1.6862262871e-01  1.1253801844e-01  
3.8958823681e+00  3.4182370572e-03  3.4570462617e-04  -5.0967763176e-02  6.5118998595e-02  -4.9302838144e-02  7.3645967281e-02  7.9782486355e-02  7.6316155334e-02  -3.0559565662e-02  7.2332632273e-02  1.2031512665e-01  8.9014458319e-02  -3.8498191618e-02  1.3174411705e-01  
3.9944577217e+00  3.1712530299e-03  3.8535695889e-04  8.9273215918e-03  7.1725728128e-02  5.4961130466e-03  7.3033066220e-02  -6.0242495934e-02  7.5239958259e-02  2.4406816897e-02  6.4213533378e-02  -3.6575433001e-02  8.1675752122e-02  7.7040669700e-02  1.9843348324e-01  
