#pT  vn{4}  vn{4}_err
1.0764723330e-01  0.0000000000e+00  0.0000000000e+00  1.0257772257e-01  2.3127387250e+00  0.0000000000e+00  0.0000000000e+00  
2.0236391425e-01  0.0000000000e+00  0.0000000000e+00  1.3093572602e-01  2.8506828878e+00  0.0000000000e+00  0.0000000000e+00  
3.0057316459e-01  0.0000000000e+00  0.0000000000e+00  2.3007104662e-02  4.9487317404e-01  0.0000000000e+00  0.0000000000e+00  
3.9922681089e-01  0.0000000000e+00  0.0000000000e+00  6.6887449778e-02  1.4400522793e+00  0.0000000000e+00  0.0000000000e+00  
4.9831402578e-01  0.0000000000e+00  0.0000000000e+00  0.0000000000e+00  0.0000000000e+00  0.0000000000e+00  0.0000000000e+00  
5.9750471803e-01  4.7155318670e-02  1.5443583264e+00  1.0257170383e-01  2.2131019912e+00  0.0000000000e+00  0.0000000000e+00  
6.9782901722e-01  0.0000000000e+00  0.0000000000e+00  2.2961222408e-01  4.9366782981e+00  8.7492524768e-03  1.8815988332e-01  
7.9753690723e-01  0.0000000000e+00  0.0000000000e+00  0.0000000000e+00  0.0000000000e+00  1.2224009725e-02  2.6359991603e-01  
8.9602291577e-01  0.0000000000e+00  0.0000000000e+00  0.0000000000e+00  0.0000000000e+00  2.3916775788e-02  5.2562185223e-01  
9.9708359962e-01  0.0000000000e+00  0.0000000000e+00  0.0000000000e+00  0.0000000000e+00  0.0000000000e+00  0.0000000000e+00  
1.0977714426e+00  0.0000000000e+00  0.0000000000e+00  2.8090203403e-01  6.0394416923e+00  0.0000000000e+00  0.0000000000e+00  
1.1972395308e+00  0.0000000000e+00  0.0000000000e+00  5.9967663180e-02  2.3502167739e+00  0.0000000000e+00  0.0000000000e+00  
1.2950650932e+00  0.0000000000e+00  0.0000000000e+00  7.0187591360e-02  1.2718823898e+01  0.0000000000e+00  0.0000000000e+00  
1.3955753197e+00  0.0000000000e+00  0.0000000000e+00  0.0000000000e+00  0.0000000000e+00  0.0000000000e+00  0.0000000000e+00  
1.4953093016e+00  0.0000000000e+00  0.0000000000e+00  7.1300520949e-01  1.5381775123e+01  0.0000000000e+00  0.0000000000e+00  
1.5936600304e+00  0.0000000000e+00  0.0000000000e+00  0.0000000000e+00  0.0000000000e+00  0.0000000000e+00  0.0000000000e+00  
1.6966280474e+00  0.0000000000e+00  0.0000000000e+00  6.2224004066e-01  1.3382156757e+01  0.0000000000e+00  0.0000000000e+00  
1.7879575187e+00  0.0000000000e+00  0.0000000000e+00  2.1398497399e+00  4.6026141606e+01  1.9731087765e-02  5.3282039230e-01  
1.8904745791e+00  0.0000000000e+00  0.0000000000e+00  3.2129529466e-01  6.9723079109e+00  0.0000000000e+00  0.0000000000e+00  
2.0002041160e+00  0.0000000000e+00  0.0000000000e+00  7.9032721912e-01  1.7004488545e+01  0.0000000000e+00  0.0000000000e+00  
2.1018042655e+00  0.0000000000e+00  0.0000000000e+00  6.9184533707e-01  1.4969970366e+01  0.0000000000e+00  0.0000000000e+00  
2.2114014281e+00  0.0000000000e+00  0.0000000000e+00  1.3661141510e+00  2.9409646516e+01  0.0000000000e+00  0.0000000000e+00  
2.2696462298e+00  4.9233215184e+00  9.7135486109e+01  2.9975306893e+00  6.4496138006e+01  0.0000000000e+00  0.0000000000e+00  
2.3611786800e+00  0.0000000000e+00  0.0000000000e+00  1.1979029831e+00  2.5786311273e+01  0.0000000000e+00  0.0000000000e+00  
2.4530805800e+00  0.0000000000e+00  0.0000000000e+00  1.0265759753e+01  2.2092635727e+02  0.0000000000e+00  0.0000000000e+00  
2.6325495500e+00  0.0000000000e+00  0.0000000000e+00  2.3746487829e+00  5.1096237667e+01  0.0000000000e+00  0.0000000000e+00  
2.6500000000e+00  0.0000000000e+00  0.0000000000e+00  0.0000000000e+00  0.0000000000e+00  0.0000000000e+00  0.0000000000e+00  
2.7500000000e+00  0.0000000000e+00  0.0000000000e+00  0.0000000000e+00  0.0000000000e+00  0.0000000000e+00  0.0000000000e+00  
2.9001816600e+00  0.0000000000e+00  0.0000000000e+00  2.4390795045e+00  5.2510716487e+01  0.0000000000e+00  0.0000000000e+00  
2.9500000000e+00  0.0000000000e+00  0.0000000000e+00  0.0000000000e+00  0.0000000000e+00  0.0000000000e+00  0.0000000000e+00  
3.0500000000e+00  0.0000000000e+00  0.0000000000e+00  0.0000000000e+00  0.0000000000e+00  0.0000000000e+00  0.0000000000e+00  
3.1500000000e+00  0.0000000000e+00  0.0000000000e+00  0.0000000000e+00  0.0000000000e+00  0.0000000000e+00  0.0000000000e+00  
3.2500000000e+00  0.0000000000e+00  0.0000000000e+00  0.0000000000e+00  0.0000000000e+00  0.0000000000e+00  0.0000000000e+00  
3.3500000000e+00  0.0000000000e+00  0.0000000000e+00  0.0000000000e+00  0.0000000000e+00  0.0000000000e+00  0.0000000000e+00  
3.4500000000e+00  0.0000000000e+00  0.0000000000e+00  0.0000000000e+00  0.0000000000e+00  0.0000000000e+00  0.0000000000e+00  
3.5500000000e+00  0.0000000000e+00  0.0000000000e+00  0.0000000000e+00  0.0000000000e+00  0.0000000000e+00  0.0000000000e+00  
3.6500000000e+00  0.0000000000e+00  0.0000000000e+00  0.0000000000e+00  0.0000000000e+00  0.0000000000e+00  0.0000000000e+00  
3.7500000000e+00  0.0000000000e+00  0.0000000000e+00  0.0000000000e+00  0.0000000000e+00  0.0000000000e+00  0.0000000000e+00  
3.8500000000e+00  0.0000000000e+00  0.0000000000e+00  0.0000000000e+00  0.0000000000e+00  0.0000000000e+00  0.0000000000e+00  
3.9500000000e+00  0.0000000000e+00  0.0000000000e+00  0.0000000000e+00  0.0000000000e+00  0.0000000000e+00  0.0000000000e+00  
