#pT  vn{4}  vn{4}_err
1.0813764672e-01  1.0556586443e+00  1.5186077197e+01  1.5595665535e-03  7.6217786066e-03  0.0000000000e+00  0.0000000000e+00  
2.0363655533e-01  0.0000000000e+00  0.0000000000e+00  6.0920963022e-03  7.3813811139e-03  0.0000000000e+00  0.0000000000e+00  
3.0229069118e-01  2.0937265961e-01  4.6300377044e+00  1.7242543271e-02  5.7291567307e-03  0.0000000000e+00  0.0000000000e+00  
4.0134275960e-01  3.7837404844e-02  3.3365907006e+01  2.5560162787e-02  5.1885993810e-03  0.0000000000e+00  0.0000000000e+00  
5.0071955250e-01  1.7444242179e-01  5.8767695237e+00  2.9290472993e-02  4.8044403445e-03  0.0000000000e+00  0.0000000000e+00  
6.0023515706e-01  1.4332098060e-01  3.3933283799e+00  4.4416358423e-02  5.6403564729e-03  0.0000000000e+00  0.0000000000e+00  
6.9973736818e-01  4.7500471518e-01  1.7846104568e+01  6.0119655913e-02  6.1320011038e-03  0.0000000000e+00  0.0000000000e+00  
7.9922196538e-01  2.3089063571e-01  3.4793092507e+00  6.8203788428e-02  7.4268808892e-03  0.0000000000e+00  0.0000000000e+00  
8.9882956920e-01  7.5889995741e-01  1.1427145778e+01  7.8375299376e-02  7.1130336740e-03  0.0000000000e+00  0.0000000000e+00  
9.9845763401e-01  0.0000000000e+00  0.0000000000e+00  9.3457931310e-02  8.9256139884e-03  0.0000000000e+00  0.0000000000e+00  
1.0985821081e+00  2.4837673353e-01  2.9343276082e+00  9.6685280464e-02  1.0009516673e-02  0.0000000000e+00  0.0000000000e+00  
1.1980736163e+00  1.1687227604e+00  1.8152589334e+01  1.0836713552e-01  1.1126944279e-02  0.0000000000e+00  0.0000000000e+00  
1.2983713365e+00  3.7894013304e-01  6.9141755841e+00  1.1715638114e-01  1.2219141197e-02  0.0000000000e+00  0.0000000000e+00  
1.3979204106e+00  1.0258429140e+00  1.4479728802e+01  1.2886194898e-01  1.2122297838e-02  0.0000000000e+00  0.0000000000e+00  
1.4971103819e+00  1.5080183443e+00  3.1260264485e+01  1.5115781893e-01  1.4202712287e-02  0.0000000000e+00  0.0000000000e+00  
1.5979102583e+00  1.6604636320e+00  3.7450137503e+01  1.3918554978e-01  1.1759577489e-02  0.0000000000e+00  0.0000000000e+00  
1.6966132320e+00  5.8517319671e-01  1.3488439827e+01  1.5516310047e-01  1.5794010024e-02  0.0000000000e+00  0.0000000000e+00  
1.7967168868e+00  7.9117961220e-01  1.0155075024e+01  1.5244736059e-01  1.7789876764e-02  0.0000000000e+00  0.0000000000e+00  
1.8960459796e+00  2.8886550143e+00  4.9366625669e+01  1.4836693797e-01  2.1462133772e-02  0.0000000000e+00  0.0000000000e+00  
1.9977797883e+00  0.0000000000e+00  0.0000000000e+00  1.7291246527e-01  2.4932512562e-02  0.0000000000e+00  0.0000000000e+00  
2.0977289296e+00  2.1755563988e-01  4.9465896941e+00  1.3193157303e-01  2.9373118775e-02  0.0000000000e+00  0.0000000000e+00  
2.1975203474e+00  1.5362952423e+00  3.3799060510e+01  2.0858995957e-01  3.1813665396e-02  0.0000000000e+00  0.0000000000e+00  
2.2958192465e+00  6.1146885340e+00  9.5240812343e+01  1.8599750528e-01  3.5117470466e-02  0.0000000000e+00  0.0000000000e+00  
2.3981496912e+00  0.0000000000e+00  0.0000000000e+00  1.2549299181e-01  5.4611796626e-02  0.0000000000e+00  0.0000000000e+00  
2.4950527009e+00  1.0264370247e+01  1.7507565618e+02  1.6936158408e-01  5.5821500653e-02  0.0000000000e+00  0.0000000000e+00  
2.5992829121e+00  3.6408337339e+00  8.1215054328e+01  1.8843394944e-01  6.4819460025e-02  0.0000000000e+00  0.0000000000e+00  
2.6981072118e+00  1.8905826872e+00  3.5205668951e+01  2.2083405951e-01  7.3420879024e-02  0.0000000000e+00  0.0000000000e+00  
2.7946831009e+00  1.5932996721e+01  2.3221680601e+02  1.1008756883e-01  9.4852571266e-02  0.0000000000e+00  0.0000000000e+00  
2.8933713167e+00  1.5862227541e+01  2.8333558667e+02  1.6901403489e-01  1.3584353513e-01  0.0000000000e+00  0.0000000000e+00  
2.9899828947e+00  2.0227553112e+01  3.4577986002e+02  4.0598811563e-01  1.1063658579e-01  0.0000000000e+00  0.0000000000e+00  
3.0944876279e+00  0.0000000000e+00  0.0000000000e+00  3.9857387295e-02  2.3335129702e-01  0.0000000000e+00  0.0000000000e+00  
3.1912972825e+00  8.0598310250e-01  1.7927339904e+02  5.1688956800e-02  2.3462681228e-01  0.0000000000e+00  0.0000000000e+00  
3.3156923618e+00  0.0000000000e+00  0.0000000000e+00  1.0134639706e-01  4.7245057167e-01  0.0000000000e+00  0.0000000000e+00  
3.3886963419e+00  9.4363936285e+01  1.5720211526e+03  1.9984330594e-01  1.5083626219e+00  0.0000000000e+00  0.0000000000e+00  
3.5069948961e+00  9.9453759718e+01  1.7118322298e+03  2.0779192562e-01  1.8097641307e-01  0.0000000000e+00  0.0000000000e+00  
3.5999640662e+00  1.0161317450e+01  2.9329070112e+02  6.8623009174e-01  1.1247023444e-01  0.0000000000e+00  0.0000000000e+00  
3.6984799205e+00  4.1371866313e+01  6.8966716910e+02  1.1857528065e-01  4.0184173337e-01  0.0000000000e+00  0.0000000000e+00  
3.8026209200e+00  4.0124812683e+01  6.6220871035e+02  5.1532180484e-01  1.3173472507e-01  0.0000000000e+00  0.0000000000e+00  
3.8500000000e+00  0.0000000000e+00  0.0000000000e+00  0.0000000000e+00  0.0000000000e+00  0.0000000000e+00  0.0000000000e+00  
4.0483568000e+00  5.7588954172e+01  9.5494746099e+02  4.0101231720e-01  1.9382909983e-01  0.0000000000e+00  0.0000000000e+00  
