#pT  vn{4}  vn{4}_err
1.1021059513e-01  0.0000000000e+00  0.0000000000e+00  7.4650803459e-03  6.5742074576e-04  1.2727762162e-01  2.5752757976e+00  
2.0125707009e-01  0.0000000000e+00  0.0000000000e+00  1.9769049341e-02  9.9829473927e-04  8.2348777481e-03  2.1027666711e-01  
2.9903410814e-01  0.0000000000e+00  0.0000000000e+00  3.1696570712e-02  1.4309673857e-03  6.8991136467e-02  1.3854314088e+00  
3.9831586348e-01  0.0000000000e+00  0.0000000000e+00  4.3685902800e-02  2.0335959181e-03  3.5356739807e-02  7.1777616073e-01  
4.9804610059e-01  0.0000000000e+00  0.0000000000e+00  5.3813833801e-02  2.4793591909e-03  1.5715684376e-01  3.1580407538e+00  
5.9789395387e-01  0.0000000000e+00  0.0000000000e+00  6.2373169867e-02  2.9952603358e-03  6.4927329914e-02  1.3227512112e+00  
6.9766737543e-01  0.0000000000e+00  0.0000000000e+00  7.0419950641e-02  3.4771247098e-03  1.4993459234e-01  2.9955869011e+00  
7.9765931813e-01  0.0000000000e+00  0.0000000000e+00  7.6272246333e-02  3.8294470835e-03  5.2517537013e-02  1.0435264224e+00  
8.9752570838e-01  0.0000000000e+00  0.0000000000e+00  8.3769820769e-02  3.7833698366e-03  1.8306155448e-01  3.6735965114e+00  
9.9749171353e-01  0.0000000000e+00  0.0000000000e+00  8.9476592163e-02  4.2778660808e-03  9.2861083494e-02  1.8404893160e+00  
1.0973994930e+00  0.0000000000e+00  0.0000000000e+00  9.4869487104e-02  4.7604050697e-03  3.3912545016e-01  6.8029823733e+00  
1.1973669951e+00  0.0000000000e+00  0.0000000000e+00  9.7729521748e-02  5.5064549096e-03  3.7853766168e-01  7.6222612330e+00  
1.2973104470e+00  0.0000000000e+00  0.0000000000e+00  1.0700329710e-01  5.2616622918e-03  4.2751678674e-01  8.5765616882e+00  
1.3972784757e+00  0.0000000000e+00  0.0000000000e+00  1.0942544977e-01  5.8224656441e-03  8.7809950613e-01  1.7691219207e+01  
1.4971775827e+00  0.0000000000e+00  0.0000000000e+00  1.1896697314e-01  6.4394617003e-03  5.0631451972e-02  9.0911021344e-01  
1.5970287269e+00  0.0000000000e+00  0.0000000000e+00  1.2166889663e-01  6.4663971937e-03  1.0108333090e+00  2.0337406887e+01  
1.6969733671e+00  0.0000000000e+00  0.0000000000e+00  1.2907994875e-01  6.5838103156e-03  5.5794658436e-01  1.1287393115e+01  
1.7968719302e+00  0.0000000000e+00  0.0000000000e+00  1.2788032848e-01  7.3243990425e-03  3.6952740815e-01  7.4220023942e+00  
1.8966301192e+00  0.0000000000e+00  0.0000000000e+00  1.2596445436e-01  8.8318070326e-03  6.8198041898e-01  1.3829644224e+01  
1.9968914369e+00  0.0000000000e+00  0.0000000000e+00  1.4521925585e-01  8.0345286398e-03  1.4117282456e-01  4.0852165634e+00  
2.0969783121e+00  0.0000000000e+00  0.0000000000e+00  1.3140778255e-01  1.1666685332e-02  1.5627344664e-01  3.6160336870e+00  
2.1970768301e+00  0.0000000000e+00  0.0000000000e+00  1.4524961067e-01  1.3626426765e-02  1.8032143232e+00  3.6139499001e+01  
2.2970437289e+00  0.0000000000e+00  0.0000000000e+00  1.8017656769e-01  1.2688351699e-02  1.5746075799e+00  3.1761931114e+01  
2.3971866462e+00  0.0000000000e+00  0.0000000000e+00  1.3946309295e-01  1.4873031504e-02  1.0862926317e+00  2.1958760117e+01  
2.4966145380e+00  0.0000000000e+00  0.0000000000e+00  1.3820114643e-01  1.5654326044e-02  1.6925891874e+00  3.4046883727e+01  
2.5980782123e+00  0.0000000000e+00  0.0000000000e+00  1.5442826362e-01  2.1712530517e-02  2.5342186059e-01  4.8514116717e+00  
2.6972392812e+00  0.0000000000e+00  0.0000000000e+00  1.6838036945e-01  2.6314270553e-02  4.4037188967e-01  8.8854531261e+00  
2.7962544656e+00  0.0000000000e+00  0.0000000000e+00  2.2531551115e-01  2.9681971463e-02  2.0369677664e+00  4.1138517691e+01  
2.8981255244e+00  0.0000000000e+00  0.0000000000e+00  1.9838098004e-01  3.3001931675e-02  6.0792311431e+00  1.2211819947e+02  
2.9978646531e+00  0.0000000000e+00  0.0000000000e+00  2.4201170827e-01  3.8946442165e-02  9.7594927933e+00  1.9636271017e+02  
3.0972457906e+00  0.0000000000e+00  0.0000000000e+00  1.8253439993e-01  4.6126587653e-02  5.9476431013e+00  1.1894360271e+02  
3.1923964988e+00  0.0000000000e+00  0.0000000000e+00  1.0812767812e-01  6.1230382322e-02  0.0000000000e+00  0.0000000000e+00  
3.3016448926e+00  0.0000000000e+00  0.0000000000e+00  1.8180900263e-01  7.2964390117e-02  3.6408431883e+00  7.2404024973e+01  
3.3921007734e+00  0.0000000000e+00  0.0000000000e+00  1.9739263486e-01  1.0214915510e-01  1.2932100572e+01  2.6314010366e+02  
3.4982715050e+00  0.0000000000e+00  0.0000000000e+00  9.8381405444e-02  7.6148682161e-02  3.1260995165e+00  7.7625754818e+01  
3.6008067248e+00  0.0000000000e+00  0.0000000000e+00  3.7697216635e-01  1.3367626746e-01  1.3467799709e+01  2.7320578091e+02  
3.6955220357e+00  0.0000000000e+00  0.0000000000e+00  2.4881038241e-02  1.7785265525e-01  9.3090048547e+00  1.8717014838e+02  
3.8067565071e+00  0.0000000000e+00  0.0000000000e+00  4.8490842532e-01  2.3627987493e-01  1.3405139747e+01  2.6783271587e+02  
3.8972269273e+00  0.0000000000e+00  0.0000000000e+00  1.1810655672e-01  4.4556548719e-01  1.4327834292e+01  2.8656026337e+02  
3.9949884683e+00  0.0000000000e+00  0.0000000000e+00  1.9421397927e-01  2.8757778693e-01  4.5109811565e+00  8.5869588943e+01  
