#y  dN/dy  dN/dy_err  vn{2}(y)  vn{2}(y)_err  Re{vn}(y)  Re{vn}(y)_err
-7.0000000000e+00  0.0000000000e+00  0.0000000000e+00  0.0000000000e+00  0.0000000000e+00  0.0000000000e+00  0.0000000000e+00  0.0000000000e+00  0.0000000000e+00  0.0000000000e+00  0.0000000000e+00  0.0000000000e+00  0.0000000000e+00  0.0000000000e+00  0.0000000000e+00  0.0000000000e+00  0.0000000000e+00  0.0000000000e+00  0.0000000000e+00  0.0000000000e+00  0.0000000000e+00  0.0000000000e+00  0.0000000000e+00  0.0000000000e+00  0.0000000000e+00  0.0000000000e+00  0.0000000000e+00  
-6.9000000000e+00  0.0000000000e+00  0.0000000000e+00  0.0000000000e+00  0.0000000000e+00  0.0000000000e+00  0.0000000000e+00  0.0000000000e+00  0.0000000000e+00  0.0000000000e+00  0.0000000000e+00  0.0000000000e+00  0.0000000000e+00  0.0000000000e+00  0.0000000000e+00  0.0000000000e+00  0.0000000000e+00  0.0000000000e+00  0.0000000000e+00  0.0000000000e+00  0.0000000000e+00  0.0000000000e+00  0.0000000000e+00  0.0000000000e+00  0.0000000000e+00  0.0000000000e+00  0.0000000000e+00  
-6.8000000000e+00  0.0000000000e+00  0.0000000000e+00  0.0000000000e+00  0.0000000000e+00  0.0000000000e+00  0.0000000000e+00  0.0000000000e+00  0.0000000000e+00  0.0000000000e+00  0.0000000000e+00  0.0000000000e+00  0.0000000000e+00  0.0000000000e+00  0.0000000000e+00  0.0000000000e+00  0.0000000000e+00  0.0000000000e+00  0.0000000000e+00  0.0000000000e+00  0.0000000000e+00  0.0000000000e+00  0.0000000000e+00  0.0000000000e+00  0.0000000000e+00  0.0000000000e+00  0.0000000000e+00  
-6.7000000000e+00  0.0000000000e+00  0.0000000000e+00  0.0000000000e+00  0.0000000000e+00  0.0000000000e+00  0.0000000000e+00  0.0000000000e+00  0.0000000000e+00  0.0000000000e+00  0.0000000000e+00  0.0000000000e+00  0.0000000000e+00  0.0000000000e+00  0.0000000000e+00  0.0000000000e+00  0.0000000000e+00  0.0000000000e+00  0.0000000000e+00  0.0000000000e+00  0.0000000000e+00  0.0000000000e+00  0.0000000000e+00  0.0000000000e+00  0.0000000000e+00  0.0000000000e+00  0.0000000000e+00  
-6.6000000000e+00  0.0000000000e+00  0.0000000000e+00  0.0000000000e+00  0.0000000000e+00  0.0000000000e+00  0.0000000000e+00  0.0000000000e+00  0.0000000000e+00  0.0000000000e+00  0.0000000000e+00  0.0000000000e+00  0.0000000000e+00  0.0000000000e+00  0.0000000000e+00  0.0000000000e+00  0.0000000000e+00  0.0000000000e+00  0.0000000000e+00  0.0000000000e+00  0.0000000000e+00  0.0000000000e+00  0.0000000000e+00  0.0000000000e+00  0.0000000000e+00  0.0000000000e+00  0.0000000000e+00  
-6.5000000000e+00  0.0000000000e+00  0.0000000000e+00  0.0000000000e+00  0.0000000000e+00  0.0000000000e+00  0.0000000000e+00  0.0000000000e+00  0.0000000000e+00  0.0000000000e+00  0.0000000000e+00  0.0000000000e+00  0.0000000000e+00  0.0000000000e+00  0.0000000000e+00  0.0000000000e+00  0.0000000000e+00  0.0000000000e+00  0.0000000000e+00  0.0000000000e+00  0.0000000000e+00  0.0000000000e+00  0.0000000000e+00  0.0000000000e+00  0.0000000000e+00  0.0000000000e+00  0.0000000000e+00  
-6.4000000000e+00  0.0000000000e+00  0.0000000000e+00  0.0000000000e+00  0.0000000000e+00  0.0000000000e+00  0.0000000000e+00  0.0000000000e+00  0.0000000000e+00  0.0000000000e+00  0.0000000000e+00  0.0000000000e+00  0.0000000000e+00  0.0000000000e+00  0.0000000000e+00  0.0000000000e+00  0.0000000000e+00  0.0000000000e+00  0.0000000000e+00  0.0000000000e+00  0.0000000000e+00  0.0000000000e+00  0.0000000000e+00  0.0000000000e+00  0.0000000000e+00  0.0000000000e+00  0.0000000000e+00  
-6.3000000000e+00  0.0000000000e+00  0.0000000000e+00  0.0000000000e+00  0.0000000000e+00  0.0000000000e+00  0.0000000000e+00  0.0000000000e+00  0.0000000000e+00  0.0000000000e+00  0.0000000000e+00  0.0000000000e+00  0.0000000000e+00  0.0000000000e+00  0.0000000000e+00  0.0000000000e+00  0.0000000000e+00  0.0000000000e+00  0.0000000000e+00  0.0000000000e+00  0.0000000000e+00  0.0000000000e+00  0.0000000000e+00  0.0000000000e+00  0.0000000000e+00  0.0000000000e+00  0.0000000000e+00  
-6.2000000000e+00  0.0000000000e+00  0.0000000000e+00  0.0000000000e+00  0.0000000000e+00  0.0000000000e+00  0.0000000000e+00  0.0000000000e+00  0.0000000000e+00  0.0000000000e+00  0.0000000000e+00  0.0000000000e+00  0.0000000000e+00  0.0000000000e+00  0.0000000000e+00  0.0000000000e+00  0.0000000000e+00  0.0000000000e+00  0.0000000000e+00  0.0000000000e+00  0.0000000000e+00  0.0000000000e+00  0.0000000000e+00  0.0000000000e+00  0.0000000000e+00  0.0000000000e+00  0.0000000000e+00  
-6.1000000000e+00  0.0000000000e+00  0.0000000000e+00  0.0000000000e+00  0.0000000000e+00  0.0000000000e+00  0.0000000000e+00  0.0000000000e+00  0.0000000000e+00  0.0000000000e+00  0.0000000000e+00  0.0000000000e+00  0.0000000000e+00  0.0000000000e+00  0.0000000000e+00  0.0000000000e+00  0.0000000000e+00  0.0000000000e+00  0.0000000000e+00  0.0000000000e+00  0.0000000000e+00  0.0000000000e+00  0.0000000000e+00  0.0000000000e+00  0.0000000000e+00  0.0000000000e+00  0.0000000000e+00  
-6.0000000000e+00  0.0000000000e+00  0.0000000000e+00  0.0000000000e+00  0.0000000000e+00  0.0000000000e+00  0.0000000000e+00  0.0000000000e+00  0.0000000000e+00  0.0000000000e+00  0.0000000000e+00  0.0000000000e+00  0.0000000000e+00  0.0000000000e+00  0.0000000000e+00  0.0000000000e+00  0.0000000000e+00  0.0000000000e+00  0.0000000000e+00  0.0000000000e+00  0.0000000000e+00  0.0000000000e+00  0.0000000000e+00  0.0000000000e+00  0.0000000000e+00  0.0000000000e+00  0.0000000000e+00  
-5.9000000000e+00  0.0000000000e+00  0.0000000000e+00  0.0000000000e+00  0.0000000000e+00  0.0000000000e+00  0.0000000000e+00  0.0000000000e+00  0.0000000000e+00  0.0000000000e+00  0.0000000000e+00  0.0000000000e+00  0.0000000000e+00  0.0000000000e+00  0.0000000000e+00  0.0000000000e+00  0.0000000000e+00  0.0000000000e+00  0.0000000000e+00  0.0000000000e+00  0.0000000000e+00  0.0000000000e+00  0.0000000000e+00  0.0000000000e+00  0.0000000000e+00  0.0000000000e+00  0.0000000000e+00  
-5.8000000000e+00  0.0000000000e+00  0.0000000000e+00  0.0000000000e+00  0.0000000000e+00  0.0000000000e+00  0.0000000000e+00  0.0000000000e+00  0.0000000000e+00  0.0000000000e+00  0.0000000000e+00  0.0000000000e+00  0.0000000000e+00  0.0000000000e+00  0.0000000000e+00  0.0000000000e+00  0.0000000000e+00  0.0000000000e+00  0.0000000000e+00  0.0000000000e+00  0.0000000000e+00  0.0000000000e+00  0.0000000000e+00  0.0000000000e+00  0.0000000000e+00  0.0000000000e+00  0.0000000000e+00  
-5.7000000000e+00  0.0000000000e+00  0.0000000000e+00  0.0000000000e+00  0.0000000000e+00  0.0000000000e+00  0.0000000000e+00  0.0000000000e+00  0.0000000000e+00  0.0000000000e+00  0.0000000000e+00  0.0000000000e+00  0.0000000000e+00  0.0000000000e+00  0.0000000000e+00  0.0000000000e+00  0.0000000000e+00  0.0000000000e+00  0.0000000000e+00  0.0000000000e+00  0.0000000000e+00  0.0000000000e+00  0.0000000000e+00  0.0000000000e+00  0.0000000000e+00  0.0000000000e+00  0.0000000000e+00  
-5.6000000000e+00  0.0000000000e+00  0.0000000000e+00  0.0000000000e+00  0.0000000000e+00  0.0000000000e+00  0.0000000000e+00  0.0000000000e+00  0.0000000000e+00  0.0000000000e+00  0.0000000000e+00  0.0000000000e+00  0.0000000000e+00  0.0000000000e+00  0.0000000000e+00  0.0000000000e+00  0.0000000000e+00  0.0000000000e+00  0.0000000000e+00  0.0000000000e+00  0.0000000000e+00  0.0000000000e+00  0.0000000000e+00  0.0000000000e+00  0.0000000000e+00  0.0000000000e+00  0.0000000000e+00  
-5.5000000000e+00  0.0000000000e+00  0.0000000000e+00  0.0000000000e+00  0.0000000000e+00  0.0000000000e+00  0.0000000000e+00  0.0000000000e+00  0.0000000000e+00  0.0000000000e+00  0.0000000000e+00  0.0000000000e+00  0.0000000000e+00  0.0000000000e+00  0.0000000000e+00  0.0000000000e+00  0.0000000000e+00  0.0000000000e+00  0.0000000000e+00  0.0000000000e+00  0.0000000000e+00  0.0000000000e+00  0.0000000000e+00  0.0000000000e+00  0.0000000000e+00  0.0000000000e+00  0.0000000000e+00  
-5.4000000000e+00  0.0000000000e+00  0.0000000000e+00  0.0000000000e+00  0.0000000000e+00  0.0000000000e+00  0.0000000000e+00  0.0000000000e+00  0.0000000000e+00  0.0000000000e+00  0.0000000000e+00  0.0000000000e+00  0.0000000000e+00  0.0000000000e+00  0.0000000000e+00  0.0000000000e+00  0.0000000000e+00  0.0000000000e+00  0.0000000000e+00  0.0000000000e+00  0.0000000000e+00  0.0000000000e+00  0.0000000000e+00  0.0000000000e+00  0.0000000000e+00  0.0000000000e+00  0.0000000000e+00  
-5.3000000000e+00  0.0000000000e+00  0.0000000000e+00  0.0000000000e+00  0.0000000000e+00  0.0000000000e+00  0.0000000000e+00  0.0000000000e+00  0.0000000000e+00  0.0000000000e+00  0.0000000000e+00  0.0000000000e+00  0.0000000000e+00  0.0000000000e+00  0.0000000000e+00  0.0000000000e+00  0.0000000000e+00  0.0000000000e+00  0.0000000000e+00  0.0000000000e+00  0.0000000000e+00  0.0000000000e+00  0.0000000000e+00  0.0000000000e+00  0.0000000000e+00  0.0000000000e+00  0.0000000000e+00  
-5.2000000000e+00  0.0000000000e+00  0.0000000000e+00  0.0000000000e+00  0.0000000000e+00  0.0000000000e+00  0.0000000000e+00  0.0000000000e+00  0.0000000000e+00  0.0000000000e+00  0.0000000000e+00  0.0000000000e+00  0.0000000000e+00  0.0000000000e+00  0.0000000000e+00  0.0000000000e+00  0.0000000000e+00  0.0000000000e+00  0.0000000000e+00  0.0000000000e+00  0.0000000000e+00  0.0000000000e+00  0.0000000000e+00  0.0000000000e+00  0.0000000000e+00  0.0000000000e+00  0.0000000000e+00  
-5.1000000000e+00  0.0000000000e+00  0.0000000000e+00  0.0000000000e+00  0.0000000000e+00  0.0000000000e+00  0.0000000000e+00  0.0000000000e+00  0.0000000000e+00  0.0000000000e+00  0.0000000000e+00  0.0000000000e+00  0.0000000000e+00  0.0000000000e+00  0.0000000000e+00  0.0000000000e+00  0.0000000000e+00  0.0000000000e+00  0.0000000000e+00  0.0000000000e+00  0.0000000000e+00  0.0000000000e+00  0.0000000000e+00  0.0000000000e+00  0.0000000000e+00  0.0000000000e+00  0.0000000000e+00  
-5.0000000000e+00  0.0000000000e+00  0.0000000000e+00  0.0000000000e+00  0.0000000000e+00  0.0000000000e+00  0.0000000000e+00  0.0000000000e+00  0.0000000000e+00  0.0000000000e+00  0.0000000000e+00  0.0000000000e+00  0.0000000000e+00  0.0000000000e+00  0.0000000000e+00  0.0000000000e+00  0.0000000000e+00  0.0000000000e+00  0.0000000000e+00  0.0000000000e+00  0.0000000000e+00  0.0000000000e+00  0.0000000000e+00  0.0000000000e+00  0.0000000000e+00  0.0000000000e+00  0.0000000000e+00  
-4.9000000000e+00  0.0000000000e+00  0.0000000000e+00  0.0000000000e+00  0.0000000000e+00  0.0000000000e+00  0.0000000000e+00  0.0000000000e+00  0.0000000000e+00  0.0000000000e+00  0.0000000000e+00  0.0000000000e+00  0.0000000000e+00  0.0000000000e+00  0.0000000000e+00  0.0000000000e+00  0.0000000000e+00  0.0000000000e+00  0.0000000000e+00  0.0000000000e+00  0.0000000000e+00  0.0000000000e+00  0.0000000000e+00  0.0000000000e+00  0.0000000000e+00  0.0000000000e+00  0.0000000000e+00  
-4.8000000000e+00  0.0000000000e+00  0.0000000000e+00  0.0000000000e+00  0.0000000000e+00  0.0000000000e+00  0.0000000000e+00  0.0000000000e+00  0.0000000000e+00  0.0000000000e+00  0.0000000000e+00  0.0000000000e+00  0.0000000000e+00  0.0000000000e+00  0.0000000000e+00  0.0000000000e+00  0.0000000000e+00  0.0000000000e+00  0.0000000000e+00  0.0000000000e+00  0.0000000000e+00  0.0000000000e+00  0.0000000000e+00  0.0000000000e+00  0.0000000000e+00  0.0000000000e+00  0.0000000000e+00  
-4.7000000000e+00  0.0000000000e+00  0.0000000000e+00  0.0000000000e+00  0.0000000000e+00  0.0000000000e+00  0.0000000000e+00  0.0000000000e+00  0.0000000000e+00  0.0000000000e+00  0.0000000000e+00  0.0000000000e+00  0.0000000000e+00  0.0000000000e+00  0.0000000000e+00  0.0000000000e+00  0.0000000000e+00  0.0000000000e+00  0.0000000000e+00  0.0000000000e+00  0.0000000000e+00  0.0000000000e+00  0.0000000000e+00  0.0000000000e+00  0.0000000000e+00  0.0000000000e+00  0.0000000000e+00  
-4.5999080231e+00  5.2985746790e-05  5.2657658516e-05  0.0000000000e+00  0.0000000000e+00  0.0000000000e+00  0.0000000000e+00  0.0000000000e+00  0.0000000000e+00  0.0000000000e+00  0.0000000000e+00  0.0000000000e+00  0.0000000000e+00  0.0000000000e+00  0.0000000000e+00  0.0000000000e+00  0.0000000000e+00  0.0000000000e+00  0.0000000000e+00  0.0000000000e+00  0.0000000000e+00  0.0000000000e+00  0.0000000000e+00  0.0000000000e+00  0.0000000000e+00  0.0000000000e+00  0.0000000000e+00  
-4.5000000000e+00  0.0000000000e+00  0.0000000000e+00  0.0000000000e+00  0.0000000000e+00  0.0000000000e+00  0.0000000000e+00  0.0000000000e+00  0.0000000000e+00  0.0000000000e+00  0.0000000000e+00  0.0000000000e+00  0.0000000000e+00  0.0000000000e+00  0.0000000000e+00  0.0000000000e+00  0.0000000000e+00  0.0000000000e+00  0.0000000000e+00  0.0000000000e+00  0.0000000000e+00  0.0000000000e+00  0.0000000000e+00  0.0000000000e+00  0.0000000000e+00  0.0000000000e+00  0.0000000000e+00  
-4.3995997764e+00  5.2985746790e-05  5.2657658516e-05  0.0000000000e+00  0.0000000000e+00  0.0000000000e+00  0.0000000000e+00  0.0000000000e+00  0.0000000000e+00  0.0000000000e+00  0.0000000000e+00  0.0000000000e+00  0.0000000000e+00  0.0000000000e+00  0.0000000000e+00  0.0000000000e+00  0.0000000000e+00  0.0000000000e+00  0.0000000000e+00  0.0000000000e+00  0.0000000000e+00  0.0000000000e+00  0.0000000000e+00  0.0000000000e+00  0.0000000000e+00  0.0000000000e+00  0.0000000000e+00  
-4.2993750863e+00  1.0713346173e-04  7.4818219001e-05  5.1881172736e-03  7.8920272684e-03  4.4463980077e-03  7.8873794760e-03  -7.2394619796e-04  2.5076597504e-03  -2.1386434168e-03  2.6705214304e-03  1.3886551449e-02  1.4605015595e-02  8.3541975716e-03  1.1068198053e-02  -2.6638779463e-03  6.8806288007e-03  6.7388402109e-03  9.0267302484e-03  6.0650074286e-03  1.3099526181e-02  5.2772249512e-04  5.8369637125e-03  -3.8020926989e-03  4.4968296517e-03  -7.8004044977e-03  1.1552947734e-02  
-4.1972862414e+00  5.1688923037e-04  2.1542299023e-04  -1.7568498723e-02  2.0734763766e-02  -1.8434086023e-02  1.8481992934e-02  -1.0756636548e-02  7.3626276528e-03  -1.3375182023e-02  9.5380063190e-03  7.6600973487e-03  1.9712835467e-02  2.3122908639e-04  1.8527127737e-02  -5.0451659066e-03  7.5995554905e-03  1.2757339117e-02  1.0131373497e-02  -1.5846817407e-02  2.2352835615e-02  -1.3960129646e-02  2.3211101496e-02  1.6086295542e-02  1.2035514588e-02  5.4006697374e-03  1.3186368132e-02  
-4.0931229948e+00  1.3347052837e-03  5.0776233153e-04  2.7258987021e-02  3.2555279646e-02  1.8259855785e-02  4.3362258422e-02  4.2378108808e-03  3.0624348614e-02  1.2082863308e-02  2.7978942648e-02  1.5186250810e-02  3.5929577331e-02  1.6716850563e-02  3.7740530700e-02  -4.7395467570e-02  2.8750152025e-02  2.2446013894e-03  3.1572649105e-02  -7.9325967965e-03  3.4683639047e-02  1.5938272784e-03  3.6206321316e-02  -1.9925379048e-02  3.8569035695e-02  -4.0093004136e-02  4.1179590248e-02  
-3.9869316237e+00  2.4790521917e-03  5.8168325194e-04  -1.8038794883e-02  4.3029686441e-02  9.5174422651e-02  5.2317168911e-02  -1.4560308991e-03  4.7268225495e-02  -3.6205332999e-03  4.9702458571e-02  -2.9536390713e-02  4.8467276325e-02  -9.9273376756e-03  4.7315996323e-02  -9.4650221837e-03  4.9845091566e-02  -2.7027749885e-03  4.3657643892e-02  -2.6097985531e-03  3.9789266878e-02  4.5266440716e-02  4.2052554404e-02  5.4307621107e-02  4.2311806346e-02  1.6329244875e-02  4.8565969467e-02  
-3.8813678779e+00  5.7984859857e-03  1.0857418549e-03  7.5159930190e-03  3.5473844711e-02  6.6730534229e-02  3.6551278773e-02  -1.2583141457e-02  4.2467943185e-02  -2.7277940002e-02  4.0021433450e-02  -8.7446313302e-03  4.1472680226e-02  7.5599984193e-03  4.8731321584e-02  -1.0086335428e-02  4.4208379147e-02  -4.8099977004e-03  3.5740481723e-02  4.2902692231e-02  4.4897772665e-02  2.9560102479e-02  3.9167152786e-02  -8.6017860056e-02  3.8009105474e-02  -8.9386982290e-03  3.9098916678e-02  
-3.7667121765e+00  1.6277328610e-02  2.1566475526e-03  9.3651341654e-02  4.7737839712e-02  1.1455751708e-01  4.6318271360e-02  1.4027743030e-02  3.1806993000e-02  1.1959985720e-02  3.3117066788e-02  2.0094772122e-02  4.2750116767e-02  4.8559437644e-02  4.0849549472e-02  -1.1921667737e-02  4.2138439383e-02  -3.8080464876e-02  4.4858141258e-02  -6.0095639066e-02  4.1484447636e-02  -3.9729529859e-02  4.0682711651e-02  -2.4837208299e-02  4.1147092183e-02  2.9074601253e-02  4.0677563807e-02  
-3.6556656559e+00  3.8474011314e-02  4.2965981456e-03  1.3824351803e-03  3.9081390476e-02  2.6229385097e-02  4.0310396583e-02  -1.9236129995e-02  3.9771325630e-02  -1.5870169069e-02  3.7670221458e-02  -8.7266396454e-03  3.7309738852e-02  2.4269489935e-03  3.6213864664e-02  -1.3023888994e-02  4.1136427967e-02  -3.8492149069e-02  4.9907937291e-02  -2.5495286147e-03  3.3791301261e-02  -4.0872406752e-02  3.8018214981e-02  1.6300939395e-02  4.0386728203e-02  3.0346412068e-02  4.3300854016e-02  
-3.5495653674e+00  7.9043148864e-02  7.3795278921e-03  6.3962475686e-03  3.1561036486e-02  2.0196490852e-02  2.7786892232e-02  -4.9388554242e-02  2.1795229613e-02  -4.5973056166e-02  2.0811924644e-02  1.1036577487e-02  1.8704712489e-02  1.2769971467e-02  1.8829147033e-02  1.2666362894e-02  2.4801330068e-02  2.1704384187e-02  2.3052704094e-02  1.9104444319e-02  2.3898866783e-02  2.9124759803e-02  2.7347553100e-02  -4.3438360294e-03  2.8787027790e-02  -8.9222137199e-03  2.6885500392e-02  
-3.4463088047e+00  1.6623087846e-01  1.3788601305e-02  1.2333487797e-02  1.2660502358e-02  -1.0396270928e-02  1.4395099396e-02  -4.2304010439e-02  1.3839181534e-02  -3.3325501873e-02  1.3898531878e-02  1.4062927537e-02  1.6608941040e-02  2.2709915285e-02  1.4835659266e-02  -5.1257193136e-03  1.7148730919e-02  4.2486328771e-03  1.6258733816e-02  2.9138421537e-03  1.4156172374e-02  -9.7876908477e-03  1.6346204465e-02  -9.3242560584e-03  1.5489522576e-02  4.3660008597e-03  1.6200732226e-02  
-3.3459097244e+00  3.0403228557e-01  2.2550071819e-02  3.8617244948e-03  1.6594280934e-02  1.0544166363e-02  1.6460461903e-02  -2.9598068213e-02  1.8595911076e-02  -2.3404691650e-02  1.8708397526e-02  8.4436111535e-03  1.5854494995e-02  2.4984088011e-03  2.2548757724e-02  -2.1135576929e-02  1.6500027179e-02  -5.5440180765e-03  2.0604882580e-02  9.9115840701e-03  1.3365368542e-02  3.8986387071e-03  1.6318003622e-02  -3.0324609662e-02  1.4264284465e-02  -1.4244711434e-02  1.1910857878e-02  
-3.2461179822e+00  5.1691779629e-01  3.4975924739e-02  5.5189112732e-03  8.7282124275e-03  1.5932296820e-03  8.7439668445e-03  -1.8946100930e-02  1.2559884849e-02  -2.0109168691e-02  1.1710392995e-02  1.0674835206e-02  9.6867042465e-03  -4.0416213151e-03  1.1598572397e-02  1.5209599991e-03  8.6886243063e-03  4.1736470485e-03  5.7019066940e-03  1.4195657967e-02  1.0153369110e-02  9.1001736925e-03  9.2642598900e-03  -1.1645474172e-02  9.4896958592e-03  9.3214318801e-03  8.1560035936e-03  
-3.1459435470e+00  8.3979541445e-01  4.7828252727e-02  1.0270673871e-02  8.9496273357e-03  2.9662815402e-03  7.1665199705e-03  -2.7503357216e-03  8.2327444996e-03  -1.9339413331e-03  8.1832274151e-03  6.7756994104e-03  6.5305561794e-03  1.4235391137e-02  6.9535912033e-03  -1.4155174624e-02  1.0547767159e-02  -1.6497840820e-03  7.2329779317e-03  8.4309559803e-03  6.4952533346e-03  3.1098342099e-04  7.2842211722e-03  1.0431224488e-02  8.1260536400e-03  8.8514947877e-03  8.3639722820e-03  
-3.0465360665e+00  1.2909026177e+00  6.9338606197e-02  8.7367120131e-03  7.0376412770e-03  -3.6704796037e-03  6.9697061971e-03  4.5137819272e-03  5.1166907521e-03  3.7865259823e-03  4.9183732378e-03  -9.1644397029e-04  5.2771192912e-03  -1.2780515888e-03  4.6535092081e-03  4.5355490407e-03  5.0375650630e-03  5.3876892955e-03  4.4829407708e-03  2.9912962566e-03  4.8025270076e-03  -3.2140279563e-03  5.0040545793e-03  -7.5019665017e-03  4.6556510347e-03  -8.4640259370e-03  3.9597385397e-03  
-2.9471822947e+00  1.8243384020e+00  8.6764942032e-02  8.9242935796e-03  6.6213019432e-03  -8.4773477169e-04  4.8837755944e-03  4.3894361975e-03  4.5357845935e-03  2.3776268292e-03  4.6753672646e-03  7.7937542244e-04  3.7503232341e-03  -3.7029957101e-03  3.7795466489e-03  1.9415752955e-03  4.5362465730e-03  -2.8133701374e-03  4.1085598009e-03  1.6733035179e-03  3.6323161035e-03  -1.8064304463e-03  4.4195542883e-03  -2.9620374953e-03  3.8490426817e-03  1.9110000671e-03  4.5499398150e-03  
-2.8475677553e+00  2.4252831769e+00  1.0531527236e-01  1.3463176351e-02  5.8143904643e-03  7.0461733510e-03  5.0391184168e-03  1.1968780266e-02  3.4428487252e-03  1.0227491877e-02  3.4553282633e-03  -1.6494152002e-03  3.7199179571e-03  -3.2944682386e-03  3.8328971235e-03  -2.5191752041e-04  4.3362359612e-03  -1.1083250840e-02  3.7260631302e-03  7.3763248738e-03  3.3746446966e-03  5.2619278736e-03  2.8999422156e-03  1.3611761138e-02  4.0860426003e-03  1.0460794973e-02  4.4183733716e-03  
-2.7482000333e+00  3.1057512548e+00  1.2171057872e-01  1.1822169936e-02  6.1171392254e-03  1.3065662824e-03  5.6836625496e-03  1.2745131507e-02  3.2974427673e-03  1.1093047522e-02  3.4067659739e-03  1.4450792244e-03  2.6420282901e-03  -2.1892816674e-03  2.8282421752e-03  3.0382456670e-03  3.3375779151e-03  4.7467043215e-03  3.3066667553e-03  9.9636312951e-04  2.7347996879e-03  4.6414727941e-04  2.7505765339e-03  3.2591725954e-03  2.8245492357e-03  -1.2635767366e-03  2.5463962280e-03  
-2.6485589499e+00  3.7953414906e+00  1.3608544740e-01  1.4527317001e-02  6.4792764280e-03  -2.1045712041e-03  5.6365914736e-03  1.6319077228e-02  3.0542117545e-03  1.4834536801e-02  3.0330812605e-03  2.0529498838e-03  2.6860442982e-03  -1.2293792596e-03  2.9423407052e-03  4.3696657504e-03  2.8422600840e-03  3.8636850651e-03  2.8820260746e-03  4.4618365669e-03  2.6473960152e-03  -9.0275148679e-04  2.9009710148e-03  1.9669031957e-03  2.7035010521e-03  -2.5089101765e-03  2.2546705053e-03  
-2.5485057057e+00  4.4737298544e+00  1.4504844780e-01  1.8205521354e-02  5.8937470744e-03  -1.1321471173e-04  5.2060821874e-03  2.4265893361e-02  2.3806715494e-03  2.1613122343e-02  2.3061703655e-03  -9.0993450841e-04  2.4545552982e-03  -3.1869204208e-03  2.4786716297e-03  6.8489905835e-03  2.7037835990e-03  2.4521926775e-03  2.3622804049e-03  6.5841714834e-03  2.3857648993e-03  1.1664223226e-03  2.5817974237e-03  1.9261946034e-03  2.5400036171e-03  2.3216953181e-03  2.3445195564e-03  
-2.4490614791e+00  5.1371206738e+00  1.5405472396e-01  1.4466451561e-02  6.1948760092e-03  -5.9303904007e-03  5.4580350892e-03  2.5571984057e-02  2.6752448242e-03  2.3093206589e-02  2.5468954411e-03  1.2773685364e-03  3.0737781805e-03  -2.2451391563e-03  2.8029541923e-03  -5.8582003811e-04  2.1796005214e-03  -1.7085396010e-03  1.8871858744e-03  6.4885828010e-03  2.6662447020e-03  3.1330211386e-03  2.5515524489e-03  4.6703469259e-03  2.3838176275e-03  -1.2011702806e-03  2.1909590314e-03  
-2.3491841506e+00  5.7506388289e+00  1.6321306224e-01  1.8572044613e-02  6.6257260461e-03  -4.4942641222e-03  5.9022609066e-03  3.1113938173e-02  2.8217289465e-03  2.6636373198e-02  2.7591746828e-03  2.1571724987e-03  1.7862004951e-03  2.2987048217e-04  2.0709517657e-03  5.8953523096e-03  2.3395336581e-03  1.0447503430e-03  2.4630076512e-03  2.9045911088e-03  1.9750888980e-03  -2.0097217100e-03  2.0084561540e-03  2.3648713918e-03  1.7304681398e-03  1.2380689300e-03  2.0161794712e-03  
-2.2493448798e+00  6.2795989477e+00  1.6843260951e-01  1.6783649721e-02  6.8534492687e-03  -7.5680302680e-03  5.9011649832e-03  3.0155716694e-02  2.8429332309e-03  2.6792156144e-02  2.8265265179e-03  -1.6638301317e-03  1.7615217188e-03  -3.7811209698e-03  1.7167630305e-03  2.5518884356e-03  1.8588159798e-03  4.2511902808e-04  1.8307380270e-03  2.0332268008e-03  2.2814856254e-03  -1.6447279606e-03  2.2594329878e-03  3.7011433281e-03  1.6664732404e-03  3.1023890679e-03  1.5368937557e-03  
-2.1495233870e+00  6.6918800868e+00  1.6594021476e-01  2.3485685221e-02  6.2964532109e-03  -2.5787709677e-03  5.6893494875e-03  4.0503535153e-02  2.6899348099e-03  3.6602269603e-02  2.6353460011e-03  -3.7506778375e-04  2.1858781454e-03  -3.6932302452e-03  2.0363838958e-03  1.9985276767e-03  2.0337442365e-03  4.7194382454e-04  1.9727622024e-03  8.4821714907e-04  1.9181091496e-03  -1.2346903557e-03  1.8976548414e-03  6.2194706387e-04  2.2476116673e-03  1.8366487512e-03  2.2158979416e-03  
-2.0494974074e+00  7.0623903998e+00  1.6933703041e-01  2.0329094939e-02  6.7118941127e-03  -5.2180320403e-03  6.3757858970e-03  4.2494619862e-02  2.7222863183e-03  3.8827742807e-02  2.6468560787e-03  2.0217070350e-03  2.1787996358e-03  -1.3751656420e-03  2.0671710195e-03  2.5539958193e-03  1.9413860769e-03  -6.3400361723e-04  1.8785062464e-03  3.7324828168e-03  2.1282332489e-03  1.3940885130e-03  2.3308259641e-03  2.3428815984e-05  1.7811801333e-03  -2.6374801586e-03  1.8118287639e-03  
-1.9497675479e+00  7.3973865131e+00  1.6736278122e-01  2.3870952419e-02  6.6059007245e-03  -1.2638143384e-03  5.8945154980e-03  4.4128862689e-02  2.5867654515e-03  4.0094075326e-02  2.6431352498e-03  2.7131186539e-03  1.5806073068e-03  -2.8014033886e-04  1.6783439105e-03  5.2664341046e-03  1.9925069381e-03  6.2842932476e-05  1.6851465347e-03  4.8780332237e-03  1.7063920932e-03  4.0946568727e-03  1.6735318853e-03  1.5358034052e-03  1.7017036092e-03  -1.5912120971e-03  1.6760405556e-03  
-1.8498180400e+00  7.5883961320e+00  1.6818812455e-01  2.6498095845e-02  6.1458403792e-03  6.5116026937e-05  5.6287836645e-03  4.4769548121e-02  2.9906312547e-03  4.1124831400e-02  2.8202576505e-03  4.3870802499e-03  2.0079024098e-03  2.9105698715e-03  1.9824376925e-03  2.8411340561e-03  1.7275321291e-03  -4.2639511488e-04  1.4689966688e-03  3.5638299074e-03  1.6540813305e-03  1.7846108353e-03  1.7305548890e-03  4.2119971167e-03  1.8244192041e-03  1.5626311857e-03  1.8139212341e-03  
-1.7498930912e+00  7.7927477468e+00  1.6830181881e-01  2.4626175768e-02  6.2555165353e-03  1.2261734775e-03  5.7004093196e-03  4.5454156795e-02  2.4610636526e-03  4.1528591540e-02  2.5900822069e-03  3.1712549704e-03  1.9371301445e-03  9.4423968326e-04  2.0415407419e-03  3.7000479946e-03  1.8592985965e-03  -2.1133295444e-03  1.5395526223e-03  3.9646911006e-03  1.6740904081e-03  4.9460558859e-04  1.7422012799e-03  2.6085299256e-03  1.7314013763e-03  1.7289400799e-04  1.6904394860e-03  
-1.6499170321e+00  7.8685107732e+00  1.6662762201e-01  2.7692038437e-02  5.5812352918e-03  5.1168537185e-03  5.8260214799e-03  4.7455000003e-02  2.6928460031e-03  4.3765332927e-02  2.8653544179e-03  5.8829728122e-03  1.8363619572e-03  3.0800459403e-03  2.0775076036e-03  6.6429229872e-03  1.5670130278e-03  2.3280464657e-03  1.5864553347e-03  2.0764522389e-03  1.4771346530e-03  1.4210524738e-03  1.8021386532e-03  3.5202306982e-03  1.3585677081e-03  2.7596596279e-03  1.4147162915e-03  
-1.5500007704e+00  7.9520105842e+00  1.6925141039e-01  2.9091238933e-02  5.9918665244e-03  5.7887990893e-03  6.1873598699e-03  5.3247183628e-02  2.4483288571e-03  5.0394508685e-02  2.5150360912e-03  5.9947627675e-03  1.9959262839e-03  2.5159307795e-03  2.1160683842e-03  3.7444112248e-03  2.0512391910e-03  2.6786630342e-04  1.8291234125e-03  3.3574805095e-03  1.8882224013e-03  -7.8843890761e-04  1.9630097635e-03  4.6073158375e-03  1.6929620127e-03  3.6378811805e-03  1.5769826277e-03  
-1.4499608311e+00  7.9436686485e+00  1.5950946406e-01  2.7543088143e-02  5.0699187576e-03  6.6387030056e-03  5.8521129000e-03  5.3973451811e-02  2.7980441264e-03  5.0900918922e-02  2.7495294109e-03  7.4142887917e-03  1.8494321487e-03  4.7708165900e-03  2.1290588970e-03  4.4337234321e-03  1.6590979186e-03  8.1351637288e-04  1.4423312390e-03  5.8663408700e-03  1.6999730862e-03  1.9531686660e-03  1.6266790826e-03  3.9457385150e-03  1.8545616089e-03  1.1422660104e-03  1.8667176032e-03  
-1.3499933569e+00  7.9664760896e+00  1.6407615977e-01  3.0368155553e-02  5.4844751597e-03  1.1489043962e-02  5.7785005597e-03  5.1713889157e-02  2.6387735579e-03  4.9024772587e-02  2.6825231565e-03  7.2926819373e-03  1.9712041324e-03  4.4327938591e-03  1.8398979257e-03  2.2293144103e-03  1.5697666187e-03  -3.5741686981e-06  1.4309389864e-03  5.9445708708e-03  1.7411421690e-03  1.7352806977e-03  1.9184324289e-03  2.6189390512e-03  1.6756855459e-03  1.5331725684e-03  1.8668002195e-03  
-1.2499859384e+00  7.9612684122e+00  1.6235748798e-01  3.0889822092e-02  4.9544369143e-03  1.7233200082e-02  5.3560478976e-03  5.4229123576e-02  3.0222922850e-03  5.2255508244e-02  3.1071690913e-03  4.7222336519e-03  1.7059117229e-03  9.3747768815e-04  1.8105711859e-03  4.5809678229e-03  1.6721167996e-03  6.4578319820e-04  1.5699853479e-03  6.1185002268e-03  1.2897243920e-03  2.4031474980e-03  1.7064067165e-03  4.1993368663e-03  1.9251242725e-03  1.2332297499e-03  1.9595465447e-03  
-1.1501213584e+00  7.8410804027e+00  1.5608970120e-01  2.8724342821e-02  4.8212415555e-03  1.7138929899e-02  5.1890851848e-03  5.9706812666e-02  2.9727954046e-03  5.8517018862e-02  2.9747919753e-03  8.0582185129e-03  1.9784525305e-03  6.0607235835e-03  2.1031906363e-03  6.9838966896e-03  1.3845415305e-03  3.4857213552e-03  1.5500090828e-03  8.2076277405e-03  2.0778257022e-03  7.6566638336e-03  2.1276659405e-03  5.5506317935e-03  2.1105016352e-03  8.5636155666e-04  2.1588510585e-03  
-1.0500486075e+00  7.8138838290e+00  1.5271930445e-01  2.9100295316e-02  4.8178283722e-03  2.1843784112e-02  4.6414515968e-03  5.9518619110e-02  3.0515257536e-03  5.8176502394e-02  3.0569665775e-03  1.0231539970e-02  1.6984719672e-03  8.6735829190e-03  1.6300509190e-03  9.3842811716e-03  1.7702559461e-03  5.8612960479e-03  1.9309548405e-03  5.3830323750e-03  1.8605927827e-03  1.6718754925e-03  2.1747342602e-03  4.2803551706e-03  2.2236516245e-03  6.6157576622e-04  2.5315118969e-03  
-9.5003933635e-01  7.7529411614e+00  1.5330878651e-01  3.0784164284e-02  5.1267122689e-03  2.5896322625e-02  5.0712278965e-03  5.9405599446e-02  3.1165949870e-03  5.9021048725e-02  3.0298191042e-03  1.2816231353e-02  1.9780987208e-03  1.0077656112e-02  1.9627217057e-03  6.2271353647e-03  1.6413611983e-03  3.3101163748e-03  1.6574608280e-03  1.9612010060e-03  2.0080351726e-03  1.2992752934e-03  2.0230152466e-03  4.7646225065e-03  1.9243497527e-03  3.6951778907e-03  1.7469937701e-03  
-8.5008136470e-01  7.7062487131e+00  1.5631162651e-01  3.7086430063e-02  4.9796392810e-03  3.4031857685e-02  4.8231943601e-03  6.3313876077e-02  3.4857766493e-03  6.3713680910e-02  3.3976768509e-03  1.1900295709e-02  1.9210600715e-03  1.0437781594e-02  1.8664955572e-03  5.7175493786e-03  1.8028438119e-03  4.5910993649e-03  1.9727132542e-03  2.0287282413e-03  1.6316387852e-03  1.0884359864e-03  1.8053509987e-03  5.9357932197e-03  2.1295112034e-03  3.2121560099e-03  1.9426368171e-03  
-7.5004047227e-01  7.6300355926e+00  1.5551925100e-01  3.1280840178e-02  5.0253538453e-03  3.3863042519e-02  4.9418765395e-03  6.1219298748e-02  3.2947119737e-03  6.2604388699e-02  3.1699169558e-03  1.5488256581e-02  1.9706491512e-03  1.6310279887e-02  1.9989335559e-03  5.5067325654e-03  1.7850393460e-03  6.4060071049e-03  1.5983437364e-03  2.9796388766e-03  1.7321752044e-03  6.8796862585e-03  2.0381845692e-03  3.7232729480e-03  1.9817975798e-03  8.1109854159e-03  1.9928883537e-03  
-6.5014150072e-01  7.5968622648e+00  1.5522407820e-01  3.2897224829e-02  4.0295036866e-03  3.8147448956e-02  4.3218345618e-03  6.3520109740e-02  3.0851760987e-03  6.4597416923e-02  3.0263947916e-03  1.2152977552e-02  1.9908883635e-03  1.3423930428e-02  1.8767862663e-03  2.6263792456e-03  2.0465840045e-03  6.3994693942e-03  1.5911563075e-03  6.0012954803e-03  1.6771114893e-03  7.0271051015e-03  2.0395551880e-03  4.6791900440e-03  1.9440584635e-03  6.1303150932e-03  1.9305985121e-03  
-5.4994418201e-01  7.5300271151e+00  1.5042915120e-01  3.1190802099e-02  3.9465139664e-03  4.3341209546e-02  3.8130269406e-03  6.4549795192e-02  3.7288701219e-03  6.6308180770e-02  3.6081947306e-03  1.3440137707e-02  2.0573258392e-03  1.4471818546e-02  1.9539133220e-03  6.8336469986e-03  1.7823170426e-03  7.2464441587e-03  1.6169032114e-03  2.2863480687e-03  2.0687594857e-03  5.5365478774e-03  1.9125947592e-03  4.8000141141e-03  2.0078086080e-03  6.0176485899e-03  1.8588488979e-03  
-4.5002200900e-01  7.4727697560e+00  1.5243935965e-01  3.3523438769e-02  4.2056589310e-03  4.5487290851e-02  4.0900201475e-03  6.5101761226e-02  3.4107157230e-03  6.7317249472e-02  3.3069518147e-03  1.1008922941e-02  2.0702827931e-03  1.5622469303e-02  1.9189556514e-03  5.6478679111e-03  1.6679697873e-03  6.5083047519e-03  1.9246717246e-03  3.4192150378e-03  1.5498788546e-03  5.2718525353e-03  1.6826615472e-03  6.9167844547e-03  1.7925720130e-03  8.7242868722e-03  1.8467297555e-03  
-3.5004525963e-01  7.4449075338e+00  1.4647827834e-01  3.3916479746e-02  4.0408857526e-03  5.0183443820e-02  3.8488293039e-03  6.5842010701e-02  4.0958585016e-03  6.9115601299e-02  3.9349039032e-03  1.4457649522e-02  1.4900355862e-03  1.5320019146e-02  1.4833394659e-03  4.6193324235e-03  1.6532481922e-03  9.0534921564e-03  1.6602066622e-03  5.2087110744e-03  1.9974454597e-03  9.5987249560e-03  1.7053703382e-03  4.2499101736e-03  1.7247935354e-03  8.2170688893e-03  1.7106525152e-03  
-2.5011440888e-01  7.4222591801e+00  1.4976914445e-01  3.4879293694e-02  3.7743622138e-03  5.2601903611e-02  4.0063561841e-03  6.8363353848e-02  3.5714549114e-03  7.0887988226e-02  3.3892551536e-03  1.4804524800e-02  1.8771174842e-03  1.5995349500e-02  1.9276405276e-03  8.6513558581e-03  2.1161443301e-03  9.6906704553e-03  2.0893266940e-03  4.8688905239e-03  1.8120837472e-03  5.1208761096e-03  1.9294049772e-03  5.8403844921e-03  1.7726870377e-03  7.9521231668e-03  1.6085186548e-03  
-1.5000441541e-01  7.4420980364e+00  1.4771481710e-01  3.0703744528e-02  4.2285688072e-03  5.1631565454e-02  3.8638121520e-03  6.8237255340e-02  3.8415891051e-03  7.0752036565e-02  3.6896663235e-03  1.6086648259e-02  1.8442809952e-03  1.8337250506e-02  1.8866886521e-03  5.5266642499e-03  1.9621791141e-03  7.0756432162e-03  1.8329818455e-03  4.5193809808e-03  2.2748402001e-03  8.3175617935e-03  2.2325814925e-03  5.9378978097e-03  1.8282324438e-03  8.6732272964e-03  1.7280710229e-03  
-5.0036701780e-02  7.4590213662e+00  1.5083501596e-01  3.4032913378e-02  4.3190191550e-03  5.2080995169e-02  3.8734480584e-03  6.9113803669e-02  3.8626657696e-03  7.2150477777e-02  3.8385317230e-03  1.5019837112e-02  1.9024441644e-03  1.7836135267e-02  1.7546049686e-03  4.3302437887e-03  1.8577529393e-03  1.0176002686e-02  1.8186700076e-03  5.6682348765e-03  1.8176805076e-03  6.9398172610e-03  1.7532193952e-03  4.3024604559e-03  1.8618335291e-03  7.6131298949e-03  1.6114365980e-03  
5.0046856048e-02  7.4572561990e+00  1.4746442756e-01  3.5194984151e-02  3.8136117114e-03  5.3796596940e-02  3.7578425466e-03  6.5068161795e-02  3.6330526606e-03  6.7638926431e-02  3.5354045756e-03  1.4520877345e-02  1.8742118541e-03  1.6935268123e-02  1.8343833844e-03  6.7504485581e-03  1.6375836542e-03  8.6114730301e-03  1.6196507250e-03  5.1053467292e-03  1.6014679694e-03  6.2041900474e-03  1.8319904133e-03  5.3066797670e-03  1.8253361027e-03  6.2813136504e-03  1.7364440705e-03  
1.4993153420e-01  7.4426528386e+00  1.4512791062e-01  3.2843356935e-02  3.8700530099e-03  5.3282041404e-02  3.2937556905e-03  6.5091409084e-02  3.6484163314e-03  6.7282390983e-02  3.6595760959e-03  1.7320170308e-02  2.1840273068e-03  2.0163358735e-02  2.0282428998e-03  6.9788010143e-03  1.7257699168e-03  8.3968644397e-03  1.7407981812e-03  2.8240109047e-03  1.6585080973e-03  3.9559964782e-03  1.5843332269e-03  5.4734400350e-03  1.8109744970e-03  7.1963020688e-03  1.9071268776e-03  
2.5017042083e-01  7.4738440336e+00  1.4590269513e-01  3.2743068903e-02  3.9646600548e-03  5.2704558389e-02  3.2569576331e-03  6.7085150932e-02  3.7564447823e-03  6.8801800162e-02  3.9253267111e-03  1.7247064950e-02  2.2574128863e-03  1.9249542118e-02  2.2302074554e-03  9.2012906715e-03  1.8660319944e-03  1.0614982318e-02  2.1566424490e-03  6.9739036807e-03  1.7629673348e-03  8.5645487472e-03  2.0478957309e-03  1.6688632504e-03  1.9365104243e-03  7.0132944737e-03  2.1217990702e-03  
3.5003228669e-01  7.5163075577e+00  1.4717099612e-01  3.0834931282e-02  4.4227179492e-03  4.9875602494e-02  3.4964692769e-03  6.3645948055e-02  3.4865137855e-03  6.5661184191e-02  3.3736709894e-03  1.5295380777e-02  2.1436968087e-03  1.8752866837e-02  2.0683924125e-03  6.6379199087e-03  1.5535475544e-03  7.7234493116e-03  1.5001902846e-03  2.6830166918e-03  1.6813399620e-03  4.8018146483e-03  1.5254312466e-03  2.8169660930e-03  1.8007154636e-03  4.0098453810e-03  1.5313922261e-03  
4.4990753995e-01  7.5501131475e+00  1.4537843660e-01  3.2674758670e-02  4.2476033874e-03  4.8217544391e-02  3.6685391331e-03  6.2959459242e-02  3.6985837568e-03  6.4138953121e-02  3.7710191941e-03  1.5988327472e-02  2.1912156753e-03  1.9017093595e-02  2.1324850120e-03  2.9718699388e-03  2.1348322018e-03  7.8783040560e-03  1.6518247217e-03  5.7331879935e-03  1.9843188685e-03  8.6146373878e-03  1.8639814562e-03  4.3629476590e-03  1.7891846339e-03  5.4871571082e-03  1.7207505226e-03  
5.4992380704e-01  7.6102153468e+00  1.4683987791e-01  2.4154434149e-02  3.9697969418e-03  3.7867978970e-02  3.6692822080e-03  6.6175678086e-02  3.5775152900e-03  6.6715005470e-02  3.6158589967e-03  1.3270030017e-02  1.9991555248e-03  1.5811009220e-02  1.8087184845e-03  4.2821486140e-03  1.8856467253e-03  8.4016676872e-03  1.8031059346e-03  3.0378427244e-03  1.9077347247e-03  6.3651094473e-03  1.7306514379e-03  3.8650847706e-03  1.6217235153e-03  5.5571845390e-03  1.6816425962e-03  
6.4995922667e-01  7.6311733265e+00  1.4664624560e-01  2.7442497850e-02  4.2782177683e-03  3.9289543532e-02  3.9658257204e-03  6.2176116836e-02  3.1049526859e-03  6.2192410862e-02  3.2455954639e-03  1.1058785433e-02  2.0397256641e-03  1.2577828438e-02  1.7878850639e-03  3.4153646375e-03  1.9344037820e-03  7.5552071127e-03  1.9595807123e-03  6.5422381613e-03  1.6072576919e-03  6.1328763055e-03  1.7494752637e-03  4.9565593963e-03  1.4915304846e-03  7.2342941548e-03  1.5351179500e-03  
7.5010518578e-01  7.6882912996e+00  1.4801551291e-01  2.7964822765e-02  4.6759468317e-03  3.6491688198e-02  3.8388887710e-03  6.1978501280e-02  3.3697960237e-03  6.2118563113e-02  3.5142148089e-03  1.1112697549e-02  1.9812134689e-03  1.1445684036e-02  1.9492922665e-03  4.9845575222e-03  1.5585301996e-03  7.4001293776e-03  1.3408730225e-03  3.6249536031e-03  1.7013101060e-03  5.5294638863e-03  1.6828679284e-03  5.8371580778e-03  1.5509518766e-03  5.4993771324e-03  1.9377313467e-03  
8.5000283847e-01  7.7497679826e+00  1.4711072316e-01  2.4230865625e-02  4.3971697113e-03  2.6930057538e-02  4.0250156627e-03  6.0711562920e-02  3.1349597385e-03  5.9472692261e-02  3.1675616859e-03  8.4418706810e-03  1.9286914015e-03  8.6623626350e-03  2.1163840016e-03  4.9186335179e-03  1.8650162553e-03  3.2564514023e-03  2.1628901184e-03  5.8708709675e-03  1.8188065347e-03  -6.9040970930e-04  1.8737125483e-03  5.3621132447e-03  1.7124878781e-03  1.1513753372e-03  1.6287575106e-03  
9.4994787011e-01  7.8012974222e+00  1.5232745634e-01  2.5691341486e-02  5.1547184229e-03  2.3893337078e-02  4.8651884334e-03  5.4179607770e-02  2.7982127520e-03  5.2595097361e-02  2.8644040669e-03  9.2224839402e-03  1.9164027553e-03  7.0426568063e-03  1.8933656736e-03  4.6189072954e-03  1.4499404305e-03  2.7850717073e-03  1.4278450187e-03  4.2417631248e-03  1.8861578398e-03  2.0571193205e-03  1.6676466165e-03  4.2521145026e-03  1.8208104544e-03  2.0613239156e-03  2.0325754760e-03  
1.0499286685e+00  7.8461716532e+00  1.5363325866e-01  2.4248430024e-02  4.7550476262e-03  2.0661667128e-02  4.4844382023e-03  5.5320321281e-02  3.0469481622e-03  5.3149294960e-02  3.1768313187e-03  1.0805844162e-02  1.9248858547e-03  9.9476607978e-03  1.7476835472e-03  6.3246913988e-03  1.6442254123e-03  4.4450087297e-03  1.7098946112e-03  3.3196051827e-03  1.7443952716e-03  5.9984890115e-05  1.9100993630e-03  3.5690374220e-03  1.6771099073e-03  1.2894404192e-03  1.8947308792e-03  
1.1499151188e+00  7.8819148800e+00  1.5153953399e-01  2.3100051657e-02  4.9862398207e-03  1.6969574553e-02  4.7747349906e-03  5.4709566892e-02  3.2980943322e-03  5.1878144999e-02  3.3759957687e-03  8.4243332460e-03  1.6170584110e-03  7.0780422396e-03  1.9752414683e-03  4.6833546620e-03  1.9934215214e-03  2.9670359663e-04  1.9456733949e-03  1.7286836067e-03  1.5865197503e-03  7.1941589581e-04  1.4960533794e-03  2.8052300320e-03  1.8961751510e-03  -8.9907155617e-04  1.6795305067e-03  
1.2500027931e+00  7.9139733727e+00  1.5343351424e-01  2.1342143213e-02  4.8781893054e-03  1.1110898200e-02  4.4340708878e-03  5.4162829175e-02  2.9818951392e-03  5.1182146147e-02  3.0505439860e-03  1.0399666404e-02  1.5602256540e-03  8.6067563245e-03  1.6188653650e-03  3.4118088522e-03  1.4021637587e-03  -1.0197130620e-03  1.8879805727e-03  8.3491024030e-03  1.4770352129e-03  5.0469908526e-03  1.7372325476e-03  2.4556299216e-03  1.5063577828e-03  -8.3080363371e-04  1.4253714993e-03  
1.3499611528e+00  7.9537334202e+00  1.5402391091e-01  1.7296072116e-02  5.8181024357e-03  7.4491834364e-03  6.0851565292e-03  5.0687074044e-02  3.1526544436e-03  4.7635999638e-02  3.2895634648e-03  7.3649134055e-03  2.0096337608e-03  4.9639967468e-03  2.0857996335e-03  4.5162487102e-03  1.9441327342e-03  5.1602333913e-03  1.8034558168e-03  4.4081577440e-03  1.6103930707e-03  1.6736529682e-03  1.9383170086e-03  3.2254692745e-03  1.6586311921e-03  1.0104286418e-03  1.6314153772e-03  
1.4498952383e+00  7.9125047360e+00  1.6183884382e-01  1.9292914524e-02  5.3858222860e-03  4.5999807566e-03  5.5000682979e-03  5.1276452735e-02  2.8733588010e-03  4.7243007685e-02  2.9260193027e-03  6.5853789833e-03  2.0587269682e-03  3.6841580825e-03  2.0177874569e-03  5.0978391160e-03  1.8016880817e-03  7.9866788829e-04  1.8161322853e-03  5.3991921097e-03  1.9822427406e-03  1.8688624139e-03  1.9005735652e-03  5.6972065265e-03  2.0516107294e-03  3.9643112671e-03  2.1391388599e-03  
1.5498373046e+00  7.8727812578e+00  1.6264207089e-01  1.9288556722e-02  5.4734479112e-03  1.8430721451e-03  5.4814728359e-03  4.5063841748e-02  2.5484642405e-03  4.1474740931e-02  2.6403440706e-03  3.9067425171e-03  1.8782300649e-03  1.8001615097e-03  1.9277308733e-03  5.5732248844e-03  1.3020426073e-03  1.2041392716e-03  1.5946989623e-03  4.6250138060e-03  1.5405523987e-03  1.3467594317e-03  1.7631479910e-03  5.3668464347e-03  1.5888437876e-03  3.9032315313e-03  1.5709786689e-03  
1.6498445789e+00  7.8414535465e+00  1.5997175140e-01  1.6626573535e-02  5.4593124111e-03  -3.6858462696e-03  5.7629465042e-03  4.6014427439e-02  2.4493217826e-03  4.2839676923e-02  2.4590390170e-03  5.5808048632e-03  1.9326966940e-03  2.5941874280e-03  2.0259265660e-03  4.2814963163e-03  1.6248633002e-03  1.9687478952e-03  1.8062252282e-03  4.0512561730e-03  1.4410534436e-03  1.4144564168e-03  1.6014940242e-03  3.8034112830e-03  1.8534772043e-03  3.0680875252e-04  1.8209603718e-03  
1.7498267088e+00  7.6968031115e+00  1.6222121875e-01  1.3152478333e-02  5.4933282985e-03  -7.7632968517e-03  6.0931256352e-03  4.3924368140e-02  2.9684425580e-03  4.0342912394e-02  3.1041184461e-03  4.8281236879e-03  1.8973309479e-03  1.6734709992e-03  1.8057125736e-03  3.9152889058e-03  1.7448478122e-03  2.5820771792e-03  1.6710185887e-03  3.2308629832e-03  1.8691510961e-03  -7.9585233979e-04  1.7614155653e-03  6.3022051082e-03  1.8520524460e-03  1.5320915601e-03  1.8207504684e-03  
1.8496805465e+00  7.5255728969e+00  1.6305839662e-01  1.0039756078e-02  5.7806475782e-03  -1.1885934817e-02  6.3660411396e-03  4.3657660257e-02  2.9736528483e-03  4.0520346045e-02  3.0210588900e-03  2.0274312179e-03  1.7855870060e-03  -1.5205750429e-03  1.5705925018e-03  4.0137210610e-03  1.9595831453e-03  1.4673088811e-03  2.1346600276e-03  7.9411563628e-03  1.9368471540e-03  5.2667514835e-03  1.9872694163e-03  5.4705679008e-03  1.7467075105e-03  1.1356461638e-03  1.7145180008e-03  
1.9497733230e+00  7.3196671728e+00  1.6424142334e-01  1.3491420420e-02  5.3041655817e-03  -1.2440693712e-02  6.0085561002e-03  3.8585888364e-02  2.6634662113e-03  3.6028226480e-02  2.6481327455e-03  4.6280820347e-03  1.9833525539e-03  2.9805028780e-03  2.0114346237e-03  4.3582843091e-03  1.8455611285e-03  6.7967353476e-06  1.7345712074e-03  4.9487297569e-03  1.8319650257e-03  4.4176928710e-03  1.5754062157e-03  2.1797998547e-03  1.5483825384e-03  -2.0644657243e-03  1.5511825249e-03  
2.0495881628e+00  7.0400974227e+00  1.6096465024e-01  1.5956907421e-02  5.5823627934e-03  -1.0546594368e-02  6.3242323016e-03  3.4191646728e-02  2.5336238162e-03  3.1335604478e-02  2.4076823104e-03  4.3295495288e-03  1.9903293987e-03  1.9390497515e-03  1.8979975112e-03  3.7277039056e-03  2.3940868252e-03  -2.1629138044e-03  2.1344600090e-03  1.5032702702e-03  1.9015575601e-03  -2.4494378298e-03  1.8578954295e-03  6.1095192873e-03  1.7138321030e-03  1.5618754043e-03  1.7842152289e-03  
2.1494693405e+00  6.6995868040e+00  1.6888756717e-01  1.1408369699e-02  6.2486242370e-03  -1.3004085163e-02  6.7134187235e-03  3.1901770048e-02  2.8868658226e-03  2.8640791414e-02  2.9831471928e-03  -8.3155282983e-04  1.7376628885e-03  -3.3888949113e-03  1.6487903507e-03  2.6418343864e-03  1.8194135495e-03  -6.3491697219e-04  1.8350250609e-03  2.8758409143e-03  2.0145453724e-03  2.5659453494e-03  1.8386541293e-03  2.4874181677e-04  2.0270251265e-03  -3.2040240684e-03  2.2404058473e-03  
2.2494703784e+00  6.2651459926e+00  1.6253012153e-01  1.1145839433e-02  5.4741340070e-03  -1.2950479831e-02  6.0567223392e-03  3.3499265790e-02  2.5382382195e-03  3.0473548498e-02  2.5534877109e-03  5.8500783579e-03  2.0471795603e-03  2.6089580767e-03  1.9082560202e-03  1.1424128459e-03  1.7382768707e-03  -9.8870170870e-04  1.9573519735e-03  2.3188818818e-03  2.0866861378e-03  1.1836265738e-03  2.0577160241e-03  3.2789454099e-03  2.0782291146e-03  1.7781986526e-03  2.2500316985e-03  
2.3490271016e+00  5.7803136619e+00  1.5719817751e-01  1.1516018874e-02  5.3455840136e-03  -1.4664835392e-02  6.3528364523e-03  2.8825772198e-02  2.6213066828e-03  2.7012117097e-02  2.7875665123e-03  -5.3771068043e-04  1.9764218415e-03  6.9078143014e-04  2.0900376312e-03  1.3598253323e-03  1.8976302507e-03  -1.9697253167e-03  1.7964305236e-03  1.4334806776e-03  1.8447176508e-03  -2.4750866098e-03  1.7791820771e-03  4.1908739707e-03  1.7288370782e-03  -8.4507403749e-04  1.9524818691e-03  
2.4490294337e+00  5.2431169686e+00  1.5886818656e-01  1.4918594232e-02  5.8853732323e-03  -8.0370548219e-03  6.4751384407e-03  2.0809377059e-02  2.9959544513e-03  1.8773938825e-02  2.8335724003e-03  1.6825466365e-03  2.0219483028e-03  -1.6324980091e-04  2.1313422383e-03  2.8124819346e-03  2.3596004727e-03  1.0262407951e-03  2.2189424018e-03  4.9171965968e-03  2.0458115158e-03  6.5818425226e-04  1.8656299053e-03  9.5922501975e-04  1.8004626479e-03  1.0535581632e-03  1.8939408274e-03  
2.5485038996e+00  4.5788864785e+00  1.4811227373e-01  9.7707063107e-03  6.1676739463e-03  -1.3692890626e-02  5.8284207393e-03  2.4431578276e-02  2.9079920924e-03  2.2742907334e-02  2.9998223668e-03  -4.5451554309e-03  2.1245458964e-03  -4.1926649773e-03  1.9990075601e-03  8.2241938726e-03  2.2935092029e-03  1.7431394458e-03  2.4241917427e-03  5.8428693254e-03  2.2657415489e-03  1.3472805484e-03  2.0766306960e-03  6.0928932653e-03  2.1915357832e-03  2.1973969947e-03  2.3746864534e-03  
2.6483249193e+00  3.9204752844e+00  1.4275728766e-01  8.4414511823e-03  5.9168074422e-03  -1.1707776090e-02  6.2032991938e-03  2.0672949212e-02  2.9243404433e-03  1.9534710598e-02  3.0704570976e-03  4.5955095050e-03  2.3555630759e-03  3.0830454278e-03  2.2075387843e-03  6.7088865039e-03  2.9858730580e-03  7.3812932569e-04  3.3194625571e-03  3.9417482960e-03  2.9837715184e-03  1.5512101981e-03  2.3789848573e-03  1.5367429122e-03  2.4346612985e-03  -1.5527056220e-03  2.5208376767e-03  
2.7478623943e+00  3.2176280730e+00  1.3246290770e-01  1.3119565768e-02  5.8991188305e-03  -9.5273275666e-03  5.2965344769e-03  1.6746411001e-02  3.0512100151e-03  1.4542779591e-02  3.0791012131e-03  3.1014388694e-03  2.7515590247e-03  3.7069177750e-03  2.7256391371e-03  8.8212164319e-04  2.5037870205e-03  -9.8291649552e-04  2.2744340088e-03  7.4200608580e-04  2.6085870643e-03  -1.0772794695e-03  2.4263940128e-03  2.9464432037e-03  2.7694093191e-03  4.3935956504e-04  2.7627362461e-03  
2.8475080456e+00  2.5522742978e+00  1.1224276586e-01  1.0299704416e-02  6.0641652450e-03  -1.2191576479e-02  5.7404895815e-03  6.9570282865e-03  3.4795502964e-03  4.6890502936e-03  3.4542559791e-03  -2.9997727965e-03  2.8827885239e-03  -4.7707166485e-03  2.8882771720e-03  4.7170959535e-03  3.5905386373e-03  2.6550295075e-03  3.8407287440e-03  2.5765885234e-03  3.5255825105e-03  -3.8630789708e-03  3.1193362199e-03  8.4282275376e-03  3.2541235696e-03  -1.3137476591e-03  3.2988113151e-03  
2.9472452384e+00  1.9034980014e+00  9.6450936499e-02  6.6047150913e-03  5.7194665843e-03  -4.8658058226e-03  5.4017977256e-03  1.0391679849e-02  3.8072324063e-03  1.0542348563e-02  3.8471668767e-03  9.5022899063e-04  3.2396790613e-03  1.7007736478e-04  3.2537930201e-03  5.9304169241e-03  3.8978801125e-03  2.8322360054e-04  3.2266282514e-03  -1.2569804835e-03  3.7672335109e-03  -3.1037220495e-04  3.5372343450e-03  1.2430291118e-03  5.3934810322e-03  -2.4980886280e-03  5.3232346723e-03  
3.0466270874e+00  1.3587869959e+00  7.7109285662e-02  6.8795367516e-03  6.1989049425e-03  -5.9112933889e-03  6.2409925454e-03  -2.4912766961e-03  4.2195844940e-03  -3.4194093664e-03  4.3781675599e-03  -5.7124072271e-03  4.1789161931e-03  -5.0072628438e-03  3.7527065220e-03  -8.9816234030e-03  5.5874446042e-03  -2.7904489772e-03  5.4746164364e-03  4.7483574386e-03  4.8824255831e-03  -3.1655376576e-03  4.0563220364e-03  6.9570022319e-04  4.5437110887e-03  4.5661183674e-03  4.6380925355e-03  
3.1459141857e+00  9.1284597233e-01  5.9929829399e-02  5.1782941708e-03  8.2842248935e-03  -2.0595244061e-03  6.1867529868e-03  -3.0773667391e-03  6.8693643274e-03  -4.5362815767e-03  7.4071555033e-03  -2.0755116243e-03  6.4555614216e-03  -6.9504719462e-04  6.6839430172e-03  2.3074445917e-03  6.4828766747e-03  -6.1314859698e-03  5.1490190578e-03  4.1623014394e-03  5.6086666402e-03  1.3667763290e-03  5.5653858772e-03  7.1172462600e-03  6.3404294983e-03  1.0678182889e-02  6.2265667443e-03  
3.2444442117e+00  5.6512045606e-01  4.1752127677e-02  3.3695624571e-03  8.6455767740e-03  -1.4944928754e-03  9.5693915719e-03  1.3124212295e-03  8.8455731543e-03  -2.5944079172e-05  8.4243552777e-03  -3.3229312053e-03  7.9213846019e-03  4.7594075455e-03  7.7049026439e-03  -1.2231450802e-02  6.0222312914e-03  -1.1082424961e-02  5.7468584424e-03  1.3244388358e-03  8.3176208220e-03  -2.7553727384e-03  7.2456150277e-03  -1.1348152686e-02  7.9234691739e-03  -4.5236204195e-03  9.7538822221e-03  
3.3442516022e+00  3.2546179425e-01  2.6395954500e-02  -7.4488762431e-03  1.7410083843e-02  -1.6350629435e-02  2.1627377183e-02  1.9405526098e-02  1.3558133104e-02  1.8442563806e-02  1.3604497291e-02  3.5214766126e-03  1.3001085400e-02  -7.1635726060e-03  1.4371884843e-02  8.0498410519e-03  1.0505372645e-02  1.3103405534e-03  1.0472385022e-02  1.4776248227e-02  1.2473623824e-02  1.3571129047e-02  1.0663136793e-02  4.2491657368e-04  9.6614459432e-03  -1.2864174815e-02  1.3814564294e-02  
3.4425975109e+00  1.7014085139e-01  1.4936585627e-02  -3.9267178655e-03  1.9729830547e-02  -2.2187460602e-02  1.5894639574e-02  -9.1749664622e-03  1.7177623758e-02  -9.1366718605e-03  1.8141218361e-02  1.0170095944e-03  1.4928619151e-02  -3.6986576083e-03  1.4160974036e-02  -2.8652402807e-03  1.6170025247e-02  1.7351850787e-02  1.6849673889e-02  -2.7424029160e-02  1.6100791277e-02  -3.0010771443e-02  1.6410090156e-02  -2.9044478851e-02  1.6773684587e-02  -3.6192358703e-02  1.6464752527e-02  
3.5408000616e+00  8.4469677494e-02  8.1486702642e-03  -6.2174134817e-03  2.2164540872e-02  1.9473388862e-02  2.9564955393e-02  -2.2682827147e-02  2.7782003017e-02  -2.2801475630e-02  2.4822042776e-02  -1.6358934082e-02  2.3667003127e-02  5.4680813288e-03  2.1217002821e-02  -3.5945779878e-02  2.3365631324e-02  -1.7467697202e-02  2.0211550632e-02  -5.3150147068e-03  2.7196301767e-02  3.3507053073e-03  1.8151916543e-02  8.5461857193e-03  2.3724414974e-02  1.4685568828e-02  2.7804458323e-02  
3.6359129917e+00  3.8461605385e-02  4.5779649173e-03  -5.5599420461e-02  3.9264096273e-02  -2.4187541364e-02  2.9000099928e-02  -1.9230357170e-02  2.9426033115e-02  -2.7939365275e-02  2.7375214620e-02  -4.4830490514e-03  3.6063976966e-02  -3.2731089740e-02  3.8021632150e-02  2.6012539358e-03  3.5074458690e-02  -9.6772525377e-03  3.0499569648e-02  5.3050449264e-02  3.7998730579e-02  1.3892701292e-02  4.0153059146e-02  -1.8989382144e-02  3.4885783970e-02  -5.6536004125e-03  4.0312752775e-02  
3.7246131058e+00  1.5364736523e-02  2.0025335887e-03  -1.9404152995e-02  5.5323902208e-02  -5.0827057412e-02  4.8519380912e-02  2.0763349818e-02  4.8373496037e-02  2.4811785773e-02  4.7673709296e-02  6.6386285126e-03  4.2020727372e-02  3.5915062472e-02  4.1034694098e-02  6.4326359932e-02  4.4119911383e-02  -1.9541236754e-02  4.1439850670e-02  -9.6464559908e-02  4.9207807902e-02  -8.0687618192e-02  4.9270970399e-02  -4.2153245107e-02  4.6409481248e-02  -4.1516154444e-03  5.0733783259e-02  
3.8160330280e+00  6.2979404272e-03  9.7522914684e-04  5.7724280267e-02  4.7683126132e-02  2.5357732923e-02  4.8521038223e-02  -3.9076199506e-02  4.8186595978e-02  -2.4080681553e-02  4.9044205549e-02  -3.4495128703e-03  5.1122670005e-02  1.8805762690e-03  4.4939517932e-02  4.1997556860e-02  4.9124712964e-02  6.4534636976e-03  4.4395965332e-02  5.7774330325e-02  4.2594968763e-02  -3.3762704307e-04  4.2578343800e-02  3.0453024257e-03  5.0851491124e-02  -2.5850047558e-02  5.5410080902e-02  
3.9072250714e+00  1.5884964928e-03  3.0481926318e-04  -2.9643292056e-03  3.6165573847e-02  4.1922815620e-02  2.6199138126e-02  6.7695488043e-02  3.4665356180e-02  6.2250217395e-02  3.4502518710e-02  6.8229220219e-02  3.2901749059e-02  4.3836314266e-02  3.7709030571e-02  -3.3687806765e-02  2.9290326163e-02  -3.4606674990e-02  3.6031266258e-02  -7.8191975015e-02  3.5498258312e-02  -3.7633270429e-02  2.9049847399e-02  7.4997464018e-03  3.9095791923e-02  -8.4103015216e-03  3.5117694486e-02  
4.0053567826e+00  8.8770048407e-04  1.9308097550e-04  3.5328051847e-03  2.7499584199e-02  -5.7570254170e-03  3.8027033958e-02  -3.3954813857e-02  3.2840025188e-02  -3.1902519351e-02  3.2166931960e-02  -2.8664064844e-02  3.7903595443e-02  -3.2850053812e-02  3.2056431460e-02  1.5186288929e-03  2.4710271891e-02  4.4198114382e-02  2.2606537541e-02  1.6823336278e-02  3.6312577289e-02  2.4719019051e-02  3.3487317937e-02  -1.5013885593e-02  3.0877988196e-02  -5.9489504794e-02  3.4489623296e-02  
4.1009270677e+00  1.6869530469e-04  8.3474111539e-05  1.1144479138e-02  1.8958043391e-02  1.2888603417e-02  1.6882904610e-02  -5.6229201687e-03  1.6082588273e-02  -1.6609431576e-03  1.4333567622e-02  -1.0757273412e-02  1.7708374178e-02  -7.2398938500e-04  1.6504754932e-02  1.6703292991e-02  1.1965971759e-02  1.4608874892e-02  1.6518112607e-02  1.4260414698e-02  1.3199886746e-02  2.4230822587e-02  1.6538825062e-02  3.0759995258e-03  2.5029600426e-03  -4.6192148644e-03  1.3570611417e-02  
4.2002295299e+00  8.2761235926e-05  5.7858953927e-05  1.8816184494e-02  1.3429583443e-02  1.3820321010e-02  9.7936303630e-03  -2.4961024133e-02  1.7751167118e-02  -2.9348486725e-02  2.1715821856e-02  -1.2615070692e-02  8.9182579486e-03  -2.8759802330e-03  3.1966342999e-03  5.1573605291e-03  6.2080576670e-03  2.8270415142e-02  1.9839355252e-02  1.2576310786e-02  1.3293844249e-02  2.8961012613e-02  2.2581189328e-02  -7.6029789231e-03  5.8071036107e-03  -1.3663455739e-02  9.9389514837e-03  
4.3000000000e+00  0.0000000000e+00  0.0000000000e+00  0.0000000000e+00  0.0000000000e+00  0.0000000000e+00  0.0000000000e+00  0.0000000000e+00  0.0000000000e+00  0.0000000000e+00  0.0000000000e+00  0.0000000000e+00  0.0000000000e+00  0.0000000000e+00  0.0000000000e+00  0.0000000000e+00  0.0000000000e+00  0.0000000000e+00  0.0000000000e+00  0.0000000000e+00  0.0000000000e+00  0.0000000000e+00  0.0000000000e+00  0.0000000000e+00  0.0000000000e+00  0.0000000000e+00  0.0000000000e+00  
4.4000000000e+00  0.0000000000e+00  0.0000000000e+00  0.0000000000e+00  0.0000000000e+00  0.0000000000e+00  0.0000000000e+00  0.0000000000e+00  0.0000000000e+00  0.0000000000e+00  0.0000000000e+00  0.0000000000e+00  0.0000000000e+00  0.0000000000e+00  0.0000000000e+00  0.0000000000e+00  0.0000000000e+00  0.0000000000e+00  0.0000000000e+00  0.0000000000e+00  0.0000000000e+00  0.0000000000e+00  0.0000000000e+00  0.0000000000e+00  0.0000000000e+00  0.0000000000e+00  0.0000000000e+00  
4.5000000000e+00  0.0000000000e+00  0.0000000000e+00  0.0000000000e+00  0.0000000000e+00  0.0000000000e+00  0.0000000000e+00  0.0000000000e+00  0.0000000000e+00  0.0000000000e+00  0.0000000000e+00  0.0000000000e+00  0.0000000000e+00  0.0000000000e+00  0.0000000000e+00  0.0000000000e+00  0.0000000000e+00  0.0000000000e+00  0.0000000000e+00  0.0000000000e+00  0.0000000000e+00  0.0000000000e+00  0.0000000000e+00  0.0000000000e+00  0.0000000000e+00  0.0000000000e+00  0.0000000000e+00  
4.6000000000e+00  0.0000000000e+00  0.0000000000e+00  0.0000000000e+00  0.0000000000e+00  0.0000000000e+00  0.0000000000e+00  0.0000000000e+00  0.0000000000e+00  0.0000000000e+00  0.0000000000e+00  0.0000000000e+00  0.0000000000e+00  0.0000000000e+00  0.0000000000e+00  0.0000000000e+00  0.0000000000e+00  0.0000000000e+00  0.0000000000e+00  0.0000000000e+00  0.0000000000e+00  0.0000000000e+00  0.0000000000e+00  0.0000000000e+00  0.0000000000e+00  0.0000000000e+00  0.0000000000e+00  
4.7000000000e+00  0.0000000000e+00  0.0000000000e+00  0.0000000000e+00  0.0000000000e+00  0.0000000000e+00  0.0000000000e+00  0.0000000000e+00  0.0000000000e+00  0.0000000000e+00  0.0000000000e+00  0.0000000000e+00  0.0000000000e+00  0.0000000000e+00  0.0000000000e+00  0.0000000000e+00  0.0000000000e+00  0.0000000000e+00  0.0000000000e+00  0.0000000000e+00  0.0000000000e+00  0.0000000000e+00  0.0000000000e+00  0.0000000000e+00  0.0000000000e+00  0.0000000000e+00  0.0000000000e+00  
4.8000000000e+00  0.0000000000e+00  0.0000000000e+00  0.0000000000e+00  0.0000000000e+00  0.0000000000e+00  0.0000000000e+00  0.0000000000e+00  0.0000000000e+00  0.0000000000e+00  0.0000000000e+00  0.0000000000e+00  0.0000000000e+00  0.0000000000e+00  0.0000000000e+00  0.0000000000e+00  0.0000000000e+00  0.0000000000e+00  0.0000000000e+00  0.0000000000e+00  0.0000000000e+00  0.0000000000e+00  0.0000000000e+00  0.0000000000e+00  0.0000000000e+00  0.0000000000e+00  0.0000000000e+00  
4.9000000000e+00  0.0000000000e+00  0.0000000000e+00  0.0000000000e+00  0.0000000000e+00  0.0000000000e+00  0.0000000000e+00  0.0000000000e+00  0.0000000000e+00  0.0000000000e+00  0.0000000000e+00  0.0000000000e+00  0.0000000000e+00  0.0000000000e+00  0.0000000000e+00  0.0000000000e+00  0.0000000000e+00  0.0000000000e+00  0.0000000000e+00  0.0000000000e+00  0.0000000000e+00  0.0000000000e+00  0.0000000000e+00  0.0000000000e+00  0.0000000000e+00  0.0000000000e+00  0.0000000000e+00  
5.0000000000e+00  0.0000000000e+00  0.0000000000e+00  0.0000000000e+00  0.0000000000e+00  0.0000000000e+00  0.0000000000e+00  0.0000000000e+00  0.0000000000e+00  0.0000000000e+00  0.0000000000e+00  0.0000000000e+00  0.0000000000e+00  0.0000000000e+00  0.0000000000e+00  0.0000000000e+00  0.0000000000e+00  0.0000000000e+00  0.0000000000e+00  0.0000000000e+00  0.0000000000e+00  0.0000000000e+00  0.0000000000e+00  0.0000000000e+00  0.0000000000e+00  0.0000000000e+00  0.0000000000e+00  
5.1000000000e+00  0.0000000000e+00  0.0000000000e+00  0.0000000000e+00  0.0000000000e+00  0.0000000000e+00  0.0000000000e+00  0.0000000000e+00  0.0000000000e+00  0.0000000000e+00  0.0000000000e+00  0.0000000000e+00  0.0000000000e+00  0.0000000000e+00  0.0000000000e+00  0.0000000000e+00  0.0000000000e+00  0.0000000000e+00  0.0000000000e+00  0.0000000000e+00  0.0000000000e+00  0.0000000000e+00  0.0000000000e+00  0.0000000000e+00  0.0000000000e+00  0.0000000000e+00  0.0000000000e+00  
5.2000000000e+00  0.0000000000e+00  0.0000000000e+00  0.0000000000e+00  0.0000000000e+00  0.0000000000e+00  0.0000000000e+00  0.0000000000e+00  0.0000000000e+00  0.0000000000e+00  0.0000000000e+00  0.0000000000e+00  0.0000000000e+00  0.0000000000e+00  0.0000000000e+00  0.0000000000e+00  0.0000000000e+00  0.0000000000e+00  0.0000000000e+00  0.0000000000e+00  0.0000000000e+00  0.0000000000e+00  0.0000000000e+00  0.0000000000e+00  0.0000000000e+00  0.0000000000e+00  0.0000000000e+00  
5.3000000000e+00  0.0000000000e+00  0.0000000000e+00  0.0000000000e+00  0.0000000000e+00  0.0000000000e+00  0.0000000000e+00  0.0000000000e+00  0.0000000000e+00  0.0000000000e+00  0.0000000000e+00  0.0000000000e+00  0.0000000000e+00  0.0000000000e+00  0.0000000000e+00  0.0000000000e+00  0.0000000000e+00  0.0000000000e+00  0.0000000000e+00  0.0000000000e+00  0.0000000000e+00  0.0000000000e+00  0.0000000000e+00  0.0000000000e+00  0.0000000000e+00  0.0000000000e+00  0.0000000000e+00  
5.4000000000e+00  0.0000000000e+00  0.0000000000e+00  0.0000000000e+00  0.0000000000e+00  0.0000000000e+00  0.0000000000e+00  0.0000000000e+00  0.0000000000e+00  0.0000000000e+00  0.0000000000e+00  0.0000000000e+00  0.0000000000e+00  0.0000000000e+00  0.0000000000e+00  0.0000000000e+00  0.0000000000e+00  0.0000000000e+00  0.0000000000e+00  0.0000000000e+00  0.0000000000e+00  0.0000000000e+00  0.0000000000e+00  0.0000000000e+00  0.0000000000e+00  0.0000000000e+00  0.0000000000e+00  
5.5000000000e+00  0.0000000000e+00  0.0000000000e+00  0.0000000000e+00  0.0000000000e+00  0.0000000000e+00  0.0000000000e+00  0.0000000000e+00  0.0000000000e+00  0.0000000000e+00  0.0000000000e+00  0.0000000000e+00  0.0000000000e+00  0.0000000000e+00  0.0000000000e+00  0.0000000000e+00  0.0000000000e+00  0.0000000000e+00  0.0000000000e+00  0.0000000000e+00  0.0000000000e+00  0.0000000000e+00  0.0000000000e+00  0.0000000000e+00  0.0000000000e+00  0.0000000000e+00  0.0000000000e+00  
5.6000000000e+00  0.0000000000e+00  0.0000000000e+00  0.0000000000e+00  0.0000000000e+00  0.0000000000e+00  0.0000000000e+00  0.0000000000e+00  0.0000000000e+00  0.0000000000e+00  0.0000000000e+00  0.0000000000e+00  0.0000000000e+00  0.0000000000e+00  0.0000000000e+00  0.0000000000e+00  0.0000000000e+00  0.0000000000e+00  0.0000000000e+00  0.0000000000e+00  0.0000000000e+00  0.0000000000e+00  0.0000000000e+00  0.0000000000e+00  0.0000000000e+00  0.0000000000e+00  0.0000000000e+00  
5.7000000000e+00  0.0000000000e+00  0.0000000000e+00  0.0000000000e+00  0.0000000000e+00  0.0000000000e+00  0.0000000000e+00  0.0000000000e+00  0.0000000000e+00  0.0000000000e+00  0.0000000000e+00  0.0000000000e+00  0.0000000000e+00  0.0000000000e+00  0.0000000000e+00  0.0000000000e+00  0.0000000000e+00  0.0000000000e+00  0.0000000000e+00  0.0000000000e+00  0.0000000000e+00  0.0000000000e+00  0.0000000000e+00  0.0000000000e+00  0.0000000000e+00  0.0000000000e+00  0.0000000000e+00  
5.8000000000e+00  0.0000000000e+00  0.0000000000e+00  0.0000000000e+00  0.0000000000e+00  0.0000000000e+00  0.0000000000e+00  0.0000000000e+00  0.0000000000e+00  0.0000000000e+00  0.0000000000e+00  0.0000000000e+00  0.0000000000e+00  0.0000000000e+00  0.0000000000e+00  0.0000000000e+00  0.0000000000e+00  0.0000000000e+00  0.0000000000e+00  0.0000000000e+00  0.0000000000e+00  0.0000000000e+00  0.0000000000e+00  0.0000000000e+00  0.0000000000e+00  0.0000000000e+00  0.0000000000e+00  
5.9000000000e+00  0.0000000000e+00  0.0000000000e+00  0.0000000000e+00  0.0000000000e+00  0.0000000000e+00  0.0000000000e+00  0.0000000000e+00  0.0000000000e+00  0.0000000000e+00  0.0000000000e+00  0.0000000000e+00  0.0000000000e+00  0.0000000000e+00  0.0000000000e+00  0.0000000000e+00  0.0000000000e+00  0.0000000000e+00  0.0000000000e+00  0.0000000000e+00  0.0000000000e+00  0.0000000000e+00  0.0000000000e+00  0.0000000000e+00  0.0000000000e+00  0.0000000000e+00  0.0000000000e+00  
6.0000000000e+00  0.0000000000e+00  0.0000000000e+00  0.0000000000e+00  0.0000000000e+00  0.0000000000e+00  0.0000000000e+00  0.0000000000e+00  0.0000000000e+00  0.0000000000e+00  0.0000000000e+00  0.0000000000e+00  0.0000000000e+00  0.0000000000e+00  0.0000000000e+00  0.0000000000e+00  0.0000000000e+00  0.0000000000e+00  0.0000000000e+00  0.0000000000e+00  0.0000000000e+00  0.0000000000e+00  0.0000000000e+00  0.0000000000e+00  0.0000000000e+00  0.0000000000e+00  0.0000000000e+00  
6.1000000000e+00  0.0000000000e+00  0.0000000000e+00  0.0000000000e+00  0.0000000000e+00  0.0000000000e+00  0.0000000000e+00  0.0000000000e+00  0.0000000000e+00  0.0000000000e+00  0.0000000000e+00  0.0000000000e+00  0.0000000000e+00  0.0000000000e+00  0.0000000000e+00  0.0000000000e+00  0.0000000000e+00  0.0000000000e+00  0.0000000000e+00  0.0000000000e+00  0.0000000000e+00  0.0000000000e+00  0.0000000000e+00  0.0000000000e+00  0.0000000000e+00  0.0000000000e+00  0.0000000000e+00  
6.2000000000e+00  0.0000000000e+00  0.0000000000e+00  0.0000000000e+00  0.0000000000e+00  0.0000000000e+00  0.0000000000e+00  0.0000000000e+00  0.0000000000e+00  0.0000000000e+00  0.0000000000e+00  0.0000000000e+00  0.0000000000e+00  0.0000000000e+00  0.0000000000e+00  0.0000000000e+00  0.0000000000e+00  0.0000000000e+00  0.0000000000e+00  0.0000000000e+00  0.0000000000e+00  0.0000000000e+00  0.0000000000e+00  0.0000000000e+00  0.0000000000e+00  0.0000000000e+00  0.0000000000e+00  
6.3000000000e+00  0.0000000000e+00  0.0000000000e+00  0.0000000000e+00  0.0000000000e+00  0.0000000000e+00  0.0000000000e+00  0.0000000000e+00  0.0000000000e+00  0.0000000000e+00  0.0000000000e+00  0.0000000000e+00  0.0000000000e+00  0.0000000000e+00  0.0000000000e+00  0.0000000000e+00  0.0000000000e+00  0.0000000000e+00  0.0000000000e+00  0.0000000000e+00  0.0000000000e+00  0.0000000000e+00  0.0000000000e+00  0.0000000000e+00  0.0000000000e+00  0.0000000000e+00  0.0000000000e+00  
6.4000000000e+00  0.0000000000e+00  0.0000000000e+00  0.0000000000e+00  0.0000000000e+00  0.0000000000e+00  0.0000000000e+00  0.0000000000e+00  0.0000000000e+00  0.0000000000e+00  0.0000000000e+00  0.0000000000e+00  0.0000000000e+00  0.0000000000e+00  0.0000000000e+00  0.0000000000e+00  0.0000000000e+00  0.0000000000e+00  0.0000000000e+00  0.0000000000e+00  0.0000000000e+00  0.0000000000e+00  0.0000000000e+00  0.0000000000e+00  0.0000000000e+00  0.0000000000e+00  0.0000000000e+00  
6.5000000000e+00  0.0000000000e+00  0.0000000000e+00  0.0000000000e+00  0.0000000000e+00  0.0000000000e+00  0.0000000000e+00  0.0000000000e+00  0.0000000000e+00  0.0000000000e+00  0.0000000000e+00  0.0000000000e+00  0.0000000000e+00  0.0000000000e+00  0.0000000000e+00  0.0000000000e+00  0.0000000000e+00  0.0000000000e+00  0.0000000000e+00  0.0000000000e+00  0.0000000000e+00  0.0000000000e+00  0.0000000000e+00  0.0000000000e+00  0.0000000000e+00  0.0000000000e+00  0.0000000000e+00  
6.6000000000e+00  0.0000000000e+00  0.0000000000e+00  0.0000000000e+00  0.0000000000e+00  0.0000000000e+00  0.0000000000e+00  0.0000000000e+00  0.0000000000e+00  0.0000000000e+00  0.0000000000e+00  0.0000000000e+00  0.0000000000e+00  0.0000000000e+00  0.0000000000e+00  0.0000000000e+00  0.0000000000e+00  0.0000000000e+00  0.0000000000e+00  0.0000000000e+00  0.0000000000e+00  0.0000000000e+00  0.0000000000e+00  0.0000000000e+00  0.0000000000e+00  0.0000000000e+00  0.0000000000e+00  
6.7000000000e+00  0.0000000000e+00  0.0000000000e+00  0.0000000000e+00  0.0000000000e+00  0.0000000000e+00  0.0000000000e+00  0.0000000000e+00  0.0000000000e+00  0.0000000000e+00  0.0000000000e+00  0.0000000000e+00  0.0000000000e+00  0.0000000000e+00  0.0000000000e+00  0.0000000000e+00  0.0000000000e+00  0.0000000000e+00  0.0000000000e+00  0.0000000000e+00  0.0000000000e+00  0.0000000000e+00  0.0000000000e+00  0.0000000000e+00  0.0000000000e+00  0.0000000000e+00  0.0000000000e+00  
6.8000000000e+00  0.0000000000e+00  0.0000000000e+00  0.0000000000e+00  0.0000000000e+00  0.0000000000e+00  0.0000000000e+00  0.0000000000e+00  0.0000000000e+00  0.0000000000e+00  0.0000000000e+00  0.0000000000e+00  0.0000000000e+00  0.0000000000e+00  0.0000000000e+00  0.0000000000e+00  0.0000000000e+00  0.0000000000e+00  0.0000000000e+00  0.0000000000e+00  0.0000000000e+00  0.0000000000e+00  0.0000000000e+00  0.0000000000e+00  0.0000000000e+00  0.0000000000e+00  0.0000000000e+00  
6.9000000000e+00  0.0000000000e+00  0.0000000000e+00  0.0000000000e+00  0.0000000000e+00  0.0000000000e+00  0.0000000000e+00  0.0000000000e+00  0.0000000000e+00  0.0000000000e+00  0.0000000000e+00  0.0000000000e+00  0.0000000000e+00  0.0000000000e+00  0.0000000000e+00  0.0000000000e+00  0.0000000000e+00  0.0000000000e+00  0.0000000000e+00  0.0000000000e+00  0.0000000000e+00  0.0000000000e+00  0.0000000000e+00  0.0000000000e+00  0.0000000000e+00  0.0000000000e+00  0.0000000000e+00  
7.0000000000e+00  0.0000000000e+00  0.0000000000e+00  0.0000000000e+00  0.0000000000e+00  0.0000000000e+00  0.0000000000e+00  0.0000000000e+00  0.0000000000e+00  0.0000000000e+00  0.0000000000e+00  0.0000000000e+00  0.0000000000e+00  0.0000000000e+00  0.0000000000e+00  0.0000000000e+00  0.0000000000e+00  0.0000000000e+00  0.0000000000e+00  0.0000000000e+00  0.0000000000e+00  0.0000000000e+00  0.0000000000e+00  0.0000000000e+00  0.0000000000e+00  0.0000000000e+00  0.0000000000e+00  
