#pT  dN/(2pi dy pT dpT)  dN/(2pi dy pT dpT)_err  vn{SP}  vn{SP}_err
1.0509437323e-01  4.0495385922e+00  3.8687267522e-01  9.8753462949e-04  6.8766129974e-04  1.3590616290e-03  6.0475980861e-04  -3.0716588949e-04  7.7894779658e-04  -7.5676109528e-04  1.1245495767e-03  2.7811610489e-04  1.7865981187e-03  nan  nan  
1.9947025180e-01  2.6281458652e+00  2.5511204401e-01  3.1145296319e-03  7.9585496388e-04  3.0658144778e-03  7.6056368032e-04  6.4664360640e-04  5.9839887172e-04  -2.9096626819e-04  8.0932450226e-04  -7.9552549962e-04  1.2352464153e-03  nan  nan  
2.9773005843e-01  1.4739111864e+00  1.4895746058e-01  2.8572067197e-03  1.2299823780e-03  3.1926747684e-03  5.9685583495e-04  1.1894135629e-03  9.5797608284e-04  2.7816293093e-04  9.1604442180e-04  -2.3109499522e-03  2.5027903112e-03  nan  nan  
3.9704000950e-01  8.0621878015e-01  8.5888550162e-02  3.5318627651e-03  1.1449498459e-03  6.5733108545e-03  1.4079204484e-03  3.3789728312e-04  9.5916660711e-04  -6.8870067466e-04  1.1125605941e-03  1.0135172472e-04  2.2090888890e-03  nan  nan  
4.9666199088e-01  4.3951693741e-01  4.9668219849e-02  3.8008967347e-03  2.1769740869e-03  7.6827269238e-03  2.1014196357e-03  -2.3953013092e-04  1.1169452143e-03  1.0771988884e-03  1.2587815429e-03  -4.9382170364e-04  2.5839106491e-03  nan  nan  
5.9632778168e-01  2.4067592596e-01  2.9913117845e-02  5.8023517162e-03  2.8595359409e-03  1.2625743391e-02  2.9126019674e-03  -2.9779841866e-04  1.8313561302e-03  -3.9949370899e-03  1.9670829893e-03  -8.7759563986e-04  3.0793817433e-03  nan  nan  
6.9618898630e-01  1.3035084720e-01  1.7939480592e-02  6.6425711764e-03  2.8069240834e-03  1.7086438512e-02  3.1093753765e-03  1.4215973466e-03  2.0292202786e-03  1.8940474251e-03  1.7582230386e-03  -4.4952693261e-03  3.8978455584e-03  nan  nan  
7.9601806402e-01  7.0699636510e-02  1.0857022445e-02  7.5979082848e-03  3.6306773404e-03  1.8650820981e-02  4.4791337983e-03  6.3991677062e-04  2.3741332763e-03  -2.7986190019e-03  2.8985314047e-03  2.7382439262e-03  5.6586514104e-03  nan  nan  
8.9596968889e-01  3.8722472084e-02  6.9395192445e-03  1.2107954176e-02  5.2727618070e-03  2.7563903722e-02  5.8511782543e-03  -6.2318597363e-04  3.5320047052e-03  2.2776121929e-03  3.4008859697e-03  -1.2474061040e-02  9.9024138541e-03  nan  nan  
9.9595618248e-01  2.1172666977e-02  4.2645389707e-03  1.2485032623e-02  6.6629844838e-03  3.7648823871e-02  8.7794774484e-03  8.5476677136e-03  5.0024759147e-03  5.7293667254e-03  4.8882181661e-03  -3.8564615825e-03  8.6288828115e-03  nan  nan  
1.0959506035e+00  1.1893588201e-02  2.6969228270e-03  1.5974910613e-02  6.8588540569e-03  3.7446359249e-02  6.7195454604e-03  1.2128831519e-02  5.3898554350e-03  6.3733400173e-04  5.2963214545e-03  -2.1241436015e-03  1.1165372784e-02  nan  nan  
1.1959397793e+00  6.8040145388e-03  1.7367724482e-03  2.7052338820e-02  9.3132079068e-03  4.3181316538e-02  9.2736281337e-03  5.5891892597e-03  7.5172021460e-03  -7.3553327375e-03  8.9915618046e-03  -1.9583029544e-02  2.5839494088e-02  nan  nan  
1.2965315580e+00  3.9775262284e-03  1.1212460564e-03  2.7987075000e-02  1.0377310235e-02  5.0393171098e-02  8.4892267045e-03  1.6881269154e-02  8.5923197347e-03  1.7440077154e-02  9.7392041853e-03  1.4886612232e-02  2.1589548725e-02  nan  nan  
1.3956623077e+00  2.3397584239e-03  6.8155437171e-04  4.1566692021e-02  1.7457324789e-02  6.8561075672e-02  1.4672217505e-02  -4.8516343551e-03  1.2835985162e-02  1.3963388924e-03  1.0816098855e-02  1.4549536044e-02  2.6983134741e-02  nan  nan  
1.4966441393e+00  1.4457169563e-03  4.5789787379e-04  4.2034060755e-02  2.2365158391e-02  6.4399090606e-02  8.7175314669e-03  3.3170698760e-03  1.3834723006e-02  6.8205923933e-03  1.5493513264e-02  2.3041918802e-02  2.3733361385e-02  nan  nan  
1.5969337225e+00  8.7146010593e-04  2.7719340759e-04  4.9600382319e-02  2.7821431193e-02  8.3000747338e-02  2.6024582288e-02  1.7429556624e-02  2.3646089447e-02  1.8891896513e-02  1.7960556555e-02  -6.1436594857e-03  6.2400951040e-02  nan  nan  
1.6965305805e+00  5.5628379600e-04  1.9611671059e-04  8.2838713273e-02  3.1311399325e-02  8.2898929458e-02  1.7170634669e-02  4.8197773232e-02  2.6774397512e-02  7.8327143835e-03  1.9290908653e-02  -4.3154132582e-02  4.3626266538e-02  nan  nan  
1.7986596823e+00  3.4329646054e-04  1.2104817694e-04  7.7090552424e-02  3.9822064547e-02  1.0586969201e-01  3.3476919950e-02  8.1181343642e-02  2.9690684587e-02  8.2840642463e-02  2.9902225230e-02  5.9805856668e-02  6.3744386379e-02  nan  nan  
1.8971391916e+00  2.0791297251e-04  7.1458685883e-05  1.1691345608e-01  4.3300939596e-02  8.9260710077e-02  4.8647958628e-02  1.0117138572e-01  3.8979935810e-02  2.7697746684e-02  3.5548859271e-02  7.1850047612e-03  9.2340559556e-02  nan  nan  
1.9959071875e+00  1.4441206258e-04  5.6276089864e-05  1.4426791283e-01  4.9771204500e-02  1.6179304565e-01  2.6946950520e-02  7.6734666344e-02  4.5156589150e-02  1.2709856499e-01  4.0579476359e-02  1.5286900806e-01  1.4673236623e-01  nan  nan  
2.0964486599e+00  9.0820091880e-05  3.1998157033e-05  2.2555891186e-01  8.7365819065e-02  1.6424446230e-01  4.0803570476e-02  1.0935146395e-01  6.2630285862e-02  5.5665748645e-02  5.8951708163e-02  1.6708401586e-01  1.2948089151e-01  nan  nan  
2.1979165077e+00  7.1282430865e-05  3.4320116623e-05  2.7298828436e-01  1.3751859322e-01  2.1931771208e-01  4.6336184169e-02  8.9294030114e-02  1.1132468318e-01  3.1644218413e-02  7.6680456397e-02  -5.8675489188e-02  1.6640891772e-01  nan  nan  
2.2963166237e+00  3.8896164632e-05  1.8063440469e-05  3.0467974482e-01  1.4923307171e-01  2.0417100607e-01  5.0992846559e-02  1.8238433465e-01  1.2945099037e-01  1.1198965868e-01  9.0191997467e-02  3.7646700988e-01  2.9956377146e-01  nan  nan  
2.3957333565e+00  3.2917480925e-05  1.6799727715e-05  3.0993903170e-01  1.6600320868e-01  1.4025494883e-01  1.2442504397e-01  2.7702976249e-01  1.8497065164e-01  2.1912349253e-01  1.1532063745e-01  3.5585852510e-01  2.9697651998e-01  nan  nan  
2.4982807636e+00  2.1070197335e-05  1.0001140883e-05  5.1682107902e-01  2.6076291369e-01  4.2639607659e-01  1.5245015205e-01  2.4368824657e-01  2.2945784222e-01  1.1680378562e-01  1.2256026097e-01  5.7731192228e-01  4.3503493981e-01  nan  nan  
2.5968019962e+00  1.5800384896e-05  8.3937058493e-06  5.4983170649e-01  4.0330707787e-01  1.4527487419e-01  1.8200570406e-01  2.7733696707e-01  4.2842636660e-01  6.6105367607e-02  1.3003549312e-01  9.1956313647e-02  4.1652953611e-01  nan  nan  
2.6952393055e+00  1.0272212883e-05  5.4217877817e-06  4.4598402328e-01  2.3954958283e-01  1.4367950980e-01  2.0073473436e-01  6.1586619350e-01  4.2317086135e-01  4.1079487778e-01  2.1919362086e-01  1.6718665448e-01  8.7694082112e-01  nan  nan  
2.8001203537e+00  7.9584134842e-06  5.5448410734e-06  5.8294610990e-01  4.5724164997e-01  5.3392925938e-01  1.8849106618e-01  5.4066088344e-01  4.0733489534e-01  3.1186119393e-01  3.0766867595e-01  5.9356127224e-01  1.0989246837e+00  nan  nan  
2.8950181007e+00  6.3243899489e-06  2.7345520934e-06  9.9271981976e-01  5.5836963826e-01  6.1938710852e-01  2.5714996005e-01  1.1646707839e+00  6.2641288278e-01  3.5275024661e-01  2.3362489802e-01  2.2983688297e-01  5.6066592947e-01  nan  nan  
2.9914100170e+00  4.2024315515e-06  1.6470580126e-06  6.7655763288e-01  2.1852155175e-01  4.5576748488e-01  1.7208445963e-01  8.3150684074e-01  3.9076888963e-01  3.4141154828e-01  3.0862859636e-01  1.0605277726e+00  1.0823960902e+00  nan  nan  
3.0847654343e+00  2.9899643141e-06  1.4107188325e-06  8.3079590578e-01  3.9474335393e-01  4.9581328488e-01  1.7399933529e-01  9.0916383754e-01  5.0808429299e-01  -2.4161635248e-02  2.7239420795e-01  5.0892571856e-01  1.0438915903e+00  nan  nan  
3.1946110725e+00  2.2771885059e-06  1.3525081519e-06  1.0688682507e+00  6.7467232933e-01  7.4911735226e-01  2.9130843769e-01  1.2924952565e+00  7.3416730496e-01  1.3527212175e-01  2.5252068323e-01  1.0990609844e+00  1.0998317621e+00  nan  nan  
3.3018078804e+00  1.3459866935e-06  5.1582144607e-07  1.1411833690e+00  5.9068718499e-01  6.9207983896e-01  2.4437585507e-01  1.1789747510e+00  6.7696578835e-01  3.4796488470e-01  3.0412675656e-01  8.7186360425e-01  1.3607187771e+00  nan  nan  
3.4083626270e+00  1.8864803784e-06  9.6365311267e-07  1.0427965257e+00  8.6277222237e-01  5.1118032057e-01  3.7916656593e-01  1.4496931449e+00  9.7608311168e-01  5.4076986461e-01  3.5962871948e-01  1.3622195802e+00  1.4282213415e+00  nan  nan  
3.4831700325e+00  1.2118578056e-06  5.3690168710e-07  7.4914688146e-01  4.6936025223e-01  7.8663610190e-01  2.4725103772e-01  1.2372597642e+00  7.1634006832e-01  5.8554613164e-01  3.9745856594e-01  1.7540034146e+00  1.6204669223e+00  nan  nan  
3.5847473145e+00  5.2364683494e-07  2.4984049750e-07  1.0713737198e+00  8.9880576309e-01  8.5502679336e-01  3.8581074102e-01  2.0316436298e+00  1.1670057241e+00  7.2403176018e-01  7.0857512509e-01  8.7271705407e-01  9.9303509505e-01  nan  nan  
3.7123079300e+00  7.8662169105e-07  3.9671404392e-07  1.9812355789e+00  1.7084301897e+00  7.7183736672e-01  9.5261209076e-01  3.4440194067e+00  1.7358761790e+00  1.7112514376e+00  6.4890452726e-01  2.3654686091e+00  3.0988610362e+00  nan  nan  
3.7905812263e+00  6.6324190694e-07  3.8359428353e-07  9.0004219194e-01  6.4620683280e-01  8.9822231672e-01  3.6037123434e-01  1.6995953318e+00  1.4049293346e+00  1.4970020693e-01  4.4484442559e-01  1.4180913546e+00  1.6841228056e+00  nan  nan  
3.8803341389e+00  3.1748311944e-07  2.2252083473e-07  4.8067764958e-01  1.4000169243e-01  5.5884108855e-01  2.4361977599e-01  2.0762114291e+00  1.7796597389e+00  1.6344201486e+00  7.2479820663e-01  5.4238623468e+00  5.4875965208e+00  nan  nan  
3.9927604198e+00  5.0381586916e-07  2.7675061925e-07  1.1015466680e+00  8.5156334340e-01  7.9250205470e-01  2.7598553938e-01  1.6881197257e+00  1.0857817241e+00  6.7021928798e-01  6.8597522862e-01  1.2423719003e+00  1.1704172098e+00  nan  nan  
