#pT  dN/(2pi dy pT dpT)  dN/(2pi dy pT dpT)_err  vn{SP}  vn{SP}_err
1.0765573382e-01  4.5100489198e-03  3.0956425995e-04  -5.4605843390e-03  1.1774729109e-02  3.6985975344e-03  8.2824378466e-03  5.0194458729e-03  1.8914487738e-02  2.2897140121e-02  2.2590967541e-02  2.6163327498e-02  3.2486335221e-02  nan  nan  
2.0354585350e-01  4.6638786756e-03  3.6638468276e-04  7.5007777407e-03  9.4238234637e-03  1.4857367869e-03  1.4274388899e-02  7.7669870458e-05  1.2280897896e-02  4.2566537021e-03  1.8812143451e-02  -3.1401902310e-02  3.3397596018e-02  nan  nan  
3.0217218399e-01  4.4236990162e-03  3.1098346880e-04  -2.7641026514e-03  8.0681812954e-03  1.7074971529e-02  1.0268698294e-02  5.1622324524e-03  1.5543137027e-02  1.5702221072e-02  1.3676605526e-02  -7.1634958144e-04  2.1018141286e-02  nan  nan  
4.0073484182e-01  4.1358485812e-03  3.1309419771e-04  3.2013571029e-03  6.2988959206e-03  1.1444622106e-03  5.5442742702e-03  5.4923257449e-03  1.0577203791e-02  -1.7625920709e-02  1.5932099334e-02  -1.4272927445e-02  2.5708673690e-02  nan  nan  
5.0044077635e-01  3.5834829494e-03  2.7047715453e-04  2.5070652034e-03  1.1592686073e-02  1.1471994777e-03  8.9700519711e-03  -4.4022752556e-04  1.3039218655e-02  -7.7501372338e-03  1.2295061102e-02  -8.7486491943e-03  1.7080950895e-02  nan  nan  
5.9952783585e-01  3.1603946730e-03  2.4575969311e-04  -1.2571896491e-02  7.4261712328e-03  8.2679605918e-03  7.7069364137e-03  -8.9059672529e-05  1.0660065998e-02  1.7216687638e-02  1.3961384730e-02  3.1117308445e-03  2.1064081473e-02  nan  nan  
6.9998520613e-01  2.6116613109e-03  2.1284153656e-04  -2.1395411060e-03  6.9353427500e-03  -5.8471661427e-03  1.0996243495e-02  3.4503644365e-03  1.0135967994e-02  1.7582536763e-02  1.3738012285e-02  1.5294308836e-02  2.1568181907e-02  nan  nan  
7.9903918505e-01  2.2502464772e-03  1.8867492598e-04  -4.5511957407e-03  7.3290608891e-03  1.4195967943e-02  6.8238343790e-03  7.9459910824e-03  9.5267218046e-03  1.1763593434e-02  1.1839169506e-02  9.6987412506e-03  2.3095650707e-02  nan  nan  
8.9915150404e-01  1.8109848682e-03  1.6120490360e-04  1.6311763399e-02  9.8112612153e-03  -1.2999307761e-03  8.1520028404e-03  -5.8943141941e-03  1.1510321673e-02  -8.7395743600e-03  1.6860836150e-02  -2.3237615297e-03  2.3882210753e-02  nan  nan  
9.9871087074e-01  1.4633442503e-03  1.3607225965e-04  -2.4132371423e-03  6.2839136514e-03  2.3850657613e-02  9.4442153347e-03  -9.0993285103e-03  1.1182638342e-02  1.0749871968e-02  1.2196211910e-02  1.5126530953e-02  2.3826082765e-02  nan  nan  
1.0982805490e+00  1.1543643755e-03  1.1501922859e-04  5.8566733961e-03  9.1496019894e-03  2.0497564050e-02  1.2764226489e-02  -1.0951641544e-03  1.1407626172e-02  -3.3168291917e-04  1.3291963966e-02  -2.5622483683e-02  2.5856262476e-02  nan  nan  
1.1988676786e+00  8.9052266440e-04  8.9459019590e-05  6.8239320477e-03  1.0948661392e-02  1.0479769587e-02  1.1900077877e-02  1.3673139399e-02  1.2911617436e-02  -1.3899404778e-02  1.5741700902e-02  1.8558761863e-02  3.1356909084e-02  nan  nan  
1.2986762524e+00  6.7379187935e-04  8.0548611742e-05  2.7487696384e-02  1.4102146934e-02  -3.8796617315e-03  1.3110426563e-02  -3.8407107535e-04  1.3180753065e-02  1.2035968958e-02  2.1682409489e-02  -3.5928838526e-02  3.0535188965e-02  nan  nan  
1.3988116980e+00  5.0818125418e-04  6.6728484974e-05  3.4369178211e-03  9.3365982339e-03  3.2547485566e-02  1.6982794031e-02  2.2657290154e-02  1.9035729437e-02  1.5368833910e-02  2.1227783909e-02  -3.6329052311e-03  3.2942157089e-02  nan  nan  
1.5003160238e+00  3.7476115118e-04  5.9055323804e-05  2.0769199330e-02  1.5072228283e-02  9.0562930975e-03  2.0880710251e-02  2.7096458525e-03  1.3985871851e-02  -5.5385780762e-03  2.0563360612e-02  1.4112731273e-02  4.5030886803e-02  nan  nan  
1.5977073908e+00  2.7910132804e-04  4.8928792349e-05  2.1959348083e-02  1.3347473726e-02  3.3177612030e-02  2.2231525562e-02  -9.6403414194e-03  1.9559067549e-02  3.5127634821e-03  2.5554573395e-02  -3.1762305732e-03  4.1402749670e-02  nan  nan  
1.6968033314e+00  2.0931858113e-04  4.5725472026e-05  2.8791644085e-03  1.6344254732e-02  8.6777235782e-02  1.7093789376e-02  -2.4356977930e-02  2.0118251602e-02  -5.1797048154e-02  3.3654429895e-02  2.5336393353e-02  4.6201426752e-02  nan  nan  
1.7980601788e+00  1.3881042765e-04  3.0131368175e-05  3.0614216469e-02  2.1991109112e-02  1.0662815573e-02  3.8226404135e-02  3.4299323845e-02  3.0444496997e-02  -2.8587610898e-02  3.2204917375e-02  2.7243645221e-03  5.9125340828e-02  nan  nan  
1.8986825943e+00  9.9231038106e-05  2.0357775347e-05  4.6211605567e-02  4.3698855543e-02  7.7714226024e-02  3.4182042020e-02  7.3284962731e-02  3.2161184152e-02  -1.0103286698e-02  4.4236992966e-02  2.1097699819e-03  6.5380295080e-02  nan  nan  
2.0008180141e+00  7.4338416577e-05  2.5648365475e-05  5.5601662428e-02  3.1157178294e-02  8.4580267271e-02  5.2010454170e-02  4.0253483068e-02  3.5582866305e-02  -1.8210564581e-02  6.0641337234e-02  1.1317723863e-01  1.1306457095e-01  nan  nan  
2.0976548195e+00  5.3952056489e-05  1.8503428392e-05  7.7182116864e-02  4.0944062024e-02  1.2698563853e-01  7.3439912534e-02  2.2601144417e-02  2.8278604200e-02  9.5958998560e-02  5.7563895737e-02  -6.3246367921e-02  1.1418460383e-01  nan  nan  
2.1977646351e+00  3.8389424886e-05  1.6224274475e-05  5.4850231694e-02  4.3513454986e-02  1.2902593714e-01  6.2013170984e-02  -8.9993586957e-03  6.0946260875e-02  4.9003398886e-02  5.9127858735e-02  -3.6918383210e-02  1.1827830895e-01  nan  nan  
2.2937834263e+00  2.5947713681e-05  9.7654671994e-06  5.5010798690e-02  7.8619903289e-02  -2.3957349558e-02  6.2810054263e-02  -1.3466668785e-02  5.8828230655e-02  2.4916775683e-02  6.3696135496e-02  1.0112628772e-02  1.6203218128e-01  nan  nan  
2.3963248730e+00  2.1983051625e-05  1.2442408654e-05  1.0990995818e-01  7.3684872711e-02  1.2602336374e-01  8.2528575693e-02  -4.5581895610e-02  6.1180620451e-02  1.1834075026e-01  8.1921643104e-02  6.5396708640e-02  1.9386485458e-01  nan  nan  
2.4960744381e+00  1.2821978539e-05  6.6542324673e-06  2.8982298921e-01  1.5270621824e-01  4.0151651516e-01  1.3847540388e-01  1.1937087285e-01  1.0076624372e-01  2.5704969356e-01  2.0543315435e-01  -7.6716271834e-02  1.4951655890e-01  nan  nan  
2.6007859707e+00  1.2433420558e-05  7.5533085184e-06  -1.2210118236e-03  3.8065246992e-02  2.3475667345e-01  8.4631895553e-02  2.2618427410e-01  1.0136320475e-01  2.9005434197e-02  7.7075671691e-02  1.3280993067e-01  3.1142383374e-01  nan  nan  
2.6957731247e+00  6.5832141877e-06  3.8386151945e-06  8.2298752553e-02  1.0814247991e-01  1.0729702618e-01  1.0792377296e-01  3.5904688773e-02  9.7151600962e-02  7.2492411661e-02  1.9985864821e-01  8.2383735842e-02  2.8635342336e-01  nan  nan  
2.7992424965e+00  5.3345534927e-06  3.6798933225e-06  1.3642077323e-01  1.0026979991e-01  1.1541513743e-01  9.4455440042e-02  1.7331342019e-01  1.0019879739e-01  6.4433564497e-02  1.0849160520e-01  3.3166761854e-01  4.8000859285e-01  nan  nan  
2.8978197575e+00  6.1164146815e-06  4.9608008261e-06  2.1501809948e-01  1.2928059542e-01  3.1953129437e-01  3.5168775586e-01  8.7011179680e-02  4.0030404576e-01  -3.1031012404e-02  3.6405604064e-01  1.8698631538e-01  2.8323878154e-01  nan  nan  
2.9981622696e+00  2.8591470283e-06  1.7460774935e-06  4.7293531080e-01  4.8370466307e-01  6.7192054955e-01  2.3016039119e-01  1.6164690505e-01  1.3649758946e-01  2.0059508089e-01  3.0882166095e-01  8.3175519747e-01  5.3040121862e-01  nan  nan  
3.1123244762e+00  2.2334449070e-06  1.3377289921e-06  5.9391526467e-01  4.2470161090e-01  -3.4312472889e-02  3.3129959234e-01  1.0790932729e-01  2.5996104189e-01  -3.8102992899e-01  2.1895150347e-01  3.5779047463e-01  6.1274031235e-01  nan  nan  
3.1873309612e+00  1.2495728881e-06  9.7375595559e-07  6.7642420664e-01  8.5851270810e-01  1.3296273821e-01  1.4900103942e-01  -9.9861088411e-02  2.6407167380e-01  -7.7122822169e-02  2.4853994586e-01  -5.6970174569e-01  6.4103236764e-01  nan  nan  
3.2950062752e+00  5.7346274709e-07  3.3660463201e-07  6.0938356748e-01  6.0046470095e-01  2.4203719730e-01  5.0759380666e-01  1.3921596834e+00  1.0303291409e+00  7.5205188763e-01  7.0503161187e-01  1.5197342082e+00  1.1856636845e+00  nan  nan  
3.3847029209e+00  3.9774736888e-07  3.1614221030e-07  -1.3738399155e-01  1.7394819666e-01  8.8384660515e-01  9.4714056416e-01  -2.5478158091e-01  5.6627694302e-01  5.5907514616e-01  1.8969059890e-01  -1.0505488048e+00  1.6125195753e+00  nan  nan  
3.5074844360e+00  2.4904448039e-06  2.0548309731e-06  5.5620213923e-01  7.0487414841e-01  2.7025728264e-01  1.8556825177e-01  1.8224541453e-01  1.9334198661e-01  2.8659591790e-02  4.8668365457e-01  -3.9921721599e-01  8.7104694361e-01  nan  nan  
3.6363813877e+00  6.8055843938e-08  6.7704124255e-08  nan  nan  nan  nan  nan  nan  nan  nan  nan  nan  nan  nan  
3.7322471142e+00  3.6441547843e-07  2.8096907029e-07  1.5127972372e+00  1.9864775273e+00  1.4324029967e+00  2.5653436547e-01  2.2275512943e-01  5.4650449927e-01  1.0980341316e-01  3.5039863101e-01  1.5297665276e-01  3.1596175031e+00  nan  nan  
3.8373022079e+00  2.6892134479e-07  2.6753157664e-07  nan  nan  nan  nan  nan  nan  nan  nan  nan  nan  nan  nan  
3.8661804199e+00  4.2439108304e-08  4.2219795048e-08  nan  nan  nan  nan  nan  nan  nan  nan  nan  nan  nan  nan  
3.9852752686e+00  4.1170869892e-08  4.0958104739e-08  nan  nan  nan  nan  nan  nan  nan  nan  nan  nan  nan  nan  
