#pT  dN/(2pi dy pT dpT)  dN/(2pi dy pT dpT)_err  vn{SP}  vn{SP}_err
1.0916651040e-01  2.6052387200e-02  2.4985228232e-03  -5.0138632016e-02  6.5152933277e-02  -2.7143273859e-02  8.9877317672e-02  -2.9841915070e-02  5.8622903903e-02  -4.7877842694e-02  8.8538821596e-02  nan  nan  nan  nan  
2.0276352763e-01  2.8485656155e-02  1.9828600831e-03  2.6031555635e-02  4.4086533614e-02  1.3549875817e-02  4.4381271740e-02  -1.3486833706e-02  4.4805764020e-02  6.8880032737e-03  5.3660592959e-02  nan  nan  nan  nan  
3.0222022533e-01  3.3128187363e-02  1.7713098425e-03  -3.0313202597e-02  3.6267285319e-02  -2.9427410425e-02  3.4729607333e-02  8.1090687558e-03  3.1640488075e-02  -1.8180078811e-02  4.3008173978e-02  nan  nan  nan  nan  
4.0130552649e-01  2.9669927301e-02  1.3682550236e-03  2.7019965816e-02  3.8142089241e-02  7.5032051028e-02  3.2737772101e-02  -4.5102014463e-02  3.1942228716e-02  4.1893122545e-02  3.3780286518e-02  nan  nan  nan  nan  
4.9969291687e-01  2.9583496055e-02  1.4470087257e-03  6.0579941217e-03  3.0457764075e-02  5.2883901620e-03  3.3365540535e-02  -1.9218525011e-02  3.6569613873e-02  3.4967882149e-02  3.9205796880e-02  nan  nan  nan  nan  
6.0061585903e-01  2.6990073077e-02  1.2165719261e-03  9.0350092920e-03  3.1770055176e-02  2.9510635463e-02  2.5141924228e-02  3.5890814438e-02  2.9484868934e-02  4.8915994827e-02  2.8436316336e-02  nan  nan  nan  nan  
7.0133602619e-01  2.5883793932e-02  1.0066088784e-03  4.5562174883e-02  3.1238847195e-02  5.8788067294e-02  2.7454812437e-02  5.5919383202e-03  2.3590720540e-02  1.1194739592e-02  2.9171151261e-02  nan  nan  nan  nan  
7.9974859953e-01  2.5302216015e-02  1.0283800578e-03  5.3798571211e-02  2.7015853297e-02  -2.5976293074e-02  2.0792413780e-02  2.0333163837e-02  2.5813812988e-02  1.3008677458e-02  3.2770776160e-02  nan  nan  nan  nan  
8.9914554358e-01  2.4093334465e-02  9.1927346034e-04  -4.6833111538e-03  2.9986146301e-02  1.2555980267e-02  2.4225992996e-02  5.3651039034e-03  2.4001829785e-02  -4.9747198080e-03  2.6255474795e-02  nan  nan  nan  nan  
1.0006084442e+00  2.2383742437e-02  7.5041068668e-04  3.7444611784e-03  2.3450887496e-02  3.0066765024e-03  2.2859361267e-02  1.9127783190e-02  2.1787133699e-02  1.4023346844e-02  2.0853746496e-02  nan  nan  nan  nan  
1.1006498337e+00  1.8703887827e-02  6.5641809032e-04  -2.2800347320e-02  2.2353425830e-02  4.9975838249e-02  2.6331829641e-02  2.3151250091e-03  2.3703024294e-02  -1.3172102924e-03  2.8526250372e-02  nan  nan  nan  nan  
1.1996923685e+00  1.6960265938e-02  6.3610759726e-04  -7.5290139343e-03  2.6130587553e-02  5.6927053531e-03  2.5710996070e-02  3.4781425693e-02  2.5396458189e-02  9.5878107800e-03  2.7591453527e-02  nan  nan  nan  nan  
1.2998602390e+00  1.4919890081e-02  5.8822510076e-04  6.2038781468e-03  3.1907317480e-02  -1.1575068305e-02  2.8910889725e-02  -3.4651401578e-02  2.6020692147e-02  1.0166291587e-01  3.2234452416e-02  nan  nan  nan  nan  
1.3996814489e+00  1.3724753391e-02  4.4070251803e-04  5.0513930985e-03  2.5058937605e-02  7.3119500076e-02  2.8149569199e-02  5.1622551260e-02  2.3230295172e-02  -2.5827025661e-02  2.6126242859e-02  nan  nan  nan  nan  
1.4997211695e+00  1.1354364086e-02  4.2676465650e-04  -1.2723022654e-02  2.7606879523e-02  4.9142927340e-02  3.2445109614e-02  3.6735301075e-02  3.4264950222e-02  -2.8001097196e-02  3.2853713768e-02  nan  nan  nan  nan  
1.5973796844e+00  9.5714516268e-03  3.8403309178e-04  2.0346176356e-02  2.6399982876e-02  1.0039527288e-01  3.7388971350e-02  2.2298001312e-02  2.7899566139e-02  1.4373196510e-02  3.3230512347e-02  nan  nan  nan  nan  
1.6997452974e+00  8.4951680479e-03  4.1126734577e-04  -6.5149141703e-03  2.9097418551e-02  5.7012400735e-02  3.0963659762e-02  6.0685053693e-02  3.6433318651e-02  8.1370846171e-02  4.1998617819e-02  nan  nan  nan  nan  
1.8006455898e+00  6.6346172784e-03  2.8318315326e-04  1.8758458888e-02  2.8067896324e-02  7.1466406991e-02  3.0930459347e-02  5.1553208838e-02  3.8070249818e-02  5.6134082463e-02  4.3795460308e-02  nan  nan  nan  nan  
1.8974527121e+00  5.5981906704e-03  2.8022483663e-04  -1.2357250853e-02  3.4949011415e-02  8.9910983539e-02  3.0114683901e-02  -6.1080560235e-03  3.8522571979e-02  2.2361244513e-02  3.6969346506e-02  nan  nan  nan  nan  
1.9976096153e+00  4.2971359891e-03  2.3169475196e-04  -4.3214181933e-02  4.2394391955e-02  4.4944295481e-02  4.1492140483e-02  5.3904263874e-02  3.8693514502e-02  1.8930417618e-02  4.9257780276e-02  nan  nan  nan  nan  
2.0965988636e+00  3.7156457100e-03  2.2063975453e-04  1.4400843874e-02  3.5601596084e-02  6.3319214298e-02  3.8517989098e-02  -3.4242849840e-04  3.6405146901e-02  2.7471253691e-02  5.3701166074e-02  nan  nan  nan  nan  
2.1959962845e+00  2.9153510031e-03  1.9540590943e-04  -1.1763222249e-02  5.2410233295e-02  -1.4232641927e-03  4.3924853283e-02  8.0598767270e-02  5.1127366875e-02  4.6228368968e-02  4.7750734879e-02  nan  nan  nan  nan  
2.2972619534e+00  2.3076074937e-03  1.6365008142e-04  -7.0385357059e-02  5.2725826778e-02  7.2076566664e-02  4.5870889182e-02  -7.7515112236e-02  5.4112552338e-02  1.2874294718e-01  5.5964073119e-02  nan  nan  nan  nan  
2.3994245529e+00  1.8585837620e-03  1.6541602060e-04  -8.0134993296e-02  7.0363491296e-02  -5.5960533804e-02  5.8870393206e-02  4.8717281069e-02  6.0974467648e-02  4.3193807289e-02  6.0256996507e-02  nan  nan  nan  nan  
2.4950485229e+00  1.4612170750e-03  1.1173056178e-04  2.0915848102e-02  5.9781672186e-02  -1.7408515500e-03  6.5370650487e-02  8.2266074555e-02  6.9983940774e-02  8.9248262444e-02  8.1773073076e-02  nan  nan  nan  nan  
2.5992131233e+00  1.0542953124e-03  9.5750758879e-05  -5.5022649040e-02  8.0559865076e-02  8.7729528087e-02  7.8610001167e-02  -3.9648144438e-05  7.3446246225e-02  1.1667724974e-01  7.0549590594e-02  nan  nan  nan  nan  
2.7011041641e+00  1.0027113640e-03  9.1676550355e-05  9.7296049618e-02  8.9569890887e-02  1.2002079354e-01  7.1997483813e-02  5.0028535702e-03  5.9795643155e-02  2.6977877083e-02  7.6602363578e-02  nan  nan  nan  nan  
2.7981615067e+00  9.4084594436e-04  9.7215456800e-05  -1.2431866156e-01  7.7884252427e-02  5.0386132760e-02  8.7211684939e-02  1.4381637090e-02  8.5736190524e-02  -3.0670746326e-02  6.9922756120e-02  nan  nan  nan  nan  
2.9019925594e+00  7.5048809900e-04  8.6123663148e-05  -3.3359025544e-02  7.7612082233e-02  -3.8738072384e-04  7.1063525851e-02  4.7522234940e-02  7.0244171458e-02  7.9125594938e-02  9.6433761683e-02  nan  nan  nan  nan  
3.0001761913e+00  4.2811098454e-04  5.9586242716e-05  1.8867794803e-02  1.0898507542e-01  6.2566535955e-02  1.1941560474e-01  8.2458999244e-02  9.1144043863e-02  1.6166843724e-01  8.8192363744e-02  nan  nan  nan  nan  
3.0979309082e+00  3.4378493079e-04  5.1609328940e-05  -4.4874111405e-02  1.1588041408e-01  1.3944813988e-01  1.1959628798e-01  8.9682650260e-02  1.0424752096e-01  3.1707529576e-01  1.2350630992e-01  nan  nan  nan  nan  
3.1968204975e+00  2.6577160240e-04  5.2575209095e-05  7.6817690806e-02  1.1780818532e-01  1.8034957903e-01  1.4536767917e-01  2.7369876679e-01  1.0753418032e-01  1.4674557898e-01  1.4852668002e-01  nan  nan  nan  nan  
3.2868061066e+00  2.0267004589e-04  4.1465661490e-05  -1.9073429387e-01  1.5100236604e-01  -2.6896686989e-02  1.1461008984e-01  -2.5218893624e-02  1.1846250293e-01  4.1087865831e-01  1.5719842509e-01  nan  nan  nan  nan  
3.3973829746e+00  2.2894827056e-04  3.7949502198e-05  1.8800071221e-02  1.2200608617e-01  1.2852171918e-01  1.4541098715e-01  -3.0137371014e-01  1.1853479228e-01  1.2197457503e-01  1.5430112920e-01  nan  nan  nan  nan  
3.5008966923e+00  2.0280930598e-04  4.1622172650e-05  2.1167043088e-02  9.9414847468e-02  -5.7356246779e-02  1.6244163747e-01  3.9964735258e-01  1.7194213270e-01  2.1021418161e-01  1.3284655420e-01  nan  nan  nan  nan  
3.5953094959e+00  2.1190650784e-04  3.4249571149e-05  -1.5516205523e-01  1.2183517059e-01  1.5112461139e-01  1.1068750579e-01  6.3523636736e-02  1.4293164784e-01  2.5583035498e-01  1.3415370556e-01  nan  nan  nan  nan  
3.7018494606e+00  9.0512324468e-05  2.3403118378e-05  -2.2922543518e-01  2.8097637469e-01  2.2123158446e-01  1.5489072363e-01  3.1189763009e-01  2.3452800681e-01  1.3080523600e-01  2.4260386076e-01  nan  nan  nan  nan  
3.7795450687e+00  7.5987158444e-05  2.6181668197e-05  -3.0075278804e-01  2.2527265847e-01  7.7046118172e-02  3.1290628516e-01  -1.5938607242e-02  1.6712961704e-01  1.3992729870e-01  1.8859996273e-01  nan  nan  nan  nan  
3.8966312408e+00  1.1362681867e-04  2.8392734860e-05  3.1825385860e-02  1.9263793842e-01  2.1753389341e-01  2.0192068506e-01  -1.1713304342e-01  1.5936930252e-01  3.7168774704e-01  1.8958116503e-01  nan  nan  nan  nan  
3.9949128628e+00  9.7851164680e-05  2.7973618606e-05  -1.7021158821e-02  1.0211608076e-01  2.4580156082e-01  1.0923188028e-01  -1.1977699198e-03  2.3843915119e-01  3.5288488718e-01  1.5689741876e-01  nan  nan  nan  nan  
