#eta  rn(eta)  rn_err(eta)  rnn(eta)  rnn_err(eta)
-7.0000000000e+00  0.0000000000e+00  0.0000000000e+00  0.0000000000e+00  0.0000000000e+00  0.0000000000e+00  0.0000000000e+00  0.0000000000e+00  0.0000000000e+00  0.0000000000e+00  0.0000000000e+00  0.0000000000e+00  0.0000000000e+00  0.0000000000e+00  0.0000000000e+00  0.0000000000e+00  0.0000000000e+00  0.0000000000e+00  0.0000000000e+00  0.0000000000e+00  0.0000000000e+00  0.0000000000e+00  0.0000000000e+00  0.0000000000e+00  0.0000000000e+00  
-6.9000020027e+00  0.0000000000e+00  0.0000000000e+00  0.0000000000e+00  0.0000000000e+00  0.0000000000e+00  0.0000000000e+00  0.0000000000e+00  0.0000000000e+00  0.0000000000e+00  0.0000000000e+00  0.0000000000e+00  0.0000000000e+00  0.0000000000e+00  0.0000000000e+00  0.0000000000e+00  0.0000000000e+00  0.0000000000e+00  0.0000000000e+00  0.0000000000e+00  0.0000000000e+00  0.0000000000e+00  0.0000000000e+00  0.0000000000e+00  0.0000000000e+00  
-6.7999935150e+00  0.0000000000e+00  0.0000000000e+00  0.0000000000e+00  0.0000000000e+00  0.0000000000e+00  0.0000000000e+00  0.0000000000e+00  0.0000000000e+00  0.0000000000e+00  0.0000000000e+00  0.0000000000e+00  0.0000000000e+00  0.0000000000e+00  0.0000000000e+00  0.0000000000e+00  0.0000000000e+00  0.0000000000e+00  0.0000000000e+00  0.0000000000e+00  0.0000000000e+00  0.0000000000e+00  0.0000000000e+00  0.0000000000e+00  0.0000000000e+00  
-6.7000064850e+00  0.0000000000e+00  0.0000000000e+00  0.0000000000e+00  0.0000000000e+00  0.0000000000e+00  0.0000000000e+00  0.0000000000e+00  0.0000000000e+00  0.0000000000e+00  0.0000000000e+00  0.0000000000e+00  0.0000000000e+00  0.0000000000e+00  0.0000000000e+00  0.0000000000e+00  0.0000000000e+00  0.0000000000e+00  0.0000000000e+00  0.0000000000e+00  0.0000000000e+00  0.0000000000e+00  0.0000000000e+00  0.0000000000e+00  0.0000000000e+00  
-6.5999989510e+00  0.0000000000e+00  0.0000000000e+00  0.0000000000e+00  0.0000000000e+00  0.0000000000e+00  0.0000000000e+00  0.0000000000e+00  0.0000000000e+00  0.0000000000e+00  0.0000000000e+00  0.0000000000e+00  0.0000000000e+00  0.0000000000e+00  0.0000000000e+00  0.0000000000e+00  0.0000000000e+00  0.0000000000e+00  0.0000000000e+00  0.0000000000e+00  0.0000000000e+00  0.0000000000e+00  0.0000000000e+00  0.0000000000e+00  0.0000000000e+00  
-6.5000000000e+00  0.0000000000e+00  0.0000000000e+00  0.0000000000e+00  0.0000000000e+00  0.0000000000e+00  0.0000000000e+00  0.0000000000e+00  0.0000000000e+00  0.0000000000e+00  0.0000000000e+00  0.0000000000e+00  0.0000000000e+00  0.0000000000e+00  0.0000000000e+00  0.0000000000e+00  0.0000000000e+00  0.0000000000e+00  0.0000000000e+00  0.0000000000e+00  0.0000000000e+00  0.0000000000e+00  0.0000000000e+00  0.0000000000e+00  0.0000000000e+00  
-6.3995566368e+00  0.0000000000e+00  0.0000000000e+00  0.0000000000e+00  0.0000000000e+00  0.0000000000e+00  0.0000000000e+00  0.0000000000e+00  0.0000000000e+00  0.0000000000e+00  0.0000000000e+00  0.0000000000e+00  0.0000000000e+00  0.0000000000e+00  0.0000000000e+00  0.0000000000e+00  0.0000000000e+00  0.0000000000e+00  0.0000000000e+00  0.0000000000e+00  0.0000000000e+00  0.0000000000e+00  0.0000000000e+00  0.0000000000e+00  0.0000000000e+00  
-6.2996902466e+00  0.0000000000e+00  0.0000000000e+00  0.0000000000e+00  0.0000000000e+00  0.0000000000e+00  0.0000000000e+00  0.0000000000e+00  0.0000000000e+00  0.0000000000e+00  0.0000000000e+00  0.0000000000e+00  0.0000000000e+00  0.0000000000e+00  0.0000000000e+00  0.0000000000e+00  0.0000000000e+00  0.0000000000e+00  0.0000000000e+00  0.0000000000e+00  0.0000000000e+00  0.0000000000e+00  0.0000000000e+00  0.0000000000e+00  0.0000000000e+00  
-6.1993722916e+00  0.0000000000e+00  0.0000000000e+00  0.0000000000e+00  0.0000000000e+00  0.0000000000e+00  0.0000000000e+00  0.0000000000e+00  0.0000000000e+00  0.0000000000e+00  0.0000000000e+00  0.0000000000e+00  0.0000000000e+00  0.0000000000e+00  0.0000000000e+00  0.0000000000e+00  0.0000000000e+00  0.0000000000e+00  0.0000000000e+00  0.0000000000e+00  0.0000000000e+00  0.0000000000e+00  0.0000000000e+00  0.0000000000e+00  0.0000000000e+00  
-6.0993876457e+00  3.1516460149e+13  2.9625472540e+15  0.0000000000e+00  0.0000000000e+00  2.4777828387e+12  2.3291158684e+14  0.0000000000e+00  0.0000000000e+00  -2.0775693197e+12  1.9529151605e+14  0.0000000000e+00  0.0000000000e+00  9.7463592249e+11  9.1615776714e+13  0.0000000000e+00  0.0000000000e+00  -1.4811526125e+12  1.3922834557e+14  0.0000000000e+00  0.0000000000e+00  -4.8784116153e+12  4.5857069184e+14  0.0000000000e+00  0.0000000000e+00  
-5.9996800423e+00  1.6230524154e+13  1.5256692704e+15  0.0000000000e+00  0.0000000000e+00  -1.2411055342e+13  1.1666392022e+15  0.0000000000e+00  0.0000000000e+00  1.8115966603e+13  1.7029008607e+15  0.0000000000e+00  0.0000000000e+00  -4.4261674670e+11  4.1605974190e+13  0.0000000000e+00  0.0000000000e+00  -1.1044523971e+13  1.0381852533e+15  0.0000000000e+00  0.0000000000e+00  6.1257352422e+12  5.7581911276e+14  0.0000000000e+00  0.0000000000e+00  
-5.8998389244e+00  1.7958878629e+14  1.6881345911e+16  0.0000000000e+00  0.0000000000e+00  1.1780583470e+13  1.1073748462e+15  0.0000000000e+00  0.0000000000e+00  4.3561538163e+12  4.0947845874e+14  0.0000000000e+00  0.0000000000e+00  1.8109865703e+13  1.7023273761e+15  0.0000000000e+00  0.0000000000e+00  -7.5314266234e+12  7.0795410260e+14  0.0000000000e+00  0.0000000000e+00  -8.0262720758e+12  7.5446957513e+14  0.0000000000e+00  0.0000000000e+00  
-5.7994036674e+00  -2.2919310512e+00  7.9657649871e+00  0.0000000000e+00  0.0000000000e+00  2.7959883744e+00  1.0513742454e+01  0.0000000000e+00  0.0000000000e+00  9.5402276831e-01  3.3664640058e+00  0.0000000000e+00  0.0000000000e+00  -3.7248421313e+00  1.3470907653e+01  0.0000000000e+00  0.0000000000e+00  -1.1385314771e+00  1.0943444302e+02  0.0000000000e+00  0.0000000000e+00  -3.0037406111e+00  8.3322459030e+00  0.0000000000e+00  0.0000000000e+00  
-5.6983714104e+00  -7.0374315275e+00  2.6757737391e+01  0.0000000000e+00  0.0000000000e+00  2.5888670178e-01  2.9721761862e+00  0.0000000000e+00  0.0000000000e+00  7.6552091584e-01  3.1177356793e+00  0.0000000000e+00  0.0000000000e+00  -1.1149720629e+00  4.2950572491e+00  0.0000000000e+00  0.0000000000e+00  -2.2143916227e+00  1.1848423556e+01  0.0000000000e+00  0.0000000000e+00  1.4281697251e+01  2.9764611576e+01  0.0000000000e+00  0.0000000000e+00  
-5.5978889465e+00  -5.6347098652e+00  8.9316436438e+00  0.0000000000e+00  0.0000000000e+00  2.3517863736e+01  1.2243623032e+02  0.0000000000e+00  0.0000000000e+00  -2.2955095637e+00  5.3376305028e+00  0.0000000000e+00  0.0000000000e+00  -1.7872101620e+00  1.7820241993e+01  0.0000000000e+00  0.0000000000e+00  1.6621141969e+01  1.2858916450e+02  0.0000000000e+00  0.0000000000e+00  4.4780161799e-01  1.4886462094e+00  0.0000000000e+00  0.0000000000e+00  
-5.4958105087e+00  -2.5818070161e+01  4.2805805485e+03  0.0000000000e+00  0.0000000000e+00  -1.0134156066e+00  2.5286299774e+00  0.0000000000e+00  0.0000000000e+00  3.3602107096e-01  6.3964403330e-01  0.0000000000e+00  0.0000000000e+00  2.6135596614e+00  4.6687906866e+01  0.0000000000e+00  0.0000000000e+00  9.4337344096e-01  2.0911998739e+01  0.0000000000e+00  0.0000000000e+00  7.7232214598e+00  8.1078673690e+01  0.0000000000e+00  0.0000000000e+00  
-5.3966298103e+00  1.7084962175e+00  2.3810163632e+00  0.0000000000e+00  0.0000000000e+00  -3.0149280721e+00  3.6179466903e+01  0.0000000000e+00  0.0000000000e+00  -1.3566255252e+00  9.1132849907e+00  0.0000000000e+00  0.0000000000e+00  3.5532600249e-01  1.3949878936e+00  0.0000000000e+00  0.0000000000e+00  2.4276278213e+00  1.2158629483e+01  0.0000000000e+00  0.0000000000e+00  -1.2971740142e+00  1.3445033063e+00  0.0000000000e+00  0.0000000000e+00  
-5.2944054604e+00  6.9782947221e-01  2.5125134730e+00  -1.0122704886e+00  1.0122704886e+00  -5.7930258541e-01  1.6365188059e+00  1.1540250935e+00  1.1540250935e+00  3.9799692183e-01  7.0988271654e-01  -1.2906047452e+00  1.2906047452e+00  -1.7823535164e+00  9.8858094698e+00  1.0846352512e+00  1.0846352512e+00  8.8461981738e-02  3.4363106681e+00  -3.5300458338e-02  3.5300458338e-02  8.1105015046e-01  4.9808932196e+00  8.5056247156e-01  8.5056247156e-01  
-5.1908879280e+00  9.6596063224e-01  1.8756166592e+00  -1.5560915441e+00  1.4575973938e+00  -1.1871330106e+00  4.5512218030e+00  -1.3397735473e+00  2.4530288763e+00  -7.7869307046e-01  2.9933976679e+00  -1.6285618185e+00  3.6425557213e+00  -5.9137912857e-02  2.9541564514e-01  8.1915478449e-01  2.2998042407e+00  2.0109345057e+00  4.0052163292e+00  -5.5656095834e+00  1.6398840314e+01  -2.5807228839e+00  2.6269248463e+01  -5.8121262263e-01  1.5701212304e+00  
-5.0898537636e+00  2.8250268128e-01  1.1439769638e+00  -1.3717745157e-01  1.0527329005e+00  -1.0642420354e+00  2.7832827965e+00  -5.2446784940e-01  3.7704080609e-01  1.2107394655e+00  3.4896880534e+00  3.2506833019e-02  1.5250004791e+00  6.9776411760e-01  8.3891256063e-01  2.6443264441e-01  5.2264999508e-01  6.6100000431e-01  6.0882065302e+00  -3.5603358265e+00  5.0125269395e+02  -3.2336297784e+00  6.3010499659e+00  1.2749207980e-01  6.0281064436e-01  
-4.9834322929e+00  1.7548154410e+00  4.0400924317e+00  1.5429883581e-01  2.9923189956e+01  2.1267050925e-01  2.9062145361e+00  -4.8018078306e-01  1.2514353120e+00  4.1148282192e-01  9.7876882945e-01  7.8921835793e-01  2.3669869053e+01  5.0174955813e+00  1.5725505385e+02  6.3219643835e-01  3.8891571685e-01  -6.3359673580e-04  1.0796988855e+00  3.3665607328e+00  4.2286807707e+01  -2.0716361221e+00  4.1967366425e+01  6.5170360027e-01  1.0533140463e+00  
-4.8837084770e+00  1.2401867953e+00  1.9289493729e+00  6.8893611567e-01  6.9348128736e+00  4.3476286043e+01  6.2780384049e+02  -7.3019364418e-01  4.2714599071e+00  5.2329395673e-01  2.7373149703e+00  -1.5165892111e+00  2.5337241720e+00  6.8754441243e-01  5.2602106971e+00  1.3787343169e+00  1.5662414527e+01  4.2211222858e-01  3.7517106847e+01  8.0276327645e-01  5.0782043781e+00  8.1489829955e-01  1.3356026706e+00  -1.4339090403e+00  2.7454739371e+00  
-4.7794475555e+00  -5.4042876935e+00  1.6496521504e+03  1.9516473501e+00  7.0830905659e+00  2.9694348442e+00  1.8372677491e+01  -3.9025899228e+00  9.2299935177e+00  -1.1147464490e+00  8.0218496830e+00  -9.7996854927e-01  6.2487605104e+01  1.3930130547e+00  2.4047765006e+00  -6.0697476857e-01  7.6350079271e+00  -2.1286934313e+00  9.0311393932e+00  -6.6211321088e-04  1.1687927213e+01  1.6268803192e+00  2.6411180106e+01  4.7732299524e-01  6.4614531892e-01  
-4.6722326279e+00  2.8068559012e-01  2.3101698031e+00  1.0278649261e+00  2.2686374149e+00  5.7755619368e-01  4.6889629341e+01  1.3295896303e+00  8.5725913864e+00  -4.6112890065e-01  1.8590557545e+00  -1.1088512688e+00  7.5186860393e+00  6.4311262096e-01  7.5325007244e-01  -3.6725115345e-01  9.9057223922e-01  -7.4577886251e-01  1.4356170968e+00  5.1537890128e-01  6.1223684558e+00  -4.8572429265e-01  7.3423871592e-01  -2.2812588055e-01  6.0882921454e-01  
-4.5667252541e+00  8.4243795341e-01  2.2160846643e+00  -2.8130414463e+00  7.1919048484e+01  8.8413816538e-01  8.5384699844e-01  1.9584952166e-01  7.3183028615e-01  -1.1925459811e+00  8.2406406766e-01  -5.7482901967e-01  1.2813806841e+00  2.6364916166e+00  1.9186564497e+01  7.9954792788e-01  5.4145199368e-01  3.9568388291e-01  2.3326708493e+02  -1.8421585143e+01  4.1867376919e+02  -4.1496741900e+00  6.8548707453e+01  -7.0552109780e+00  6.2486956510e+01  
-4.4636893272e+00  1.5240102053e-01  1.0411808953e+00  3.7386513239e-01  9.3088952204e-01  -1.6517788369e+00  1.3068428862e+01  5.2458685092e+00  2.0439038882e+01  -7.4824997863e-01  2.1213395110e+00  -7.0331087617e-01  7.9720811391e-01  -2.2411704415e+00  2.1509066531e+03  2.8357006006e-01  7.8893271416e+00  -1.6950532161e+01  1.4797610634e+03  -1.0627503963e+01  3.4130254416e+02  -4.2556056386e+00  4.9038077456e+01  -7.8508883757e+00  1.4580976298e+02  
-4.3627529144e+00  -2.0046305222e-02  4.8726200856e-01  -7.3628435777e-01  5.0799291910e-01  -2.0489748413e+00  3.3309416537e+00  -1.3602361618e+00  4.7669356434e+00  -1.4105093893e-01  3.5522434330e-01  3.9148796046e+00  3.4684780989e+01  -2.3037525178e+00  3.5149857310e+00  -2.0934484402e+00  2.1497418373e+01  4.3754858949e-01  7.8705816592e-01  -8.2267783369e-02  1.4376690111e+00  4.9288785732e-01  8.4743715731e-01  4.0944581244e-01  3.7496591791e+00  
-4.2573857307e+00  -3.3177044602e+00  6.4332099145e+02  4.9325065045e-01  1.1577147820e+00  1.3255663997e+00  4.2540018737e+00  6.1249812926e+00  1.8324769107e+01  -3.1874221423e-01  7.4497796972e-01  4.8637770018e+00  7.8114955691e+00  -5.3951156825e+00  1.1374396472e+02  1.8779412034e+00  9.1932639390e+00  1.4499976976e+00  3.3956099638e+00  -1.5743847296e-02  1.9251785593e+00  -1.4783312172e-02  1.1599697988e+00  -1.1262345814e-01  3.6386058441e+00  
-4.1547207832e+00  1.8302809171e+00  8.6160692865e+00  1.6836483318e-01  3.6569258308e+00  -3.9186544714e+00  5.8760199932e+01  3.7703789944e-01  1.1406259030e+02  1.0785601420e-01  5.3696298713e-01  4.3373145937e-01  1.7270210527e+00  -9.8953238722e-01  3.6413717728e+01  -3.3975362934e+00  1.4680765204e+01  1.7567539739e-01  2.1246473553e+00  4.6481647054e-01  1.8842518773e+01  -6.4862039242e-01  1.8480274264e+00  -6.3097047103e-01  6.9872606421e-01  
-4.0518956184e+00  1.9969984759e+00  3.9044453973e+00  -6.6242233536e+00  1.7084799562e+02  -7.2904160492e+00  4.1677891174e+02  -2.6431933521e+00  6.5039331635e+00  -8.6441828840e-01  2.1619130591e+00  2.1311768993e+00  3.3505777770e+00  -2.4759340821e+00  4.6348845408e+01  1.9936291961e-01  4.7398399828e-01  -5.7723698659e-01  8.8906503753e-01  -9.9682501125e-01  2.0523022034e+00  -1.2206300048e+00  2.9337223517e+02  -3.8678025234e-01  1.0185373477e+00  
-3.9513945580e+00  5.8112143168e-01  6.4623473154e-01  4.7805307199e-01  3.8977223147e-01  -6.2395976465e-01  6.3088895440e-01  1.5818167203e+02  1.1495656496e+04  5.8997788329e-01  8.8414306181e-01  1.6972548947e+00  1.2056010527e+00  6.1135778353e-02  6.8194407461e-01  8.3961946096e-01  6.8281545580e-01  -2.1120844708e-02  3.5044301080e-01  7.0911224245e-01  9.4551950963e-01  -9.5296081739e-01  3.2842733437e+00  5.7295604951e+00  3.1892441552e+02  
-3.8497612476e+00  7.2813598936e-01  3.9129624408e+00  8.7229753910e+00  3.9601966595e+02  -1.1155447395e+00  2.4985766805e+00  1.8039096038e+00  1.7017788934e+00  -4.3783297905e-01  9.6239989270e-01  -1.0221018611e-01  1.0924873257e+00  -7.5433170674e+00  7.2396389409e+01  1.9408540383e+01  6.6730518551e+02  -3.9112607422e-01  5.6335874826e-01  -1.4972012997e+00  2.3962903847e+00  -3.0776062792e+00  3.4783322671e+01  -3.4779846781e+00  1.4209958849e+02  
-3.7476687431e+00  5.7187582697e+00  1.5458156999e+01  1.2450987949e+00  5.4107027419e+01  4.6283910686e-01  8.0026187201e-01  -1.5877496301e+00  1.6460416633e+02  2.5209974062e+01  2.3100098482e+03  1.0278797789e+00  3.8555192034e+01  -4.8765381131e+00  9.6042529208e+01  4.2180379355e+00  3.9361692486e+01  3.3833535409e+00  6.3568100239e+01  6.7973627031e+00  2.6883615699e+01  -1.3009733702e+02  1.1730862064e+04  1.7780985557e+00  4.5425104163e+00  
-3.6468050480e+00  -1.4603625792e+00  1.0845920310e+00  -2.2066436869e+00  1.6276856057e+01  2.0142375381e+00  3.1047490125e+00  4.6472851558e-01  6.5667256748e-01  -1.5012219560e+01  1.1945809784e+03  2.5715801481e+00  1.1443204093e+01  1.1557249644e-01  6.3177443785e-01  -2.2330358003e+00  3.1510528579e+00  -2.3532004207e+00  7.2929161496e+00  2.4550766816e+00  9.0240426993e+00  3.8114310946e+00  3.6487843027e+01  -7.7962001614e-01  1.0752714871e+00  
-3.5464255810e+00  -2.8232084017e+00  4.3689808399e+00  5.4967362656e-01  4.4535489267e+00  -1.4632883542e+01  3.1408415111e+03  -3.5713544446e-01  1.2023383612e+00  -1.3720258079e+00  2.7723667659e+00  4.2550313271e+01  6.3735052554e+03  -1.5591904432e+00  1.1551772650e+00  -6.3618710391e-01  4.6125696482e-01  3.0860590798e+00  3.2253224156e+02  -1.0732832649e-01  1.1282311196e+00  -1.5915300659e+00  2.9090318946e+00  2.5848789220e+00  4.9807261972e+01  
-3.4474101067e+00  -1.1862728169e+00  9.8393595678e-01  7.5932861876e-01  1.8694976171e+00  -2.1751132272e+00  1.9497599133e+00  -4.1201587530e+00  3.3708260861e+02  -5.1992358209e+00  1.9430779202e+02  -1.5076422630e+00  1.0717462303e+01  -3.4637418177e-01  2.0322386922e+00  -4.6403111802e-01  6.1156477908e-01  -1.9826200147e+00  2.4106534557e+00  -7.7853875629e-01  6.1123979590e-01  -2.5822208783e+00  4.7999752572e+01  -4.4192568178e-01  8.9450116637e-01  
-3.3470914364e+00  -3.9641750365e+00  2.6613837515e+00  4.1736122340e+00  5.1295715785e+00  9.4694717650e+00  7.0715581205e+01  1.7146431085e+00  2.0847543628e+00  1.0281122491e+00  7.3454012552e-01  2.8506651571e+01  1.9782800065e+03  2.2534397711e-01  3.0146829052e+02  2.1547922807e-01  3.5523933272e-01  -2.8307421638e-01  6.8777358841e-01  -6.1514730853e-02  5.4505671857e-01  -2.4140101688e+00  3.5726223484e+00  -8.3592635612e-01  1.1906050562e+00  
-3.2471871376e+00  -1.9780639019e+00  7.7282960409e-01  2.2496399751e+00  3.0138138709e+00  6.6752056236e+00  1.9087741800e+01  -3.0963456923e+01  2.8439660130e+03  9.3557089366e-01  8.2918987585e-01  3.6052475608e-01  1.4392556609e+00  4.5671117460e+00  7.8326313888e+00  -8.4565168773e-02  8.7070833965e-01  2.3177273286e+00  2.2232667804e+00  2.8559938085e+00  5.0231833818e+01  1.8289642191e+00  1.7731719298e+00  1.8268143225e+00  5.5999685229e+00  
-3.1478724480e+00  -1.6008864965e+00  5.1031375634e-01  2.7317979548e+00  1.4887062289e+00  -1.0879101528e+01  3.1530924291e+01  3.7667818802e+00  5.5358744586e+01  5.0589543266e+00  1.6080944913e+02  -5.5950312192e+00  2.7641891514e+02  -4.4481701644e+00  1.3030041025e+01  7.5044341108e-01  7.3964623098e-01  -3.6612940268e+01  2.7657181537e+03  3.1916118618e+00  3.8103420865e+01  -1.3338003478e+00  9.7543469279e-01  2.5163637578e+00  3.0630075548e+01  
-3.0478339195e+00  -2.1922259340e+00  7.3780415840e-01  1.4617470839e+01  5.6525704072e+01  -6.9173902352e+00  2.3886325786e+01  -3.7635048542e-01  4.1683859606e-01  2.0487198491e+00  1.2301549230e+00  1.9430559794e+00  7.2990864480e+00  -1.4928691266e+01  3.0206812016e+02  4.7957431574e-01  5.2343209467e-01  3.7496394410e+00  5.6962438929e+00  -3.3747795323e-01  5.1671023728e+00  4.3954271989e+00  6.1526528255e+00  -1.0276229366e+00  5.3707275321e-01  
-2.9484231472e+00  -2.0291037768e+00  4.8699193784e-01  4.0918763347e+00  4.5425078615e+00  1.2602997880e+01  3.2471948118e+02  -3.6380552672e+00  9.5138455309e+00  -6.6344770221e+00  2.0000384345e+01  -1.6171668714e+00  2.0958952310e+02  3.6885796449e+00  4.1193801206e+00  -6.8104575763e-02  1.7250259007e+00  -2.6698868422e+00  6.8235286170e+00  3.3903726058e-01  1.3887566329e+00  2.8651737517e+00  3.2351939771e+01  1.1655409017e+00  1.3800115795e+00  
-2.8487477303e+00  -2.6008940643e+00  9.7736814018e-01  1.0803869416e+01  3.3988244170e+01  4.8635965345e+00  3.1454137480e+00  -5.5140913852e-02  1.0620860513e+03  -1.0229744123e+01  7.4093912852e+01  3.3852809411e-01  1.7442601907e+00  3.5268918720e+00  3.1559152268e+00  1.1688232523e+01  1.0131373582e+02  2.3845335066e+00  1.8286338720e+00  -2.3071638388e+00  2.9134823692e+00  -1.4619996339e+01  3.6989795049e+03  -9.1589997352e-01  1.4423720497e+00  
-2.7489104271e+00  -2.3301202303e+00  5.0950294284e-01  6.1961303389e+00  9.8223679752e+01  5.2499596906e+00  4.5325531719e+00  -6.8025487206e+00  9.0423747697e+01  6.8295900149e+01  5.9186898965e+03  1.3498953502e+00  5.2156949858e-01  -4.2430371996e+00  4.7690108302e+00  -1.2824449225e+02  1.0580952439e+04  7.4164972031e+00  1.1321329300e+01  -6.1758916389e+00  2.2726314126e+01  -5.9604936113e+00  9.1680384840e+00  -5.8624592618e-01  1.3146718425e+02  
-2.6490614414e+00  -2.3832258475e+00  5.9110123327e-01  -8.2904561147e+00  1.5244255105e+02  3.2155549347e+00  1.4998322527e+00  -3.8357343041e+01  5.2616678959e+02  -4.0084974740e+00  2.7130334425e+00  3.0174089546e+00  1.6226270650e+01  -1.2999016523e+01  2.4102280819e+02  -9.6185461474e+00  8.1553957693e+01  -1.8159245972e-01  1.4205708903e+03  -1.9920669752e+00  3.1349917018e+00  -1.0889890784e+01  3.9651788333e+01  -1.0201780329e+00  2.6206303014e-01  
-2.5493354797e+00  -2.3581725516e+00  4.7942249694e-01  5.0780161808e+00  6.6924002378e+01  2.7888322609e+00  1.3451323638e+00  1.6795269997e+01  1.5444502288e+02  5.6551365551e+00  5.5777425689e+00  2.0939705348e+00  1.3107159232e+00  9.1237872473e+00  1.4518774418e+01  8.3677407214e+00  2.5741642337e+01  7.4284753463e+00  8.5700617791e+00  -2.2804208867e+00  2.5839833127e+00  -1.3255695103e+01  5.5778547439e+01  -4.7134179928e-01  1.5021321256e+00  
-2.4493629932e+00  -1.8776202813e+00  3.9953710316e-01  4.6720036243e+00  1.5020298467e+01  3.6118041474e+00  1.7372203050e+00  8.7878448855e+00  1.6097044427e+01  -1.3732923074e+01  3.0943541453e+01  7.2886751503e-01  5.4610615810e-01  3.3981846364e+00  2.8687426374e+00  1.1897551859e+01  2.9008887931e+02  2.3315658513e+00  1.3694029435e+00  1.1528973742e-01  1.5273374172e+00  1.0789536498e+01  4.3909242204e+01  1.7602607778e+00  1.8521244969e+01  
-2.3495993614e+00  -2.0249165704e+00  4.6425250128e-01  -4.6801678715e+01  1.6075610940e+03  2.4978046141e+00  7.9618866301e-01  4.6130195341e+00  2.0130140152e+02  3.8880059032e+00  5.4916086351e+00  7.1053213142e-01  1.3635499990e+00  -3.1831234070e+00  7.9512913742e+00  1.5677227655e+01  9.8346424051e+02  -1.5372082750e+00  9.2467636790e-01  -9.9199375097e+00  1.1865939792e+02  -8.8434642417e-01  7.5981297225e-01  4.5786107769e+00  1.8636449942e+02  
-2.2494864464e+00  -1.7011017224e+00  4.2640119268e-01  -2.9539725347e+01  3.4060150789e+02  1.4688652405e+00  4.6122518213e-01  3.1098599378e+00  3.2845396638e+01  2.2699369726e+00  7.1693883142e+00  -4.7828012947e-01  4.2221432976e+03  -5.5216026653e-01  9.7469518940e-01  -4.7150227500e-02  1.0126118843e+00  -5.4685396762e-01  1.0656648766e+00  2.3359300082e+00  6.2147462726e+00  -1.0369998269e-01  4.1687560958e-01  -2.6886323738e-01  9.9383481068e-01  
-2.1496732235e+00  -2.0586066108e+00  6.5642350901e-01  -1.0540792461e+01  6.3660429014e+01  2.3264322835e+00  1.0887188539e+00  2.1634503097e+00  2.5145830343e+00  1.7578610496e+00  1.2173553341e+00  2.5683185869e+00  6.8094096211e+01  -6.0031210943e-01  7.4422053625e-01  2.6241347318e+00  8.6931568327e+00  5.7456023973e+00  5.0336304831e+01  3.9868335832e-02  1.9931896948e+00  3.3635511090e+00  6.2869992374e+01  -5.5322882712e-01  1.3226785453e+00  
-2.0497252941e+00  -2.0461239313e+00  6.6129328262e-01  1.1705166920e+01  1.1274171869e+02  1.8770461886e+00  4.5430545604e-01  -2.4374195407e+00  2.9620855212e+00  -9.2818563852e-01  2.9490348435e+00  -3.1615392310e-02  6.7028334209e-01  -4.0145205783e-01  1.4024339028e+00  3.9701264729e-01  6.6353444207e-01  4.7422806993e+00  1.1223932941e+03  1.1822188549e+00  1.5368579693e+00  -5.5645369230e+01  3.2022002699e+03  -6.8725035495e-01  1.3003393025e+00  
-1.9498175383e+00  -1.5041026061e+00  5.2907249329e-01  3.2894061617e+00  3.5563332148e+00  1.7390730617e+00  6.2807726950e-01  2.8923329020e+00  5.5268932876e+00  -2.0220608861e-01  7.4900048116e-01  -6.4437215019e-01  5.2804013405e+01  1.0453582989e+01  2.2853357780e+02  -1.6762289884e+00  2.0568890856e+00  1.7879021139e+00  2.1977967455e+01  3.8561681889e-02  8.4891720063e-01  -2.7213885219e-01  7.2596478613e-01  -4.7327428781e-01  1.9175322616e+01  
-1.8498266935e+00  -2.4233858830e+00  9.6184895979e-01  6.7127074768e+00  1.3688366060e+01  1.8079168545e+00  7.0653535064e-01  1.4379225193e+00  1.1242520259e+00  9.0905411436e-02  6.8696068817e+00  1.5541353904e-01  7.0300923432e-01  6.9534509969e+00  1.5794680147e+01  -7.3523635055e-01  2.2107841139e+00  -4.3029135290e-01  1.2283899462e+00  -4.7446749025e-01  1.8615493802e+00  2.6057217141e+00  4.0037563531e+00  -2.0685932580e-01  5.4832084541e-01  
-1.7498829365e+00  -1.7319404666e+00  6.8417530801e-01  2.3574899283e+00  2.4381106856e+00  1.4446524127e+00  4.2369782949e-01  3.9470535070e+00  9.7229354910e+00  6.5596034913e+00  7.9968290101e+01  7.7438759156e-01  1.9393981011e+00  7.2092940795e-01  4.6163525445e+02  2.1275401132e-01  8.2940593930e-01  -2.3164241574e+00  5.4052695180e+00  1.3947699863e+00  2.0076874858e+00  3.0033366897e+00  3.2362606447e+01  -1.0204760406e+00  3.0964903892e+00  
-1.6498647928e+00  -1.6804367648e+00  6.6371246153e-01  9.5658655359e-01  4.0427984003e-01  1.2276560932e+00  3.2617502149e-01  9.0412208863e-01  4.6820727442e-01  7.9101172286e+00  5.6641973514e+02  -4.9832626506e+00  7.9598823072e+01  2.5477691774e+01  1.0613980091e+03  -5.5097493134e-01  4.1148783670e+00  -4.7952397103e+00  1.5223380032e+02  -9.4446438274e-01  2.7960170313e+00  3.1524132530e+00  6.2675898575e+00  -8.7617420652e-01  6.8297562965e-01  
-1.5498250723e+00  -1.0273388771e+00  3.5490641869e-01  7.2472069238e-01  4.9169206166e-01  1.0114659441e+00  2.6880784008e-01  -5.1414746311e+00  2.5202156905e+01  -5.0664782602e-01  1.9245420152e+00  1.7486514126e+00  9.3796682156e+00  2.2166357768e+01  1.7469870792e+03  2.3006186288e-01  6.0989416954e-01  -3.0009811154e-01  6.7757327952e-01  3.1269954152e+00  1.8240873729e+01  5.1808541696e-01  1.5669439162e+00  5.8770950175e-01  1.9336933401e+01  
-1.4498789310e+00  -9.0611162323e-01  3.4522538258e-01  3.7717683569e-01  4.3333818458e-01  1.7312894216e+00  5.0471822541e-01  1.2947044210e+00  1.0791553180e+00  -2.8339648470e-01  5.0754486580e-01  1.9444502858e+00  5.1719158831e+01  2.5939665059e+00  2.3111697342e+01  -6.0171810037e+00  5.5849131747e+01  -3.9642190416e-01  1.4440983387e+00  3.2416820722e+01  5.9411792082e+03  -9.3276880639e-01  5.2939802096e+01  -1.0643279901e+01  1.7111682219e+02  
-1.3498866558e+00  -1.0919527309e+00  3.2365995375e-01  1.0749971629e+00  5.3292471927e-01  1.2083472884e+00  3.2643992326e-01  5.8322621291e-01  8.8814606621e-01  -2.5572925279e+00  1.3433897553e+02  -1.8655297989e-01  8.2822068895e-01  1.0901724188e+00  2.4397381345e+00  -4.0267712361e-01  6.2327677552e-01  6.6731674659e-01  6.0418564715e-01  1.5041185798e+00  5.0673149831e+01  -1.3378615815e+00  1.9830148455e+00  -1.2039001097e+01  5.9254462675e+02  
-1.2498725653e+00  -5.8872431510e-01  3.5419961584e-01  7.8537195975e-01  4.2195537663e-01  9.9619619661e-01  2.3661561286e-01  1.0520674811e+00  6.3783175739e-01  -1.1535383434e+00  1.8374463153e+00  9.5988038685e-01  1.9417134610e+00  2.9994422756e-01  6.0771389198e-01  1.7970753932e+01  1.0415259056e+03  1.1953376623e+00  2.1486008350e+00  1.2900185390e+01  3.1388736396e+02  -6.7394422749e+00  4.3557671405e+02  1.1060047882e-02  2.0237282151e+00  
-1.1499886513e+00  -9.3632508897e-01  3.0656778880e-01  3.7429901032e-01  6.5454135357e-01  7.0331154837e-01  2.4824665293e-01  1.3096073110e+00  1.0410909975e+00  -3.5259659363e+01  3.8802552428e+03  1.2372539803e+00  7.3615030323e-01  4.9578316352e+00  4.8956869280e+01  3.3741094158e+01  3.9599486648e+03  -6.6933512600e-01  7.5312514031e-01  1.5930352909e+00  7.8154844382e+00  -7.6159321392e-01  1.1042955657e+00  -2.8668296472e+00  3.4337623989e+03  
-1.0499672890e+00  -1.2935816591e+00  5.7190863460e-01  6.0138919056e-01  6.8238488773e-01  9.7035556007e-01  4.0378483854e-01  1.2785944387e+00  4.8646152390e+00  7.9798941093e+01  7.4488794594e+03  1.7333000149e+00  6.8172098503e+00  2.5541673238e+00  2.7486102779e+00  -6.4124398642e-01  3.6868933493e+01  -1.0382508753e+00  9.5812020828e-01  -7.5652803746e+00  1.5345696042e+02  -1.0259241908e+00  1.0408090803e+00  6.5923845848e-01  9.9530369150e-01  
-9.4991534948e-01  -8.5882102666e-01  3.1847344143e-01  -2.4666742280e-01  1.2459689009e+00  8.4664657457e-01  3.3381024835e-01  1.4378906898e+00  1.2318934646e+00  1.0174628549e+00  4.7236896942e+00  -7.5858085221e-01  1.4651991529e+00  5.2397252718e-02  7.6095690480e-01  -9.2375242705e-01  2.1423576397e+00  -2.2493432973e+00  1.8958977061e+00  -5.3525606447e-01  1.9732113420e+00  1.4872079774e+00  2.9231744470e+00  -5.5207592180e-01  6.9069465217e-01  
-8.4990298748e-01  -8.4349436585e-01  4.0388089681e-01  1.5215062954e+00  4.6638656536e+00  9.5984864915e-01  3.7369790634e-01  1.0395739377e+00  8.9742393812e-01  -3.1392126778e+00  8.6215947801e+02  2.2733618283e+02  1.7784362884e+04  -1.5285965037e+00  2.1383629237e+00  1.5515325575e+00  5.7091772135e+00  2.5075899324e-01  1.3204503181e+00  1.9928753484e+00  2.9268781831e+02  1.0816068028e+00  5.4989539875e+01  3.8591493897e+00  5.4323943529e+01  
-7.5003862381e-01  -7.5105491722e-01  2.8816453306e-01  5.0030340018e-01  7.7090451502e-01  8.2406669602e-01  3.0673828500e-01  5.5746602507e-01  4.0072953579e-01  1.0511934741e+00  1.3888894655e+01  -4.6790605830e+00  1.6378718556e+01  -3.8601706298e-01  7.1862966051e-01  1.9650535212e-01  3.2648580613e+00  2.2219625424e+00  8.6970733113e+00  -5.1881754774e+00  4.6099188448e+02  -5.4450929952e-01  1.2868917247e+00  3.3430266887e-01  5.8924107741e-01  
-6.4987289906e-01  -1.5522866771e+00  1.0846871030e+00  8.9585330869e-01  1.2688698528e+00  1.0802049314e+00  3.6262341414e-01  1.0798914532e+00  8.3008001567e-01  1.1189430509e+00  1.5437544370e+00  1.5176286515e+00  7.2005031296e-01  1.7884863340e+00  2.0475737922e+00  2.6960019233e-01  5.6905022475e+01  2.5230440179e+00  1.3137964385e+01  -4.4831473248e-01  1.2968883500e+00  2.6125637094e+00  6.6602860532e+02  8.1156660382e+00  2.8984202556e+02  
-5.4982662201e-01  -9.4953070941e-01  5.3821316352e-01  -6.4333106724e-01  2.3616592145e+00  6.9385703118e-01  2.4450334699e-01  4.3778572319e-01  2.1691176788e-01  1.0477269574e+00  1.0727293542e+00  -3.1623091909e+01  1.1180939958e+03  -9.4179981280e-01  4.0314972400e+02  3.2504358344e-01  2.6736687410e+00  -2.1094646205e-01  7.3820979310e-01  -7.0590930533e-03  6.1260745330e-01  1.2033233260e-01  1.5001975138e+00  1.2659464555e+00  1.1515523491e+00  
-4.4987091422e-01  -5.2909132752e-01  4.6176964348e-01  8.2080108764e-01  2.8311054729e+01  5.6075061915e-01  2.4203980265e-01  4.9847250105e-01  3.6582448234e-01  1.4453940182e+00  1.4182829964e+00  1.3090934286e+00  1.3955023427e+00  5.3334295613e+00  1.6446347149e+02  1.8922759653e-01  8.3122627403e-01  6.0141027886e-01  1.4406665238e+00  8.8196063894e-01  9.8412327474e-01  1.4768013173e+00  1.0131464073e+01  1.0940416986e+00  2.1304092164e+00  
-3.4989187121e-01  -5.2762273862e-01  5.2755215343e-01  3.5688040440e-01  3.1157978652e-01  6.9170712703e-01  2.9562755287e-01  5.7635308965e-01  6.8468711567e-01  5.1018291887e-01  7.6037600986e-01  1.7653007712e-01  7.4576839431e-01  6.9576152502e-01  1.3327805998e+00  9.3485409993e-01  2.5462670105e+00  -1.6883398492e+00  2.2678372132e+00  -6.7725795463e+00  3.2441001861e+02  3.2645870614e+00  3.1683979375e+02  -8.4146974940e-01  1.8571828896e+00  
-2.4994699657e-01  -8.4256644963e-01  1.0882157017e+00  1.1971333387e+00  1.1521227827e+00  8.3454884080e-01  2.3084152867e-01  8.9561996045e-01  8.1394030885e-01  1.2435325639e+00  5.7607659846e-01  1.4656442910e+00  9.8230750330e-01  7.4213522769e-02  6.3717391150e-01  -1.4762724229e-01  1.7981185316e+00  1.4121103873e+00  2.0948920149e+00  2.3103187421e+00  1.1856805078e+01  4.2859084682e+01  1.4535822786e+03  1.5622549760e+00  2.3626404460e+00  
-1.4995087683e-01  -1.5317210220e+00  3.6185152952e+00  1.4966907642e+00  5.5930224112e-01  9.3361561112e-01  1.9691493014e-01  1.2290416869e+00  8.4189251130e-01  1.3884539442e+00  5.9197239909e-01  6.7083569549e-01  4.7351515844e-01  -4.1411728877e+00  7.4239623456e+01  8.4445455932e-02  5.4976997121e-01  2.8586507355e-01  4.3337844051e-01  -1.0039218495e+00  1.6981761494e+00  -6.1324866297e+00  2.5381345882e+01  -1.1601162060e-01  6.7172745116e-01  
-5.0050769001e-02  1.2404374086e+00  3.2400124978e+01  9.0435238321e-01  3.7867454438e-01  1.2237172962e+00  2.1104844818e-01  1.0005141298e+00  3.1464737329e-01  1.6399620457e+00  1.1885910700e+00  1.2553502871e+00  5.8775683835e-01  -7.2189198941e-01  1.4623465382e+01  6.8612994974e-01  9.1205056420e-01  -5.5367400985e-02  8.2023677076e-01  4.6943684849e-01  7.7078798462e-01  5.8802349453e-01  5.2752361161e-01  -1.1416173555e+00  1.2646762506e+00  
4.9961533397e-02  1.0000000000e+00  0.0000000000e+00  1.0000000000e+00  0.0000000000e+00  1.0000000000e+00  0.0000000000e+00  1.0000000000e+00  0.0000000000e+00  1.0000000000e+00  0.0000000000e+00  1.0000000000e+00  0.0000000000e+00  1.0000000000e+00  1.0418551847e-15  1.0000000000e+00  0.0000000000e+00  1.0000000000e+00  0.0000000000e+00  1.0000000000e+00  0.0000000000e+00  1.0000000000e+00  0.0000000000e+00  1.0000000000e+00  0.0000000000e+00  
1.5006940067e-01  1.0338588154e+00  2.6316857860e+01  1.1077644943e+00  4.5679285996e-01  8.1743814346e-01  1.3956416188e-01  1.0005134157e+00  3.0858715763e-01  6.1273836886e-01  3.9185986851e-01  7.9843546890e-01  3.7368863902e-01  -5.2530563433e+00  1.2904412181e+02  1.4924072081e+00  2.7162456150e+00  -1.3374154954e+01  8.6722470008e+02  2.1798069358e+00  3.0874802454e+00  1.7152068431e+00  1.5505384800e+00  -8.8863107922e-01  1.1109019110e+00  
2.4980340898e-01  -6.8464829118e-01  1.4575687313e+00  6.6915447814e-01  2.5720772199e-01  1.0716124870e+00  2.2648666382e-01  8.1638603320e-01  3.8563329801e-01  7.2159898575e-01  3.0365358729e-01  1.4991916977e+00  1.1612326006e+00  -3.3232169490e-01  2.2650913519e+00  -3.2166917401e+00  1.0809237557e+03  3.5930852961e+00  6.5671649495e+00  -1.0216874341e+00  1.5757053721e+00  -1.8444213962e-01  5.5640571006e-01  -7.5568363434e+00  1.1948699478e+02  
3.4987038374e-01  -1.2066416908e+00  1.5192382284e+00  8.4058253481e-01  5.4129936801e-01  1.1992615297e+00  3.4404218298e-01  1.1223904995e+00  6.2392087312e-01  8.0602125335e-01  3.8018081303e-01  6.8543201171e-01  4.4849162924e-01  1.6288428253e+01  3.7718208747e+02  -3.7821782471e+00  1.0633794462e+02  7.2293642597e-01  9.7245513948e-01  4.1598286222e-01  8.2905580972e-01  4.6047040586e-02  3.9083782059e-01  6.8925637517e-01  4.3282545657e+00  
4.4987949729e-01  -1.9151752390e+00  1.8967074179e+00  2.8240052014e+00  2.4494872137e+00  1.4486708650e+00  6.5733575416e-01  1.7502373767e+00  1.2811364988e+00  2.0094582142e+00  3.3197703945e+00  5.6135680365e+00  2.5175396081e+01  1.4889517614e+00  2.6705960404e+00  1.1233627145e+00  3.1411107341e+00  -6.0343236061e-01  8.1707409095e-01  -8.8267627231e-02  6.2183977864e+00  -5.8154134983e-01  3.9310759217e+01  -1.4237366705e+00  1.9104607809e+01  
5.4991757870e-01  -1.9046085830e+00  1.6017321424e+00  9.1466094978e-01  6.7254675733e+00  1.7869137895e+00  7.8620783702e-01  2.0168536769e+00  1.4275139715e+00  6.9832844935e-01  6.3903399912e-01  7.7381849372e-01  9.2305497505e-01  2.3517392547e-01  2.2773140600e+00  6.1200329184e+00  6.2979729191e+01  1.7863122467e+00  5.4618512744e+00  1.1467029092e+00  1.1224256671e+00  8.2601325231e-01  2.9507397249e+00  9.3445257746e-01  1.1079034171e+00  
6.4982265234e-01  -1.0567071288e+00  5.9441131496e-01  -1.8263601786e+00  2.2077097153e+01  1.4431376332e+00  5.1377340053e-01  2.2902378725e+00  1.1496509190e+00  9.6432750285e-01  9.2537370288e-01  -3.2057270470e-02  6.3670637274e-01  -7.7031816739e-02  1.9010647236e+00  9.1864658545e+00  5.4499740050e+02  -5.3780056704e+00  2.0790576320e+01  -4.3022305057e+00  3.8668724594e+03  -1.2724084004e+01  1.1246119752e+03  8.0076911423e-01  1.2527834744e+00  
7.4985527992e-01  -6.4731643453e-01  4.2245472587e-01  1.1455157642e+00  2.2923258874e+00  9.2687178504e-01  3.1444142969e-01  9.3155825327e-01  7.1789189894e-01  9.0658628860e-01  9.4370640497e-01  6.6047129681e-01  3.0812659170e-01  5.6641482539e-01  6.1062780582e-01  -1.2254309386e+00  2.2376545179e+01  4.5514942499e-01  1.4146969411e+00  -2.2566891657e+00  2.4349091214e+01  -5.2293375462e-02  9.4265555189e-01  -1.5430032681e-02  1.8180559970e+01  
8.4985429049e-01  -1.3335931055e+00  5.2364358172e-01  1.5960730176e+00  3.8025065182e+01  1.2152989894e+00  4.5695980388e-01  1.8022891567e+00  1.1358021625e+00  2.0925780763e+00  4.1989110399e+01  -2.2653703515e-01  4.4171014819e-01  -2.7043891383e+00  6.1510742177e+00  6.3353120260e+00  1.8287357381e+02  4.9386538974e-01  1.6027273836e+00  -1.0027738683e-01  8.1614407942e-01  -2.0368178577e+00  1.0573694394e+01  3.1938414173e+00  1.3559829509e+01  
9.4985240698e-01  -1.1885145367e+00  5.8534802177e-01  6.3254549230e-01  1.1512584990e+00  1.0435488182e+00  4.1585590123e-01  9.7072723450e-01  1.0599167598e+00  -5.9141321901e-02  5.6893142793e-01  3.1185121242e-02  4.8097053377e-01  -6.6666741890e-01  8.6257787660e-01  5.0135042534e-01  1.7226541100e+01  3.3875064715e+00  6.0417670453e+01  -1.0724127052e+00  9.2203600988e+00  4.8857755778e-02  1.2749744930e+02  2.5499944371e-01  1.2506300052e+00  
1.0498483181e+00  -1.1660991605e+00  4.3507858352e-01  -4.1016880519e+00  3.2832658643e+01  1.1831128971e+00  4.7496777916e-01  7.0074606545e-01  6.1945702055e-01  9.8339800904e-01  2.7153950463e+00  -1.3549329659e+00  2.0507567306e+00  2.9144481566e+01  2.1588473113e+03  -1.1265527090e+00  2.5648492009e+00  -4.4829627896e-01  4.2724541517e-01  -2.1027554386e+00  1.9509690926e+01  6.9021836951e-01  9.5900890915e-01  -1.9555609160e+00  1.3842648447e+01  
1.1498370171e+00  -7.7462315974e-01  3.3599755867e-01  1.7065037993e+00  4.3990548888e+00  1.0324749718e+00  4.3774800482e-01  8.1273446746e-01  9.2409938423e-01  1.9637166536e+00  1.3154526082e+02  6.1481858635e-01  1.3234002066e+00  3.9607810522e-01  4.0478390785e-01  -9.6834683844e-01  1.4549202982e+00  -9.7187866076e-01  9.0080778538e-01  -1.9401974329e-01  1.2088379185e+00  -9.8528441612e-01  9.9510317051e-01  1.5511332106e+00  2.3319922461e+00  
1.2498133183e+00  -1.0692086396e+00  3.4611192973e-01  2.8263261790e+00  1.1266498591e+01  1.4237136882e+00  4.9873866603e-01  7.6804163142e-01  5.4086362297e-01  -6.2864272784e-03  9.3471927874e-01  8.1144395430e-01  5.1126867317e-01  2.3145986882e-01  4.9065974124e-01  4.1287029248e-02  3.2286888042e+00  -1.5199095710e+00  2.3907167341e+00  6.6749376069e-01  3.1481591649e+00  -1.3439806610e+00  2.0674235122e+00  4.0854478128e-02  4.9511145695e-01  
1.3498548269e+00  -1.7056598233e+00  1.1184501798e+00  1.2770948323e+00  6.7793380286e-01  1.0044179284e+00  2.3750266150e-01  9.5399314602e-01  5.5728433746e-01  -8.8585476957e-01  1.2049861361e+00  9.0127428024e-01  1.4314187613e+01  3.5169951149e+00  9.3909660476e+00  4.3723957891e-02  3.0718586690e+00  8.6377743017e-01  1.4838317347e+00  9.3393966773e-02  9.9796751567e-01  -3.3592781161e-01  1.2942650268e+00  2.2069263185e+01  1.1061916787e+03  
1.4498673677e+00  -9.1665006114e-01  2.7301454730e-01  9.3254562911e-01  4.4558092058e-01  8.2821428270e-01  2.2211383876e-01  1.8059886656e+00  8.1741361579e+00  -2.8299551219e-01  1.5087621420e+00  -5.4475876378e+00  2.9823130240e+01  9.5735547438e-01  1.8694506743e+00  -2.6181832871e+00  1.1096468497e+01  1.5111588035e+00  1.3222744907e+00  3.7335861856e-01  8.7007509104e+00  -7.6483998249e-01  1.1353751976e+00  -1.9667234011e-01  2.1183958900e+00  
1.5498749018e+00  -1.1053399347e+00  4.2637296460e-01  2.7101466431e+00  5.5711397081e+00  5.7812651783e-01  1.6866007972e-01  7.7835263894e-01  7.0434973376e-01  -3.6457592120e+00  6.9359147915e+00  7.9584163731e-01  3.7467290596e+00  4.7580850594e-01  1.5226098834e+00  -1.5722318196e-01  3.6122531016e-01  -2.6367139299e+00  2.5272515196e+01  3.0360323019e-01  3.0657996211e+01  -1.2412235050e+00  2.8479091339e+01  -1.0731356836e-01  6.4687647352e-01  
1.6498616934e+00  -9.7462832864e-01  3.3832808673e-01  1.3856450775e+00  8.3742209526e-01  9.8940452494e-01  2.6222961765e-01  -1.8854890985e-01  6.4177267743e-01  -2.1893269982e+00  7.0891930750e+00  6.2683080953e-01  1.3460561735e+00  -8.2436088171e-03  5.8418159253e+00  4.8701500639e+00  2.8214603986e+01  -3.5396898209e+00  9.6337895208e+00  3.3730915802e-01  1.1644598464e+00  2.1371391119e+00  7.6419565187e+00  1.5657937886e+00  1.7594766366e+01  
1.7497285604e+00  -5.9607717029e-01  2.3780149307e-01  1.0472914862e+00  4.3050693720e-01  8.1517059299e-01  2.1616024390e-01  1.1087762002e+00  5.0409040365e-01  4.4804473220e-02  9.0348217579e-01  -2.6189101407e-01  1.3150763357e+00  6.9304169619e-02  1.1852338262e+00  -1.7552463551e+00  3.1953479362e+01  -2.2400434895e-01  1.2695264685e+00  -1.1395640906e+00  3.5793557412e+00  3.2793323213e-01  5.4731860925e-01  -1.1482047520e+00  8.4773852801e-01  
1.8497024775e+00  -5.7836939289e-01  2.3487424757e-01  4.2975325153e-01  5.3919623813e-01  6.9283773485e-01  2.0219005170e-01  2.6312351207e-01  5.4220968112e-01  1.9439984890e-01  5.4364463301e-01  1.3392243939e+00  2.2944640588e+00  -1.3917035817e-01  1.0950541371e+00  4.9633750347e+00  4.7616938846e+01  -4.5350807131e-01  9.4066375029e-01  7.3071200903e-01  9.7757820873e-01  3.2702924561e-01  9.3803333027e-01  -1.0176340780e+00  1.6366460938e+00  
1.9497948885e+00  -4.1332614285e-01  1.6158627218e-01  1.5408710978e-01  2.6412145353e-01  5.5398827070e-01  2.0908270621e-01  6.9954873882e-01  5.0657997009e-01  -2.4479600943e+00  2.9639369344e+02  7.3055306977e+00  5.1088696610e+01  1.5075501887e-01  3.0639277984e-01  -1.4781971553e+00  4.8040962797e+00  -2.2463152168e+00  2.1861924682e+01  -2.6553454843e+00  3.6998107702e+01  3.9203227703e-01  5.2781779704e-01  -5.1304052112e+00  5.2603148610e+01  
2.0497291088e+00  -6.6578061098e-01  2.5018727147e-01  3.0742122658e-01  3.1030468143e-01  5.7578655086e-01  2.0044442916e-01  3.5444208138e-01  4.7633984058e-01  -5.8356942691e+00  4.5098360721e+01  -9.8880579404e-01  1.3296701002e+01  1.4304099643e-01  6.0453585495e-01  -6.0621196562e-01  8.0305903306e-01  -4.7027572304e-01  1.2416048009e+02  1.1818615144e+01  7.3307486598e+02  -5.5543160704e+00  1.4061178658e+02  3.6989933198e+00  4.1371819312e+02  
2.1496939659e+00  -4.8931063005e-01  1.7028315624e-01  9.2169500124e-02  2.6764518571e-01  5.3308395871e-01  1.2902606023e-01  -4.1541845974e-01  4.2121041584e-01  -9.9774486072e-01  1.3705330506e+01  -2.1766804600e+01  6.5154802645e+02  -3.0119206694e+00  1.9651081134e+01  2.5746789266e+00  3.3616108266e+00  1.6607356534e-01  1.5454110778e+00  8.7379435384e-01  2.4305198803e+00  -3.6017748432e-03  8.9000252861e-01  -1.5315271607e+00  4.6413114245e+00  
2.2495167255e+00  -4.8629641902e-01  1.5692442264e-01  -8.8678712176e-02  2.5725696376e-01  4.3083779142e-01  2.0131465909e-01  4.6741829788e-01  4.4645924078e-01  5.7166364799e-01  3.8178098765e-01  3.2708218254e-01  2.0127090707e+00  -1.6927521718e+00  2.0924991165e+00  4.0750592851e-01  8.8807908920e-01  2.4372939106e-01  1.1837999450e+00  -2.1752309111e+01  3.4887662935e+03  2.7987925142e-01  1.5480802129e+00  -1.8822028410e+00  3.5342271359e+00  
2.3494291306e+00  -5.8825510771e-01  1.5055014604e-01  -3.6147594724e-02  2.3409817206e-01  6.8150679649e-01  2.1259479159e-01  3.5295140642e-01  1.1355299579e+00  4.7530212107e-01  1.2156308144e+00  -3.5399935548e-02  5.2317225889e+00  -1.8732755233e+00  3.5021495782e+00  -1.6049237039e+01  1.2914786676e+03  -1.9060129974e+00  4.0075623943e+00  4.5358938736e-01  1.1085621947e+00  -9.8227111416e+00  2.4014941705e+02  -4.3429149548e+00  2.0174752953e+02  
2.4494276047e+00  -4.9412619144e-01  1.1438718907e-01  -4.4568837004e-02  3.1446826043e-01  4.0079321221e-01  1.3045794473e-01  1.5058871079e-01  3.2734545246e-01  2.6228828070e-01  3.4947806833e-01  1.4596703708e+00  2.9269318520e+00  -3.2653169498e-01  5.4281717837e-01  6.4682035855e-02  5.7109906853e-01  -6.5288592425e-01  3.7002617143e-01  -1.2487206763e-01  8.1741266837e-01  -1.1399977296e+00  1.0193430839e+00  1.8904894419e-01  2.3203180102e+00  
2.5490651131e+00  -5.3285129417e-01  1.1606541596e-01  2.2141785782e-01  2.9763007181e-01  2.7755660385e-01  1.3459745461e-01  1.1750963340e-01  2.0385580712e-01  -7.6569609836e-02  1.6890343978e-01  1.3795433892e+00  9.5855980317e-01  2.9636614283e-01  2.3861017158e-01  1.1559884552e-01  3.8827809350e-01  4.3044886460e-01  2.5147615663e-01  9.3432727502e+00  1.7497055977e+02  1.0007526766e-01  2.0720515099e-01  6.3999216697e-01  8.6659545771e-01  
2.6489801407e+00  -4.2424534423e-01  8.7045391673e-02  1.7206654476e-01  2.4540445015e-01  3.5942917374e-01  1.6764914439e-01  6.1390665973e-02  3.1539663270e-01  1.7865634247e-01  1.7745545942e-01  4.7958236953e-01  3.0918413546e-01  1.1221074876e-01  1.6191236347e-01  1.2843306572e-01  3.4018374697e-01  1.3637051893e-01  1.4666884349e-01  -4.4361474928e-01  4.5329668515e-01  -8.5003897584e-02  2.5361595548e-01  -2.3304864130e+00  8.0913234783e+00  
2.7486205101e+00  -4.1987637896e-01  1.0509214994e-01  -1.3689542120e-01  2.6804954758e-01  3.1168620288e-01  1.4124689451e-01  -2.4536937808e-02  1.8210766801e-01  -2.5074764223e-01  1.8085462376e-01  2.4868008492e-01  8.7128945832e+00  -7.6258000607e-02  2.2735051990e-01  -9.8946452948e-02  4.2528933737e-01  7.7347040861e-02  2.5529680737e-01  -5.1001091748e-01  5.3592839651e-01  -9.7315528272e-02  1.6972753723e-01  -9.8090910009e-01  2.5222819809e-01  
2.8486349583e+00  -4.2938376174e-01  9.5256029732e-02  1.9285493685e-01  2.2047091321e-01  1.9200307798e-01  1.6780321104e-01  -1.8043710320e-01  4.5681228561e-01  -3.5438698974e-02  3.5953825128e-01  7.4205189275e-01  3.0746823265e-01  -2.3861182340e-01  2.5058897642e-01  -7.0692183529e-02  1.3431441257e+00  1.3772628310e-01  1.9001089708e-01  -1.6615463494e-01  7.9806714148e-01  -1.7149542281e-01  2.3389876635e-01  -5.1747171602e-01  1.0497382237e+00  
2.9482123852e+00  -3.8505975911e-01  1.4491274213e-01  9.7086069255e-02  1.7146779913e-01  2.0650837607e-01  1.3179657526e-01  8.0711220135e-02  3.0070740698e-01  -1.0161864222e-01  2.9047034708e-01  2.7625930315e+00  4.2596468419e+01  2.8584187459e-01  2.4824327712e-01  8.4429461231e-02  8.2209632488e-01  4.2184966294e-01  3.0939404249e-01  -4.4152056028e-01  6.6671094018e-01  6.5755983457e-03  2.9114439904e-01  -1.1229444098e+00  2.1501316963e+00  
3.0477106571e+00  -4.9313017519e-01  1.1833905360e-01  2.4661062491e-01  2.0126422163e-01  7.5171851793e-02  2.6012214669e-01  -2.7116406453e-01  7.4598684335e-01  -1.5978852996e-01  3.2421783170e-01  -2.8280482683e-01  1.1021844766e+00  2.7491983265e-01  3.2778437115e-01  -9.5794089773e+00  4.1226104727e+02  -3.9115948591e-01  7.0994564030e-01  3.9381747381e+00  6.7527065193e+01  4.3221403084e-01  1.0647244200e+00  8.6705522397e-01  7.6469787583e-01  
3.1474339962e+00  -4.5671197261e-01  1.5543328236e-01  7.0748697162e-02  2.4320909917e-01  -1.5291061590e-01  2.8352728911e-01  -2.6962216976e+00  3.4477733567e+00  4.9000493309e-01  2.9824488041e-01  5.4029101408e-01  7.7383806349e-01  -7.0031019916e-02  2.0661812235e-01  2.1097801485e+00  2.1842717387e+00  2.7253728753e-01  3.7302582920e-01  -4.1867119934e+00  1.1131635367e+02  2.3206374130e-01  3.1864696353e-01  -9.7577077014e-01  4.8128892214e-01  
3.2469084263e+00  -6.2530726053e-01  1.9343277425e-01  3.6723483824e-01  2.0603284920e-01  -9.8472674803e-02  2.6647544609e-01  3.1599908363e-01  1.3176777188e+00  1.3886692892e-01  6.3025945395e-01  -8.0147689877e-01  1.4196367817e+01  -2.4219085641e-01  6.2508456810e-01  1.3459479360e+00  1.3247761685e+00  -8.4138279154e-03  3.2464231529e-01  5.9573088123e-01  2.5563210222e+01  -7.5403933500e-01  5.5870412106e-01  3.5626789415e-01  7.9414948175e+00  
3.3467741013e+00  -5.0641493598e-01  2.1047966680e-01  4.5073186236e-01  5.1982166230e-01  1.5769314808e-01  2.8706984054e-01  2.0452310328e-02  7.6854091966e-01  1.0775381050e+00  9.3136623236e-01  -4.6266983923e+00  4.8497879926e+02  2.2547338001e-01  3.7409234376e-01  -5.5528483700e+00  6.5754992473e+02  4.3534862805e-01  3.8723080791e-01  3.8269237695e-01  2.4503122565e+00  5.5180221846e-01  4.9854973912e-01  5.8640672012e-01  1.5070788729e+00  
3.4460005760e+00  -2.5350970570e-01  1.7625216052e-01  2.4437153126e-01  4.0222013311e-01  1.2571447722e-01  3.7222570106e-01  5.8950327380e-01  5.2164716566e-01  9.7796008068e-01  7.0481843792e-01  1.4843321619e-01  7.2740782987e+00  2.9867471727e-01  6.2770949808e-01  4.9176297901e+00  1.9911364979e+01  -3.9444865323e+00  2.2923142853e+01  -2.0089330860e+01  1.0197301010e+03  -4.2263898263e-01  5.5765625528e-01  -1.2309795111e+00  2.5030991866e+00  
3.5454039574e+00  -8.4851624809e-01  6.3649078872e-01  1.3463734075e+00  1.2824522972e+00  -4.6347711773e-01  3.9567011349e-01  4.6705273233e-01  5.7960034094e+01  -1.5103195797e-01  4.5031053537e-01  -6.7681559089e-01  1.4959502256e+00  -4.4950239759e+00  9.3547759539e+01  -2.1875367124e+00  2.5445084630e+00  -5.0987338872e-01  4.5559003107e-01  -1.2922453920e+00  9.5701096132e-01  -4.2621709461e-01  1.6104226004e+00  -2.3961466137e+00  8.4587581404e+00  
3.6453027725e+00  -3.6206366220e-01  5.2465945421e-01  1.5382874132e+00  4.1907998895e+01  5.6254812150e-02  3.9814552044e-01  -2.9957139333e+00  9.0620008271e+00  -7.6044521160e-01  1.6277369015e+00  -1.4265770494e-02  1.1566064776e+00  -6.4510147308e-01  4.7997546646e-01  -1.5807534824e+00  1.1768978208e+00  1.3668425994e-01  6.9077168118e-01  -9.9107368674e+00  1.2798275743e+02  -6.4155197746e-01  7.7900099947e-01  5.8177739301e-01  2.9501805712e+00  
3.7450885773e+00  -6.8855094747e-01  4.8431819844e-01  -4.5554874631e-01  2.0040762143e+00  5.0825276797e-01  7.4554275233e-01  2.2123081936e+00  4.2704047796e+00  1.8964015966e-02  1.7765684814e+01  4.3048659666e-01  1.4924343709e+00  7.0887560115e+00  2.9923910231e+02  -4.5783493768e-01  7.1876233558e-01  -4.5365094192e-01  1.0578382006e+00  4.2480870173e-01  5.7876844356e-01  2.9864631193e-01  1.0591405290e+00  -1.3133627941e+00  2.3490602102e+00  
3.8449523449e+00  1.8612981370e-01  4.2728318425e-01  1.5067826260e+00  2.4630863617e+00  2.2364654595e+00  4.3757444730e+00  -2.9989266284e-01  1.0079188478e+00  4.1942118891e-02  9.8735762587e-01  1.8945482196e+00  1.8549784605e+01  -2.5199788787e-01  8.1752750275e-01  2.7773215908e-01  6.8842562320e-01  3.1172001572e-01  1.8271810531e+00  1.4883724194e-01  8.7623939406e-01  -5.6433012862e-02  2.2664511967e+00  5.8807406230e-01  1.0778224586e+00  
3.9423770905e+00  1.7077769965e+00  1.8483140804e+01  1.7790806892e-01  3.5610557305e+00  -9.4010726565e-01  2.0322668808e+00  5.5973920803e-01  5.7144679019e-01  -2.4071248179e+00  5.7825151474e+00  -1.1723197370e+00  6.1619479180e+02  -1.3931601510e-01  4.4013811129e-01  9.0901833201e-02  3.6690865959e+00  -2.6178568418e+00  4.2034992939e+00  -6.8375827631e-01  1.0068942764e+00  -3.7584555224e-01  6.8809558242e-01  1.3338778650e-01  5.8934258250e+01  
4.0420141220e+00  1.7405305052e+00  1.7307375953e+00  2.1073608725e+00  1.8802745665e+00  -1.6211706334e+00  1.7541866529e+00  3.0405949281e-02  1.9649640050e+00  1.7286766146e+00  2.2341885736e+00  5.9204517505e-01  3.8823309611e-01  1.5120003040e+01  4.3012522119e+02  1.2006763953e+00  1.1500005362e+00  3.5646082925e-01  3.2110851070e+03  1.4411298022e+00  2.3739045694e+00  -1.1312878425e+00  2.9835855112e+00  1.8388558143e-01  7.3651245730e+00  
4.1401934624e+00  5.1757377337e-01  8.5823533811e-01  -2.2632267391e-01  1.4100700567e+00  -3.7103281096e-01  1.4019212513e+00  -4.0822249113e-01  1.6976984191e+00  -1.2217805600e+00  2.8718614013e+00  4.9752196742e-01  2.4897664559e+00  -4.6366004067e-01  1.9616608593e+00  8.4604595986e+00  2.9294486448e+02  -1.7703638443e+00  2.5343939075e+00  -1.0525484606e+00  2.5897530975e+00  2.8520994209e+00  2.9192151192e+02  -2.4098250959e+00  3.1646530725e+01  
4.2361836433e+00  6.2448719920e-01  1.9385565542e+00  6.3643190572e+00  2.0859405439e+02  -2.6698340434e-01  1.4098630102e+00  -1.6263571401e+00  5.4658021190e+01  3.6033887566e+00  6.9389815417e+02  6.1270306939e-01  1.5251317018e+02  -8.8116960560e-01  4.8001857226e+00  -3.1141055768e-01  5.1006023529e-01  6.6249089157e-01  3.6030733667e+02  1.7396449620e+00  3.0499374333e+01  -1.5355087017e+00  8.8072346839e+00  -1.6032491893e+00  1.6410633957e+00  
4.3341517448e+00  8.6715539672e-01  1.2643752592e+01  1.2599596341e-01  1.8254618464e+02  8.2580598094e-01  2.3474179523e+00  1.7174150146e-01  3.2723864481e-01  -3.7136954970e+00  4.3152654857e+01  2.1314618318e-01  4.9904435082e-01  -2.7341068174e-01  9.4384920093e-01  5.6195967840e-01  7.3632658138e-01  7.3100067507e-01  1.9589851441e+00  9.2519092577e+00  7.8879209782e+03  -1.5922470595e+01  9.1836538670e+02  -5.0448116672e+00  4.0611344613e+02  
4.4334397316e+00  -3.7308008785e+01  2.3205898295e+03  -1.3651849768e+00  9.7733747231e-01  -5.0153637628e-01  8.1016060996e-01  -7.8340576192e-01  2.2136861486e+00  -7.5711466596e+00  2.1331915270e+01  2.4227222100e-01  5.8797493366e-01  -4.4331994308e-01  6.1163849409e-01  -6.0528204601e-01  3.4433881205e+00  2.5033456792e+00  1.6036543059e+01  -1.0934667246e+01  5.2954499449e+01  2.1278712081e+00  6.6062256473e+00  2.2356283607e+00  3.7650219679e+00  
4.5273385048e+00  6.7607331965e+00  1.1998876875e+02  3.6501693484e+00  7.8183074411e+01  -7.1945988349e-01  2.3488446192e+00  1.9268877288e-01  5.4012643443e-01  -1.4296961657e+00  3.8300475602e+00  -1.4502925936e+00  2.6072548511e+00  1.9370460751e-02  8.8047234391e-01  1.8618425248e+00  1.0430394076e+02  -1.4107780722e-02  4.0919330925e-01  -1.2534939468e-01  8.7535573882e-01  -2.8657977646e-01  8.4478111542e-01  -1.0632028381e-01  1.2777203818e+00  
4.6241798401e+00  1.1667542267e+00  8.3778259892e+00  -5.0416687104e-01  2.0538995700e+00  1.1414105762e+00  1.0285146181e+00  4.7258993558e+00  3.0385706477e+01  -8.4240897542e-01  5.3731762408e-01  -1.7321177088e+00  7.9590053272e+00  4.1444835027e-01  1.3321750835e+00  1.2566961048e+00  8.5144193103e-01  -4.9054757526e-01  1.1947154346e+00  -3.8188338430e-02  8.9659401893e-01  -4.1402667643e-01  2.2152177026e+00  -1.5424860331e-01  4.1076112458e-01  
4.7206349373e+00  3.8555700961e+00  5.0051445000e+01  1.0094211906e+00  2.0521319826e+00  1.1586092127e+00  1.2092023538e+01  8.7774988612e-01  4.1631534121e+00  -3.8855286850e+00  9.3872133918e+01  -8.4655877901e-01  1.5934724526e+00  1.5772145013e+00  1.8529856024e+00  -2.9737204036e+00  1.2699429858e+01  -1.3897227257e+00  2.5786565348e+00  2.2244667621e+00  3.5536648513e+00  -2.1331609875e+00  5.4171252688e+00  -4.3578058585e+00  1.6412074398e+01  
4.8158168793e+00  -2.8123914137e-02  6.9705276487e-01  5.4822536478e-01  1.2114103263e+00  3.2231888575e-01  6.9197473829e-01  -2.5083732326e-01  7.0345177155e-01  -9.6917053797e-01  1.2129707093e+00  -6.9169555075e-01  3.1019404049e+00  6.4929360369e-01  6.7620658805e+00  1.5076527833e+01  1.5930467889e+03  -5.0369958197e-01  1.0469593669e+00  8.4334217766e+00  2.7823377294e+01  8.0695502356e-01  7.2482393813e+00  2.1373303649e+00  3.3449040133e+00  
4.9108629227e+00  5.0582247728e-01  2.8488676417e+01  1.7946153072e+00  1.8805179877e+01  1.5947607354e-02  8.3359972920e-01  -1.3789796682e+00  1.0372167197e+01  2.0105707075e+00  5.4824315530e+01  -6.2993273672e-01  2.3933744881e+00  1.5741948405e+00  4.8638785383e+00  1.0133874850e+00  3.2644025991e+01  -2.6793466179e+00  5.9006107877e+01  1.3376043112e+00  2.0099191420e+00  1.2682659205e+00  2.5948709427e+00  -7.0989109577e-01  7.5029786026e-01  
5.0105552673e+00  6.8573516365e-01  9.7087643185e+00  -4.3626403536e+00  6.7066462682e+01  4.4192561440e+00  2.1514023611e+01  -2.0218913580e+00  4.2788057073e+00  3.0946324208e+00  7.2144856040e+01  9.3356153513e-01  6.2541168041e+00  4.0125392458e-02  1.9406060597e+01  1.5894735251e+00  1.2514421642e+00  4.1220750282e+02  7.0837920114e+03  2.5376246480e-01  1.0522458170e+00  -2.5966904371e-01  9.5739509103e+00  -3.2871220153e-01  1.7527986093e+02  
5.1075282097e+00  3.4457645591e+00  1.3095586382e+01  -5.7333602878e+00  9.9885844638e+01  -9.8448513295e-01  2.1620027365e+00  -1.9421675015e+00  4.6634522459e+00  8.7047827415e-01  1.9132246454e+00  3.3911390950e+01  1.2539469810e+02  1.4521542471e+00  1.5935994723e+00  -3.2660238528e+00  6.6467232894e+02  3.0555102754e+00  1.0155704567e+02  -1.3815049992e-01  3.3019607067e+00  -3.1748802191e-01  4.1962982551e-01  7.3799582101e+00  2.8058982219e+01  
5.2061018944e+00  1.4109616101e+00  2.5602306883e+01  -6.7212685473e-01  3.1481372353e+00  -9.0250118416e-01  1.7629818888e+00  -7.1773736426e-01  1.8498232913e+00  -1.3670300435e+00  2.7327841081e+00  -5.3738151350e-01  5.3859892772e+00  -8.2716992277e+00  8.0106510391e+02  1.1821413770e+00  2.5010342926e+00  5.0962633191e-01  6.7200061496e-01  -1.7587757322e-01  1.5085934203e+00  -3.8768105195e-01  1.2095896451e+00  -1.6759956304e+00  3.8362816403e+00  
5.3047194481e+00  1.4215301457e+00  3.5574524352e+00  -9.6719027452e-01  9.6719027452e-01  -1.2314833945e+00  6.5609835826e+01  8.4838551367e-01  8.4838551367e-01  2.6549027598e+00  8.8404994017e+00  -7.5860419342e-01  7.5860419342e-01  -8.2828699613e-01  2.2732642782e+01  9.0266121323e-01  9.0266121323e-01  9.8792106399e+00  5.2646093449e+01  -2.7734998860e+01  2.7734998860e+01  1.3077644535e+00  4.0924770918e+00  1.1510714433e+00  1.1510714433e+00  
5.4038476944e+00  6.2189390825e-01  3.4693676108e+00  0.0000000000e+00  0.0000000000e+00  -3.1330160282e-01  6.7799206615e-01  0.0000000000e+00  0.0000000000e+00  -6.7659704389e-01  6.2226371926e+00  0.0000000000e+00  0.0000000000e+00  2.7539260213e+00  1.3395088087e+01  0.0000000000e+00  0.0000000000e+00  4.4430891451e-01  8.8731229681e-01  0.0000000000e+00  0.0000000000e+00  -7.8174615953e-01  1.1038243958e+00  0.0000000000e+00  0.0000000000e+00  
5.5022716522e+00  -4.5661570870e-02  3.0817024817e+00  0.0000000000e+00  0.0000000000e+00  -1.0528434918e+00  3.9364529860e+00  0.0000000000e+00  0.0000000000e+00  3.1121937748e+00  8.9240181674e+00  0.0000000000e+00  0.0000000000e+00  3.5124622552e+01  3.2751742373e+03  0.0000000000e+00  0.0000000000e+00  8.3474110252e-01  1.9133503377e+00  0.0000000000e+00  0.0000000000e+00  1.1333684285e-01  1.9509959219e+00  0.0000000000e+00  0.0000000000e+00  
5.6019520760e+00  -1.6538503236e-01  1.0607487000e+00  0.0000000000e+00  0.0000000000e+00  2.6599432668e-02  1.0720431755e+00  0.0000000000e+00  0.0000000000e+00  -4.1994725247e-01  2.3923307120e+00  0.0000000000e+00  0.0000000000e+00  -4.8040903018e-01  2.5778928054e+00  0.0000000000e+00  0.0000000000e+00  -5.0240000930e-01  5.2490091817e+01  0.0000000000e+00  0.0000000000e+00  6.1893517277e+01  5.6263050004e+03  0.0000000000e+00  0.0000000000e+00  
5.7016773224e+00  -1.3842603099e-01  4.7047275553e-01  0.0000000000e+00  0.0000000000e+00  4.2221098304e+00  1.6238933067e+01  0.0000000000e+00  0.0000000000e+00  1.3129036058e+00  3.0713402727e+00  0.0000000000e+00  0.0000000000e+00  -9.7253805408e-01  5.0960336768e+00  0.0000000000e+00  0.0000000000e+00  -4.3455294223e-01  1.4334930153e+00  0.0000000000e+00  0.0000000000e+00  5.7694382228e-02  1.2031909750e+00  0.0000000000e+00  0.0000000000e+00  
5.8005514145e+00  -4.2720855551e-01  1.4096027585e+00  0.0000000000e+00  0.0000000000e+00  3.4310193296e-01  6.8569582266e-01  0.0000000000e+00  0.0000000000e+00  1.1109188442e+00  3.8267173221e+00  0.0000000000e+00  0.0000000000e+00  -2.6221540115e-01  4.8248137821e-01  0.0000000000e+00  0.0000000000e+00  -4.1370071449e-01  9.9609906372e-01  0.0000000000e+00  0.0000000000e+00  -2.9821138921e-01  3.5541087538e+00  0.0000000000e+00  0.0000000000e+00  
5.9027853012e+00  -3.3926453945e-01  7.8186961479e-01  0.0000000000e+00  0.0000000000e+00  -4.9489253432e-01  8.6984195694e+00  0.0000000000e+00  0.0000000000e+00  -1.0263227475e-01  1.5296222727e+00  0.0000000000e+00  0.0000000000e+00  6.5085323242e-01  1.4530509422e+00  0.0000000000e+00  0.0000000000e+00  -9.6832385233e-02  8.9525667881e-01  0.0000000000e+00  0.0000000000e+00  3.4677886477e-02  9.0888201679e-02  0.0000000000e+00  0.0000000000e+00  
6.0001263618e+00  -6.3195383896e+13  5.9403660862e+15  0.0000000000e+00  0.0000000000e+00  -4.6038359139e+13  4.3276057591e+15  0.0000000000e+00  0.0000000000e+00  2.8570382734e+12  2.6856159770e+14  0.0000000000e+00  0.0000000000e+00  -1.4398919502e+12  1.3534984332e+14  0.0000000000e+00  0.0000000000e+00  -1.7089911614e+12  1.6064516917e+14  0.0000000000e+00  0.0000000000e+00  -3.2816414231e+12  3.0847429377e+14  0.0000000000e+00  0.0000000000e+00  
6.1001029015e+00  -2.9236130514e+12  2.7481962683e+14  0.0000000000e+00  0.0000000000e+00  -1.8992693081e+12  1.7853131496e+14  0.0000000000e+00  0.0000000000e+00  7.8044922667e+11  7.3362227307e+13  0.0000000000e+00  0.0000000000e+00  -1.8485033270e+13  1.7375931274e+15  0.0000000000e+00  0.0000000000e+00  8.1707688220e+12  7.6805226927e+14  0.0000000000e+00  0.0000000000e+00  4.0524020557e+12  3.8092579323e+14  0.0000000000e+00  0.0000000000e+00  
6.2000060081e+00  -3.6075444341e+14  4.7887490320e+14  0.0000000000e+00  0.0000000000e+00  5.2599593617e+13  5.6488819462e+14  0.0000000000e+00  0.0000000000e+00  -9.2454282005e+14  1.0992959915e+15  0.0000000000e+00  0.0000000000e+00  1.4360450065e+15  1.4889873863e+15  0.0000000000e+00  0.0000000000e+00  -1.4653208144e+15  1.2335083144e+15  0.0000000000e+00  0.0000000000e+00  2.4277154018e+14  3.5228228936e+14  0.0000000000e+00  0.0000000000e+00  
6.2999939919e+00  -2.0151038623e+15  2.0151038623e+15  0.0000000000e+00  0.0000000000e+00  1.9497073815e+14  1.9497073815e+14  0.0000000000e+00  0.0000000000e+00  -1.0319884993e+14  1.0319884993e+14  0.0000000000e+00  0.0000000000e+00  1.2669448547e+15  1.2669448547e+15  0.0000000000e+00  0.0000000000e+00  -3.3502758386e+14  3.3502758386e+14  0.0000000000e+00  0.0000000000e+00  1.5634377263e+14  1.5634377263e+14  0.0000000000e+00  0.0000000000e+00  
6.4000000954e+00  -1.8473043845e+15  1.8473043845e+15  0.0000000000e+00  0.0000000000e+00  -7.7851874833e+14  7.7851874833e+14  0.0000000000e+00  0.0000000000e+00  9.8710032286e+13  9.8710032286e+13  0.0000000000e+00  0.0000000000e+00  7.0439803933e+14  7.0439803933e+14  0.0000000000e+00  0.0000000000e+00  -3.7259146578e+13  3.7259146578e+13  0.0000000000e+00  0.0000000000e+00  -2.8636147537e+14  2.8636147537e+14  0.0000000000e+00  0.0000000000e+00  
6.5000000000e+00  0.0000000000e+00  0.0000000000e+00  0.0000000000e+00  0.0000000000e+00  0.0000000000e+00  0.0000000000e+00  0.0000000000e+00  0.0000000000e+00  0.0000000000e+00  0.0000000000e+00  0.0000000000e+00  0.0000000000e+00  0.0000000000e+00  0.0000000000e+00  0.0000000000e+00  0.0000000000e+00  0.0000000000e+00  0.0000000000e+00  0.0000000000e+00  0.0000000000e+00  0.0000000000e+00  0.0000000000e+00  0.0000000000e+00  0.0000000000e+00  
6.5999989510e+00  0.0000000000e+00  0.0000000000e+00  0.0000000000e+00  0.0000000000e+00  0.0000000000e+00  0.0000000000e+00  0.0000000000e+00  0.0000000000e+00  0.0000000000e+00  0.0000000000e+00  0.0000000000e+00  0.0000000000e+00  0.0000000000e+00  0.0000000000e+00  0.0000000000e+00  0.0000000000e+00  0.0000000000e+00  0.0000000000e+00  0.0000000000e+00  0.0000000000e+00  0.0000000000e+00  0.0000000000e+00  0.0000000000e+00  0.0000000000e+00  
6.7000064850e+00  0.0000000000e+00  0.0000000000e+00  0.0000000000e+00  0.0000000000e+00  0.0000000000e+00  0.0000000000e+00  0.0000000000e+00  0.0000000000e+00  0.0000000000e+00  0.0000000000e+00  0.0000000000e+00  0.0000000000e+00  0.0000000000e+00  0.0000000000e+00  0.0000000000e+00  0.0000000000e+00  0.0000000000e+00  0.0000000000e+00  0.0000000000e+00  0.0000000000e+00  0.0000000000e+00  0.0000000000e+00  0.0000000000e+00  0.0000000000e+00  
6.7999935150e+00  0.0000000000e+00  0.0000000000e+00  0.0000000000e+00  0.0000000000e+00  0.0000000000e+00  0.0000000000e+00  0.0000000000e+00  0.0000000000e+00  0.0000000000e+00  0.0000000000e+00  0.0000000000e+00  0.0000000000e+00  0.0000000000e+00  0.0000000000e+00  0.0000000000e+00  0.0000000000e+00  0.0000000000e+00  0.0000000000e+00  0.0000000000e+00  0.0000000000e+00  0.0000000000e+00  0.0000000000e+00  0.0000000000e+00  0.0000000000e+00  
6.9000020027e+00  0.0000000000e+00  0.0000000000e+00  0.0000000000e+00  0.0000000000e+00  0.0000000000e+00  0.0000000000e+00  0.0000000000e+00  0.0000000000e+00  0.0000000000e+00  0.0000000000e+00  0.0000000000e+00  0.0000000000e+00  0.0000000000e+00  0.0000000000e+00  0.0000000000e+00  0.0000000000e+00  0.0000000000e+00  0.0000000000e+00  0.0000000000e+00  0.0000000000e+00  0.0000000000e+00  0.0000000000e+00  0.0000000000e+00  0.0000000000e+00  
