#pT  dN/(2pi dy pT dpT)  dN/(2pi dy pT dpT)_err  vn{SP}  vn{SP}_err
1.0794234276e-01  3.2070819565e-01  7.6406273684e-03  3.0934703662e-03  3.0553364417e-03  -3.0770980632e-04  3.6254688298e-03  -1.0433867760e-03  3.2011634824e-03  6.7708227197e-03  4.3745502900e-03  nan  nan  nan  nan  
2.0353993773e-01  3.2451523625e-01  7.9024560891e-03  3.5722218660e-03  2.2025258095e-03  2.5310999786e-03  2.3758211890e-03  -4.1510577437e-03  3.1059730684e-03  2.4403063294e-03  3.7860062384e-03  nan  nan  nan  nan  
3.0168595910e-01  2.9790076975e-01  7.2451948964e-03  5.3998734237e-03  2.7273464987e-03  5.1205750887e-03  2.2147623633e-03  -1.7849087624e-03  2.4877231323e-03  4.9980686532e-03  2.9525766524e-03  nan  nan  nan  nan  
4.0087968111e-01  2.6380757905e-01  6.7378612418e-03  4.9747294159e-03  2.3518810902e-03  7.2933913961e-03  1.9475302467e-03  4.3159746614e-04  2.7676182423e-03  9.9411339212e-04  3.0288372294e-03  nan  nan  nan  nan  
5.0037902594e-01  2.2728533358e-01  5.9749186096e-03  3.5600394642e-03  2.8947219446e-03  1.1855099993e-02  2.2777660212e-03  1.0134354111e-03  2.4760504390e-03  4.0014592891e-04  2.8426129310e-03  nan  nan  nan  nan  
5.9987032413e-01  1.9164284698e-01  5.3119865172e-03  6.0728174207e-03  3.2475516738e-03  1.9880477800e-02  2.2733010884e-03  3.4869181928e-03  2.4734924046e-03  -1.6539702999e-03  2.6456574939e-03  nan  nan  nan  nan  
6.9959062338e-01  1.5853710383e-01  4.8412163554e-03  6.0846136499e-03  3.1121975876e-03  2.3919603331e-02  2.2607239447e-03  5.6619986308e-03  2.4057875305e-03  4.3429688550e-03  2.5521750359e-03  nan  nan  nan  nan  
7.9918044806e-01  1.2709683225e-01  4.1055641825e-03  6.2685060711e-03  3.7124635525e-03  3.3569248004e-02  3.4820646555e-03  6.5550699515e-03  1.9937595930e-03  2.8593346418e-03  3.2583611595e-03  nan  nan  nan  nan  
8.9881032705e-01  1.0070574955e-01  3.7017245309e-03  6.7670583571e-03  3.4167731475e-03  4.0865162666e-02  3.7915209273e-03  6.7574015833e-03  2.3421287990e-03  -1.0091139685e-03  2.8147798788e-03  nan  nan  nan  nan  
9.9877834320e-01  7.8012239269e-02  3.1190795118e-03  1.2355969510e-02  3.6549289509e-03  5.1529390582e-02  4.4150315077e-03  1.0360549208e-02  2.7853079661e-03  3.8243824032e-03  3.6372903316e-03  nan  nan  nan  nan  
1.0984557867e+00  5.9051086791e-02  2.5870233343e-03  9.8861730549e-03  4.3423476957e-03  6.3044231022e-02  5.2581183511e-03  1.4385397093e-02  3.6720122036e-03  9.4412255278e-04  4.9233532795e-03  nan  nan  nan  nan  
1.1981489658e+00  4.4330274589e-02  2.1564217744e-03  1.7314317844e-02  4.9019834565e-03  7.0938921145e-02  5.4184525393e-03  1.6995682500e-02  3.4916758425e-03  3.2584016703e-04  4.1138399980e-03  nan  nan  nan  nan  
1.2981952429e+00  3.2323574518e-02  1.7533560674e-03  1.4259593211e-02  5.8433644883e-03  8.0658287612e-02  6.2379750270e-03  2.2759765538e-02  4.7346171979e-03  4.7403239972e-03  4.3506336170e-03  nan  nan  nan  nan  
1.3979388475e+00  2.3549040417e-02  1.4010547674e-03  1.7254891472e-02  6.2043804153e-03  8.6246353557e-02  7.7455820185e-03  2.1274017005e-02  4.5860532760e-03  2.0054777951e-03  5.3141109927e-03  nan  nan  nan  nan  
1.4973783493e+00  1.6637132272e-02  1.0824625787e-03  1.8985411908e-02  7.1115810637e-03  1.0282431963e-01  8.0985870883e-03  2.8063384753e-02  7.9904842191e-03  8.0568414127e-03  8.3752106130e-03  nan  nan  nan  nan  
1.5974063873e+00  1.1724343510e-02  8.4465949083e-04  2.5588618639e-02  9.4393501196e-03  1.1013186128e-01  9.1672044558e-03  2.5920198448e-02  8.9741559122e-03  1.2364139298e-02  5.3108276156e-03  nan  nan  nan  nan  
1.6975952387e+00  8.1382141965e-03  6.3836507252e-04  2.3917040143e-02  1.1607318104e-02  1.1930767387e-01  9.2855294485e-03  4.8007204504e-02  1.2313040468e-02  2.9299019017e-02  7.6586931716e-03  nan  nan  nan  nan  
1.7972149849e+00  5.7409951040e-03  5.0676520469e-04  2.1454301098e-02  9.2796210395e-03  1.1734875167e-01  1.2328686708e-02  2.9647283209e-02  1.0761030154e-02  1.7607757356e-02  1.0847600312e-02  nan  nan  nan  nan  
1.8969106674e+00  3.9444215402e-03  3.5491239409e-04  3.2177834309e-02  1.1716475437e-02  1.1670715862e-01  1.2280264461e-02  4.0054207260e-02  8.4358158931e-03  2.3536090945e-02  1.0909082401e-02  nan  nan  nan  nan  
1.9965864420e+00  2.6634625793e-03  2.7127108353e-04  2.3670269399e-02  1.1845859040e-02  1.4565145337e-01  1.3992161673e-02  5.7485611405e-02  1.4783045848e-02  1.4875054856e-02  1.4273931628e-02  nan  nan  nan  nan  
2.0967309475e+00  1.8270280855e-03  2.0592920661e-04  1.6738150414e-02  1.6456998926e-02  1.4264222506e-01  1.5097221449e-02  2.5768516592e-02  1.7577189740e-02  2.3570240586e-02  1.4765728135e-02  nan  nan  nan  nan  
2.1964619160e+00  1.1820371711e-03  1.3953937239e-04  2.4737037326e-02  1.6397645498e-02  1.4484193207e-01  1.9349269556e-02  4.4721745129e-02  2.6551647018e-02  1.9824982096e-02  1.8789834974e-02  nan  nan  nan  nan  
2.2970464230e+00  8.1281146657e-04  9.8705344731e-05  1.1506679504e-02  2.0124505186e-02  1.9366071581e-01  2.2604695255e-02  2.8938924237e-02  2.0655765336e-02  7.4384269601e-03  2.2750404930e-02  nan  nan  nan  nan  
2.3969449997e+00  5.8457806616e-04  8.1346350529e-05  3.8949296225e-02  1.7894222690e-02  1.9434130269e-01  2.1757654334e-02  5.8502014185e-02  2.9656235248e-02  5.4398031665e-02  2.5973800171e-02  nan  nan  nan  nan  
2.4974975586e+00  3.7008534575e-04  5.4984254176e-05  3.8312390813e-02  3.0220014628e-02  1.6965796078e-01  2.2267762520e-02  -9.2207501530e-03  3.1214509657e-02  7.3260233463e-02  2.5506936150e-02  nan  nan  nan  nan  
2.5969576836e+00  2.4647318317e-04  3.6435467896e-05  1.5166630489e-02  2.6159266919e-02  2.1966725854e-01  2.9402246863e-02  8.6048263089e-02  4.6084070879e-02  9.3918595184e-02  4.2612517815e-02  nan  nan  nan  nan  
2.6976144314e+00  1.6802964978e-04  3.0511981349e-05  -3.4326675947e-02  3.3062861347e-02  1.6914513777e-01  3.1858877155e-02  7.1788021364e-02  4.0976144429e-02  6.7730189975e-02  4.4443978025e-02  nan  nan  nan  nan  
2.7984268665e+00  1.1523955806e-04  1.6689909295e-05  7.7265523500e-02  4.3060515329e-02  2.4824216924e-01  4.7801001162e-02  6.7819586641e-02  4.6656722201e-02  1.8371887514e-02  6.2265652259e-02  nan  nan  nan  nan  
2.8950188160e+00  9.3156262073e-05  1.5276680085e-05  1.9450079482e-02  3.7575458933e-02  2.1803371899e-01  4.4684467679e-02  6.8770402227e-03  3.9974809613e-02  7.1621374557e-02  5.2912394959e-02  nan  nan  nan  nan  
3.0009264946e+00  5.8496834683e-05  9.7058311167e-06  1.7939595417e-02  5.8822040982e-02  2.0145960254e-01  5.2946914415e-02  1.4485784987e-01  7.0533292848e-02  4.9570002437e-02  6.2035076565e-02  nan  nan  nan  nan  
3.0931897163e+00  3.8466388304e-05  1.0104008088e-05  5.4296298651e-03  7.0022811679e-02  2.3679467271e-01  6.5055415181e-02  -2.9680401261e-02  9.2689476426e-02  9.4766245066e-02  9.7556103197e-02  nan  nan  nan  nan  
3.1966917515e+00  2.6107308096e-05  6.5934738576e-06  4.7669853379e-02  6.9292929349e-02  1.7068030135e-01  6.9822847418e-02  2.4606539179e-01  1.2568362370e-01  -1.0184445650e-01  5.7429831179e-02  nan  nan  nan  nan  
3.3036673069e+00  1.5306789010e-05  3.2571533730e-06  1.8421906177e-01  1.0358803336e-01  2.1777965355e-01  9.0473509743e-02  1.8130660990e-03  1.2078151496e-01  5.7529047100e-02  1.0426003086e-01  nan  nan  nan  nan  
3.3883845806e+00  1.1458242390e-05  2.4553974382e-06  4.8460640928e-02  1.1794129251e-01  2.0198044765e-01  1.0698201240e-01  1.5009369846e-01  8.1455015744e-02  3.5362041982e-02  1.6391805097e-01  nan  nan  nan  nan  
3.4972803593e+00  6.7667269534e-06  1.5507624370e-06  4.8309688652e-02  1.5474024594e-01  1.8933318279e-01  1.4441832789e-01  1.1712400682e-01  1.5978898766e-01  -5.9068007208e-02  1.5265765600e-01  nan  nan  nan  nan  
3.6035132408e+00  7.7402891270e-06  2.6547369831e-06  4.7147738942e-02  2.3139285731e-01  1.0254047732e-01  1.6874156585e-01  3.2612560835e-02  1.7567826579e-01  -4.6633044124e-01  3.0650944610e-01  nan  nan  nan  nan  
3.6940259933e+00  4.6567273381e-06  1.7562411630e-06  2.4426699737e-01  2.4720283476e-01  1.8558202121e-01  2.1061796186e-01  1.6330222507e-01  1.2209480898e-01  2.7251791509e-01  1.9497347725e-01  nan  nan  nan  nan  
3.8043920994e+00  5.2740230823e-06  2.0509352201e-06  4.3858472706e-02  1.2640541879e-01  4.2992403116e-02  1.2255705517e-01  -3.0295503296e-01  1.3133940177e-01  -5.4651079706e-02  2.1152388576e-01  nan  nan  nan  nan  
3.8901226521e+00  2.7601571467e-06  1.1917825163e-06  4.1044532502e-01  2.4244839609e-01  1.5049835674e-01  1.4748274197e-01  -2.2480479823e-02  1.0738427620e-01  1.2642810258e-01  3.2231735158e-01  nan  nan  nan  nan  
3.9935536385e+00  1.4824853754e-06  6.7776177753e-07  1.2034269463e-01  5.5527710989e-01  3.4223008732e-01  1.9235331299e-01  -9.2842665740e-01  5.5617620153e-01  -3.7166025731e-01  6.5670784100e-01  nan  nan  nan  nan  
