#eta  rn(eta)  rn_err(eta)  rnn(eta)  rnn_err(eta)
-6.9978837967e+00  0.0000000000e+00  0.0000000000e+00  0.0000000000e+00  0.0000000000e+00  0.0000000000e+00  0.0000000000e+00  0.0000000000e+00  0.0000000000e+00  0.0000000000e+00  0.0000000000e+00  0.0000000000e+00  0.0000000000e+00  0.0000000000e+00  0.0000000000e+00  0.0000000000e+00  0.0000000000e+00  0.0000000000e+00  0.0000000000e+00  0.0000000000e+00  0.0000000000e+00  0.0000000000e+00  0.0000000000e+00  0.0000000000e+00  0.0000000000e+00  
-6.8868923187e+00  0.0000000000e+00  0.0000000000e+00  0.0000000000e+00  0.0000000000e+00  0.0000000000e+00  0.0000000000e+00  0.0000000000e+00  0.0000000000e+00  0.0000000000e+00  0.0000000000e+00  0.0000000000e+00  0.0000000000e+00  0.0000000000e+00  0.0000000000e+00  0.0000000000e+00  0.0000000000e+00  0.0000000000e+00  0.0000000000e+00  0.0000000000e+00  0.0000000000e+00  0.0000000000e+00  0.0000000000e+00  0.0000000000e+00  0.0000000000e+00  
-6.7868371010e+00  0.0000000000e+00  0.0000000000e+00  0.0000000000e+00  0.0000000000e+00  0.0000000000e+00  0.0000000000e+00  0.0000000000e+00  0.0000000000e+00  0.0000000000e+00  0.0000000000e+00  0.0000000000e+00  0.0000000000e+00  0.0000000000e+00  0.0000000000e+00  0.0000000000e+00  0.0000000000e+00  0.0000000000e+00  0.0000000000e+00  0.0000000000e+00  0.0000000000e+00  0.0000000000e+00  0.0000000000e+00  0.0000000000e+00  0.0000000000e+00  
-6.6843786240e+00  0.0000000000e+00  0.0000000000e+00  0.0000000000e+00  0.0000000000e+00  0.0000000000e+00  0.0000000000e+00  0.0000000000e+00  0.0000000000e+00  0.0000000000e+00  0.0000000000e+00  0.0000000000e+00  0.0000000000e+00  0.0000000000e+00  0.0000000000e+00  0.0000000000e+00  0.0000000000e+00  0.0000000000e+00  0.0000000000e+00  0.0000000000e+00  0.0000000000e+00  0.0000000000e+00  0.0000000000e+00  0.0000000000e+00  0.0000000000e+00  
-6.5835618973e+00  0.0000000000e+00  0.0000000000e+00  0.0000000000e+00  0.0000000000e+00  0.0000000000e+00  0.0000000000e+00  0.0000000000e+00  0.0000000000e+00  0.0000000000e+00  0.0000000000e+00  0.0000000000e+00  0.0000000000e+00  0.0000000000e+00  0.0000000000e+00  0.0000000000e+00  0.0000000000e+00  0.0000000000e+00  0.0000000000e+00  0.0000000000e+00  0.0000000000e+00  0.0000000000e+00  0.0000000000e+00  0.0000000000e+00  0.0000000000e+00  
-6.4838461876e+00  0.0000000000e+00  0.0000000000e+00  0.0000000000e+00  0.0000000000e+00  0.0000000000e+00  0.0000000000e+00  0.0000000000e+00  0.0000000000e+00  0.0000000000e+00  0.0000000000e+00  0.0000000000e+00  0.0000000000e+00  0.0000000000e+00  0.0000000000e+00  0.0000000000e+00  0.0000000000e+00  0.0000000000e+00  0.0000000000e+00  0.0000000000e+00  0.0000000000e+00  0.0000000000e+00  0.0000000000e+00  0.0000000000e+00  0.0000000000e+00  
-6.3818173409e+00  -4.7005476651e+00  2.3976210534e+02  -5.5870430678e-01  5.5870430678e-01  -9.0986626325e-02  1.5533294337e-01  9.6852013277e-01  9.6852013277e-01  -1.3042267695e-01  1.0958249639e+00  7.1474515626e-01  7.1474515626e-01  1.2107772816e-01  1.2102376928e-01  -1.2438946516e-01  1.2438946516e-01  -1.6675600218e-03  2.6116033845e-01  -1.2337332655e+00  1.2337332655e+00  -4.4119972163e-03  1.2613109110e-01  -7.1969315081e-01  7.1969315081e-01  
-6.2778592110e+00  -9.3659426909e-02  3.8745763265e-01  0.0000000000e+00  0.0000000000e+00  -2.8650369133e-02  3.8810814259e-02  0.0000000000e+00  0.0000000000e+00  -1.2189632353e-02  1.8763675589e-02  0.0000000000e+00  0.0000000000e+00  -6.1177045501e-01  4.9528528956e+00  0.0000000000e+00  0.0000000000e+00  -1.3241062880e-02  1.6078886690e-01  0.0000000000e+00  0.0000000000e+00  4.4068329802e-02  6.1389958488e-02  0.0000000000e+00  0.0000000000e+00  
-6.1757645607e+00  2.4909283672e-01  5.1959410823e-01  4.4862503341e-01  6.7784610683e+00  1.9959240005e-01  2.8338815362e+00  6.0873574218e-01  1.0030342490e+00  -5.3099668393e-01  7.9029911650e-01  -4.7828747158e+00  6.6416986365e+00  -8.8767544260e-02  1.1010274169e-01  6.1452964532e+00  1.3458915953e+01  1.2619143276e-01  1.3056587356e-01  2.4021312767e+00  3.6908056544e+00  -3.9800648506e-03  6.5708764869e-02  -7.1140606722e-02  1.7273506466e+00  
-6.0741205215e+00  -2.7014931084e+00  4.7425624892e+01  -2.6786437643e+00  1.3839929897e+00  8.8720951952e-02  7.5710060786e-01  8.0521608043e-01  1.7292887586e+00  -2.0494118808e-01  2.3790093382e-01  -7.6528130273e-01  1.6199749535e+00  -2.7926245041e-01  6.6115774570e-01  -1.6464957353e-01  1.5015720857e+00  3.2160866026e-02  6.7059093902e-02  -7.5207042865e-01  7.0541063010e-01  4.3634551336e-01  4.8905277961e+00  -6.6740189348e-01  3.8335716740e-01  
-5.9654893875e+00  -1.3432682725e-01  1.3000954360e-01  2.7426017164e+00  3.0059322689e+01  -9.5837631923e-02  9.7200714543e-02  -5.1264775804e+00  2.3623453340e+01  -1.1747984850e-01  2.6352870225e-01  2.9167380621e-01  4.7523731031e+00  -2.7004939486e+00  9.3977943491e+01  -3.8626907073e+00  2.6921019658e+01  -8.5729472228e-02  8.3054873647e-02  2.8409433133e+00  1.3379884338e+01  -3.5318198201e+00  5.7855448828e+02  -9.2292279971e-01  2.9158110908e+00  
-5.8670248985e+00  -5.3867185638e-02  3.4654127493e-01  -8.2105332180e+00  9.6687671305e+01  1.0020550102e-01  2.4061790702e-01  1.8139447180e+00  2.2970147498e+00  -1.9231268307e-01  2.3617613229e-01  5.6376707789e-01  9.2757271606e-01  -4.1514254160e+00  8.8013817421e+01  2.2362642095e+00  4.3043842629e+00  1.3611659994e-01  2.1022998722e-01  1.1114701994e+00  2.7474754399e+01  1.5226692546e+00  8.6889901496e+01  4.9177328457e+01  1.4780065011e+02  
-5.7624349594e+00  -4.5164476496e-02  1.2021545815e+00  -1.9275932596e-01  4.5981970709e-01  -2.2945047690e-01  2.6594930569e-01  -9.8934212907e-01  3.7841661350e+00  -8.0217823926e-02  1.2678552612e-01  -3.8728454772e-01  8.4521525221e-01  -3.0839520722e-01  2.6964911863e+00  -4.3288957558e+00  1.9320393122e+01  1.4942153468e-02  3.9041443553e-01  -2.5255689321e+00  2.1772842556e+02  1.4480479345e-01  1.5264217345e-01  -8.3574395172e+00  6.2692442048e+01  
-5.6599793434e+00  1.9164710950e-01  1.8139424524e-01  2.6732917791e-01  9.5089258185e-01  3.1074395690e-02  1.3513517770e-01  -1.6448278828e-01  1.6478121142e+00  1.9173953690e-01  1.8992012686e-01  1.0958817574e+00  6.4714996279e-01  -1.0378401975e-01  2.6667418702e-01  -9.5734853665e-01  1.2475399261e+01  -1.2814904166e-01  1.2769957458e-01  -1.3598522381e+03  1.3168466593e+05  3.8140985004e-01  6.2510927607e-01  -2.7914740839e+00  1.4861777087e+01  
-5.5574193001e+00  -1.4553771757e+00  1.5321400058e+01  -1.6563614100e+00  3.1589152367e+00  -7.0445501182e-02  4.7413242885e-01  -1.1447430304e-01  1.2169476460e+00  3.1397086559e-01  6.9087321363e+00  2.2502278514e+02  1.9970594338e+04  -7.9945140493e-01  2.3802102954e+01  -2.0881635290e-01  5.6849582325e-01  8.1094139984e-02  1.1540733716e-01  7.8094070476e-01  1.2662528977e+01  -1.2260752525e+00  3.8086541599e+01  -2.7790890551e-01  3.4751025148e+00  
-5.4545416832e+00  1.2643842461e-02  4.6503448105e-01  -1.9422152797e-01  8.1620382066e+00  -8.0867672611e+00  5.7656306202e+02  7.6963818458e-01  2.0245051892e+00  -4.6122278498e-01  3.6742762945e+00  1.1816567361e-01  8.4507182409e-01  1.8961643603e-01  4.1406307125e+00  3.0261593492e-01  2.3919936682e-01  -1.8117899798e-01  1.8254837922e+00  1.2814042699e+00  1.7982006407e+01  -5.6213625492e-01  1.2431552964e+01  2.8775909856e-01  1.7719318026e+00  
-5.3531556129e+00  -1.7753899657e-01  2.2991208119e-01  2.3240685647e-01  9.1182448878e-01  -1.7447430488e-01  2.8887497849e-01  -1.0316039015e+00  1.9915758337e+00  1.3313199179e-01  2.6243283989e-01  1.7694984661e+00  2.3188285617e+01  -7.8599938770e-02  3.0836668523e-01  -2.6054921252e+00  9.5942352814e+01  4.9095269695e-01  4.5415195128e-01  3.2356221324e-01  1.2849598247e+00  3.3966559484e-01  5.4982260968e-01  1.4067230661e+01  3.9433886035e+02  
-5.2520046234e+00  3.9481350068e-03  2.2766525440e-01  6.9085090931e-01  4.7574489737e-01  2.9200935383e-01  2.7968862393e-01  1.2798065759e+00  4.2850005301e+00  -9.3777692546e-02  4.0685610200e-01  -1.1673015640e+00  3.7382550304e+00  -1.4236803342e-01  1.1372714305e+00  3.3906983468e-01  7.1856536326e-01  -1.5020426357e-01  2.9599668325e+01  -1.2954742653e+01  4.0642501229e+02  -6.0721455699e-01  9.3283009754e-01  3.2962144994e-01  6.4389315267e-01  
-5.1506962776e+00  1.8526328348e-01  3.6435446184e+01  6.7071083247e-01  2.2557307234e+00  -1.7787802770e+00  1.7717065955e+01  -2.0960631566e+00  1.0569617173e+01  -3.3827623351e-01  1.3311733656e+02  -4.3128810391e-01  7.8854983910e-01  1.0199510660e-01  7.0242327685e-01  3.8879615228e+00  8.8871461806e+00  9.1687558601e-01  8.7632199435e+00  -2.7514439910e-01  1.0453872950e+00  3.3287587150e-01  2.7927061407e-01  -7.0756697892e+00  1.7829003556e+02  
-5.0503382683e+00  5.3629093228e-02  4.8185438517e-01  9.5270851633e-01  1.8385761964e+00  1.2688275244e-01  3.6357577995e+00  6.1495115134e+00  1.0326918492e+02  -1.0320671498e-01  3.2481268263e-01  9.9298356914e+00  3.5773437591e+02  9.4736812761e-01  1.8920797135e+00  -2.7056632985e-01  5.0477746060e+00  1.4186989871e-01  7.4983329314e-01  -2.8808155553e+00  5.1303417789e+01  3.4348202576e-01  3.8064909970e-01  9.4612537347e+00  3.1428696695e+03  
-4.9517674446e+00  1.7281813679e-01  8.1698979573e-01  -3.9336033801e+00  1.4537134233e+01  -2.7277468467e-03  5.6351671451e-01  -1.3191987561e+01  3.1915132174e+02  -9.2926304667e-02  3.6435423138e-01  2.4395935540e-01  8.9431424667e-01  2.2982747890e-01  9.3340974946e-01  9.0248870195e+01  2.2916630939e+03  -4.9567996270e+00  6.0424068559e+02  2.3030688516e+00  1.6663431144e+01  -2.1950300624e-02  1.0432743406e+00  1.0903200986e+00  2.7985696336e+00  
-4.8506078720e+00  -3.6643444720e-01  3.4009820655e-01  -8.8362302525e-02  2.3959312855e+00  5.7816916412e-01  1.4712206382e+00  -1.1133259884e-01  4.1528690860e-01  1.1822958029e+00  6.3160759648e+01  2.3551660455e+00  2.3400970022e+01  -1.6769831600e+00  5.8760442987e+00  8.8478224009e-01  3.7490815681e+00  -8.1095582041e-02  3.1823732521e-01  1.6722613400e+00  1.8937446644e+02  -5.2709649572e-01  1.8900152945e+00  -2.5949598074e-02  1.1284188336e+01  
-4.7503290176e+00  2.8746517408e+00  8.5321749064e+01  7.2331850557e-01  1.2224576535e+00  6.7622406005e-01  9.2004274668e-01  -2.0264772291e+00  3.0220887793e+00  -2.0417470976e-01  2.0679277907e+00  -7.9749371403e-01  3.7380658399e+00  3.0584689474e+01  2.6496303658e+03  -1.6002513057e+00  6.9995412292e+00  -2.6784911490e+00  2.5130843938e+01  -8.9844582581e-01  4.0634392990e+00  1.8489766293e-01  4.1327357509e-01  -8.1656728862e-01  1.2821803105e+02  
-4.6498274803e+00  -5.1629757639e-01  7.1224964554e-01  3.7999633438e+00  1.4149820365e+01  -2.1537995113e-01  2.1847325809e-01  -3.7346704588e-01  7.6872570161e-01  5.4708556595e-01  4.2849237423e-01  -4.2962805069e+00  1.8029712916e+02  2.8396457579e-01  5.7756239753e+00  1.1823693478e+00  1.5082401866e+00  1.5028216536e+01  5.6893710696e+02  -9.8870998447e-01  1.7443728934e+00  -9.1440122720e+00  8.0987241678e+02  5.5358618588e-01  6.1967840238e-01  
-4.5499925613e+00  2.9865207382e+00  1.2092290409e+02  -4.6770791727e-01  1.4300112553e+00  1.2114748963e-01  3.0493335565e-01  -9.4139742058e-01  5.1577698283e-01  2.7194795954e-01  4.9976516354e-01  -5.3394744107e-01  9.5038906477e-01  9.6176822440e+01  6.1943672629e+03  -4.4534592192e+00  3.1178587770e+01  -1.6623732675e+00  3.6739848497e+01  2.7756779631e-01  5.6128152948e-01  1.8036719103e-01  4.4436662847e-01  1.0460239687e+00  1.9819892581e+00  
-4.4502043724e+00  -1.0393886421e+00  2.1140847978e+01  4.5432912197e-01  8.2970151729e-01  -1.9781244917e+00  8.3017273387e+01  1.1852320889e-01  5.7923105761e-01  3.2419961601e+00  1.8591272374e+02  -9.1951902737e-03  5.3723347937e+00  -4.8597874158e-01  5.2497176554e-01  3.4726631192e+00  3.2781429901e+01  3.6074778969e-02  8.0238293996e+00  -1.2863728960e+00  1.8319938414e+00  -3.5841880665e-01  6.6772019078e-01  -5.0126522859e-01  6.2457838654e-01  
-4.3505754471e+00  -2.3260805656e+00  1.1867810730e+01  1.4405057824e+00  1.5021235722e+01  -2.2402150535e+00  1.8516558645e+01  1.1692693754e+00  1.2365121345e+00  -3.7252861858e+00  6.8408341763e+01  1.0379768984e+00  9.3945048211e+00  -6.6205297221e-01  1.1033952008e+00  4.7238577432e-01  2.0930768846e+00  -2.7141678734e-01  3.6862988684e-01  -1.3082348979e+00  1.7947580180e+00  -2.2885642783e-01  4.1588331628e-01  1.3424020920e+01  2.2839795413e+02  
-4.2499051094e+00  7.5226775667e-01  1.5031926418e+00  2.6697903849e+00  2.4873784912e+00  -4.1506338376e-01  2.4263933604e-01  -8.1171229232e-01  2.1426541658e+00  3.0459845147e+00  1.2327823919e+01  -4.4619853085e-01  7.9973683934e-01  -2.9211187701e-02  2.5985145151e-01  -3.1179941083e+02  3.3641643387e+04  4.2046312918e+00  1.7186605868e+01  -8.6301209186e-02  3.5324086161e+00  2.3057616346e-01  4.0680217902e-01  4.2534643803e-01  6.7293134194e-01  
-4.1507411003e+00  4.4480234018e+00  4.2863657134e+01  2.0958612283e+00  1.5824137466e+01  -1.1156707017e-01  2.7067675544e-01  -6.1118153399e-01  1.7094504474e+00  1.1918846023e+00  6.4004996365e+00  1.0096209673e+00  1.0421768610e+00  4.2281966524e-01  4.7685194803e-01  1.5317966236e-02  5.1533678267e-01  -3.5390793346e-02  4.7652967776e+00  -1.8732738303e+00  4.8220077182e+00  1.1662141182e+00  3.4287024167e+00  -1.5472264931e+01  3.1918939391e+03  
-4.0499701500e+00  -4.8918222774e+00  2.9336372298e+01  1.5831102968e+00  5.6114473753e+00  3.7790846745e-01  1.4748718135e-01  1.8346605336e+00  2.2400104015e+00  -9.0411612262e-01  4.0804717522e+00  -1.3220267756e+00  1.1177371149e+00  1.4370854597e+00  3.5492947216e+00  -1.5548048273e+00  6.5713780397e+00  3.6886882393e-03  5.4806374357e-01  -3.6766252085e+00  4.3478989681e+01  -3.3764790243e-01  4.6799423127e-01  -7.4566390022e-01  8.5023810340e-01  
-3.9501945972e+00  2.4794980310e+00  3.4412933239e+01  8.2609662882e-01  6.4891297723e-01  5.1451253468e-01  3.9785595979e-01  -8.1749411700e-01  4.0163436960e-01  1.5272482566e+00  3.0747346848e+00  3.8628092472e+00  3.2306415220e+01  4.5043427061e-01  3.0316414884e-01  1.9715091887e+00  7.9833712076e+00  4.7142129004e-01  5.9577317180e-01  1.6371617617e+01  4.9852709329e+02  -5.6679826676e+00  1.8188068686e+02  -6.3685181898e-01  1.0504456663e+00  
-3.8500714302e+00  -5.2537102074e+00  4.9807883149e+01  -3.1934748137e+00  5.0608072347e+00  4.6246925569e-01  4.4744057070e-01  -1.6940430443e+00  2.1715398999e+01  -5.5077258949e+00  5.9447392669e+02  -3.1292922690e-01  1.9111531083e-01  2.5359655713e+00  3.2402161169e+01  8.9676024895e+00  1.2605874376e+02  -6.6567564023e+01  4.4697800598e+03  2.0207320422e+00  1.6030785493e+01  5.6157831957e-01  7.2952048036e-01  -1.4302886470e-01  2.7023468436e+01  
-3.7496771812e+00  2.4709348012e+00  8.5780019365e+00  4.0238446104e+00  7.3096996805e+00  9.3492333219e-01  5.7741720631e-01  7.1030024342e-01  4.0664947775e-01  1.7783392339e+00  1.8918955594e+00  -6.0502308201e-02  2.9773915248e+00  -5.4173487924e-01  3.7525380383e-01  -1.6419751782e+00  3.5711167261e+00  4.9578171899e-01  4.2033295716e-01  -1.6317213316e+01  7.5012796545e+02  1.6124672060e+00  1.9574590939e+00  -1.3415675302e+00  4.0354639143e+00  
-3.6503772736e+00  -3.8325283822e+00  1.9384151164e+01  5.1557249444e-02  5.1009012790e-01  4.9112787350e-01  3.0507176868e-01  1.6266116961e+00  1.6851448596e+01  8.6765529546e-01  7.9622132632e-01  1.1588213824e+00  1.4137122806e+00  1.3252446213e+00  1.7974320351e+00  5.1264378128e-01  1.1781903783e+00  -1.2562174390e+00  1.0836014735e+00  -5.0635365984e+00  5.1257449627e+01  -1.9282046791e+00  2.3131249847e+00  -7.5924739811e-01  2.6565163423e+00  
-3.5497977734e+00  2.2192676536e+01  3.1290046763e+03  -1.9755819714e+00  1.7729828256e+00  7.2107867517e-01  3.6568991142e-01  -8.7330446032e+00  4.4416653516e+01  -2.9370022025e+01  1.1793406629e+03  -1.6168520423e+00  1.0040894111e+02  7.7301647373e+00  4.7142902640e+01  9.5455844405e-01  9.3345222917e-01  9.3672374689e+00  5.9224408196e+01  3.0389689120e+01  2.0714946765e+03  -1.4367839023e+00  1.3325113483e+00  8.6592401901e-01  1.1571676302e+00  
-3.4497041702e+00  -5.4960063119e+00  2.1606964276e+01  -1.2131287151e+01  4.6801549609e+02  5.9048759762e-01  4.8302000235e-01  -2.2982403803e+00  4.1185900862e+00  -1.1907016387e+00  7.9935266804e-01  3.4207980804e+00  2.8245777478e+01  2.5186342232e+00  6.7976851035e+00  2.6634138527e-01  3.9063014893e-01  2.0496949882e+00  3.5336332180e+00  4.1910562413e-01  3.1629103012e+00  2.2338791933e+00  2.0277337138e+00  2.8863966752e-01  1.4630751069e+00  
-3.3495047092e+00  -5.1985664388e+00  8.0002411074e+00  1.4247490401e+01  1.3730712896e+02  7.1396783698e-01  2.7807963819e-01  1.1496999639e+00  2.3251471107e+00  -1.3885623778e+00  1.0629622910e+00  -2.1277830964e+00  5.3223198976e+00  2.2017313150e+00  1.8238455849e+00  1.4899569392e+00  1.8807629780e+00  1.4653814534e+01  8.3308105814e+02  -3.2649485292e+01  2.4098553322e+03  -1.3246649406e+00  1.6457405308e+00  1.8306319491e-01  7.3471775565e-01  
-3.2497129440e+00  5.0638784043e+00  1.0697389591e+01  -2.6183225922e+01  7.9250677593e+02  1.5022333052e+00  1.2223579262e+00  3.1103224279e+00  6.8982309520e+00  4.4895783628e+00  6.7025671676e+00  6.0101441897e+00  5.3341774498e+01  -3.1738439730e+00  4.3898293797e+00  -1.6473273443e+00  8.4545991437e+00  1.5333203368e+00  1.2868708585e+00  -5.0270398415e-01  6.6218436200e-01  -3.8248162569e+00  2.6022011223e+02  3.7790276249e-01  2.6505589436e+00  
-3.1494691372e+00  -4.0266339463e+00  5.7762106586e+00  1.4889437806e+01  1.2729081060e+02  1.0127557503e+00  3.8901894405e-01  9.0436001084e-01  9.9908432967e-01  2.4160963462e+00  2.5839178660e+00  -1.9474177674e+00  3.0515615850e+00  -3.6544687672e+00  1.0707162267e+01  7.9030993090e-01  1.8808924131e+00  3.3847531114e+01  1.4114666606e+03  2.3177867903e+00  1.4427097838e+01  2.2800912974e+00  3.8832694519e+00  8.6092473461e-01  2.4662593497e+00  
-3.0497901440e+00  -2.3887454670e+00  2.3834542687e+00  -8.6621434244e+00  2.4051446792e+01  7.5992811652e-01  3.2376916888e-01  2.8089456466e+00  6.8543831383e+00  2.4856676517e+00  2.7850971949e+00  5.1130415288e+00  2.5047481844e+01  -2.9887502114e+00  3.5589022620e+00  5.0312156202e+00  8.2813519759e+01  -1.2293069528e+00  7.4602404889e-01  -4.7351875216e-01  8.5663429098e-01  -2.4816822636e+00  2.5157833755e+00  4.2570608909e-01  1.2784075499e+00  
-2.9495170116e+00  7.8655853282e+00  1.3833384479e+03  1.6432596041e+00  4.4119189425e-01  8.6104739150e-01  3.5984844402e-01  -4.0270956488e+00  8.8303803742e+01  -1.8825305933e+00  2.0064421725e+00  -3.2140275078e-02  1.3292661483e+00  -2.7037284622e+00  4.5517171150e+00  8.7190348608e-01  7.9891392835e-01  -1.7385062743e+00  1.3690986023e+00  -1.8823233438e+00  5.2552732770e+00  -6.7737789532e+01  6.3768622733e+03  2.4476297735e-01  4.9556215371e-01  
-2.8499066830e+00  -3.5524955989e+00  8.0415890624e+00  6.4388832148e+00  2.0382106348e+01  1.7329457083e+00  9.6789371635e-01  5.8857899290e+01  1.5207666971e+03  4.1588512404e+00  8.8444191928e+00  2.1917047125e+00  1.0910686044e+01  3.5178155132e+00  5.4311947601e+00  -3.5489670403e+00  2.6967067200e+01  -2.0469526460e+01  5.9698421902e+02  1.8768520822e+00  1.8525055152e+00  -3.3403568970e+01  1.3542445191e+03  -2.3096635229e+00  4.7181846365e+00  
-2.7496418953e+00  -3.3658879677e+00  4.5878279861e+00  1.0194140876e+00  4.0868988380e-01  1.6833685690e+00  1.1010536913e+00  -1.7527884384e+00  2.1363787229e+00  3.8043573905e+00  6.7022915593e+00  1.8267081283e+01  3.9138522500e+02  3.2230600054e+00  3.5855672421e+00  1.3156384068e+00  1.7779648412e+00  2.2078599764e+01  1.3533437680e+03  1.3901776848e+00  1.3917759177e+01  6.6404624582e+00  2.0568263196e+01  2.7104947976e+00  1.0684143541e+01  
-2.6497843266e+00  -1.9001096373e+00  1.9615262324e+00  3.4981913912e+00  1.7259685499e+01  2.5332054519e+00  1.4695633172e+00  -1.5158592866e+00  7.8958712462e-01  -1.4664270754e+00  1.1261879111e+00  6.4444116569e-01  1.1550114872e+00  -7.6261656526e+00  1.4690595541e+01  1.5208125937e+00  4.9315406048e+00  -1.5436275489e+01  1.7235161344e+02  -4.6316926376e+00  2.6014207455e+01  -2.6287739424e+00  2.4375106074e+00  -2.9658693906e-01  1.6857258783e+02  
-2.5495293140e+00  -1.2630443717e+01  4.6958167954e+02  3.4491894480e+00  2.2197514533e+00  1.9718496349e+00  9.9889722678e-01  2.5552694093e+00  3.4274647220e+00  -2.8426032250e+00  2.5441172002e+00  -5.6085612944e-01  8.0430513091e-01  -2.4003494471e+00  2.2329757628e+00  3.3011984335e+00  3.7794959722e+01  -7.4326666738e+00  2.6092878991e+01  -6.6304874633e-01  1.5039317407e+01  -2.9534028791e+00  2.8616215107e+00  -7.0942976300e-02  3.8850948300e-01  
-2.4494230747e+00  -4.0383595608e+00  9.9394059543e+00  1.6687632310e+00  7.6605437661e-01  1.3249326144e+00  4.3366502750e-01  3.7900525546e+00  5.5650174831e+00  -1.8003924075e+00  9.8763427465e-01  4.3835961729e+00  6.8452213457e+01  5.4199258797e+00  1.5060968401e+02  -1.4685320916e+00  1.3508095995e+01  -3.1397042091e+00  8.7153165766e+02  -5.1450772114e+00  9.9281590616e+01  9.8525900950e+00  2.8909937023e+01  2.1895736550e-01  6.8470299225e-01  
-2.3500888348e+00  -2.0227120252e+01  3.6803560396e+02  5.3910412422e+00  2.1119833808e+01  1.3866933938e+00  4.5288378718e-01  3.7471015388e+00  5.6670524864e+00  -1.2537764740e+00  2.2402425833e+00  -1.3845386201e+00  1.1862596623e+00  1.0754020513e+00  6.1425764597e-01  8.0345642116e-01  1.1159327811e+00  1.8147036488e+00  1.2837017787e+00  -9.5461409377e-02  6.1481143473e-01  -3.4429548017e+00  7.2601113088e+00  -2.5129531989e+00  7.3349452022e+00  
-2.2496650219e+00  -4.9174825022e+00  2.1813069112e+02  6.6758249191e-01  3.9440667764e+00  6.9404720761e-01  4.5710613076e-01  1.3612126230e+00  1.2632688214e+00  -2.3231040685e+00  1.1687284067e+01  1.0487232124e-02  1.2240297010e+00  -4.6956352482e-01  1.1414211105e+00  -3.1468786312e+00  3.1502494351e+01  3.3403381580e-01  1.3354816972e+00  4.5301877748e-02  4.4955704914e+00  -8.9679658413e-01  1.2732736978e+00  -3.2067519899e-01  1.2507057190e+00  
-2.1497168541e+00  -4.0694350347e+00  1.1198067942e+01  -1.3805525566e+02  1.1335088915e+04  7.8948657856e-01  3.1225217127e-01  2.4293545461e+00  2.7085245425e+00  1.0733440087e+00  2.1425968650e+00  -1.9242467012e-01  9.1503378079e-01  -3.3126896937e+00  1.2783937491e+02  5.3466891459e-01  9.4324369763e-01  -1.7978064824e-02  9.4718070342e-01  -2.2398764219e-01  1.4331655600e+00  -3.4136928390e-01  1.1932508667e+00  -2.6816595431e+00  1.4021465275e+01  
-2.0498843193e+00  -2.0104021088e+00  2.1918518338e+00  3.7412620296e+00  8.9011676282e+01  1.2593510295e+00  7.8438468583e-01  1.0519985725e+01  1.2689795668e+02  -1.2468996287e+01  4.3653500310e+02  8.7458818185e+00  9.6499012351e+01  6.3258643363e-02  3.6488747608e-01  -9.3561379686e-01  3.2221884958e+01  -9.8345343020e-01  1.6193869601e+00  -1.3595542849e+00  2.6903550494e+01  -4.8727931457e-01  7.7796029772e-01  7.3695773261e-01  3.4204431053e+00  
-1.9498188496e+00  -8.2585979297e+00  7.9595500520e+01  3.7369043912e+01  2.2399726625e+03  1.4728634890e+00  9.9608746757e-01  4.6358965590e-01  1.1324490804e+00  1.2456397523e+00  1.5578050573e+02  3.2335037343e-02  9.7287783394e+00  -7.0486177462e-01  6.2608211597e+00  5.7307030472e+00  6.3552996024e+01  1.7329902068e-01  8.1799571343e-01  -5.6461254981e+00  2.4538369477e+02  1.9705679929e+00  3.3881878284e+02  3.6188468376e-01  6.4441697290e-01  
-1.8497389555e+00  5.7872257123e+00  2.5932130909e+01  3.2288688661e+00  7.8876118472e+00  1.1473775984e+00  6.0315725023e-01  7.0114723138e+00  2.4487788281e+01  -3.7366218795e-01  1.0393223284e+01  1.3752997743e-01  6.6696150875e-01  -9.2637368465e-01  1.9547367536e+00  1.1271479852e+01  6.6537609007e+02  1.0173091142e+00  6.5709368207e+00  1.8893602840e-01  4.1091037392e-01  -1.8814092651e+00  5.6332097695e+01  1.5283419530e+00  3.4884324944e+00  
-1.7499036789e+00  6.1963819904e-01  8.0005310339e-01  -8.1518108125e+00  3.9762670435e+02  7.3872535065e-01  2.6124749173e-01  1.5248385577e+00  2.2328326110e+00  3.3134483989e+00  1.3230248237e+01  2.3037355310e+00  3.6620936266e+00  -6.8292676527e-02  3.7745929102e-01  1.6532763462e+01  2.5887151524e+03  -3.8589286871e+00  8.1452359162e+02  -3.0054521196e+00  3.7062680928e+01  -2.8380837949e-02  3.8386765352e-01  -9.7781428699e+00  9.8529825446e+01  
-1.6498867273e+00  1.3697141289e+00  3.1488404814e+00  3.7211136453e-01  1.0693839918e+00  1.1124407519e+00  6.3681939684e-01  -4.6070180818e+00  1.2311540635e+02  5.8555609979e-01  6.9967831900e-01  -2.6987841963e+00  4.7622980456e+02  1.0911683261e+00  1.0316885564e+00  1.5776799326e+00  6.2647786806e+00  -1.7637316062e+01  2.1814779062e+03  -2.3447890255e+00  5.1001435210e+01  2.3769040883e+00  3.5740270539e+01  -2.2193776699e+00  1.5443125385e+01  
-1.5500245094e+00  1.4227490086e+00  3.6826071190e+00  -1.3337783269e-01  7.3452795464e-01  7.2735045955e-01  2.7015931309e-01  5.9279904670e-01  4.6665080874e-01  5.8414444254e-02  4.3018014325e-01  3.6808106227e+00  1.4529001528e+01  1.2719114087e+00  1.3701610586e+00  1.4848478477e+01  4.8359516097e+02  1.5310020808e+00  2.6886145320e+00  -7.2761816353e+00  3.2938165174e+01  -3.0039159364e+00  1.0417062047e+01  3.6463314182e+00  6.2522977068e+01  
-1.4501596689e+00  3.6710396863e+00  1.5111030864e+01  8.5955574293e-01  1.8223197368e+00  6.3983274848e-01  2.5459519022e-01  1.6068885911e+00  8.1124674668e-01  8.3846727842e-02  1.1320258987e+00  -3.7050848783e+00  9.1786615803e+01  -8.5145003051e-01  5.9031790730e-01  6.9949666468e-01  6.7922860948e+00  6.7009450780e-01  1.5678815829e+00  1.3250927101e+00  1.2694319023e+01  9.3911339843e+00  6.9118530041e+02  2.1108110169e+01  1.7940128605e+03  
-1.3500009775e+00  -3.7445468138e+00  1.5650753893e+01  1.0180439448e+00  1.1357138511e+00  7.2342247243e-01  4.0548373760e-01  4.6078480710e+00  9.4202678697e+00  -1.2883919678e+00  9.6711082931e+01  -9.8689457053e-01  7.2780485859e-01  -2.0416303213e+00  8.1685032441e+00  -1.0348047171e+01  1.0570176118e+03  -6.6474234041e-01  7.9500537686e-01  -3.0541833685e+00  1.5825962368e+01  1.2406261698e+00  2.3768129404e+00  -1.8440299277e+00  3.2922769361e+00  
-1.2501642704e+00  6.1959673358e-01  7.5466917736e-01  1.0269279183e-01  6.5399108636e-01  1.2377141889e+00  5.9180353121e-01  6.1739459932e-01  3.7652007100e-01  4.9023109162e-01  1.4465351384e+00  2.6477619066e-01  2.3239795760e+00  -5.2228317756e-01  4.0411045954e-01  2.7117049486e-01  3.8661532609e-01  -8.8555500023e-01  6.3590237237e-01  2.8389879462e-01  9.6613409169e-01  -1.1459877537e-01  1.2254287172e+00  1.1978199935e+00  1.0644878964e+00  
-1.1500631571e+00  1.1152827827e+00  3.6002534648e+00  2.4184315590e-01  5.4870158729e-01  9.3600098567e-01  5.2513520267e-01  3.1080139105e-01  6.0659072784e-01  -3.8101695700e-01  4.3652280986e-01  2.7403502585e+00  3.4121310787e+01  -1.8359500019e+00  4.5865124624e+00  2.1736005246e+00  2.0994277998e+01  -8.8636069449e-02  1.4757959831e+00  3.4038562340e-02  2.7070839944e+00  1.3224266048e+00  7.0785624815e+00  1.9183916043e-01  4.3173738710e+00  
-1.0501601696e+00  2.0438840880e+00  4.9894362596e+01  1.3927644072e+00  4.9552152896e+00  1.4284365207e+00  9.8816089482e-01  -5.4678133856e+00  9.1576828720e+01  9.0606220346e-01  9.7717125836e-01  1.0410861531e-01  5.3011865270e-01  8.1167966173e-01  1.0695061113e+02  -6.2853029653e-01  1.3205084274e+00  -2.8608071790e-01  1.3035706003e+00  -8.5733323117e-01  1.5791072489e+00  1.6077711747e+00  1.2292079191e+01  3.2271132964e+00  2.2907380489e+01  
-9.5036602020e-01  -2.0485574064e-01  1.2243504774e+00  4.7631441974e-01  1.1076131451e+00  1.1719158869e+00  5.1741226954e-01  8.4693948858e-01  7.0900256750e-01  7.8294989736e-01  3.2058549668e+00  -4.9559359546e-01  8.2592224504e-01  -1.1378209865e+00  1.1727853351e+00  2.0229567674e-01  1.2577201356e+00  -1.4322025140e+00  2.1764436179e+00  -6.3544018708e-01  8.2505656381e-01  2.4370651008e-01  5.5087753103e-01  8.8264817076e-01  2.8531735215e+00  
-8.5013526678e-01  1.0073114385e+00  1.8189258038e+00  -9.0526806249e+00  4.1079386183e+02  6.8427877096e-01  4.1368815010e-01  8.4541109509e-01  6.7600674546e-01  -4.0115720755e-01  1.1078550226e+00  3.8435455290e-01  2.6536810680e+00  1.7465872563e+00  2.4191610780e+00  6.8123990642e-01  1.9051533382e+00  -1.3424076434e+00  6.9375187961e+00  -3.2045542258e+00  1.9990710677e+01  1.0143461171e+01  1.1781307271e+02  -8.7192174895e-01  7.1469192160e+00  
-7.5001597404e-01  9.3055317390e-02  9.6425645917e-01  -4.7884070477e-01  9.7370593605e-01  1.5455403231e+00  7.5021379209e-01  1.4758704212e+01  3.7976885099e+02  7.2488475949e+03  7.0255167183e+05  -8.7877745288e-01  4.9061106968e-01  3.2371575002e+00  1.4185477766e+01  7.8839412874e-01  2.4858520563e+00  1.1771003856e+00  3.5693702780e+00  -1.2447301832e+00  1.8707753622e+00  -3.7336587834e-01  2.9875456185e+00  -8.0496638445e-01  1.9151707613e+00  
-6.5021908283e-01  2.4142151695e+00  4.9322538210e+00  -8.3009165023e-01  1.4661826170e+00  2.3418974027e+00  4.4366378478e+00  1.2846180596e-01  5.5421698078e-01  3.1733163552e-01  1.6041951577e+00  -1.4078977089e+00  1.5871382679e+00  -1.6325143070e+00  2.5228690831e+00  -1.5419197845e-01  8.0305964920e-01  -1.0971979050e+00  3.1159751950e+00  2.1577430692e-01  1.9264989918e+00  2.3343774798e-01  1.3188458621e+00  -2.8435642165e+00  1.5297490307e+01  
-5.4981893301e-01  -2.9661977260e+00  4.4863551618e+01  1.1288489048e-02  7.4983009730e-01  7.5833624201e-01  3.9542436951e-01  1.4571951781e-01  9.4618979333e-01  2.4265609027e-01  1.2483485416e+00  4.3927361962e+00  1.2308601222e+02  -7.6026897201e-03  5.9876441691e-01  -4.1858740295e+00  2.4817350053e+01  -3.4312127237e+00  4.8100691471e+02  1.0676883041e+00  2.8962653769e+00  8.9826740987e+00  1.8072055104e+02  7.7613935753e-01  2.4418668309e+00  
-4.5023843646e-01  4.5791334174e-01  3.0043589437e+00  -1.1550790662e+01  3.7667191377e+02  1.7972417344e+00  1.7602053793e+00  1.3462935796e+00  8.5247896939e-01  3.8218693398e-01  7.6770654091e-01  -7.0085329210e-01  1.1925107691e+00  -2.6142588661e-01  6.8706417381e-01  1.9353080415e+00  1.7169717635e+00  1.2031295547e+00  1.9403154414e+00  -1.2626872524e-01  8.1275804259e-01  6.4218489411e-01  7.1740267266e-01  -4.8917590617e+02  4.7044095757e+04  
-3.4995049238e-01  2.3312395872e+00  6.0442867229e+01  -2.6695086562e+00  4.3331230462e+00  2.2033137395e+00  2.4876339468e+00  -2.9022805226e-01  4.1432030367e-01  -7.3261699272e-01  9.4070833870e-01  -1.2810969000e+01  5.8901042399e+02  1.4383935399e-01  2.5206074197e+00  7.8504667688e-01  7.9545388052e-01  9.8733013901e+00  3.3893320166e+02  1.6786371841e-01  3.5765305216e+00  3.4777716103e+00  1.7905882846e+01  9.8059970382e-01  9.5365001780e-01  
-2.5026455522e-01  1.9643074869e+00  2.4232605915e+02  4.8708942044e-01  8.6732258375e-01  9.9902050724e-01  4.6743939664e-01  1.2011875260e+00  9.4716240068e-01  -9.3905817214e-01  1.8716710108e+00  3.8342388448e-01  8.1136587141e-01  -2.5473908287e-01  7.0366454657e-01  -5.5576053281e-01  5.9128741926e-01  3.0392968170e+00  4.3418891582e+01  -1.4251560369e+00  1.3726547257e+00  4.9430140038e-01  5.8176896776e-01  1.9992574294e+00  2.4311616277e+02  
-1.5024039149e-01  2.3975395254e+00  8.7316158961e+01  9.2318578860e+00  3.3859200968e+02  6.1495549646e-01  5.9902397940e-01  4.7546159937e-01  4.4933954846e-01  -3.3263362160e+00  1.0429259816e+01  -2.0687096585e-01  5.4939312980e-01  -1.0499613640e+00  4.2216059611e+00  7.2908807059e-02  1.7363045333e+00  -2.2334536789e-01  9.1554718301e-01  4.0569056934e+01  4.0208817660e+03  -3.9925788887e-01  1.0158534852e+00  -1.5490909611e+00  1.1662158604e+00  
-4.9922302365e-02  -2.4059736956e-01  1.7532597421e+00  -1.2488494323e+00  8.2700577785e+01  2.0641545398e+00  7.8936337876e-01  7.7886894521e-01  3.6779049629e-01  -5.2137375881e-01  9.3389922544e-01  -2.6531879130e-03  2.8333425884e-01  -9.2758708663e-01  1.5815116490e+00  -5.3860699574e-01  1.1157873514e+00  3.0225115087e+00  7.2932700682e+00  8.3297954360e-01  1.0356377872e+00  -4.8825377230e-01  6.9125895179e-01  -6.2104883055e-01  9.5102482093e-01  
4.9840815365e-02  1.0000000000e+00  3.3828635320e-15  1.0000000000e+00  0.0000000000e+00  1.0000000000e+00  0.0000000000e+00  1.0000000000e+00  0.0000000000e+00  1.0000000000e+00  0.0000000000e+00  1.0000000000e+00  0.0000000000e+00  1.0000000000e+00  3.0847842333e-14  1.0000000000e+00  0.0000000000e+00  1.0000000000e+00  0.0000000000e+00  1.0000000000e+00  0.0000000000e+00  1.0000000000e+00  2.2090881945e-16  1.0000000000e+00  0.0000000000e+00  
1.4967925847e-01  -7.2729897715e+00  1.7613864046e+02  -5.5384168617e-01  6.3421904414e+00  4.8522841026e-01  1.9566639318e-01  1.2868335482e+00  6.1125977874e-01  -1.9870965300e+00  4.2350626975e+00  1.8212158686e+02  1.5355011624e+04  -1.1077593132e+00  1.7641653502e+00  -1.9331171388e+00  3.9310530649e+00  3.4969693811e-01  8.1636200816e-01  1.2189378925e+00  1.5672989937e+00  -2.1017785773e+00  4.0220955692e+00  -1.6592533165e+00  3.6642027501e+00  
2.4985222518e-01  6.7064027591e-01  3.7819776089e+00  1.5196359184e-01  2.8324334034e+00  1.6413074294e+00  1.5353617109e+00  2.1225055204e+00  2.0371839453e+00  -3.2637398965e-01  8.8593482210e-01  -5.3298630558e+00  3.0474274828e+01  -1.1115123559e+00  5.1052188517e+00  1.7086362085e+01  8.9424942466e+02  -4.8530747086e+00  5.8734506157e+01  -9.1514003615e-01  6.1501219912e+00  -2.6999561209e+00  8.8917912698e+00  -6.4969782110e-01  5.5034785616e-01  
3.4985989332e-01  -9.5421989270e+00  4.9300325994e+02  2.1051102684e+00  3.3346923510e+00  1.0033651874e+00  4.9873264247e-01  8.3812723110e-01  7.1735038257e-01  -1.1015317327e+00  1.9537169079e+00  2.7187127371e+00  6.9295760477e+00  -4.4399520322e+00  2.3744788337e+01  -1.8198450188e+00  1.9704979846e+00  1.9764161512e-01  1.3849226762e+01  -7.0702917710e-01  5.5341125081e-01  2.0528580068e+00  2.5186558686e+00  1.7944620954e-01  1.0587926025e+00  
4.4967615604e-01  7.4241409485e-01  3.4790388839e+01  -3.8264226944e-01  5.3158879272e-01  4.5959334326e-01  5.0415960825e-01  -3.5197427964e+00  5.3481183463e+00  -1.3901100842e+00  1.9650954820e+00  -1.8445909936e-01  5.3202169985e-01  2.0954250136e+00  3.9318750192e+02  1.2906753209e+00  1.7183466762e+00  9.6785185995e-02  1.1718371783e+00  4.1764187458e+00  1.0069283849e+02  2.9725203820e-01  9.1627188642e-01  1.0318043214e+00  1.2478760530e+00  
5.4952478409e-01  2.3244610065e+00  2.2994137256e+01  -1.6341103803e-01  9.0253422679e-01  5.6189529315e-01  5.5104554986e-01  7.4569153249e-01  4.5447382981e-01  2.7223958866e+00  5.4070801951e+00  -1.3687023433e+00  5.4027457119e+00  -4.2897389876e+00  2.3104675480e+01  5.2167392376e-01  5.6284437574e-01  8.5538512322e-01  1.7213376078e+00  -5.5089712897e+00  2.4963222348e+02  1.5763978461e+00  1.7070722711e+00  -8.2995946493e-02  1.1095680403e+00  
6.4956694841e-01  -4.5627650812e-01  1.4915594630e+00  8.2708970263e+01  2.9767861211e+03  1.3223230709e+00  6.8247392081e-01  8.3600375889e+00  1.0669702666e+02  6.6267793528e+00  2.1257420242e+02  2.0211949683e-01  1.8052987681e+00  8.9881645690e+00  2.7544456896e+03  -2.4821390231e-01  1.3317598028e+00  1.1866660745e+00  2.3300315173e+01  1.0427636360e+00  6.1633360927e+00  1.2663384344e-01  7.3791940815e-01  1.3372678729e+00  1.8674376059e+00  
7.4965143204e-01  4.2965518144e-01  8.0411880202e-01  -1.2598254976e+00  3.8759327076e+00  4.4214197255e-01  8.1734846014e-01  7.7002376533e+00  9.4094687219e+01  2.3513163284e+00  9.2832081451e+01  -7.1995627270e-01  8.9464139811e-01  -6.2808245583e-01  1.0071773318e+00  -3.0824107987e+00  6.2118678699e+02  -6.3561021348e+00  5.2217022240e+02  6.6001285647e+00  2.1250653510e+02  5.1006075494e+00  2.3605774138e+02  -3.9935154966e-01  1.0566994683e+00  
8.4962457418e-01  1.2023106513e+01  2.0802154241e+02  -2.2184236727e+00  7.7652340387e+00  6.4864493142e-01  3.2537748692e-01  5.3851295223e-02  5.7342959326e-01  1.3499670027e-01  9.4780580800e+00  -1.1414123624e+00  6.1077759980e-01  3.3884208457e-01  8.5504250062e-01  1.3459002624e+00  3.3196009365e+00  9.0418713252e-01  2.1054495740e+00  -8.3097067729e-01  2.0838016203e+00  -1.1865449945e+02  1.0830390140e+04  -1.3096209104e+00  3.3515374008e+00  
9.4967126846e-01  1.0213947243e+00  1.7164568435e+00  -5.4340524316e-02  7.3859009782e-01  1.4669493197e+00  8.9710759058e-01  1.1901263322e+00  9.0850024199e-01  -2.7268107947e+00  9.8117875852e+00  1.9414112439e+01  1.5995431147e+03  5.8425451654e-01  8.3977810965e-01  1.5638786208e+00  4.5467174270e+00  -8.3208497903e-01  2.4686983784e+00  -3.3937885579e-01  5.8367535546e-01  1.2966196925e-01  5.5174985716e-01  -1.3924316855e+00  8.4159221732e+00  
1.0496484041e+00  -4.4991858197e+00  8.8454561465e+01  2.1929504023e+00  4.4330650228e+00  8.5497213516e-01  3.6792359738e-01  1.1888774084e+00  9.7472174249e-01  1.2863261979e+00  1.1194614956e+01  -2.1928909699e+00  1.5678325391e+01  -8.8862754606e-01  9.2748438948e-01  1.8253343162e-01  2.9353742783e+02  -7.1486468016e-01  1.0955395553e+00  -1.5975760807e+00  2.0288827003e+00  4.3790927483e+00  1.3367056537e+01  1.1738751124e+00  1.5644835889e+00  
1.1497737169e+00  6.6870659768e-01  2.2160798499e+00  7.7142613368e-01  1.6899790893e+00  7.0332271894e-01  4.6115477245e-01  -1.5335646563e-01  1.2174466313e+00  1.1163794119e+00  1.1662949787e+00  1.2970606456e+01  2.4571836229e+02  2.8279480549e-01  1.8151922039e+01  -1.5538119198e+00  5.1997931850e+00  -5.0245861717e-01  3.3720561858e+02  -1.2057568459e+00  2.5683672816e+00  7.3988972796e-01  2.3103613241e+00  3.4429258681e-01  1.1184585522e+00  
1.2496806383e+00  9.3826102025e-01  1.4925897129e+00  5.0930360941e+00  6.7609072186e+01  1.0716631659e+00  5.7315139692e-01  3.4852999306e+00  1.9179919647e+01  -2.6605490847e+00  3.1460265418e+00  3.6070789204e-01  2.4625762850e+00  -5.6609515006e-01  9.9386232149e-01  4.4006967561e-01  3.2615316420e+00  -6.4763527667e+00  2.6750279111e+02  -1.1510490173e+02  1.4313503266e+04  9.1263874499e-01  3.9130822205e+00  1.7306110201e+00  2.5489701498e+02  
1.3493323326e+00  1.6333379298e+00  1.6336335520e+00  1.3865179491e+01  6.1457205632e+02  8.0993140803e-01  4.0686834953e-01  1.6260631539e+00  1.0262343538e+00  2.1137733188e+00  1.0975197238e+01  3.3794527521e+00  5.6344197395e+01  -1.9261965403e+00  1.4581838427e+00  3.8074092122e+00  9.0779232952e+00  -1.1355132772e+00  8.6551949804e-01  4.4052794606e+00  5.5814321131e+01  -5.9472934132e+00  3.3903521521e+02  8.4147731457e-01  7.6132065516e-01  
1.4492346048e+00  -2.9100051279e-01  7.3365358275e-01  9.9482306988e-01  1.1385235708e+00  1.3865026984e+00  7.2915937298e-01  2.2446141211e-01  3.8935485961e-01  -8.2010882464e-01  3.0497962095e+01  -1.0183859615e+00  6.8512672487e-01  -5.4939206984e-01  1.6827574187e+00  -8.7304247030e-01  2.2159761024e+01  -1.5263803668e+00  1.8384050547e+00  -3.4201769493e-01  1.0384676688e+00  8.3175006840e-01  1.4229328426e+00  -5.5423777748e-01  7.1738530326e-01  
1.5491929054e+00  2.8816347227e-01  1.0854141589e+00  1.2480550156e+00  6.8328012206e+00  1.5654131750e+00  6.1287056199e-01  6.2404457684e-01  3.3333489595e-01  4.1415612486e+00  3.8069544787e+02  -2.4770143690e-01  1.4039047534e+00  -1.1800427965e+00  7.8717478452e-01  1.3312085016e+00  9.3863943442e+00  1.5801014709e+00  4.1541093464e+00  9.2540728980e-01  3.5314823222e+00  2.0198591416e-01  6.5467338028e+00  3.4599690029e-02  4.6148539963e-01  
1.6497752666e+00  7.2501065835e-01  9.7690421180e-01  -6.8667181737e+00  1.2661386766e+02  1.3768097603e+00  5.1174463795e-01  1.6979211350e+00  1.3829798449e+00  2.2725909044e+01  5.2776847065e+02  2.8820394982e-01  1.2925950889e+00  7.9512225015e-01  8.1810684928e-01  6.2856406694e-02  1.4266260392e+00  6.7346398055e-01  1.1716850982e+00  -1.3781605965e-01  6.0736011028e-01  -3.5847524342e-01  8.5763306928e-01  2.7476618655e-01  2.8136694746e+00  
1.7493346930e+00  7.5161606461e-01  1.0727968594e+00  3.2344019161e+00  5.7758665949e+01  9.0190523979e-01  5.0691795893e-01  -1.7609257515e-01  3.9825036847e-01  1.7311968097e+00  1.9400751005e+00  4.7016405911e-01  1.9650588725e+00  9.2468952588e-01  8.6791393144e-01  6.7101748847e-01  3.1035014228e+00  1.9033817311e-01  1.9319910032e+00  -5.7057601678e-01  1.8003550396e+00  6.3074364271e-01  5.8260921922e+00  -4.9203235233e-01  1.6821455973e+00  
1.8491598368e+00  1.6375030696e+00  1.8306430879e+00  -2.7596608106e-01  2.2669146773e+00  1.3553888400e+00  4.6887581635e-01  6.7076960312e-01  1.0739744737e+00  3.2616024782e-01  7.2636309242e-01  4.4501420242e-01  7.6947018995e-01  -1.8886494826e+01  7.9358295895e+02  -6.5207361329e-02  9.4740171979e-01  3.0071154098e-01  2.1118076468e+00  -3.4625818064e-01  1.9416889680e+00  3.7834895893e+01  2.7596218045e+03  -8.8014310724e-02  5.5958801277e-01  
1.9491872787e+00  1.7642194920e-01  4.7747478262e-01  3.3206107209e-01  1.3531134159e+00  8.7401219822e-01  4.5717072679e-01  1.4386735025e-01  3.9016973703e-01  -1.6604239171e+00  1.4106477567e+02  7.9665009809e+00  7.0368975770e+01  -1.1126487249e+00  1.7069093931e+00  -3.7753034077e+00  3.8409918410e+02  1.3461099036e+00  1.2747497063e+01  5.6145495060e+00  1.9107311610e+01  -1.0708310136e+00  8.2433770788e+00  6.7483056668e-01  9.9446673182e-01  
2.0492253304e+00  -1.4123884823e-01  5.2117518195e-01  -4.3996873410e-02  1.8894314308e+01  6.8232792179e-01  4.8849804411e-01  2.3279295807e+00  1.0006286483e+01  5.7688730163e-01  4.3849848961e+00  1.2518863291e+00  1.8264764950e+03  -2.6383152225e+00  8.1264116002e+01  2.5636755026e-01  1.5429131762e+00  6.1232635358e+00  8.9110505549e+01  -1.0500740400e-01  7.4551250808e-01  2.4247871910e-01  1.5449623216e+00  2.8762305761e+00  6.9725845407e+00  
2.1492688656e+00  -5.0339098086e-01  5.5042633590e-01  3.5278428657e-01  4.5355632717e-01  7.9720470154e-01  4.9240603075e-01  1.0622919334e-01  3.8455368598e-01  -1.4441073609e-01  1.5976405874e+00  1.3695025304e-01  6.5012435821e-01  2.0848799937e+01  6.8245241096e+02  -1.2997290684e+00  3.7816223350e+01  -1.0419523452e+00  1.5677322330e+00  -1.0005471688e+00  2.5762940250e+01  -2.1108229043e+00  3.9760175269e+00  1.5302757070e+00  1.0225321922e+01  
2.2492904663e+00  -2.5802318654e-01  5.0605885354e-01  3.4297129966e-02  1.1069728354e+00  1.2687203235e+00  5.1170129339e-01  4.1585635754e-01  3.8933916665e-01  9.9053929189e-01  3.8592738637e+00  -4.6351451065e+00  7.6481738533e+01  -6.0392360889e-01  1.8339784866e+00  1.9260288710e+00  3.2537325074e+00  -3.4064397344e+00  1.0147589661e+03  -3.9434412994e+00  1.2929456665e+02  -3.1420877028e+00  2.2702417835e+01  -3.8819719653e-01  1.1247829262e+00  
2.3492345810e+00  -1.3002979578e-01  5.6233245142e-01  1.6420103679e+00  3.5893388752e+00  1.4471747957e+00  9.4322128353e-01  7.4161968209e-01  7.5715639728e-01  -4.7345642324e-01  1.0873771388e+00  -1.6657202538e+01  8.1539197908e+03  8.1187135343e-01  2.9934367119e+02  -3.1359362923e-01  1.3270354920e+00  2.0054838428e+00  1.8333475997e+02  -3.1549717587e+01  3.7657634823e+03  -1.1354616779e+00  1.4559528423e+00  -1.2537394112e+00  2.2317574332e+02  
2.4493222237e+00  -4.8571260666e-02  3.4446485354e-01  1.9455796504e-01  2.7622409002e-01  7.2192919541e-01  2.3491185048e-01  2.7118126234e-01  2.9838295074e-01  -8.2117975143e-01  1.3333781607e+00  -7.2800878895e-01  6.6912428281e-01  9.3303028214e-01  5.3789529405e-01  1.2692057787e+00  1.8992906859e+00  5.5383269510e-01  3.8351908010e-01  -1.7751651165e+01  6.6212097264e+02  -2.9963907656e-01  4.5211759618e-01  -3.9085725135e-01  8.8780129407e-01  
2.5488839149e+00  -2.5622199803e-01  3.9404394712e-01  6.0066383172e-01  3.0421085692e-01  7.5557628295e-01  2.4392724689e-01  2.6848559449e-01  3.3186518480e-01  -5.5725392533e-01  3.2424241460e-01  2.5728585095e-01  2.2371602834e+00  1.4998298812e-01  3.5354955309e-01  -6.6286191143e-01  3.1951218498e+00  -9.8898833715e-02  3.5107041584e-01  -1.7446853772e-01  8.8712291678e-01  1.0706722140e-01  2.1283220179e-01  4.3554206578e+00  2.4174851542e+01  
2.6491436958e+00  -1.1405905807e-01  3.7308107108e-01  2.9104200172e-01  1.7216787787e-01  5.0841197707e-01  2.4525442614e-01  3.9660725789e-01  4.0862281065e-01  -3.5424411275e-01  2.7139032299e-01  -1.6945893513e+00  6.4745833489e+00  -4.2019410782e-01  3.7846892898e-01  3.5332019261e-01  7.5949175154e-01  -1.4498103628e-01  3.3451715720e-01  -7.9002634744e-01  1.3473803695e+02  -3.4164125921e-01  3.1065144487e-01  -1.3545479254e+01  1.0653728180e+02  
2.7488293648e+00  -5.3089928005e-01  4.4715714751e-01  2.7277830744e-01  4.8251134376e-01  3.9606618392e-01  2.2060591470e-01  -6.6187484233e-01  4.1435906519e-01  -6.8618275020e-01  5.4425128189e-01  1.6492589438e+00  7.2756538448e+00  -1.3583134614e-01  2.4892071843e-01  6.3365961246e-01  1.1621742987e+00  -8.6555264177e-02  2.9537928873e-01  -2.3650151168e-01  5.1377870859e-01  -3.8403542946e-01  3.8539665971e-01  6.9931436528e-01  3.8664921354e+00  
2.8489575386e+00  -3.0129369892e-01  3.1307892155e-01  9.8263771607e-01  4.1272783106e-01  5.9641421294e-01  3.5569478694e-01  -5.7847063850e-01  7.3666252920e-01  2.6800197686e-01  3.1653668676e-01  4.1323297275e-02  3.3496143929e-01  3.1423831769e-01  3.5459352115e-01  7.7289731729e-01  1.0460458387e+00  1.1772116752e-01  6.4328495104e-01  6.6157005710e-01  1.3138252837e+00  1.6028361595e-01  3.4595017619e-01  3.9461892336e-01  7.7920723499e-01  
2.9488170147e+00  -2.8992621984e-01  3.9349578992e-01  1.6025492222e-01  1.7935782342e-01  5.7880466498e-01  3.0643774504e-01  1.0368858090e-02  3.2160115498e-01  2.5101878580e-01  5.2915716124e-01  5.0468247095e-01  1.4078715495e+00  2.9091550975e-01  4.3818742795e-01  -2.6930082307e-01  1.0101428235e+00  -5.9958572007e-02  3.0253017247e-01  5.3848950434e-01  5.8893342394e-01  -4.9614279442e-02  2.5263798870e-01  -4.4747617338e-01  7.4941908985e-01  
3.0493297577e+00  -1.6372814803e-01  3.6153235235e-01  6.0899932657e-01  1.6419517934e-01  1.1634589480e+00  4.8503442706e-01  -1.8268075866e-01  6.8617442790e-01  -5.3639128665e-01  4.8272871749e-01  -2.5917651938e+01  6.7217821643e+02  -3.7687691183e-01  4.3204988037e-01  1.1559251759e+00  9.8852287795e-01  -5.7875653499e-01  4.4170693309e-01  -5.4733875450e-01  6.7257870621e-01  9.1759812703e-03  3.5142874385e-01  3.7579976876e+00  4.7096381707e+01  
3.1488659382e+00  -4.2215185496e-01  3.5361372242e-01  -1.1477833913e-01  3.7329555595e-01  1.3183985496e+00  5.6750360105e-01  3.7310120004e-01  7.8644233727e-01  4.0762924187e-01  4.6958481176e-01  2.2205187905e-01  1.1562953867e+00  -3.3922280885e-01  3.8577506217e-01  -1.2412558363e+00  1.4049925254e+02  -8.1648014367e-01  4.8499539255e-01  -2.2881932150e+00  1.3566517098e+01  -4.0703970040e-01  3.9628288521e-01  2.3841075678e+00  1.2097890003e+01  
3.2482674122e+00  -2.5266206632e-01  3.0778086225e-01  6.7337180622e-02  2.2817759612e-01  9.8891236533e-01  3.8219827513e-01  1.1146894976e+00  8.2231135434e-01  4.1852639709e-01  4.4277778463e-01  -5.3856151435e-01  2.1728968124e+00  -2.8980848206e-01  5.9331012014e-01  1.3433837943e+00  4.6654159521e+00  5.7513360622e-02  3.0624199372e-01  4.8020439532e-01  1.0633063331e+00  4.5199776344e-01  8.0403409818e-01  1.2296226123e+00  2.9460666458e+00  
3.3481900692e+00  2.0355008955e-01  3.2295435933e-01  -5.1065630461e-02  3.3036272219e-01  6.6995063805e-01  5.1677293707e-01  3.1316533494e-01  8.5524256261e-01  2.2780669683e-01  3.4487905192e-01  2.2223640095e-01  6.2721128601e+00  -3.2019859399e-01  3.7311633941e-01  -6.5060909228e-01  1.2239493763e+00  6.5703374057e-01  5.6958437971e-01  -2.0519330586e+00  5.7506710533e+00  -1.7136355928e-01  7.2840025602e-01  2.5218005806e+00  6.6597403109e+00  
3.4486184120e+00  -1.9689338472e-01  3.0580401167e-01  6.2650311044e-02  4.3579309708e-01  1.4028156054e+00  5.4772526571e-01  8.8898695617e-01  1.1919013468e+00  -7.2433807585e-01  5.3699514272e-01  -4.5560784801e-01  9.7260305411e-01  4.5728970605e-01  3.6850961211e-01  6.8041126125e-01  7.4443216438e-01  2.7473203687e-02  8.6939304907e-01  -6.4013945551e-02  7.9490487741e-01  -7.6604703999e-01  8.9384738814e-01  5.1606071271e+00  9.1031054860e+01  
3.5480227470e+00  -1.9338076581e-01  3.7100405280e-01  -1.4559641578e-01  3.3497763066e-01  1.7046106684e+00  1.3358083364e+00  -4.5104783586e-01  1.1041856543e+00  -8.4331531923e-01  5.0719705292e-01  3.0834822817e-01  7.4768314720e-01  4.1752836087e-01  8.1456969302e-01  3.4476995754e+00  2.9038541400e+01  4.9854481800e-01  6.3327849223e-01  4.4630543328e+00  1.8412725332e+02  4.5124463999e-01  3.8790771674e-01  2.9179211575e+00  6.5065457425e+01  
3.6481459141e+00  1.7349688065e-03  4.1657771542e-01  -5.0981671942e-01  4.1164410571e-01  1.3905828120e+00  7.2608920506e-01  -1.1410085347e-01  6.3437032651e-01  -4.6433392302e-02  4.8148519985e-01  1.9347708560e+00  2.2315324061e+02  1.5407087674e-01  4.9282194949e-01  1.0570898373e+00  9.6919952770e-01  1.3165200766e-01  4.9471116670e-01  6.3951967570e-02  6.8518448472e-01  -7.0209814744e-01  6.5041131380e-01  1.1711088169e+00  1.3161852362e+00  
3.7471823692e+00  -2.6280153322e-01  7.9838145825e-01  5.2927686247e+01  3.3193431299e+03  2.0440867819e+00  1.2570462026e+00  6.2161044181e-01  6.0152935724e+00  1.1620053288e+00  1.0186176183e+00  8.7664659115e-01  1.1875760192e+00  7.6808560751e-01  9.9903940226e-01  2.1259348688e+00  9.7514208800e+00  -8.0215049724e-01  6.9712791249e-01  -2.3179151372e-01  1.3988194052e+00  -5.2563642423e-01  5.8639488269e-01  -1.5423272586e+00  1.6126160058e+01  
3.8476421833e+00  4.2550528385e-01  7.1971629182e-01  2.5373946863e-01  3.0282753671e-01  1.0736739249e+00  6.4208859614e-01  1.4128553657e+00  8.6287369255e-01  5.6834861803e-01  5.7945380879e-01  -1.3511108009e+01  1.0762725938e+02  -1.8550102051e+00  1.2823417290e+00  -6.2314019243e-01  7.5609528717e-01  2.0313890343e+00  1.6646372167e+00  -5.4672007540e-02  1.0426646156e+00  6.2852557485e-01  6.8477575310e-01  -7.6739532085e-01  4.6838379401e+00  
3.9465241432e+00  -1.7530460931e-01  6.6135705278e-01  -3.1794840393e-01  3.1549903752e-01  2.1830115379e+00  2.1272847564e+00  -7.2379164665e-01  3.6850650914e+00  -1.0535023820e-01  1.0249448530e+00  -3.2077800600e+00  1.9682995615e+00  4.4829374919e-01  1.4956998101e+00  9.5935431924e-02  6.5409940345e-01  -8.3862465571e-02  4.5468374466e-01  5.3977729600e-01  7.4935642884e-01  1.8146625720e+00  2.6580925406e+00  -2.6247841294e+00  2.5849211789e+01  
4.0462303162e+00  3.8271898950e-01  1.2103562524e+00  1.2178080798e+00  9.4692287521e-01  1.9557467496e+00  1.5451821262e+00  -1.2268592669e+00  7.2883131731e-01  6.7468101528e-01  1.0590605441e+00  2.2254155573e-01  1.2328992876e+01  2.2303338032e+00  1.4903777384e+00  1.4398742015e+00  8.7724415671e+01  2.1553897846e+00  2.6843884542e+00  1.1677427970e-01  3.6443589000e+00  -4.8066746766e-01  2.3886236661e+00  -1.6239831448e+00  3.5851281886e+00  
4.1455540657e+00  -2.3378455431e-01  1.2107149669e+00  6.0299415356e-01  9.3607194586e-01  2.6501097424e+00  9.9013570126e-01  5.5396762815e-01  7.5659973351e-01  -1.1055883335e+00  2.7826662970e+00  -7.6174004423e-01  6.3130756856e-01  7.2596206763e-01  1.3147910477e+00  -6.8154791742e-01  1.4647958192e+00  -1.9760530770e+01  5.2901919492e+03  -2.9957467255e-01  1.1318668299e+00  -3.0155245111e+00  3.8540719235e+00  -1.3758424755e+00  3.4863230837e+00  
4.2451214790e+00  2.6606088823e-01  1.0217343535e+00  4.9905190872e-01  1.3120382646e+00  -8.8332114849e+00  4.6955188337e+01  -2.0790209927e+00  4.8137906972e+01  9.1457765662e-01  4.3440872416e+00  9.9844262159e-01  7.8410846121e-01  2.3965731748e+00  2.7831402065e+00  1.3141233980e+02  5.2454214628e+03  -1.1778276023e+01  9.0994152915e+02  -5.2383315602e-01  1.3452505573e+00  9.1120666128e-01  1.9993084528e+00  4.0500745373e-02  8.0136362698e-01  
4.3453226089e+00  1.3658797252e+00  2.1551718836e+00  3.7831248366e-01  4.1073507313e-01  -2.4176700191e+00  1.4025958517e+00  -1.3032280447e+00  3.5806308907e+00  3.6173118600e-01  1.0706901119e+00  -2.3100092403e+00  4.5546733759e+00  -3.7776656186e+01  1.3162432023e+03  -6.9744308330e-02  1.2234038678e+00  2.6950819961e-01  8.6644732217e-01  1.9464824607e+00  8.0229960873e+02  4.4895873601e+00  8.8407018995e+00  2.4314601343e+00  6.1710683631e+00  
4.4428601265e+00  -4.9059044067e-01  2.7630700373e+00  7.5586281899e-01  3.0962477495e+00  -4.7302439114e-01  2.2018899900e+00  8.6381639411e-01  8.2279375911e-01  -2.5630274504e-01  2.2013216469e+00  1.0307576104e+00  5.7726119304e+00  -1.5531697578e+00  2.5829744642e+00  3.4430526368e+00  1.1561818615e+02  -3.7747343506e+00  6.9164907269e+00  -7.7533261383e-01  8.8428077777e-01  -4.5629386197e+00  1.1459515929e+01  8.3305370543e-02  1.4628224428e+00  
4.5406208038e+00  -1.1380549968e+00  3.9163614826e+00  2.2761388704e+00  4.7159925708e+00  -1.0936173097e+00  4.2386443838e+00  7.4268623188e+00  9.8072314078e+01  8.9087082574e-01  4.0484752356e+00  -1.1204140698e+01  3.7260717656e+02  -2.0850247573e+00  2.5320543299e+00  2.9585735114e-01  1.3374770219e+00  1.8239870786e+01  1.3258390940e+03  -7.9028336897e-01  9.8186467558e-01  -2.8924490874e+00  5.7398422354e+00  -2.0299049859e+00  2.8589260304e+00  
4.6392807961e+00  5.6334713341e-01  4.4931073014e+00  -2.2212225171e+00  3.7969814740e+00  9.5257067737e+00  7.9159076003e+01  -1.0651983645e+00  5.2927875875e-01  3.8126815857e+00  8.1015415899e+00  -1.8032153415e+00  5.1149507342e+00  8.9232332542e-03  1.0108921629e+00  -2.4694191580e-01  9.3353229501e-01  -8.3765165091e-01  3.9741126861e+00  3.4051869105e+00  2.4236605113e+01  6.5626898455e+00  7.3841022706e+01  9.7542465959e-01  1.1507832978e+00  
4.7376976013e+00  -1.9658642039e+00  2.2524892817e+00  2.6750643021e-01  1.9480729740e+00  -4.6960211383e+00  5.2025306538e+00  -2.8840796439e+00  1.3426658957e+01  1.8406918183e+00  1.6717942288e+00  -1.5185469626e-01  2.0434304570e+00  3.0358959955e+00  1.9218605536e+01  8.5572139924e-01  8.1126199795e-01  9.5404087996e-02  1.2185661457e+00  -1.0388463015e+00  1.7591504403e+00  -3.7357517631e-02  3.0258599011e+01  1.8315731306e+00  2.2713001436e+00  
4.8351178169e+00  3.0379710294e-01  2.7743682469e+00  1.1599315601e+00  2.1772503443e+01  1.5082882166e+00  2.2016785056e+00  -5.0324223848e-01  7.3916162377e-01  -4.9801699282e+00  8.0119561728e+01  -1.3056129478e+00  4.9136052449e+00  2.9478149062e-01  2.0698245640e+00  -6.0045258660e-01  1.0791651100e+00  -4.4800420791e-01  1.2918191014e+00  -1.4054479337e+00  1.5731422040e+01  5.7006327368e+00  1.4375814075e+01  1.1053738511e+00  3.5155304263e+01  
4.9311771393e+00  -2.7527739762e+00  2.5429498885e+00  -8.8917444526e+00  7.5885375231e+01  1.8164204956e+00  4.1365943550e+00  -7.7118397210e+00  2.1409668504e+02  5.8644519373e-01  3.7156714585e+00  4.7220539163e-01  1.5887235878e+00  -6.3940903314e-01  1.4092838973e+00  1.2019698309e+00  3.0458413908e+00  -1.2531613987e+01  3.5367245073e+02  2.9191517292e-01  8.3975047696e-01  -2.1355778980e+00  8.5629686215e+00  -9.7835741734e+00  2.6658939594e+02  
5.0301017761e+00  6.4158774063e+00  3.5068590817e+01  -2.5504977198e-01  1.2570318892e+00  -2.2854215542e+02  3.9113854079e+03  -5.1017362942e-02  1.1650924424e+00  -8.0626646397e+00  4.1467432660e+02  4.6076232925e+00  5.6072996918e+01  4.9878161347e+00  2.4295626094e+01  1.7550218500e-02  1.8085954442e+00  1.0349850083e+00  4.7148550622e+00  4.8935586169e-01  3.2215274876e+00  -2.6733492774e+01  9.0555933090e+02  9.8033380042e-01  3.4937361482e+00  
5.1260991096e+00  1.8284574533e+01  1.3715501350e+02  1.0869008536e+00  2.7290833262e+00  6.2112105096e+00  8.3399559326e+01  3.0885864743e-01  1.0587417547e+01  -4.4169735240e+00  4.9392151234e+02  1.0812700147e-01  1.9433123727e+00  1.0927307491e+00  1.9443495852e+00  -4.3765192843e+00  2.1492909818e+01  7.7626343979e+00  1.0497934221e+02  -4.6189047522e+00  4.1872602585e+02  2.9442149810e+00  2.9579306088e+00  -1.6552511255e-01  1.8553007635e+00  
5.2227449417e+00  1.8997174010e+00  4.6178077171e+00  1.4275336098e+00  2.2946791432e+00  -7.0104989273e-01  2.0869181877e+00  -4.5962254794e-01  9.2882102180e-01  -5.4759467638e-01  9.1818401340e+00  -2.4062452074e+00  5.4494092892e+00  7.1662634998e+00  2.3368437846e+02  2.6526722645e-01  4.2184863245e-01  1.3870447719e+00  6.2179340055e+00  -4.4386747990e+00  5.8918666392e+01  3.0264432643e+00  2.6245595463e+00  -2.0019923492e-01  4.6109559488e-01  
5.3221392632e+00  9.7267544066e+01  3.4934308162e+03  1.4564191971e+00  1.3545024101e+00  3.4586948378e+00  3.5441028160e+00  6.9906456724e-01  1.1699977096e+01  -1.9432700370e+01  1.1104817446e+03  -9.3939026049e-01  4.1898769150e+00  -7.3753980341e+00  6.5995620844e+01  3.2800497195e+00  2.2199843485e+01  1.2793512816e+01  7.6267589410e+02  -5.9665806479e-02  4.6568263304e-01  -1.6781950529e+00  2.0672881335e+00  3.2740577135e+00  1.8587019022e+01  
5.4164209366e+00  -5.7553897879e+00  1.0057761433e+01  4.5156632653e+00  2.3335700863e+01  -5.9349222479e+00  1.2924079155e+01  -9.9101843610e-01  1.3278374490e+00  8.0982282262e+00  3.8935269234e+01  8.4789789592e-01  2.8940099304e+01  -1.1952688108e+01  1.1071559285e+02  -6.7064986980e-01  7.3602291789e+00  2.0545010631e+00  1.8922533474e+00  3.1275001888e+00  8.8166970481e+00  3.0302407764e+00  5.9297966403e+00  9.9268608489e-02  8.0533580593e-01  
5.5137405396e+00  6.3552634743e+01  7.6223853015e+02  -1.3487703564e+01  4.9308520805e+02  -3.4276413923e-01  2.6616479537e+00  1.3567607267e+00  3.2955185232e+00  1.4785475315e+00  3.7619250852e+02  8.3290584612e+00  7.2398018526e+01  5.2587572548e+00  4.0670335044e+01  3.3281155358e+00  2.9617519270e+00  -5.7534558775e+00  7.3983127512e+01  7.3077469481e-01  1.1450453768e+01  -1.8037912893e+00  2.3769321473e+01  4.0669466181e+00  5.0731973931e+01  
5.6096906662e+00  -7.0686379746e-01  3.7199169045e+00  -5.8267545108e-01  1.4683534302e+00  -1.1464673571e+01  1.8697038163e+02  -8.9755622042e+00  5.0405995489e+01  2.3295147971e+00  1.7234434372e+01  4.8851648502e-02  1.1243841699e+00  -1.2472784975e+00  6.1967567489e+00  -5.3343487453e+00  7.4896723003e+01  1.2674799151e+01  2.6962527422e+01  1.4667635815e+00  1.0390286680e+01  -6.2129580894e-01  2.9617603272e+00  -4.8366457635e+00  9.1977522992e+01  
5.7071719170e+00  5.2707809546e+00  5.6039421238e+00  3.5950194323e+00  6.0246247630e+00  3.0085962729e+01  1.7748165724e+02  -6.4222717952e+00  4.6071949320e+01  5.2719726621e+00  5.7450716647e+00  9.1630961941e-01  6.4632605372e-01  -1.6005892064e+01  5.1727908064e+02  -7.6619722158e-01  4.4889923044e+01  -7.8919490221e+00  8.9092477362e+00  -3.2538037431e-01  8.2817970041e+00  2.6892071747e+00  4.4983695562e+00  -3.4472667631e-01  1.0063208214e+00  
5.8064408302e+00  -1.8776740067e+01  1.1672650410e+02  -5.0289265991e+00  1.0978260725e+01  -4.4130615247e+00  4.7124022454e+00  -9.4867964841e-01  1.0283233795e+01  -9.9252646454e+00  2.5149827222e+02  -2.5077827614e+00  8.7202512297e+00  -3.9255147676e+00  3.5315233203e+01  -2.7309910663e-01  6.6513981239e+00  5.7745735939e+01  2.9142194315e+02  -4.2640264532e+00  6.9817250552e+01  6.9978684625e+00  9.2764631730e+00  -1.6984677854e-01  8.6554181948e+00  
5.9051842690e+00  -1.7691012677e+01  2.0345208556e+02  -1.2549599338e-01  4.6968941268e-01  8.2324880622e+00  2.0562981388e+02  5.6104558288e-01  8.5081136946e-01  -5.2911685755e+00  7.6060603903e+00  1.6988788250e+00  5.1445580228e+00  -3.5813013367e-01  2.2843868371e+00  1.9097298460e-01  2.1051309646e+01  7.5348228166e+00  1.3163287532e+01  1.0519521717e+00  9.8753613821e+00  1.0268594251e+00  6.4874683404e+00  -1.5746777647e-02  4.7501586785e+00  
6.0025396347e+00  -7.5667844810e+00  1.3369939449e+01  2.3849517046e-01  1.0385463887e+01  -1.0672392537e+01  2.6478598525e+01  -1.9874071228e-01  5.6272136713e-01  -9.0790580383e+00  3.3333299802e+01  3.0365999894e+00  4.7290436434e+00  -6.8278809796e-01  4.8167901926e+00  -2.2233928758e-01  2.3086810391e+00  -1.1829471505e+01  1.7796144425e+01  3.3943753310e-01  9.1634775863e-01  1.9728079874e-01  4.0266427177e+01  -1.1316276102e+00  1.7908308039e+00  
6.1011834145e+00  -2.6394735920e-01  5.5392787834e+00  -3.7537256810e-01  3.8601812489e-01  1.0043411734e+01  6.4255989443e+01  1.1982225479e+00  3.4774248674e+00  -3.7675687285e+00  1.0388700119e+02  -1.3932056439e+00  1.4973255072e+01  -3.7221718256e+00  6.8118491639e+00  -6.8298243334e+00  2.4461400456e+01  3.3357776058e+01  4.8036848760e+02  -1.4783321716e+00  1.5603853968e+01  2.6601695643e+00  4.8210153222e+01  -1.5016790294e+00  5.6429556892e-01  
6.2008857727e+00  3.7675253093e+00  2.4353945842e+01  2.6231105841e+00  2.7893159291e+00  6.1979842561e+00  3.1670914510e+01  1.6702958933e+00  2.0889810000e+00  -1.9546679523e+00  6.2625605797e+00  -1.9848613922e-01  7.4870777490e-01  -1.1476403324e+01  1.8333179952e+01  -1.6664396644e-01  2.8624784867e+01  8.3360806847e+00  4.4202992781e+01  3.9824700877e-01  1.4417102241e+00  -2.3980688591e+02  5.1200635420e+02  -1.2057578147e+01  1.9618842386e+01  
6.3004155159e+00  5.5552566045e+13  5.3885989064e+15  0.0000000000e+00  0.0000000000e+00  1.3364100816e+14  1.2963177792e+16  0.0000000000e+00  0.0000000000e+00  4.6587057981e+13  4.5189446242e+15  0.0000000000e+00  0.0000000000e+00  -1.0415426653e+13  1.0102963853e+15  0.0000000000e+00  0.0000000000e+00  -1.0087545789e+13  9.7849194155e+14  0.0000000000e+00  0.0000000000e+00  -5.1810121466e+13  5.0255817822e+15  0.0000000000e+00  0.0000000000e+00  
6.4009418488e+00  -2.6323689801e-01  6.0412441335e+00  -1.7535142438e+00  1.7535142438e+00  -7.9255126876e+00  3.0178115421e+02  1.0115390758e+00  1.0115390758e+00  -7.2819982429e+00  2.1896629696e+01  1.3706926888e+00  1.3706926888e+00  8.3672536743e+00  1.1543286263e+01  -7.8760364371e+00  7.8760364371e+00  -2.5403414455e+02  1.1618799994e+03  -7.9409057646e-01  7.9409057646e-01  -2.1720073420e+02  3.9178725117e+02  -1.3612689782e+00  1.3612689782e+00  
6.5000000000e+00  5.2920967158e+15  8.7491519502e+15  0.0000000000e+00  0.0000000000e+00  -3.4023450173e+15  3.5915245973e+15  0.0000000000e+00  0.0000000000e+00  -5.7666370606e+15  3.1058934525e+15  0.0000000000e+00  0.0000000000e+00  5.3038109167e+15  3.4098161066e+15  0.0000000000e+00  0.0000000000e+00  1.7687604206e+15  3.0382653472e+15  0.0000000000e+00  0.0000000000e+00  4.4690719527e+15  2.9118855633e+15  0.0000000000e+00  0.0000000000e+00  
6.5999979973e+00  2.4313925236e+15  5.9760264949e+15  0.0000000000e+00  0.0000000000e+00  2.1769213779e+15  4.1997565260e+15  0.0000000000e+00  0.0000000000e+00  -2.8539476189e+15  2.7585635076e+15  0.0000000000e+00  0.0000000000e+00  -8.3997084698e+14  2.7501675860e+15  0.0000000000e+00  0.0000000000e+00  1.0598387485e+15  2.3669978011e+15  0.0000000000e+00  0.0000000000e+00  4.9832611206e+15  4.2102087611e+15  0.0000000000e+00  0.0000000000e+00  
6.7000064850e+00  -1.0098022784e+15  5.2270493461e+15  0.0000000000e+00  0.0000000000e+00  -2.8583786130e+15  3.6243705305e+15  0.0000000000e+00  0.0000000000e+00  -1.3911443439e+15  3.6650137173e+15  0.0000000000e+00  0.0000000000e+00  -1.2384441066e+15  1.9254755388e+15  0.0000000000e+00  0.0000000000e+00  -2.1152661436e+15  2.3693691900e+15  0.0000000000e+00  0.0000000000e+00  9.0092576747e+14  2.4972527288e+15  0.0000000000e+00  0.0000000000e+00  
6.7999935150e+00  1.1837750382e+16  8.1183853208e+15  0.0000000000e+00  0.0000000000e+00  2.1031427658e+15  7.2156940312e+15  0.0000000000e+00  0.0000000000e+00  1.3324288933e+15  2.9639218704e+15  0.0000000000e+00  0.0000000000e+00  -9.0630068403e+13  1.8852370419e+15  0.0000000000e+00  0.0000000000e+00  3.2256268920e+15  3.3377960247e+15  0.0000000000e+00  0.0000000000e+00  3.4021797896e+15  3.3368710461e+15  0.0000000000e+00  0.0000000000e+00  
6.9000024796e+00  1.1548873002e+16  5.6656467913e+15  0.0000000000e+00  0.0000000000e+00  -5.4814638277e+14  4.5092280900e+15  0.0000000000e+00  0.0000000000e+00  -7.5895341423e+14  2.3951772811e+15  0.0000000000e+00  0.0000000000e+00  -3.1636672772e+15  2.5254477668e+15  0.0000000000e+00  0.0000000000e+00  -5.1550221943e+15  2.4172781573e+15  0.0000000000e+00  0.0000000000e+00  -1.4885855263e+15  2.7341762859e+15  0.0000000000e+00  0.0000000000e+00  
