#pT  vn{4}  vn{4}_err
1.0748013854e-01  0.0000000000e+00  0.0000000000e+00  4.6554290104e-03  5.9846920530e-03  0.0000000000e+00  0.0000000000e+00  
2.0272833109e-01  0.0000000000e+00  0.0000000000e+00  6.1868105306e-03  5.2832377436e-03  0.0000000000e+00  0.0000000000e+00  
3.0065429211e-01  0.0000000000e+00  0.0000000000e+00  5.0414206778e-03  4.2868250888e-03  0.0000000000e+00  0.0000000000e+00  
3.9946037531e-01  0.0000000000e+00  0.0000000000e+00  1.3144122617e-02  4.7662035877e-03  0.0000000000e+00  0.0000000000e+00  
4.9868100882e-01  0.0000000000e+00  0.0000000000e+00  2.5959022321e-02  7.0725296799e-03  0.0000000000e+00  0.0000000000e+00  
5.9828144312e-01  0.0000000000e+00  0.0000000000e+00  2.3609714145e-02  5.8923110676e-03  0.0000000000e+00  0.0000000000e+00  
6.9787269831e-01  0.0000000000e+00  0.0000000000e+00  3.0889719607e-02  6.5121408613e-03  0.0000000000e+00  0.0000000000e+00  
7.9758012295e-01  0.0000000000e+00  0.0000000000e+00  4.6005143393e-02  1.0537350447e-02  0.0000000000e+00  0.0000000000e+00  
8.9729148149e-01  0.0000000000e+00  0.0000000000e+00  6.8141710901e-02  1.9204150304e-02  0.0000000000e+00  0.0000000000e+00  
9.9707138538e-01  0.0000000000e+00  0.0000000000e+00  5.7146021915e-02  1.4347135834e-02  0.0000000000e+00  0.0000000000e+00  
1.0970259905e+00  0.0000000000e+00  0.0000000000e+00  8.4754528547e-02  1.9290922270e-02  0.0000000000e+00  0.0000000000e+00  
1.1968313456e+00  0.0000000000e+00  0.0000000000e+00  7.4761587985e-02  2.2098374968e-02  0.0000000000e+00  0.0000000000e+00  
1.2964106798e+00  0.0000000000e+00  0.0000000000e+00  1.1520983653e-01  3.4874864830e-02  0.0000000000e+00  0.0000000000e+00  
1.3967987299e+00  0.0000000000e+00  0.0000000000e+00  1.1383617908e-01  3.6259619670e-02  0.0000000000e+00  0.0000000000e+00  
1.4959801435e+00  0.0000000000e+00  0.0000000000e+00  8.9653612440e-02  3.2595092660e-02  0.0000000000e+00  0.0000000000e+00  
1.5966709852e+00  0.0000000000e+00  0.0000000000e+00  1.4726790956e-01  4.6024203672e-02  0.0000000000e+00  0.0000000000e+00  
1.6970573664e+00  0.0000000000e+00  0.0000000000e+00  1.9876462603e-01  6.4296858767e-02  0.0000000000e+00  0.0000000000e+00  
1.7978039980e+00  0.0000000000e+00  0.0000000000e+00  1.7932578126e-01  5.7377176252e-02  0.0000000000e+00  0.0000000000e+00  
1.8973423243e+00  0.0000000000e+00  0.0000000000e+00  1.7655056989e-01  7.2416667426e-02  0.0000000000e+00  0.0000000000e+00  
1.9972461462e+00  0.0000000000e+00  0.0000000000e+00  2.1013312088e-01  7.8150472609e-02  0.0000000000e+00  0.0000000000e+00  
2.0961363316e+00  0.0000000000e+00  0.0000000000e+00  2.6998351845e-01  1.3195081787e-01  0.0000000000e+00  0.0000000000e+00  
2.1966960430e+00  0.0000000000e+00  0.0000000000e+00  1.6224766213e-01  1.0124857460e-01  0.0000000000e+00  0.0000000000e+00  
2.2989904881e+00  0.0000000000e+00  0.0000000000e+00  1.5307973741e-01  1.2857080757e-01  0.0000000000e+00  0.0000000000e+00  
2.3992753029e+00  0.0000000000e+00  0.0000000000e+00  3.4499396046e-01  1.6660570623e-01  0.0000000000e+00  0.0000000000e+00  
2.4962751865e+00  0.0000000000e+00  0.0000000000e+00  4.5280765492e-01  1.9877017930e-01  0.0000000000e+00  0.0000000000e+00  
2.5988616943e+00  0.0000000000e+00  0.0000000000e+00  4.2717181435e-01  2.1022822622e-01  0.0000000000e+00  0.0000000000e+00  
2.7025737762e+00  0.0000000000e+00  0.0000000000e+00  2.7034437821e-01  2.0625692965e-01  0.0000000000e+00  0.0000000000e+00  
2.7911446095e+00  0.0000000000e+00  0.0000000000e+00  8.2747811649e-02  2.6831812764e-01  0.0000000000e+00  0.0000000000e+00  
2.9004147053e+00  0.0000000000e+00  0.0000000000e+00  1.1557148619e+00  6.0759754152e-01  0.0000000000e+00  0.0000000000e+00  
2.9956114292e+00  0.0000000000e+00  0.0000000000e+00  6.4342938998e-01  4.5188015970e-01  0.0000000000e+00  0.0000000000e+00  
3.1030776501e+00  0.0000000000e+00  0.0000000000e+00  4.1183279249e-01  1.1857564427e+00  0.0000000000e+00  0.0000000000e+00  
3.2004377842e+00  0.0000000000e+00  0.0000000000e+00  8.5647833171e-01  9.5268852051e-01  0.0000000000e+00  0.0000000000e+00  
3.2864239216e+00  0.0000000000e+00  0.0000000000e+00  5.4121750630e-01  1.0281559914e+00  0.0000000000e+00  0.0000000000e+00  
3.4102911949e+00  0.0000000000e+00  0.0000000000e+00  1.1262742271e+00  4.9961399358e-01  0.0000000000e+00  0.0000000000e+00  
3.5008628368e+00  0.0000000000e+00  0.0000000000e+00  1.1898145573e+00  1.2377033644e+00  0.0000000000e+00  0.0000000000e+00  
3.5619621277e+00  0.0000000000e+00  0.0000000000e+00  2.5178634165e+00  1.0617939040e+00  0.0000000000e+00  0.0000000000e+00  
3.6500000954e+00  0.0000000000e+00  0.0000000000e+00  0.0000000000e+00  0.0000000000e+00  0.0000000000e+00  0.0000000000e+00  
3.8334944248e+00  0.0000000000e+00  0.0000000000e+00  1.8262070082e+00  8.0736447821e-01  0.0000000000e+00  0.0000000000e+00  
3.8499999046e+00  0.0000000000e+00  0.0000000000e+00  0.0000000000e+00  0.0000000000e+00  0.0000000000e+00  0.0000000000e+00  
3.9776527882e+00  0.0000000000e+00  0.0000000000e+00  1.0046010811e+00  5.0371575564e-01  0.0000000000e+00  0.0000000000e+00  
