#y  dN/dy  dN/dy_err  vn{2}(y)  vn{2}(y)_err  Re{vn}(y)  Re{vn}(y)_err
-6.9997687340e+00  6.5792897658e-05  2.1685351385e-05  1.6139221800e-01  2.3660422916e-01  2.7400839846e-01  1.6780602741e-01  4.0453488235e-02  1.7021553443e-01  -1.3708749398e-01  1.3951615900e-01  8.6310254664e-02  1.3779012827e-01  -1.3251713568e-01  1.5874886707e-01  4.6465196689e-01  2.0215992800e-01  -2.1784510965e-01  2.6601459714e-01  -5.2960112729e-02  8.7034488693e-02  -2.4301483239e-01  1.3352277348e-01  3.4720934476e-02  6.3158306280e-02  -3.5117396195e-01  1.8539720039e-01  
-6.8980712891e+00  4.1028204578e-05  1.7651618691e-05  -1.5141974709e-01  3.3031379435e-01  2.8454555757e-01  2.7841393472e-01  1.7252324259e-01  1.6183267292e-01  -2.4930870204e-01  3.0609774739e-01  -2.8857379118e-01  2.3894244347e-01  1.1493901717e-02  1.6043153338e-01  1.6091008059e-01  5.8227568051e-01  3.7447326813e-01  2.5413003567e-01  4.4680961115e-01  1.8438197301e-01  4.4572966418e-02  2.5631069631e-01  -1.2887069784e-01  1.3716887649e-01  -9.8455496398e-02  2.3027811529e-01  
-6.7996478081e+00  7.8795992522e-06  7.8392931755e-06  -2.5588366963e-02  2.5633158127e-02  2.9581553037e-02  2.9620839668e-02  -1.4849213654e+00  1.4873258959e+00  -9.7524511388e-01  9.7626138410e-01  9.6981994777e-01  9.7113797128e-01  6.7276271326e-01  6.7353216845e-01  7.9481494123e-01  7.9636459964e-01  2.4858503926e-01  2.4883599502e-01  -4.2324649010e-01  4.2384761728e-01  1.8765552175e-01  1.8788588663e-01  -8.9223647361e-01  8.9407338294e-01  9.5483376435e-02  9.5603831759e-02  
-6.6987576485e+00  1.4806014406e-05  7.3849128057e-06  -4.5449201930e-02  1.4639224033e-01  -1.0547581095e-01  5.7943369144e-01  3.5058262458e-01  7.0054088662e-02  -2.3423308913e-01  3.3280885716e-01  1.3595164871e-01  4.6530543428e-01  3.2659106071e-02  1.2704882985e-01  2.9937469495e-02  4.8550088545e-01  -4.2248001771e-01  2.7552341277e-01  5.6705602380e-01  4.1858413599e-01  3.8619571757e-01  6.0288986757e-01  2.8662341407e-01  4.2661317314e-01  -7.9666815668e-01  5.0489610655e-01  
-6.5970249176e+00  4.9273789045e-05  1.4519143406e-05  8.9681711713e-02  2.9934632498e-01  -2.4322127338e-01  1.5344482029e-01  3.3097507417e-01  3.5593172166e-01  1.0581205694e-01  2.4347849879e-01  7.1368886671e-02  1.7031479955e-01  -1.3565536364e-01  1.8814676070e-01  8.2894224065e-02  3.0427625708e-01  -7.2723227273e-02  2.1122865749e-01  -2.7302806256e-02  2.1110118918e-01  -1.0609563053e-01  2.1065451115e-01  -2.1236553878e-02  1.9901032490e-01  1.8691843794e-01  1.8585927385e-01  
-6.4973096848e+00  4.5790136937e-05  1.3268165276e-05  -4.8478131515e-02  3.6240433454e-01  6.4510286219e-01  2.4463927251e-01  -9.7759527667e-02  2.1970578534e-01  2.5278039292e-01  2.1428538156e-01  7.2748922667e-03  2.7485428205e-01  2.8390096698e-01  3.3514527558e-01  -1.7870948015e-01  3.0644178277e-01  3.4772091176e-01  3.3481791510e-01  3.7825017688e-02  2.5913161189e-01  3.1353498083e-01  2.4915573981e-01  -4.0510104140e-01  3.7991938958e-01  -3.1610762453e-02  2.5702919562e-01  
-6.3983740807e+00  3.2036707125e-05  1.1924519640e-05  2.2459275374e-02  3.5063457535e-01  1.6015032002e-01  4.0222978214e-01  -1.9037323172e-02  2.2965890433e-01  2.3063519534e-01  2.9964531465e-01  1.4787696544e-01  1.9446607322e-01  -2.5446102464e-01  3.2607455734e-01  -1.6817801491e-01  3.9369139394e-01  -1.4891479423e-01  4.8476662121e-01  2.2012146319e-01  4.6966200584e-01  1.2938188674e-01  3.3723267682e-01  1.3539893986e-01  5.1998947299e-01  -1.5317882183e-02  2.1919059913e-01  
-6.2981123924e+00  3.5843939258e-05  1.2291317944e-05  -1.8760371478e-02  4.1929003024e-01  -6.8058708816e-03  1.5218331929e-01  3.2819554711e-01  2.1509911621e-01  -1.2821915736e-01  3.3424503936e-01  9.3511096601e-02  4.1736945346e-01  1.4441972090e-01  2.5073376788e-01  -2.3048714275e-01  3.7185211164e-01  -3.0733213057e-01  2.5448950201e-01  -2.7288935377e-01  4.2714562615e-01  5.5506776272e-02  2.3641960985e-01  -4.2404291581e-01  1.1290990603e-01  -3.8632421408e-01  1.7456786380e-01  
-6.1966018677e+00  5.0415732403e-05  1.5398478354e-05  1.7774488598e-01  2.8102592646e-01  3.4286590654e-02  2.5755280470e-01  1.1858269663e-02  1.3619547977e-01  4.5628263097e-02  1.5406722176e-01  1.4689703354e-01  1.9035421511e-01  -4.1096457717e-02  1.9291598554e-01  4.6043574840e-01  3.0241070791e-01  2.3511244887e-01  3.3107484962e-01  8.1843451150e-02  2.0869707408e-01  7.8574408159e-02  1.9259270634e-01  -1.6175241624e-01  1.5301937009e-01  1.5868594457e-02  2.7647909550e-01  
-6.0961828232e+00  7.0132395194e-05  1.8661332433e-05  -3.0209787371e-02  1.6626366077e-01  -3.5005205596e-01  1.8105043352e-01  -1.5915033312e-01  1.1486721941e-01  -5.5098446091e-02  1.5798343477e-01  2.4132494742e-01  2.4552409047e-01  -7.6750237324e-02  2.0386086164e-01  -4.1071388247e-01  2.3880612507e-01  2.7184846469e-02  1.9292960345e-01  -1.6634205356e-02  1.2444829200e-01  -2.3772924105e-01  1.2913540818e-01  -5.9436609303e-02  1.3730154894e-01  -2.0801169410e-01  2.3066254738e-01  
-5.9957771301e+00  6.2200357206e-05  1.6249568944e-05  -1.1093745476e-01  2.3180828280e-01  2.1287974396e-01  1.8657437735e-01  -2.2076767440e-01  2.5210152616e-01  -8.0817243185e-02  2.3153125711e-01  2.6182246163e-01  2.0590474430e-01  -1.9042230112e-01  2.2702155419e-01  -1.3055321428e-01  3.0259442104e-01  1.5111926787e-01  1.7022367475e-01  1.1560122414e-01  1.2653759725e-01  1.5171266933e-01  2.3120632866e-01  -1.3785145942e-01  3.0430563680e-01  8.6203107601e-02  2.1888995118e-01  
-5.8944535255e+00  8.8474429504e-05  1.9465011064e-05  2.3674665939e-01  2.1026649269e-01  -3.1484846330e-01  1.5770217360e-01  -1.0697329439e-01  2.1121614486e-01  -1.4932705911e-01  1.4249677598e-01  5.9949940912e-03  1.3440821946e-01  -4.8829643997e-02  1.6788549502e-01  7.6270523196e-02  3.1946545675e-01  2.1014795931e-02  1.4177267481e-01  -2.5834470393e-02  1.8646981833e-01  4.3185338387e-02  1.5737057052e-01  -7.0199266874e-02  2.0198382316e-01  3.5644740870e-01  1.3739180317e-01  
-5.7954339981e+00  1.1119663395e-04  2.5743054721e-05  -8.8891183805e-02  7.8625506874e-02  1.8551716756e-01  1.3313132829e-01  1.6626851595e-01  1.3099737710e-01  2.0995455281e-01  1.4475855655e-01  -1.5023283592e-01  1.3947727603e-01  1.0591246632e-01  9.8328766421e-02  4.1675951484e-01  2.3807208361e-01  4.3124975052e-02  1.5635704680e-01  1.2874395750e-01  1.4124159689e-01  1.2810032982e-01  1.6001166244e-01  7.8793059018e-02  2.2725934549e-01  -4.5536979278e-02  1.1069200201e-01  
-5.6920962334e+00  1.6902817879e-04  2.8833799661e-05  1.7011654848e-01  1.0533347724e-01  2.4066258350e-02  1.2096298463e-01  -1.0659342350e-01  1.1349513946e-01  -1.2517200570e-01  1.1048852055e-01  6.5118456301e-03  9.9772945115e-02  2.5269141551e-02  9.4273687470e-02  -7.8271977413e-02  1.0565636814e-01  1.5267273875e-01  9.6906359867e-02  -7.4056738265e-02  9.1183691776e-02  2.2094549923e-01  1.0845494074e-01  -1.2057487522e-01  1.2129350344e-01  9.1707354602e-02  1.0215940653e-01  
-5.5872402191e+00  2.6819526101e-04  4.5587017667e-05  9.3528039525e-02  7.6824356625e-02  8.2886958077e-02  8.3476441232e-02  9.2106744533e-02  8.6976303112e-02  6.1147624513e-02  8.2922613149e-02  5.0589599219e-02  1.0094771371e-01  6.4242811398e-02  1.1600000565e-01  1.5802062341e-01  8.8472017528e-02  1.5613209350e-01  9.3018474376e-02  4.3263860897e-02  1.0082061069e-01  4.6200765157e-02  1.0728461535e-01  -3.6549002870e-02  8.9677643092e-02  3.0036245344e-02  9.2314017742e-02  
-5.4872922897e+00  2.6670264197e-04  4.4805339712e-05  -4.3248096652e-02  9.2334968075e-02  -3.6692630443e-02  8.9879350189e-02  3.9443071380e-02  8.1680139418e-02  -1.0009433964e-02  7.9107472237e-02  -1.7273252157e-02  9.0578967069e-02  -1.0122151658e-01  9.4828650198e-02  1.6522884764e-01  9.4382449051e-02  1.7682141776e-02  1.0002298167e-01  -4.2739794906e-02  9.5628644397e-02  3.0646407407e-02  1.2720936000e-01  1.0090445636e-01  6.6054115060e-02  3.0371058471e-02  9.1489667492e-02  
-5.3867526054e+00  3.4700249671e-04  4.9026315537e-05  1.6067726238e-02  8.6154123145e-02  -3.0435171335e-02  8.7417239141e-02  -2.6416713866e-01  6.6683218220e-02  -1.0213115705e-01  8.2590976905e-02  1.2103213019e-02  7.6491300395e-02  -5.1094386145e-03  8.1803112070e-02  3.8806334723e-03  9.5214829811e-02  9.4046895335e-02  7.9302151884e-02  -6.6698422389e-02  7.9756035661e-02  8.0288054764e-02  7.6371352375e-02  1.6669363554e-02  8.6962113882e-02  7.3410563095e-02  7.3640418254e-02  
-5.2843017578e+00  3.9076883695e-04  5.2713810874e-05  -1.2315701944e-01  8.6362979333e-02  -8.1945461886e-02  8.0202980874e-02  3.6009952544e-03  9.7644679395e-02  -1.5930394722e-02  8.3773005699e-02  -1.0601411661e-01  6.4026601279e-02  9.4704268272e-02  8.8692345436e-02  -1.1953751804e-01  7.6859120571e-02  -5.4270981393e-02  6.7937558140e-02  -9.6294799097e-02  7.4184331354e-02  1.8665317760e-02  7.3498439423e-02  -4.9965664402e-02  6.9875047321e-02  3.8223269320e-02  7.3129158181e-02  
-5.1787877083e+00  5.9460429475e-04  6.5477957833e-05  -1.1698647819e-02  6.3211578049e-02  -1.0373363644e-01  7.9003310302e-02  -1.0333152581e-02  6.1335753572e-02  4.0997545330e-02  5.5074630921e-02  1.1646253615e-03  5.3023681723e-02  3.7641694009e-02  7.3812314388e-02  2.3592701425e-03  5.7495038068e-02  9.6315100409e-02  5.3022036396e-02  -8.7388505576e-03  5.7417653073e-02  4.0715236730e-02  6.0491486845e-02  1.3856782488e-02  7.0571778501e-02  -1.7331743512e-02  6.0224749735e-02  
-5.0807838440e+00  6.0034013586e-04  6.8800145527e-05  2.1276675499e-01  5.9101420417e-02  4.2816103018e-02  5.0836413120e-02  -4.7971987973e-02  7.0155767829e-02  -2.4337445897e-02  6.1042601681e-02  5.7924870174e-02  5.3972823021e-02  1.1111045823e-02  7.7108792693e-02  7.5510554890e-02  5.3751209617e-02  9.2683133994e-03  6.4701681692e-02  5.4892085379e-02  6.7760373740e-02  1.2285006997e-01  6.0279142295e-02  7.5002979145e-04  7.3127938180e-02  1.0267716091e-01  5.2786822556e-02  
-4.9728612900e+00  7.8550877515e-04  6.5434003773e-05  5.0765895152e-02  5.7234644023e-02  -1.7071995515e-02  6.5145423694e-02  -1.9982515078e-02  5.2123699052e-02  1.1092935107e-01  5.4787926452e-02  -1.3247002201e-02  4.9100493749e-02  3.4271820638e-03  6.0259782652e-02  5.5535304094e-02  6.2932800336e-02  3.8561786677e-02  4.9146403867e-02  7.8063836777e-02  5.3536652194e-02  -3.3224259532e-02  5.1691564007e-02  -5.2483043728e-02  5.3183266571e-02  3.7381551171e-02  4.8799129278e-02  
-4.8711128235e+00  9.3853200087e-04  7.6171876572e-05  2.3149860975e-02  4.5869923177e-02  6.7018585736e-02  4.6873692987e-02  2.0521758172e-02  5.0346540568e-02  9.7037363037e-02  5.0133574728e-02  -2.7957575899e-02  6.1376278026e-02  6.8921907216e-02  5.0362092524e-02  1.4451976032e-02  3.5541470367e-02  -6.0746345648e-03  3.5536909438e-02  -2.4071202167e-02  3.8132212916e-02  3.8046983128e-02  4.3029718712e-02  -3.2150937206e-02  5.1575935853e-02  -7.1223773062e-02  5.5885979728e-02  
-4.7702584267e+00  1.0607951554e-03  9.3134047347e-05  9.7639960066e-02  4.3773106308e-02  9.5303048768e-03  4.4525882878e-02  3.0036737382e-02  4.7711111993e-02  -3.7676786206e-02  4.5853023237e-02  3.6498982554e-02  4.0533114466e-02  1.0294790174e-04  4.6337887787e-02  -4.8839156440e-02  5.8063376332e-02  -4.1904633231e-03  4.6682740630e-02  7.1255500333e-02  5.4547045317e-02  7.3429823779e-03  4.9461607795e-02  -1.7856512752e-02  4.4840213293e-02  -1.9025014585e-02  4.4729243990e-02  
-4.6711158752e+00  9.6447189571e-04  8.6319298134e-05  5.0585234120e-02  4.6043142074e-02  -6.8838221040e-02  4.3032067798e-02  -8.4722887497e-02  4.7926956567e-02  2.2476654158e-02  4.3566506975e-02  -3.3691818617e-02  4.9645773737e-02  4.6315433457e-02  4.4929353092e-02  -4.0559322459e-02  4.4016255270e-02  -5.8764103572e-02  4.2759960318e-02  -5.4890231418e-03  4.5193713379e-02  3.6913218708e-03  4.7212956309e-02  4.0549767869e-02  4.6594988483e-02  2.8523145411e-03  5.0358000859e-02  
-4.5663981438e+00  1.3275758829e-03  9.2170455900e-05  2.9498333967e-02  4.1985011191e-02  -5.2347949865e-03  4.0475439223e-02  8.9929277115e-02  3.0725310070e-02  -8.4131781240e-02  3.3977787938e-02  7.9400563394e-04  3.1784613261e-02  1.0753206593e-02  3.3323437297e-02  -5.6689713625e-02  5.2897537186e-02  5.8686584044e-02  4.4071503013e-02  -1.6656543651e-02  4.4014691369e-02  -3.3347630151e-02  5.0625928060e-02  5.1229010034e-03  3.9988701087e-02  -9.4603909066e-02  3.8036407203e-02  
-4.4674501419e+00  1.2934094993e-03  8.6195315816e-05  5.1509071788e-02  4.1555362226e-02  -9.8015120747e-02  3.4079949868e-02  6.4645273877e-02  4.1247444376e-02  3.8275987290e-02  3.9089260376e-02  -3.3110219662e-02  4.1484156377e-02  -3.9574240676e-02  4.1019106213e-02  4.0187517941e-02  3.5831608488e-02  -3.8643187881e-02  3.8297461320e-02  2.5306353811e-02  4.1252582357e-02  1.6772242410e-02  3.5627350837e-02  3.7576672317e-02  4.0233870343e-02  -1.1989899618e-01  4.2474163640e-02  
-4.3693618774e+00  1.3916919706e-03  1.0474918963e-04  8.3412214353e-02  4.0010167335e-02  -3.6022548260e-02  4.3327426844e-02  6.4883768482e-02  3.6333372500e-02  2.7745770652e-02  3.2186260633e-02  -1.2065865438e-02  4.6730115992e-02  -4.0078272511e-02  4.0336803837e-02  3.5882915882e-03  4.3709828479e-02  -1.8623393717e-02  4.1828096068e-02  6.6419709588e-02  4.1197812186e-02  3.1184647726e-02  3.7652562610e-02  -3.2434890446e-02  3.3077329117e-02  1.0698347832e-02  4.4669528762e-02  
-4.2636923790e+00  1.5097182477e-03  9.0031076979e-05  9.9613603661e-02  4.1072310450e-02  -7.3655332952e-02  2.9363458439e-02  4.5867345676e-02  4.6729299102e-02  2.2163948548e-02  3.6782550298e-02  1.0348846102e-01  3.9833454737e-02  1.2172674076e-03  3.2634230639e-02  -1.7806657272e-02  3.7157020771e-02  1.7204342419e-02  4.0183049144e-02  -2.5434947193e-02  4.0443329149e-02  6.5891595633e-02  3.3299893972e-02  7.1775911578e-04  4.9931832515e-02  1.7371067758e-02  4.1125222246e-02  
-4.1629805565e+00  1.7365539679e-03  1.0924164235e-04  7.0576133929e-02  4.8508991425e-02  -2.8340141726e-02  3.6281854299e-02  -4.3845912023e-02  3.3933798147e-02  -3.2789932222e-02  3.9179287124e-02  2.4577261920e-03  3.6409514401e-02  -2.5667755408e-02  3.7003960697e-02  1.2572743882e-02  4.2743698430e-02  -1.6491570106e-02  3.8076627313e-02  -6.7196436759e-02  3.5955041038e-02  7.2128018782e-02  3.6628585752e-02  -6.4433219653e-02  5.3107188563e-02  2.8303997411e-03  3.3942554211e-02  
-4.0608801842e+00  1.9420603057e-03  1.0494558228e-04  1.0131157684e-01  3.8518149146e-02  1.4774989872e-02  3.2978158539e-02  4.5185987705e-02  3.0212078499e-02  9.5557537738e-03  2.8790802632e-02  -4.5496084508e-03  4.1956958254e-02  -5.2097914170e-02  3.6051060040e-02  3.5195089135e-02  3.8154503327e-02  -5.7148439734e-02  2.5940352076e-02  -1.9971142675e-02  3.8707354404e-02  -3.8040198101e-02  3.4445256581e-02  -2.3730555906e-03  4.6680730355e-02  7.7047856563e-02  3.2810313130e-02  
-3.9614491463e+00  1.9186465070e-03  1.0794068658e-04  3.1536520069e-02  3.4230287812e-02  -1.5316996248e-02  3.0697292892e-02  -2.2055639078e-02  3.9108017832e-02  3.9671780180e-02  3.0834529643e-02  -2.1511435285e-03  3.4754252337e-02  6.7750026278e-03  2.8982444856e-02  3.9195102906e-02  3.1039751263e-02  -5.0815268249e-02  2.6792763783e-02  3.6660806631e-03  3.8753567982e-02  1.4454877447e-02  3.3486667836e-02  -7.9521847699e-02  3.5199004807e-02  6.2381391242e-02  2.6715129638e-02  
-3.8598539829e+00  2.1219523624e-03  1.0851454135e-04  2.0187557215e-01  2.8741656228e-02  -3.2502015477e-03  3.8878993997e-02  1.7016401461e-01  2.9965456060e-02  -7.9656989065e-03  3.4677377797e-02  1.6825420394e-01  3.5078262547e-02  -2.2724952568e-02  3.2559770276e-02  1.4273731350e-01  3.1290816715e-02  1.5850940890e-02  3.3584338327e-02  1.3500607075e-01  2.4325493846e-02  -2.9510369277e-02  2.3391114770e-02  1.3677785196e-01  3.1783379724e-02  -1.0029034605e-02  3.4257938258e-02  
-3.7587933540e+00  2.4910075590e-03  1.0333668615e-04  1.9265848535e-01  3.1314019202e-02  -3.4106429447e-03  2.9741709975e-02  1.3847103685e-01  2.6178912688e-02  2.2067586435e-02  2.8517506018e-02  1.7368417963e-01  2.7934278778e-02  2.4172407708e-02  3.2665884957e-02  1.6252258450e-01  3.9463448057e-02  1.8840420212e-02  3.6594528291e-02  1.0039453254e-01  3.0420197902e-02  2.3634957615e-02  3.3184364148e-02  1.2340561703e-01  2.6930063525e-02  -8.4680501735e-03  2.9086658793e-02  
-3.6575603485e+00  2.3656419944e-03  1.0761171870e-04  1.9924206393e-01  2.9524955696e-02  -1.5860121897e-02  3.1743602548e-02  1.8016779012e-01  3.0156851648e-02  -3.9167864419e-02  3.5212451539e-02  1.3114217410e-01  3.6226210852e-02  -2.5154738934e-02  3.0925173191e-02  1.0575927125e-01  3.0310318795e-02  3.9431998905e-02  2.9399089964e-02  1.7410779866e-01  2.6784062412e-02  1.6903979461e-02  3.2462986048e-02  1.6072689407e-01  3.3004092843e-02  2.7871748632e-02  3.2186733348e-02  
-3.5574324131e+00  2.6827894617e-03  1.1680116586e-04  1.9191431406e-01  2.5966451975e-02  -4.1899871499e-02  3.0100039952e-02  1.5717004833e-01  2.7699074236e-02  2.5505920967e-02  2.6379218293e-02  1.2368262476e-01  3.3139822288e-02  -3.7871301248e-04  2.7018303056e-02  1.3936371143e-01  2.7332820230e-02  8.6223434152e-04  2.7532610828e-02  1.3902339643e-01  2.7769413574e-02  9.4008664161e-03  2.5143045367e-02  1.7542725072e-01  2.5497887895e-02  1.6169744620e-02  2.9309739202e-02  
-3.4551730156e+00  2.8974039014e-03  1.2108978990e-04  2.1191837167e-01  2.9703960893e-02  -1.1539845849e-02  3.3665459049e-02  1.5505115962e-01  3.1213837707e-02  5.2493068979e-02  2.6483545281e-02  1.4236753601e-01  2.0818659312e-02  1.5109770488e-03  2.6971189096e-02  9.7309911738e-02  2.8667371396e-02  -6.0830465797e-03  2.6338611596e-02  1.2754479940e-01  2.7453532807e-02  1.5233413953e-02  2.5049576132e-02  1.2617831031e-01  2.6439990981e-02  1.6607560474e-02  2.6676278777e-02  
-3.3545849323e+00  3.1627796125e-03  1.2195653835e-04  1.6574338383e-01  2.6263596106e-02  9.4004312925e-03  2.3288921965e-02  1.4908321886e-01  2.4880990263e-02  2.7889173478e-02  2.2922270716e-02  7.7161564207e-02  2.6499191003e-02  -1.7355871380e-02  3.0595421880e-02  1.1670472450e-01  3.1919190498e-02  4.5360904453e-02  2.7587819429e-02  1.3889795435e-01  2.3056671474e-02  -2.8280957372e-04  2.4803425013e-02  1.9193023626e-01  2.9338023960e-02  3.0941004713e-02  2.7782489414e-02  
-3.2567873001e+00  3.4028131049e-03  1.2472881644e-04  1.7224211854e-01  2.4246257800e-02  -8.5527424544e-03  2.4045842110e-02  1.6445343151e-01  2.1964872326e-02  2.2269933199e-02  2.7737386782e-02  1.4085500794e-01  2.6233146428e-02  -3.0923538328e-02  2.7487799408e-02  1.4697493309e-01  2.4877406496e-02  1.2512119597e-04  2.4637172231e-02  1.6962202775e-01  2.9707448069e-02  -7.5265312150e-03  2.6222749414e-02  1.5201630459e-01  2.8171390235e-02  7.8659398138e-03  2.5606444935e-02  
-3.1558930874e+00  3.4990557469e-03  1.2759628589e-04  1.6474554019e-01  2.1559841575e-02  -4.0641289701e-03  2.1879070977e-02  1.5602243524e-01  3.3782033419e-02  1.8175501443e-02  2.1499594355e-02  1.5092245717e-01  2.2379363607e-02  2.0222384834e-02  2.4249530375e-02  1.5330388032e-01  1.8394981498e-02  3.0872336418e-02  2.1346205950e-02  8.6509051372e-02  2.3852207870e-02  1.2593837008e-02  2.3991539103e-02  1.2495432779e-01  2.4200851558e-02  -1.8629261806e-02  2.2967853084e-02  
-3.0562508106e+00  3.7299830001e-03  1.4729045506e-04  6.2545988291e-02  2.7741524012e-02  -1.1797887321e-02  1.9526395084e-02  3.7291572980e-02  3.0799227819e-02  4.2478520841e-02  2.5004077799e-02  2.5245002107e-03  2.6391398547e-02  7.5223928054e-03  3.0197203765e-02  -4.0549524319e-02  2.4597079818e-02  -3.8505110776e-02  2.3200314885e-02  4.5221435803e-03  2.4315289509e-02  -1.9489662000e-02  2.2448140063e-02  1.9793512803e-02  2.5389904169e-02  4.0298953813e-03  2.3161466918e-02  
-2.9547884464e+00  4.1025169194e-03  1.7367962573e-04  2.7814237068e-02  2.8468240332e-02  -3.7292671011e-03  2.3598914204e-02  4.9995422515e-02  2.5750890792e-02  1.6634538951e-03  1.9624421172e-02  -7.1469265623e-03  2.4600448496e-02  2.5172376169e-02  2.2512794413e-02  -1.2130891842e-02  2.3130014609e-02  -1.3940426801e-02  2.1314119864e-02  -1.3042859871e-02  1.9416298173e-02  -1.3941041332e-02  2.1445224752e-02  1.2927770063e-02  2.3279529755e-02  1.1388036337e-02  2.1964440663e-02  
-2.8553738594e+00  4.3644425459e-03  1.6539936769e-04  5.1181261485e-02  2.1754785020e-02  -1.3074535796e-02  2.3095348211e-02  2.3445982686e-03  2.4900354725e-02  -6.6053574401e-03  2.1022433027e-02  3.2629447647e-02  2.4107997334e-02  1.1724014458e-02  2.4618457377e-02  4.6313072131e-03  2.5326079875e-02  1.7948069144e-02  2.3864248004e-02  -2.6073903311e-02  3.0852428355e-02  4.6671308615e-03  1.8791537478e-02  2.5061710396e-02  2.1487143589e-02  -1.4400514280e-02  2.4828525997e-02  
-2.7546265125e+00  4.8610661179e-03  1.6547426640e-04  5.7076406988e-02  1.9495946223e-02  2.4272297091e-02  2.1684474693e-02  1.9602601046e-02  1.8080040086e-02  7.6553578814e-03  1.7552085200e-02  9.6907545860e-03  2.1534294215e-02  1.4518627541e-02  2.5709028883e-02  1.0332967834e-02  1.6147738484e-02  -3.7676762112e-03  2.4219694429e-02  8.9158516529e-03  1.9668470409e-02  -2.8042119643e-02  2.0313677540e-02  -2.4630272067e-03  2.4108227849e-02  -1.6093561131e-02  2.1211094793e-02  
-2.6527607441e+00  4.9687181599e-03  1.5625954256e-04  5.2505147700e-02  1.9603508669e-02  -3.5386402597e-02  2.2500922838e-02  2.7649296847e-02  1.8518749022e-02  -9.9801917570e-03  2.0037402158e-02  -8.6718639929e-03  2.2228503025e-02  1.3465903974e-03  2.2687223646e-02  5.7049818154e-03  2.1487967609e-02  1.1131785577e-02  1.8815592899e-02  9.5281187588e-04  2.2793948505e-02  -6.0068087728e-02  2.0965410735e-02  3.3732962205e-02  1.8442647384e-02  9.9650569526e-03  1.5617557447e-02  
-2.5542039871e+00  4.8370524310e-03  1.6581837554e-04  3.3311036358e-02  2.4570518455e-02  1.7679064173e-02  2.1208153797e-02  1.3728132576e-02  1.8896749760e-02  2.1405438902e-02  2.3954390460e-02  8.3126705321e-04  2.1393393310e-02  -2.9680889442e-02  2.2925749511e-02  1.3465001048e-02  2.1636357157e-02  1.7868063137e-02  2.0511455429e-02  -9.1242137453e-03  2.1977192263e-02  -3.4400654177e-02  2.3467483171e-02  -2.6185689494e-02  2.6952637499e-02  4.4433323902e-03  1.7666034090e-02  
-2.4528577328e+00  5.3754788823e-03  1.7385657702e-04  2.6939925700e-02  2.5690803785e-02  -5.4836796293e-02  1.9274723103e-02  1.5254999706e-02  2.4923777799e-02  1.5841386984e-02  1.9184956737e-02  -6.5608021176e-03  1.9311094417e-02  1.7673146664e-02  2.1849169308e-02  -2.4399657107e-02  1.7795108207e-02  -1.8771036775e-02  1.5985699246e-02  3.0778167484e-02  2.1278139737e-02  -1.1493047645e-02  2.2121153451e-02  2.9782528646e-03  1.9910063768e-02  8.0601019376e-03  1.8528172959e-02  
-2.3534471989e+00  5.8292606845e-03  1.7473235494e-04  -7.0895504038e-03  1.8910643708e-02  -3.6199191281e-02  1.8779373639e-02  1.2722771484e-02  2.5890327782e-02  3.1538567221e-02  1.8031371314e-02  -1.9317528062e-02  2.0245426552e-02  2.1510513632e-02  1.9743503605e-02  -7.1881993962e-03  1.7279379319e-02  -3.8671217593e-02  1.6521488049e-02  1.3018658584e-02  2.1207173827e-02  7.5420060371e-03  1.8753567367e-02  -7.2727247179e-03  1.7019505141e-02  -2.0749002524e-02  1.8610893064e-02  
-2.2541527748e+00  5.8179642074e-03  1.9206349680e-04  -4.0281864298e-03  1.7931695981e-02  -4.5630459770e-03  1.9076148574e-02  -2.0877291002e-03  2.3055265553e-02  2.2903049707e-02  2.0941459486e-02  1.6881166397e-02  1.8224673344e-02  5.8500582889e-03  2.0945551196e-02  -1.7015451817e-02  2.7890807628e-02  -1.9001414439e-02  1.7541955288e-02  -1.4366097249e-02  2.1618012539e-02  -6.7812956826e-03  1.9829836561e-02  1.1838286583e-02  1.7897137093e-02  -4.5414976862e-03  1.8815435711e-02  
-2.1546812057e+00  5.9897620231e-03  1.8623485812e-04  -2.0658450619e-02  2.2280079666e-02  -1.3207274537e-02  1.6863266861e-02  -7.4358611102e-03  1.9718371116e-02  2.5716521378e-02  2.1785982501e-02  -2.1526709082e-03  2.1724331230e-02  -1.3984297692e-02  2.0473848893e-02  -1.9875317429e-03  1.6602393829e-02  -1.2057652759e-02  1.9564638963e-02  2.3092641761e-02  1.7564587111e-02  1.6431715392e-02  1.9732988062e-02  -1.3289835028e-02  2.1257377098e-02  2.3619167355e-02  1.9622559737e-02  
-2.0526962280e+00  6.6043590195e-03  2.0118948305e-04  -3.2418309092e-03  2.1383792839e-02  3.0525455449e-03  2.0934490033e-02  -1.9201108197e-02  2.0468806325e-02  3.0497801718e-02  1.7911183321e-02  1.8627022051e-02  1.6844622180e-02  -2.1474078205e-04  1.6844010060e-02  2.5971574139e-02  1.8841068381e-02  1.4131248292e-02  1.8500868791e-02  1.2544911212e-02  2.0809127712e-02  -1.0342368028e-03  2.2507487344e-02  -1.0609344579e-02  2.0006546922e-02  3.4129290577e-03  1.8687732807e-02  
-1.9526617527e+00  6.7238179035e-03  2.3793130822e-04  -5.3539538607e-03  1.8106934872e-02  -9.3940443488e-03  1.9088967672e-02  9.9489391587e-03  1.7158340029e-02  4.1362775794e-02  1.8240482369e-02  4.1921140032e-03  1.7558402863e-02  -2.1648897561e-02  1.8404535639e-02  -1.9201205872e-02  1.8943175649e-02  9.4073391067e-04  1.9813344581e-02  -1.8601871685e-02  1.6655854468e-02  -1.3267900034e-02  1.9458979981e-02  5.6881540673e-03  1.6569216709e-02  -1.0478318227e-02  1.4133402749e-02  
-1.8508286476e+00  6.6834827885e-03  2.0904614939e-04  1.2571693829e-03  1.6311506115e-02  3.9610328799e-02  1.4870493033e-02  -8.3502434498e-04  1.5890281443e-02  1.2897834923e-02  1.7373564918e-02  2.0442967284e-02  1.6251751998e-02  1.8779652013e-02  2.0822166856e-02  5.2789823373e-03  1.8558269763e-02  1.5674632518e-02  1.5547356189e-02  -2.2813526448e-02  1.8874916053e-02  -1.8729203210e-02  1.7033014755e-02  1.2780891171e-02  1.5154910419e-02  1.1438292717e-02  1.6212320284e-02  
-1.7528876066e+00  7.3252422735e-03  2.5131995790e-04  2.5173487389e-02  2.0211925421e-02  1.9223083923e-02  2.5032315964e-02  2.2710573441e-02  1.5926588586e-02  6.0625289130e-02  1.5680453933e-02  -1.9174637092e-03  1.6522642719e-02  6.6445389292e-03  1.7266302282e-02  1.3933316310e-02  2.0550252620e-02  2.8290083271e-02  1.7910335351e-02  -4.5230157735e-03  1.4155750243e-02  6.7233001167e-03  1.5696943571e-02  3.2154665195e-03  1.6845685418e-02  -2.6438261971e-02  1.7303937815e-02  
-1.6533253193e+00  7.2197215632e-03  2.6535560028e-04  2.8565655615e-03  1.5852557748e-02  -5.7921628349e-03  1.6899384755e-02  2.8656539222e-02  1.7834965162e-02  7.3897882251e-03  1.9764897259e-02  8.7351850412e-03  1.8290271895e-02  2.2538987426e-02  1.4955890893e-02  4.0483630749e-03  1.7288709029e-02  1.9126057917e-03  1.5538998423e-02  3.8940207767e-02  1.6603881229e-02  2.3733474922e-02  1.7543308437e-02  1.2490646220e-02  1.5686464891e-02  5.6506617064e-03  1.5685995628e-02  
-1.5530160666e+00  7.5920708477e-03  2.6228372008e-04  -1.5513965879e-02  1.5473544207e-02  -2.1036566720e-02  1.4592248669e-02  1.4030135056e-02  1.8030358240e-02  1.9348970966e-02  1.8519186497e-02  1.0451295841e-03  1.7703693611e-02  1.5427027515e-02  1.4188772721e-02  4.8220604046e-03  1.7420755158e-02  3.8047179048e-02  1.9843042097e-02  2.9507912220e-02  1.5861606293e-02  -9.7485991309e-03  1.5888422799e-02  -9.2692185402e-03  1.6274210385e-02  1.2397621003e-03  1.5796583638e-02  
-1.4526367188e+00  7.4387188070e-03  2.4916342227e-04  -1.6952816796e-02  1.6589615722e-02  1.1277550542e-02  1.5807011146e-02  -3.1745945695e-03  1.8586807734e-02  1.2917118769e-02  1.9634289845e-02  7.3993544657e-04  2.1061263577e-02  1.7074844733e-02  1.8927799477e-02  -1.1146270124e-02  1.8051160428e-02  -3.7648662849e-02  1.6439804133e-02  4.1356735945e-03  1.7390685301e-02  -2.8811848370e-03  1.3764662558e-02  -2.9080192273e-02  1.5771448973e-02  -8.9581027076e-03  1.6797865912e-02  
-1.3516302109e+00  7.6481280848e-03  2.8836049023e-04  1.6919062325e-04  1.8771729008e-02  1.3292449707e-02  1.8139370723e-02  1.7921702877e-03  1.7869466006e-02  4.1332277983e-02  2.2842208655e-02  9.1045988363e-03  1.8731437821e-02  8.5915571354e-03  1.5919836786e-02  -5.5312111665e-03  1.5731341474e-02  9.1500084144e-03  1.4095629696e-02  6.3817259361e-03  1.7329961241e-02  -1.4301498759e-03  1.6659163807e-02  -3.3367977744e-02  1.7139746223e-02  -5.5512953657e-03  1.6150952927e-02  
-1.2524743080e+00  7.5504495762e-03  2.7920369757e-04  -7.5039983922e-03  1.5626401111e-02  4.9071643121e-02  1.7977617369e-02  3.2343342449e-03  1.7604944477e-02  1.2682029227e-02  1.5415867255e-02  -6.4818298287e-03  1.4900399477e-02  -2.0905617728e-03  1.6211819198e-02  -1.3675011812e-03  1.8386651323e-02  -9.7652626918e-03  1.4910501469e-02  -4.4486451444e-03  1.9302636485e-02  -1.6264009175e-02  1.8641869964e-02  -1.2153872446e-02  1.7703564452e-02  -1.9255966015e-02  1.6983940987e-02  
-1.1533600092e+00  7.6418267563e-03  2.9354580329e-04  -3.4065764682e-02  1.4988066289e-02  -2.5335785138e-03  1.6733075031e-02  2.0764659938e-02  1.5225368655e-02  5.5763887318e-02  1.7247084140e-02  -8.4829272807e-03  1.7377408334e-02  -9.4094662856e-03  1.9972284749e-02  2.5768661168e-02  1.9056045430e-02  6.8794571538e-03  1.5366621972e-02  -1.2690867171e-03  1.8561229840e-02  1.7110439150e-02  1.7402619954e-02  1.9006740546e-04  1.6933486132e-02  1.3595289513e-02  1.6920970543e-02  
-1.0526309013e+00  7.5085218996e-03  3.1165065593e-04  -4.5453360038e-02  1.8253970409e-02  -5.6318238755e-03  2.1205746571e-02  5.2888621148e-03  1.7788746748e-02  4.7108636979e-02  1.6859164242e-02  3.2876645044e-02  1.9695299758e-02  -4.4277312703e-03  1.4855885519e-02  -2.6113456134e-02  1.9390412023e-02  -4.6193423662e-02  1.8667837690e-02  1.1733114691e-02  1.9264179139e-02  2.5398579084e-02  1.5551506711e-02  -1.8566980141e-02  1.4805992878e-02  2.5696263839e-02  1.3780030250e-02  
-9.5296531916e-01  7.4463114142e-03  3.3716947655e-04  1.6631366067e-02  1.7652399735e-02  1.6250825297e-02  1.6779459123e-02  -8.4150688413e-03  1.6766893839e-02  5.9281941123e-02  2.0198136702e-02  -1.7603264388e-03  1.6509081409e-02  1.3417251094e-02  1.6491731138e-02  1.5220336987e-02  1.7633433392e-02  1.7935821730e-02  1.7567416612e-02  -2.1956077530e-02  1.7223330029e-02  5.7381569783e-03  1.7204191833e-02  -1.7190084363e-03  1.5784404624e-02  1.8429903532e-02  1.5969182268e-02  
-8.5132139921e-01  7.6119559817e-03  2.8584434767e-04  6.2272029867e-03  1.6582656332e-02  2.7448606202e-02  1.7028962424e-02  -1.5776902124e-02  1.8887425093e-02  5.6020125253e-02  1.9822632658e-02  1.9937223270e-02  1.6164116153e-02  -2.0491782699e-02  1.7559922882e-02  2.2478962849e-02  1.5478846180e-02  -1.2163232622e-02  1.9182855542e-02  -2.1797697383e-02  1.7907820786e-02  2.1693317866e-02  1.5854818847e-02  3.5847216784e-03  1.3295702549e-02  5.9082240261e-03  1.8109750666e-02  
-7.5192904472e-01  8.0398898572e-03  3.2950696186e-04  -1.2191198861e-02  1.6375828424e-02  7.1272646818e-02  1.5088741375e-02  2.5123330061e-02  1.5923270514e-02  4.6639474109e-02  1.7718080557e-02  -1.6139413895e-02  1.7031422195e-02  6.8490169410e-02  1.7043293624e-02  -9.4143633199e-03  1.6432729313e-02  6.8769378930e-02  1.5710502467e-02  -2.4726416005e-03  2.0158054928e-02  4.4327427956e-02  1.3901304957e-02  -1.1625930149e-02  1.6752182054e-02  4.1648390684e-02  1.5715519187e-02  
-6.5266537666e-01  8.1860367209e-03  3.3840612741e-04  -1.5015634085e-03  1.5701517064e-02  8.8287239172e-02  2.0772451156e-02  -1.1438353462e-02  1.8778765346e-02  8.5535975819e-02  1.8402071650e-02  -1.5466648791e-02  1.5602383721e-02  4.9304208091e-02  1.6078806785e-02  -1.9969816462e-02  1.7137637941e-02  5.6595598823e-02  1.5759353594e-02  2.2876097270e-02  1.6804627765e-02  6.6312656985e-02  1.6364985990e-02  1.0452271862e-02  1.5861007293e-02  5.5278589759e-02  1.6165013453e-02  
-5.5264276266e-01  7.6637188904e-03  3.0034026713e-04  1.0353014172e-02  2.0360778948e-02  9.1392683740e-02  1.8121881500e-02  4.3593987636e-03  2.0334096886e-02  9.3474284499e-02  2.0233994901e-02  8.5369283523e-03  1.5611730531e-02  5.4245562198e-02  1.8481890218e-02  9.7780657305e-03  1.6612059571e-02  4.1168396684e-02  1.6626783148e-02  1.8917793978e-02  2.1402883925e-02  7.5959668704e-02  1.8273872371e-02  -2.0611699113e-03  1.4476857300e-02  3.3745090952e-02  1.3050828610e-02  
-4.5201709867e-01  7.8792655841e-03  3.0447059544e-04  1.8297632025e-02  1.6446881053e-02  8.4450245816e-02  1.8362783936e-02  1.4066062160e-02  1.6707163764e-02  7.3773685615e-02  1.5434200989e-02  -1.5093356175e-03  1.5197687453e-02  5.7264216396e-02  1.4285691171e-02  1.6514874244e-02  1.5018994254e-02  7.8725014262e-02  1.6116554620e-02  4.1960300551e-03  1.8691798061e-02  6.6289011427e-02  1.8012943692e-02  1.0354371732e-02  1.7052952033e-02  3.2539125570e-02  1.8799206594e-02  
-3.5306692123e-01  8.0469558015e-03  3.0723208329e-04  -2.2749175356e-02  1.9311831645e-02  5.9009576482e-02  1.6208304991e-02  4.8703718588e-02  2.2823230025e-02  1.3448180106e-01  1.6788270055e-02  -9.8166823769e-04  1.5605006033e-02  8.8996004693e-02  1.7784170052e-02  -1.4579677512e-03  1.3354525317e-02  6.7688565777e-02  1.6942614907e-02  -3.9428634500e-03  2.1355640216e-02  6.7506681177e-02  1.8333166550e-02  5.7175960920e-03  1.5722065522e-02  8.7970697378e-02  1.3606637825e-02  
-2.5302740932e-01  7.9614613205e-03  3.1631879392e-04  4.5771738287e-03  1.8854116149e-02  8.9432586060e-02  1.5015984759e-02  1.3864151811e-03  1.6097596880e-02  7.7781126511e-02  1.7382955379e-02  1.7881665716e-03  1.5785576839e-02  5.8469851330e-02  1.4977472396e-02  1.4712256831e-02  1.7896799987e-02  5.9914375940e-02  1.7527485163e-02  -1.3153880317e-02  1.7196734159e-02  6.6402158339e-02  1.4428920189e-02  -2.4453683929e-03  1.6516472854e-02  7.5845612631e-02  1.5648062502e-02  
-1.5132379532e-01  7.6827565208e-03  3.0117607093e-04  3.7202500790e-03  1.7022380973e-02  7.6152451564e-02  1.9403014976e-02  -4.7816221813e-03  1.4095558613e-02  6.9596900700e-02  1.5079991367e-02  -1.4230780711e-03  1.8383398345e-02  8.0282990650e-02  1.7216259330e-02  5.3532616847e-03  1.5182284447e-02  7.2770779458e-02  1.7038209817e-02  -1.3341827057e-02  1.7316194693e-02  7.7223653544e-02  1.8279683510e-02  9.4035461507e-03  1.6631169941e-02  8.2373901745e-02  1.5724353516e-02  
-5.2940227091e-02  8.3232540637e-03  3.2282317989e-04  -1.3673214403e-02  1.8823519094e-02  9.5267651489e-02  1.4797808750e-02  6.6469124238e-03  2.1063118107e-02  7.8048942345e-02  1.6663857596e-02  -2.2494925357e-02  1.6977190717e-02  7.4532255834e-02  1.8867549408e-02  2.3193739868e-02  1.4747489890e-02  7.9323158504e-02  1.4962981226e-02  1.0111022156e-02  1.5661381415e-02  5.4426772976e-02  1.3783293806e-02  -3.1191833925e-04  1.4015088772e-02  6.2932850983e-02  1.7177596242e-02  
4.7728121281e-02  7.7360239811e-03  2.7461349964e-04  -1.4043556460e-02  1.4974302247e-02  6.5482802879e-02  1.8172394429e-02  7.0056558622e-03  2.0736856148e-02  7.5346074238e-02  1.5041958473e-02  4.7188404792e-03  1.5650194218e-02  4.6440974828e-02  1.7705893772e-02  6.4980144692e-04  1.6148390979e-02  1.0109072353e-01  1.5192524318e-02  -1.8577993287e-02  1.5058724616e-02  2.8956054938e-02  1.4755787215e-02  8.6006179656e-04  1.6192372315e-02  5.1567530640e-02  1.5373353849e-02  
1.4659199119e-01  8.2237645984e-03  3.0671362765e-04  -1.8047974207e-02  1.4990920723e-02  5.9476485096e-02  1.6901762066e-02  1.5772679336e-02  2.0707922076e-02  1.2243912962e-01  1.6808553720e-02  -7.7505063216e-03  1.9527364397e-02  6.4962100504e-02  1.5607743445e-02  5.7372245679e-03  1.7053655640e-02  5.9698220228e-02  1.8254495738e-02  -1.4533411930e-02  1.7835133315e-02  8.3528180816e-02  1.5975325397e-02  1.1750988282e-02  1.6544887388e-02  5.7362083422e-02  1.6273743051e-02  
2.4732854962e-01  7.9225106165e-03  2.8211143217e-04  -1.6482844464e-02  1.5340466017e-02  7.0716416881e-02  1.5682783642e-02  1.5365185444e-02  1.5759874763e-02  8.4319919424e-02  1.8073233426e-02  3.1161675990e-02  1.5862254746e-02  9.3300879838e-02  1.7954892963e-02  3.1369839339e-02  1.9045265372e-02  8.7414851070e-02  1.9235290948e-02  -1.6267804089e-03  1.6359259680e-02  5.8077337448e-02  1.7314830486e-02  3.2910480411e-02  1.5023175858e-02  5.0973992795e-02  1.8240873890e-02  
3.4817072749e-01  8.0012613907e-03  3.1651745667e-04  1.9509098169e-02  1.3667043487e-02  5.1790930825e-02  1.7095191219e-02  9.3255448203e-03  1.3507140760e-02  7.7145877541e-02  1.4961390698e-02  -1.9496435917e-02  1.6173260900e-02  2.4614165062e-02  1.5212254567e-02  2.3013532143e-02  1.6498071006e-02  4.3268578013e-02  2.0568117065e-02  5.4310504573e-03  1.9617226092e-02  6.4750839101e-02  1.3907816892e-02  -1.5198556020e-03  1.3486565141e-02  3.8390983390e-02  1.8925850573e-02  
4.4704172015e-01  7.4565494433e-03  2.8113982989e-04  -1.0223958537e-02  1.7359430356e-02  5.2675462955e-02  1.9165049082e-02  4.2548091907e-04  1.8447284085e-02  9.4428592495e-02  1.6539827703e-02  3.3537919338e-03  1.9732363314e-02  6.1789785873e-02  1.6513465883e-02  8.4985973354e-03  1.8518508455e-02  5.4068382221e-02  1.9962594990e-02  7.8114575602e-03  1.8877509085e-02  7.1926343198e-02  1.7981302179e-02  -1.7974980615e-03  1.7265127674e-02  3.5494300841e-02  1.7686083320e-02  
5.4739809036e-01  7.5915707275e-03  3.1788623892e-04  2.9443075918e-02  1.6652896070e-02  8.9175478688e-02  1.8573989863e-02  1.1210827183e-02  1.7984668551e-02  7.9728141655e-02  1.8559935985e-02  -1.6183952535e-02  1.7532484339e-02  6.4503464886e-02  1.6410143140e-02  5.8537089903e-03  1.3288568055e-02  4.0078554188e-02  1.3744099474e-02  2.4072957092e-02  1.4698551209e-02  5.7913510737e-02  1.4582216787e-02  -1.5666936933e-02  1.7888970971e-02  4.4266246259e-02  1.5507736954e-02  
6.4469724894e-01  7.0178089663e-03  2.8156556073e-04  -2.6532728795e-02  1.6501911062e-02  6.3871429435e-02  1.9307519105e-02  -6.5992645021e-03  1.8134572850e-02  6.1593341052e-02  1.6151530328e-02  8.0330208436e-03  1.8050941961e-02  4.1916170899e-02  1.2959572956e-02  3.7895808714e-03  1.9214583842e-02  8.2487730728e-02  1.9567831868e-02  -4.8640116328e-03  1.7517085247e-02  5.7566673020e-02  1.8645498261e-02  1.3305786576e-03  1.7869648154e-02  7.3633629753e-02  1.7802780664e-02  
7.4687951803e-01  7.1330838837e-03  2.8468659730e-04  -9.2544101502e-03  1.9230347423e-02  5.2085296802e-02  1.6443995464e-02  8.3896365986e-03  1.4946404676e-02  1.0091459820e-01  1.6241698404e-02  5.3478900301e-03  1.8288987726e-02  5.2435467628e-02  1.9088264628e-02  2.9632713171e-02  1.6229060929e-02  7.2875524054e-02  1.7529059044e-02  2.2190758426e-02  1.8986449659e-02  6.4376471336e-02  1.7320730390e-02  -3.6778073325e-03  2.0319550680e-02  7.5453623217e-02  1.9860789335e-02  
8.4742707014e-01  7.2983386926e-03  3.2544007991e-04  1.1574330193e-02  1.7799574000e-02  -1.2275931155e-02  1.7248451467e-02  -1.8093552029e-03  2.0215527581e-02  2.1086399596e-02  2.1686507841e-02  -9.7761096585e-03  1.8148207897e-02  1.8189717683e-02  1.8430818706e-02  1.2120348625e-02  1.9988928786e-02  8.8080175380e-04  1.5020624066e-02  1.5305926032e-03  2.1003279050e-02  -1.0400801645e-02  1.6464063949e-02  3.3555316891e-02  1.5117623185e-02  5.1834250100e-03  1.5500589760e-02  
9.4694197178e-01  7.0066982880e-03  2.8426881181e-04  1.8532453818e-02  1.9796435724e-02  8.2018598296e-03  1.5291155222e-02  1.4880216348e-02  1.5568220028e-02  5.8611672676e-02  1.7913004940e-02  -4.4142335311e-02  1.9386626031e-02  6.5394183163e-03  2.0435952458e-02  5.4343720798e-03  1.5551639455e-02  -1.0652885397e-02  1.8522943401e-02  1.1296214122e-02  1.6087675372e-02  -3.1748987392e-02  1.7130960789e-02  -1.5779279412e-03  1.4977421453e-02  2.8582043148e-02  1.3560416537e-02  
1.0469632149e+00  6.5500391647e-03  2.3531123588e-04  -6.1499064525e-03  2.0129457135e-02  2.0580125203e-02  2.3944602491e-02  4.3927466915e-02  1.9869966178e-02  6.3721643913e-02  1.8848225428e-02  -8.4870504120e-03  1.3676898076e-02  5.8150409658e-03  1.5847743737e-02  3.2575168191e-02  1.7026455401e-02  -3.4226593256e-03  1.6907296540e-02  -7.0160252291e-03  1.8661768326e-02  -1.2524624521e-02  1.7131820411e-02  9.0243763906e-03  1.7524577004e-02  1.5276080149e-02  1.6743536874e-02  
1.1463840008e+00  6.5664188005e-03  2.6098577655e-04  3.1906829159e-02  2.1225015045e-02  9.5251941559e-03  1.8710586055e-02  3.2112151251e-02  1.9126116713e-02  3.2099353929e-02  1.9044703032e-02  2.7360761842e-02  1.4917284030e-02  -3.0480655024e-02  1.6943267603e-02  -2.8959849545e-02  2.0191909597e-02  2.0529436052e-02  1.6959316349e-02  5.1470059035e-03  1.7616576168e-02  -2.8589615018e-04  1.8636643832e-02  -4.9410757600e-03  1.7204413098e-02  -6.9309986212e-03  2.0642726821e-02  
1.2475510836e+00  6.2889191322e-03  2.6046822313e-04  2.4960812800e-03  1.8867346947e-02  1.8685239842e-02  1.8232995707e-02  -3.2271475885e-03  1.8361264118e-02  6.9233111429e-02  1.7383609299e-02  -2.2965085788e-02  1.9152043586e-02  2.7867683114e-02  2.0662062270e-02  -4.2570499339e-03  1.9790796919e-02  -1.7064463775e-04  1.9423365389e-02  1.6824742665e-02  2.1240655846e-02  2.9359060891e-02  1.9129106073e-02  3.9318182373e-02  1.9743041482e-02  -5.0025326758e-03  1.9708773386e-02  
1.3472660780e+00  6.1295456253e-03  2.4971124367e-04  4.5030685032e-03  2.0597973374e-02  -1.9811859525e-02  2.1388313525e-02  -3.4336446632e-03  1.7821669462e-02  2.7698494684e-02  1.9782591474e-02  1.8185753005e-02  1.9865966842e-02  -8.2415840814e-03  2.0938796986e-02  1.7444902304e-02  2.1123517699e-02  -1.0104888988e-02  1.9604823168e-02  -1.6425429416e-02  2.1406572407e-02  -2.3870941955e-02  1.9020118535e-02  1.7390843490e-02  2.2578295702e-02  -1.1617659639e-02  1.9935666132e-02  
1.4466624260e+00  6.0854894109e-03  2.4699649657e-04  3.3395016813e-02  2.0107881702e-02  -2.4665585320e-02  1.7420644002e-02  -2.0306400774e-02  2.0535179107e-02  2.6636389635e-02  2.2006554212e-02  -1.1093382477e-02  1.9221503744e-02  -3.2378102501e-02  2.0212837433e-02  1.7199960604e-02  2.1819466590e-02  8.5080092683e-03  2.4093575312e-02  -2.1043230779e-02  1.7613321131e-02  -1.2993929813e-02  1.9256044580e-02  -1.8210695139e-02  2.3381316681e-02  5.6894049590e-04  1.9448793581e-02  
1.5451554060e+00  5.5508618243e-03  2.1147818188e-04  1.3357058576e-02  1.7033591537e-02  -8.7668752483e-03  2.2159966557e-02  3.7147399019e-02  1.8968716977e-02  1.6442172914e-02  1.9169185711e-02  2.7123075112e-02  2.1358146250e-02  -2.9116486205e-03  1.9714852255e-02  3.5177057875e-02  1.7279210139e-02  8.3535914784e-03  1.9122715454e-02  1.0526898252e-02  2.1161806703e-02  2.3471436881e-02  2.2904212903e-02  6.5948268602e-04  1.8360500251e-02  -1.3039586367e-02  2.0107440608e-02  
1.6445064545e+00  5.3755026311e-03  2.1917867707e-04  -2.4006284614e-03  2.0092253148e-02  1.9077722154e-02  2.6183241568e-02  2.7680020361e-02  1.9427612309e-02  1.8967307401e-02  2.4374951643e-02  -6.6456619635e-03  1.7811178626e-02  1.8998478558e-02  1.6103527547e-02  -3.7043181722e-03  2.1193039433e-02  3.7958552681e-02  1.8251922001e-02  3.9528998793e-02  2.0816029416e-02  -1.3767616343e-02  2.1473484150e-02  -3.9756161271e-03  2.3949197764e-02  3.4593203770e-02  2.3206046349e-02  
1.7459635735e+00  5.0866194069e-03  2.0992592908e-04  -1.0224360381e-02  1.9217759456e-02  -5.2414434010e-03  1.9803364921e-02  1.8792077063e-02  2.1372136494e-02  5.8579366620e-03  2.0409294075e-02  4.2109237262e-02  1.9752485039e-02  -1.7294300290e-03  2.1172360387e-02  2.1238768207e-02  1.8368466896e-02  -1.1604274761e-02  2.0031287373e-02  -1.0376298844e-03  1.7744879565e-02  3.3072706559e-02  2.0604281190e-02  -7.8381306954e-04  2.0253949704e-02  4.0121988108e-02  2.1296125451e-02  
1.8448805809e+00  4.9110013060e-03  1.9244600844e-04  9.4323817032e-03  2.6277098238e-02  4.4259406372e-03  2.5894538497e-02  1.2750866918e-02  2.3714804766e-02  3.0511182558e-03  2.0315984856e-02  -3.7552182848e-02  1.9839493624e-02  7.6761028007e-03  1.8999593218e-02  2.3266062844e-02  1.8868225128e-02  -2.7862594862e-02  1.9439522398e-02  -1.7891141206e-02  2.2655296406e-02  -8.9762306164e-03  1.7789502700e-02  8.0000048133e-03  2.0915535145e-02  2.1543812244e-02  2.0487980586e-02  
1.9438849688e+00  4.7834031284e-03  1.8940183509e-04  1.0760979261e-02  1.8168036279e-02  1.5593769266e-02  1.8936502269e-02  -3.9758697456e-02  2.2002018766e-02  2.7666030395e-02  2.3353336591e-02  -1.1134259331e-02  2.3573164975e-02  2.3318298693e-02  1.8944032168e-02  -6.1903498076e-03  2.2869013284e-02  1.3982582077e-02  2.2035558516e-02  1.5790867743e-02  2.1525722184e-02  2.8697130251e-02  1.7906970716e-02  -9.1909403433e-03  2.0275065423e-02  6.4401352660e-03  2.3405719627e-02  
2.0434200764e+00  4.6842680313e-03  1.9533879822e-04  -1.3820768020e-02  2.8686843078e-02  2.9105504543e-03  2.4297965733e-02  -1.0630316107e-02  2.5772620986e-02  4.7192633666e-04  2.0674041757e-02  -2.2841463772e-04  2.0401464341e-02  1.3578913327e-02  2.1464291147e-02  -5.0708304563e-03  1.9929515748e-02  -2.0363384725e-02  1.7432027816e-02  4.0670434276e-03  1.9049490546e-02  -9.1622916944e-03  1.9460429225e-02  1.4478084427e-02  1.9487186810e-02  -8.8050581482e-03  2.0590286475e-02  
2.1447429657e+00  4.2353458703e-03  1.7222043243e-04  4.4857479366e-02  2.5692766147e-02  -2.3568089348e-02  2.1600842165e-02  3.7643562299e-02  2.2743960702e-02  5.6590208005e-03  2.0589876861e-02  -6.3746664656e-04  2.1097008720e-02  -1.2017218244e-02  2.2062882015e-02  3.0448166711e-02  2.5935563194e-02  -4.8789067536e-02  2.4287312857e-02  1.7502886376e-02  2.1934134797e-02  2.6056573346e-02  2.4443955207e-02  -6.1521624918e-02  2.5553300070e-02  5.8998456537e-03  2.0711501378e-02  
2.2440757751e+00  4.2955661193e-03  1.8823216669e-04  2.8709414719e-02  2.7931087336e-02  -1.7675601184e-02  2.2551105588e-02  3.9548444266e-03  1.9454258566e-02  3.5192191829e-02  1.9733460325e-02  -9.0099149550e-03  2.3090287151e-02  9.8432139187e-04  2.2131863778e-02  3.0616709924e-02  2.1688750980e-02  9.7130110905e-03  1.8820488348e-02  1.9450340886e-02  2.4474861839e-02  -4.6175764327e-03  2.4856931217e-02  -1.1343557649e-02  2.0251135748e-02  6.0365171815e-03  2.5053989007e-02  
2.3443412781e+00  3.7069711834e-03  1.6600050731e-04  -4.6738456973e-02  2.6273017267e-02  1.2628157713e-02  2.2124759852e-02  7.1934712160e-03  2.4654689962e-02  -3.6758775215e-02  2.2758553033e-02  5.8288012325e-03  2.9608265490e-02  -6.1629340439e-03  2.4312787617e-02  -1.5872750061e-02  2.1978249774e-02  -2.6683235259e-03  2.6656368604e-02  4.7932846547e-03  2.3452869184e-02  7.0432292945e-03  2.2826590364e-02  8.4596390311e-03  2.3652342539e-02  -1.3569963588e-02  2.5870054532e-02  
2.4421501160e+00  3.8546361029e-03  1.6092651640e-04  -4.2604012632e-04  2.6973364460e-02  -1.4061351045e-02  2.7191804634e-02  8.0902941848e-03  2.0789514638e-02  2.3473130853e-02  2.5815452193e-02  -2.3133579549e-03  1.8078216596e-02  -4.1359582883e-04  1.8475178194e-02  3.9813671755e-02  2.4439368487e-02  -3.7847146392e-03  2.5890775455e-02  1.0382582409e-02  2.3482369947e-02  -2.3918604203e-02  2.4581739913e-02  -2.7207810812e-02  2.2893176620e-02  3.1122569508e-02  2.3713798378e-02  
2.5457522869e+00  3.5812817514e-03  1.5928011271e-04  -9.3138493545e-03  2.4730858393e-02  -2.3984144106e-03  2.4163140853e-02  -2.6826929054e-02  2.5022966784e-02  2.9353571447e-02  2.1951424841e-02  1.4026320872e-02  2.5296570045e-02  -1.6382885280e-02  2.5792642946e-02  -5.7947432539e-03  2.6859035709e-02  -1.5879793297e-03  2.3128700744e-02  -2.3425162580e-02  2.4456681109e-02  -2.6689703519e-02  2.8202500668e-02  -2.8004196891e-02  2.3435874364e-02  1.2473239855e-03  2.2266829194e-02  
2.6417498589e+00  3.1516165473e-03  1.3158783258e-04  -7.5164467327e-03  3.1807000546e-02  1.7883651709e-02  2.6218828199e-02  2.5054259150e-02  2.3309549902e-02  1.0076909729e-02  2.2766286197e-02  -1.5750323002e-02  2.7564753734e-02  -5.8161719650e-03  3.2739091556e-02  -7.5491455369e-03  2.5900009969e-02  4.5288284214e-02  2.6340835056e-02  2.9681350637e-02  2.6084785768e-02  1.6494069990e-02  2.3202140888e-02  3.5483364491e-02  3.4104487902e-02  -3.9814152337e-02  3.1571646551e-02  
2.7408447266e+00  2.8946227394e-03  1.4016554633e-04  -1.7763105302e-02  2.8764101621e-02  7.5785012903e-05  2.4651746774e-02  -1.6222057303e-02  2.6397047947e-02  4.2805929664e-03  2.2837522428e-02  -6.1311332167e-02  2.6446757069e-02  -3.8657202575e-02  2.5714765445e-02  -1.7560354315e-02  2.4793501166e-02  -8.6741029937e-04  2.5506727515e-02  2.4343119345e-04  2.9841403480e-02  -7.1796422969e-03  2.6749302674e-02  2.2797002561e-03  2.8474572967e-02  -5.8104455813e-02  2.9496420421e-02  
2.8405530453e+00  2.8373908717e-03  1.2243801029e-04  -2.7235533073e-02  2.6550430218e-02  -6.0035244866e-04  2.4036481696e-02  -8.5610128418e-03  2.6827361476e-02  1.0500741586e-02  2.7662453188e-02  -2.5365601503e-02  3.1346776916e-02  9.3691204591e-03  2.7603477768e-02  -2.8569982881e-02  2.4664784071e-02  4.2393933411e-02  2.6595445756e-02  5.6380857072e-04  2.2147074764e-02  2.4841920121e-02  2.9689457059e-02  -5.8683733969e-02  4.2220120156e-02  3.0757732157e-02  3.4816794520e-02  
2.9391710758e+00  2.4259174243e-03  1.2083976617e-04  -2.9373082085e-02  2.6055767264e-02  -1.4661642143e-02  2.8187429273e-02  -4.6780467984e-02  2.8191302484e-02  2.1633973545e-02  2.9521937006e-02  -5.6937639958e-03  2.4782536018e-02  2.9212100222e-02  2.9346298246e-02  2.2154165223e-02  2.8776435173e-02  -1.2404234266e-03  2.7641421744e-02  -2.2585211008e-02  2.4758015948e-02  -4.7501785947e-02  2.9277964635e-02  -3.9335233254e-02  2.7709917858e-02  1.1554738116e-02  2.9509202002e-02  
3.0395364761e+00  2.1417613607e-03  9.9515185866e-05  2.4834776720e-02  4.0859053777e-02  3.4710559975e-02  3.1826910406e-02  9.0019509110e-03  3.7789158640e-02  3.9071986205e-02  3.6461368958e-02  7.4610060347e-02  3.9475955226e-02  -3.1796777488e-02  2.9293174635e-02  -1.7068674883e-02  3.2797873973e-02  4.9754194345e-02  2.9999838933e-02  1.1842933822e-01  4.1801694495e-02  1.4351970184e-02  3.6479274953e-02  -3.0039750230e-02  3.0675641341e-02  -3.3636832515e-02  2.9331785969e-02  
3.1377534866e+00  2.1029619966e-03  1.1701069161e-04  -5.0217407965e-02  2.6555063693e-02  -1.6589477478e-02  3.0440805804e-02  9.4203296384e-03  2.6711713866e-02  -6.2459429270e-02  2.9408258482e-02  -3.1261856364e-02  4.2417456162e-02  -5.5333735535e-02  4.1178967050e-02  -3.5906334142e-02  3.5479543943e-02  3.6491168036e-02  3.1790675973e-02  1.7404758695e-02  4.0639702681e-02  -1.9123985318e-03  3.6519341611e-02  -1.6613684906e-04  3.2132143471e-02  6.1449462589e-03  2.8469132417e-02  
3.2379701138e+00  1.8371945480e-03  9.4445262221e-05  -1.7283546479e-02  3.3776761900e-02  6.2095759272e-04  3.6481371652e-02  3.0895202193e-02  3.1318871142e-02  -2.1518604336e-02  3.0285325650e-02  6.3346419635e-02  3.2991478844e-02  2.0913955632e-02  3.8017198817e-02  -7.4339804981e-02  3.4378774357e-02  4.9571052488e-03  3.1769310700e-02  -2.7775548949e-03  3.4381809959e-02  -8.1827455787e-03  3.8850036748e-02  3.7446620988e-02  4.7571915193e-02  8.3217984864e-02  3.3457944776e-02  
3.3381116390e+00  1.8463780871e-03  9.5482297183e-05  -3.7764369448e-03  4.4724496210e-02  1.9421479330e-02  3.8218153317e-02  -1.6596459000e-03  3.6510868343e-02  1.2500124708e-02  3.1012338337e-02  -1.0632912439e-02  4.2039151783e-02  -4.9359203183e-02  3.2286019660e-02  2.6351829601e-02  3.5653042466e-02  5.6975328235e-03  3.3216228713e-02  2.1326791391e-02  3.5768474743e-02  1.0151542467e-02  3.2178114617e-02  -2.5672842449e-02  4.3370005624e-02  -1.5318618702e-02  3.6257078983e-02  
3.4365336895e+00  1.6004698118e-03  8.4325496573e-05  -7.1321469827e-02  3.7543294231e-02  -9.9758620300e-03  3.8885377108e-02  -1.6559104264e-02  3.3502305600e-02  2.0611079220e-02  3.5446382735e-02  -2.1730435055e-02  3.2381995857e-02  1.6490587102e-02  3.5344292239e-02  3.1086566354e-02  4.4058794401e-02  3.6808018720e-03  3.2435029792e-02  7.1761276003e-02  4.1358280531e-02  -3.6061149452e-02  4.9385580540e-02  4.1911113266e-02  4.6306029869e-02  6.3800585931e-02  3.2506832386e-02  
3.5324261189e+00  1.4435128542e-03  9.8753582279e-05  3.9831019710e-02  3.9875075086e-02  -7.9023735256e-02  4.1087575186e-02  5.8251450446e-02  4.1627366151e-02  1.0720645896e-02  4.2384939005e-02  7.0256377430e-03  4.7400982571e-02  -8.2566714484e-02  3.7625115467e-02  -4.3234309980e-02  4.1556263548e-02  -2.8295931568e-02  4.3167342681e-02  -4.2470989540e-02  3.5948819773e-02  3.4683103559e-02  3.7984505788e-02  8.3931949056e-03  4.3616095087e-02  -5.3731872947e-02  3.9163403270e-02  
3.6337282658e+00  1.3307069894e-03  8.3308841567e-05  1.7528183012e-02  4.5091754239e-02  -6.1337134557e-03  4.6054398861e-02  3.7738428565e-02  4.0254356061e-02  -4.0962915202e-02  4.6732017309e-02  -3.5256074627e-02  3.6402215139e-02  2.2837627907e-02  3.7258351176e-02  -4.6543563055e-03  4.5431293462e-02  -2.8354136254e-02  3.7705385150e-02  3.8171484515e-02  3.7309943526e-02  2.8714054834e-02  3.8696706307e-02  -5.1244999719e-02  4.4078315301e-02  -2.8677216788e-02  3.8553438449e-02  
3.7300510406e+00  1.0667733150e-03  8.2736834884e-05  1.4123793690e-02  3.7575697792e-02  2.1347594923e-02  3.6608205873e-02  -1.9302700732e-02  3.5047589187e-02  3.7895891720e-02  4.9076882482e-02  -8.8535831671e-02  5.2314712163e-02  1.1615910471e-02  4.1795385453e-02  -6.8684700116e-02  4.9842222442e-02  2.9176370421e-02  4.3822701978e-02  -5.9325552032e-02  3.4369696500e-02  -6.0217599708e-02  4.4868026230e-02  5.1439990575e-02  4.5142656105e-02  2.3267254842e-02  3.9174116007e-02  
3.8288073540e+00  9.7530888161e-04  7.2316026490e-05  6.1954142754e-02  4.0934295173e-02  -5.3065279689e-02  4.1999371621e-02  -3.6206798039e-02  4.8309395152e-02  1.4653439767e-02  3.8138571221e-02  -1.5743422234e-02  4.4960924433e-02  -4.3252342457e-02  4.6767416955e-02  5.6667042459e-02  4.1972834518e-02  -1.3464460918e-02  5.3528249900e-02  -1.8971224125e-02  4.0238439010e-02  3.5369748117e-02  4.4272123895e-02  1.6298322886e-02  4.2859758133e-02  2.6402302676e-02  4.1926606129e-02  
3.9281497002e+00  9.1618340230e-04  6.4144514909e-05  2.7706119698e-02  4.4446583886e-02  1.3811447766e-02  4.0357136133e-02  -2.6852899530e-02  6.2035564996e-02  -1.0865782075e-02  5.1708420245e-02  -7.9815460518e-03  5.3909878528e-02  2.7660505312e-04  5.9577300899e-02  1.3347871718e-02  4.7100377954e-02  -2.6918463333e-02  4.9086667523e-02  2.6692258194e-03  5.0501929653e-02  1.3597357581e-02  4.9432950684e-02  -1.8209100674e-03  5.0364158263e-02  6.3623546832e-02  4.6870402354e-02  
4.0271387100e+00  8.4597588284e-04  6.0788166593e-05  -5.7676227237e-03  6.0835216462e-02  8.9627663600e-03  5.9110407018e-02  5.3411279330e-02  5.6331177256e-02  -5.1533397477e-02  4.8465636671e-02  -3.2195464223e-02  5.7726656369e-02  -8.0041659274e-02  5.2050153342e-02  -6.5539814114e-02  5.3159942378e-02  -1.3830058289e-02  4.7923832041e-02  -6.5761857115e-02  4.8391960559e-02  5.0156531152e-02  5.3034966251e-02  -7.4336717627e-02  4.1684828176e-02  -6.8182407897e-02  5.0838279047e-02  
4.1248612404e+00  7.0390122710e-04  6.2260689447e-05  -3.1544460141e-02  6.4768561791e-02  2.4623456611e-02  4.4025988890e-02  -7.7607782862e-02  5.1584288016e-02  -4.4921692594e-02  4.7523076118e-02  -1.4091413784e-02  5.7965106948e-02  -2.9467863658e-02  5.6444317520e-02  -3.3624991489e-02  5.4309853281e-02  -9.6803653073e-02  5.1880864095e-02  4.8197250984e-02  5.3179814281e-02  -6.8999872562e-02  5.8669539745e-02  8.1159804244e-02  5.1615775051e-02  9.0099245690e-02  5.9832404953e-02  
4.2209420204e+00  5.8605789673e-04  5.4126936448e-05  5.1112040592e-02  6.2245067639e-02  1.0218478698e-02  5.4177170364e-02  2.8836006793e-02  7.4480487318e-02  1.2680772981e-01  5.9449401170e-02  5.2290361032e-02  5.6394630036e-02  -1.2892390351e-03  6.3226559932e-02  -2.3321175188e-02  6.8811956478e-02  -8.8926844451e-02  6.5092899973e-02  1.0871915377e-02  7.0226404671e-02  6.0926544632e-02  6.5807933233e-02  8.0658715522e-02  5.5703364660e-02  6.2007870867e-02  5.8784529333e-02  
4.3219332695e+00  5.9944088571e-04  5.7750541600e-05  1.6333450530e-02  6.9880944018e-02  1.2658488059e-02  5.7765387343e-02  5.6954368341e-02  6.3931203009e-02  -4.8507373096e-02  5.1796997738e-02  3.6093482273e-02  6.5853534180e-02  -1.5400644605e-01  5.5306350304e-02  2.1357576583e-02  6.0259964250e-02  5.9892266305e-02  5.4919668984e-02  -2.8816019831e-02  6.0692635908e-02  -2.8410912632e-03  5.7838421446e-02  2.5942338747e-02  6.4904446712e-02  -1.1141643407e-01  5.5789594471e-02  
4.4199256897e+00  4.9878068967e-04  4.9528684031e-05  2.8639679347e-02  5.5922983288e-02  1.0569979729e-01  6.5202397386e-02  2.8905992900e-02  5.4441960406e-02  -2.0104437560e-02  7.3660733422e-02  -6.4060839235e-02  6.5773792619e-02  6.8258185016e-02  6.5095878208e-02  -1.1861276703e-01  6.5145334900e-02  5.3865026759e-02  6.5569300350e-02  5.2367189170e-03  5.2358930814e-02  5.9488491716e-02  8.8147043375e-02  -3.9206619336e-02  6.3296821861e-02  -6.9890873393e-02  6.3483417051e-02  
4.5177264214e+00  4.3451657984e-04  4.8489091569e-05  -3.3093799922e-02  7.0488616179e-02  -1.1563324259e-01  6.7534828325e-02  7.3145864455e-02  7.1345823538e-02  -6.6045813831e-03  6.3047082107e-02  9.8360146643e-02  6.7806635140e-02  9.5010296955e-02  7.9876916032e-02  -2.7343999991e-02  6.7191676473e-02  -9.7245601000e-03  6.9549174318e-02  -1.0965244700e-01  6.3040083913e-02  -1.4468503249e-01  6.8139525973e-02  6.7589809586e-02  7.6233028334e-02  1.2844182125e-01  5.3634501843e-02  
4.6155653000e+00  3.4428859362e-04  4.2230753024e-05  1.2575644539e-02  8.5028257087e-02  -2.4370347031e-02  8.9731634172e-02  -2.3663741092e-01  9.6031917057e-02  1.7221152595e-02  8.7983147636e-02  -1.0136881767e-01  8.5268622125e-02  3.6343746686e-02  8.1767870961e-02  -9.5224086803e-02  8.4367860713e-02  6.7590793975e-02  7.9449521203e-02  6.5782181310e-02  6.3170417193e-02  -6.9060666335e-02  6.9613967194e-02  -2.0078021957e-01  7.0809204863e-02  6.4836118921e-02  8.3180522587e-02  
4.7105364799e+00  2.5449000532e-04  3.5595076042e-05  -1.0034642650e-01  1.0560739564e-01  8.6226008338e-02  9.2008568805e-02  1.7058689999e-01  9.4971208175e-02  7.8712854832e-03  8.4641334284e-02  7.6698969898e-02  1.0442969769e-01  -1.5405667360e-01  1.1972471298e-01  -1.4210855383e-01  9.8581454825e-02  -9.1083012331e-02  1.0147410330e-01  -4.3064297310e-02  7.7344249985e-02  -1.4248374834e-01  9.0487414392e-02  1.4105054024e-02  1.2394819991e-01  -1.5923098999e-01  1.0792899219e-01  
4.8124418259e+00  2.5907211239e-04  3.7923047785e-05  -5.6171609260e-02  1.1582323247e-01  -2.0794670188e-02  1.4184339871e-01  9.7310871152e-02  9.0344546465e-02  2.3184445852e-02  1.0908399938e-01  -2.3990039427e-02  8.4272038180e-02  -3.4062450115e-02  9.1134956271e-02  1.7226561828e-01  1.1176203915e-01  3.1882622339e-02  7.4420122438e-02  3.3618453219e-03  7.3732020807e-02  1.2249125593e-01  9.1072982755e-02  -9.6266766981e-03  9.6585857888e-02  4.0692950609e-03  8.4386708623e-02  
4.9094390869e+00  2.0318086899e-04  3.5724940972e-05  -2.4770238537e-02  8.8467481513e-02  8.3159360616e-02  1.2491309860e-01  -6.7614069365e-02  1.0089385452e-01  -1.4541268714e-01  8.9035131986e-02  -1.6166417863e-01  9.4083315520e-02  1.0871153013e-01  9.6158692324e-02  1.9727632662e-01  7.4964734519e-02  -3.4624745680e-02  9.6421309703e-02  4.5345313031e-02  1.1088687701e-01  -4.5560452373e-02  1.3199771755e-01  -3.0197829132e-02  1.0365024546e-01  -7.8590382550e-03  1.1371438237e-01  
5.0076713562e+00  1.5349885507e-04  2.7759178920e-05  1.8549502915e-01  1.3658342009e-01  -1.2351496084e-01  1.1353002593e-01  -4.1606530231e-02  9.6428557098e-02  1.1546324406e-01  1.2296203795e-01  2.2050570742e-01  1.9756216200e-01  -2.0743237208e-01  1.7548251460e-01  -2.2237769028e-01  1.1391737789e-01  -1.2412564289e-01  1.2373815888e-01  -1.2793698093e-01  9.2292671917e-02  -8.7191517541e-02  1.0223862700e-01  1.3856948175e-01  1.8041730507e-01  1.3172191495e-01  1.4399718989e-01  
5.1055178642e+00  1.1701478797e-04  2.7546899219e-05  5.0637335923e-02  1.3975265264e-01  5.1730845998e-02  8.8338091949e-02  8.2416897164e-03  1.4075080580e-01  1.0620578690e-01  1.1347033529e-01  -1.3094949730e-01  1.4361368191e-01  1.1799514674e-01  1.0083017236e-01  2.1236863930e-01  1.4208586050e-01  -1.8781955707e-01  1.1127307738e-01  -1.5030098737e-01  1.1695588696e-01  1.3127901116e-01  1.5986442651e-01  -1.4777641219e-01  1.3778491715e-01  -1.6769240192e-02  9.0340114744e-02  
5.2064185143e+00  1.1707540398e-04  2.5610392186e-05  1.5585904835e-01  1.3647643426e-01  7.7901298404e-02  9.6745012520e-02  4.1153710657e-02  1.1942390280e-01  -4.3613422274e-03  1.0969535011e-01  -1.7575723739e-01  1.0861442342e-01  5.5689977121e-02  1.1606843303e-01  1.4921412731e-01  1.4889174622e-01  9.8998593128e-02  1.0568215060e-01  1.6447642636e-01  2.7641368820e-01  3.0434975499e-01  1.8158704340e-01  1.1818207421e-02  1.4013812558e-01  1.7591152340e-01  1.0307636118e-01  
5.3034868240e+00  6.1745588027e-05  1.7183903765e-05  -2.0717693972e-01  1.6358063057e-01  -6.4860527318e-02  1.1856939296e-01  1.6316566373e-01  2.7031250010e-01  -1.1434775847e-01  1.7331898220e-01  -2.7243574161e-01  2.7033925944e-01  3.1405166308e-01  1.6242353041e-01  3.8143620237e-02  2.0575590560e-01  1.6528080495e-01  1.7519366438e-01  3.0933660071e-01  1.7572033739e-01  -1.8186170448e-01  1.3404987906e-01  1.9611227877e-01  1.7803764816e-01  5.7736747081e-02  2.4488836012e-01  
5.4022703171e+00  3.8135047362e-05  1.2929274817e-05  -8.1852350536e-02  2.1491273570e-01  -1.3474498412e-01  1.5676359726e-01  -4.1848712977e-01  3.2220036513e-01  -1.5079629292e-01  1.9460150835e-01  -3.0006521096e-02  3.1135231124e-01  -3.3627298566e-01  1.5066543592e-01  -4.6994129806e-02  1.2385097641e-01  -2.2109202353e-01  3.0433803932e-01  -1.2230272238e-01  2.0071188772e-01  -5.4424805434e-02  1.6619047023e-01  1.1741536118e-01  1.6744853620e-01  -2.4923191235e-02  2.2348872049e-01  
5.5019655228e+00  4.7440029448e-05  1.5412686480e-05  -1.2814436859e-01  2.3980166270e-01  -3.4938784421e-02  1.2955546645e-01  -8.6843451352e-02  1.8971676410e-01  -1.1244346171e-01  1.5619587921e-01  -2.1693682355e-02  1.8614291447e-01  1.7868396442e-01  3.1810832624e-01  2.8503239459e-01  2.3792477735e-01  1.7991614608e-01  1.8685052433e-01  -6.5695049403e-02  2.2632826524e-01  2.8317029289e-02  1.9389297940e-01  -3.5122474876e-01  3.0747521658e-01  -2.8820172361e-02  1.3589836685e-01  
5.6020832062e+00  3.8214016968e-05  1.4961741726e-05  -1.4150480379e-01  2.6185511340e-01  1.0986666119e-01  1.1156699997e-01  -7.5615477197e-01  2.7586580279e-01  -7.9999336764e-03  2.7706078278e-01  1.6040377288e-01  1.5655425741e-01  5.4285258777e-02  2.3010312219e-01  8.3545917954e-02  1.2326627726e-01  -1.3256699434e-01  1.4414883999e-01  7.9979367288e-02  1.3184091879e-01  -1.6944420155e-01  1.4186448971e-01  9.6274190639e-02  3.8890400641e-01  6.2851777134e-02  1.4265634468e-01  
5.7003464699e+00  1.0897769243e-05  7.9605733845e-06  4.7741973765e-01  1.1918624224e-01  1.7900494689e-01  3.7494789227e-01  -5.0264180148e-01  7.4852578535e-01  6.2025539995e-02  1.1912623419e+00  5.1367515888e-01  7.6691345772e-01  4.9078039521e-01  8.3335485759e-01  -2.1928381680e-01  4.5950073687e-01  -1.1401989722e-01  2.3611248726e-01  -4.4785597533e-02  3.3349108994e-01  2.9591499497e-01  5.8573109967e-01  -5.8999914676e-02  7.7230383371e-01  -1.6314789334e-01  1.0306868594e+00  
5.8006510735e+00  6.3310062615e-06  4.5311394388e-06  5.7824346697e-01  2.3776389765e-01  2.2934627427e-01  5.7502562115e-01  6.7949082216e-01  1.1749159622e+00  -2.0045851262e-01  8.3829985438e-01  -2.3875270373e-01  1.1532315869e+00  5.2528814850e-02  1.0919337205e+00  -3.2736441523e-01  2.2385870058e-01  2.1293445327e-01  1.1388758477e+00  8.9571511943e-02  4.5570679784e-01  -5.8356487842e-01  3.4721903682e-01  4.7239957423e-01  5.9668248707e-01  1.6774751504e-01  7.8335329323e-01  
5.9009933472e+00  1.5190277736e-05  9.3856015155e-06  2.4677278238e-01  5.4001405314e-01  -3.0397336873e-03  4.7541354938e-01  9.5022286079e-01  1.6403760471e-01  -1.1469757717e-01  5.6018997472e-01  -3.9102359420e-01  1.2222653307e+00  -4.9623801696e-02  6.8431804355e-01  3.4092601469e-01  3.8793281292e-01  -1.1033650556e-01  7.0260492505e-01  1.9010582057e-01  1.5024187754e-01  6.0426539882e-01  4.4561700811e-01  -1.7791840008e-01  4.2474113535e-01  5.0725678163e-03  4.8938386623e-01  
6.0003371239e+00  3.5308241877e-06  3.5127670799e-06  -1.6957407594e+00  1.6986318436e+00  -9.6747544309e-03  9.6875697823e-03  -1.4022314664e-02  1.4045087729e-02  5.9001560418e-01  5.9062938545e-01  9.7437243985e-01  9.7568449396e-01  3.8751229705e-01  3.8795593131e-01  -1.3884953844e+00  1.3911312894e+00  -1.1009438135e+00  1.1020451383e+00  -7.9775790171e-01  7.9885373059e-01  -2.4894596211e-01  2.4925130319e-01  -3.4179885777e-01  3.4249900306e-01  -1.5675411601e-01  1.5695223832e-01  
6.1000261307e+00  2.4948853934e-06  2.4821235911e-06  -1.7406068396e+00  1.7435115182e+00  -3.7855513424e-01  3.7905996240e-01  -2.2342420427e+00  2.2364915459e+00  -6.8278361036e-01  6.8349386707e-01  8.3116572350e-02  8.3229265851e-02  9.0642650456e-01  9.0746410440e-01  4.9329692277e-01  4.9425679473e-01  6.0895778756e-01  6.0957150817e-01  7.4621034277e-01  7.4727322919e-01  3.4217020649e-02  3.4258793832e-02  -8.7714014248e-01  8.7894347549e-01  -6.9188597068e-01  6.9275941053e-01  
6.2000393867e+00  3.9397996261e-06  3.9196465877e-06  0.0000000000e+00  0.0000000000e+00  0.0000000000e+00  0.0000000000e+00  0.0000000000e+00  0.0000000000e+00  0.0000000000e+00  0.0000000000e+00  0.0000000000e+00  0.0000000000e+00  0.0000000000e+00  0.0000000000e+00  0.0000000000e+00  0.0000000000e+00  0.0000000000e+00  0.0000000000e+00  0.0000000000e+00  0.0000000000e+00  0.0000000000e+00  0.0000000000e+00  0.0000000000e+00  0.0000000000e+00  0.0000000000e+00  0.0000000000e+00  
6.2999939919e+00  0.0000000000e+00  0.0000000000e+00  0.0000000000e+00  0.0000000000e+00  0.0000000000e+00  0.0000000000e+00  0.0000000000e+00  0.0000000000e+00  0.0000000000e+00  0.0000000000e+00  0.0000000000e+00  0.0000000000e+00  0.0000000000e+00  0.0000000000e+00  0.0000000000e+00  0.0000000000e+00  0.0000000000e+00  0.0000000000e+00  0.0000000000e+00  0.0000000000e+00  0.0000000000e+00  0.0000000000e+00  0.0000000000e+00  0.0000000000e+00  0.0000000000e+00  0.0000000000e+00  
6.4000005722e+00  0.0000000000e+00  0.0000000000e+00  0.0000000000e+00  0.0000000000e+00  0.0000000000e+00  0.0000000000e+00  0.0000000000e+00  0.0000000000e+00  0.0000000000e+00  0.0000000000e+00  0.0000000000e+00  0.0000000000e+00  0.0000000000e+00  0.0000000000e+00  0.0000000000e+00  0.0000000000e+00  0.0000000000e+00  0.0000000000e+00  0.0000000000e+00  0.0000000000e+00  0.0000000000e+00  0.0000000000e+00  0.0000000000e+00  0.0000000000e+00  0.0000000000e+00  0.0000000000e+00  
6.5000000000e+00  0.0000000000e+00  0.0000000000e+00  0.0000000000e+00  0.0000000000e+00  0.0000000000e+00  0.0000000000e+00  0.0000000000e+00  0.0000000000e+00  0.0000000000e+00  0.0000000000e+00  0.0000000000e+00  0.0000000000e+00  0.0000000000e+00  0.0000000000e+00  0.0000000000e+00  0.0000000000e+00  0.0000000000e+00  0.0000000000e+00  0.0000000000e+00  0.0000000000e+00  0.0000000000e+00  0.0000000000e+00  0.0000000000e+00  0.0000000000e+00  0.0000000000e+00  0.0000000000e+00  
6.5999979973e+00  0.0000000000e+00  0.0000000000e+00  0.0000000000e+00  0.0000000000e+00  0.0000000000e+00  0.0000000000e+00  0.0000000000e+00  0.0000000000e+00  0.0000000000e+00  0.0000000000e+00  0.0000000000e+00  0.0000000000e+00  0.0000000000e+00  0.0000000000e+00  0.0000000000e+00  0.0000000000e+00  0.0000000000e+00  0.0000000000e+00  0.0000000000e+00  0.0000000000e+00  0.0000000000e+00  0.0000000000e+00  0.0000000000e+00  0.0000000000e+00  0.0000000000e+00  0.0000000000e+00  
6.7000064850e+00  0.0000000000e+00  0.0000000000e+00  0.0000000000e+00  0.0000000000e+00  0.0000000000e+00  0.0000000000e+00  0.0000000000e+00  0.0000000000e+00  0.0000000000e+00  0.0000000000e+00  0.0000000000e+00  0.0000000000e+00  0.0000000000e+00  0.0000000000e+00  0.0000000000e+00  0.0000000000e+00  0.0000000000e+00  0.0000000000e+00  0.0000000000e+00  0.0000000000e+00  0.0000000000e+00  0.0000000000e+00  0.0000000000e+00  0.0000000000e+00  0.0000000000e+00  0.0000000000e+00  
6.7999935150e+00  0.0000000000e+00  0.0000000000e+00  0.0000000000e+00  0.0000000000e+00  0.0000000000e+00  0.0000000000e+00  0.0000000000e+00  0.0000000000e+00  0.0000000000e+00  0.0000000000e+00  0.0000000000e+00  0.0000000000e+00  0.0000000000e+00  0.0000000000e+00  0.0000000000e+00  0.0000000000e+00  0.0000000000e+00  0.0000000000e+00  0.0000000000e+00  0.0000000000e+00  0.0000000000e+00  0.0000000000e+00  0.0000000000e+00  0.0000000000e+00  0.0000000000e+00  0.0000000000e+00  
6.9000024796e+00  0.0000000000e+00  0.0000000000e+00  0.0000000000e+00  0.0000000000e+00  0.0000000000e+00  0.0000000000e+00  0.0000000000e+00  0.0000000000e+00  0.0000000000e+00  0.0000000000e+00  0.0000000000e+00  0.0000000000e+00  0.0000000000e+00  0.0000000000e+00  0.0000000000e+00  0.0000000000e+00  0.0000000000e+00  0.0000000000e+00  0.0000000000e+00  0.0000000000e+00  0.0000000000e+00  0.0000000000e+00  0.0000000000e+00  0.0000000000e+00  0.0000000000e+00  0.0000000000e+00  
7.0000000000e+00  0.0000000000e+00  0.0000000000e+00  0.0000000000e+00  0.0000000000e+00  0.0000000000e+00  0.0000000000e+00  0.0000000000e+00  0.0000000000e+00  0.0000000000e+00  0.0000000000e+00  0.0000000000e+00  0.0000000000e+00  0.0000000000e+00  0.0000000000e+00  0.0000000000e+00  0.0000000000e+00  0.0000000000e+00  0.0000000000e+00  0.0000000000e+00  0.0000000000e+00  0.0000000000e+00  0.0000000000e+00  0.0000000000e+00  0.0000000000e+00  0.0000000000e+00  0.0000000000e+00  
