#pT  dN/(2pi dy pT dpT)  dN/(2pi dy pT dpT)_err  vn{SP}  vn{SP}_err
1.0501106083e-01  1.2578242084e+01  3.4372294978e-01  2.1897928606e-03  5.3732261434e-04  1.7838321137e-03  5.4559360750e-04  7.0257661869e-05  6.3069126970e-04  2.7720666548e-04  9.3223475143e-04  nan  nan  nan  nan  
1.9945226610e-01  8.0765680128e+00  2.2347533286e-01  2.1570732319e-03  8.4482462204e-04  6.5467601173e-03  6.5504949174e-04  9.2042867297e-04  6.0610106006e-04  -2.7298628266e-04  6.8387199606e-04  nan  nan  nan  nan  
2.9781836271e-01  4.5418232493e+00  1.3005298831e-01  2.4549812896e-03  9.8574020214e-04  1.2740890940e-02  8.7290431026e-04  2.4797971842e-03  6.5469882106e-04  7.8498285252e-04  8.0281457227e-04  nan  nan  nan  nan  
3.9720582962e-01  2.5223439108e+00  7.5899866741e-02  3.4568622154e-03  1.2694524211e-03  1.9284108846e-02  1.1376138972e-03  1.4322454112e-03  7.5866797434e-04  2.6809938161e-03  1.1085364414e-03  nan  nan  nan  nan  
4.9689564109e-01  1.4117717267e+00  4.4661740929e-02  4.7932191799e-03  1.4488587574e-03  2.5470250942e-02  1.6734336583e-03  2.5623634640e-03  9.7221851609e-04  -1.4865601768e-04  1.1803776450e-03  nan  nan  nan  nan  
5.9671527147e-01  7.9764361410e-01  2.6868793524e-02  4.7504137516e-03  1.7352093693e-03  3.5923176568e-02  2.0562898459e-03  5.2177667127e-03  1.2831315365e-03  5.8027736606e-04  1.4508048709e-03  nan  nan  nan  nan  
6.9649541378e-01  4.5289695885e-01  1.6385629952e-02  4.8629352041e-03  2.2692408287e-03  4.1671784443e-02  2.6485857155e-03  4.1569444734e-03  1.3228780240e-03  2.2027035490e-04  1.5437836838e-03  nan  nan  nan  nan  
7.9621446133e-01  2.5752777569e-01  1.0049167441e-02  4.7206349130e-03  2.8547196375e-03  5.3034058184e-02  3.4487964085e-03  5.6611385250e-03  1.9102666509e-03  5.8461024911e-03  2.3142622144e-03  nan  nan  nan  nan  
8.9614880085e-01  1.4587058282e-01  6.2200685693e-03  5.9520975687e-03  2.8647429512e-03  6.0132725441e-02  4.0506618526e-03  4.3551005507e-03  2.6657309243e-03  1.6262151375e-04  2.5211150186e-03  nan  nan  nan  nan  
9.9604499340e-01  8.2873021452e-02  3.8213853328e-03  6.2494793743e-03  3.6377654032e-03  6.8347823446e-02  5.1664647896e-03  2.8160972130e-03  2.8413268799e-03  1.3879620282e-03  3.1918053234e-03  nan  nan  nan  nan  
1.0962677002e+00  4.7109255385e-02  2.3606458997e-03  4.9123608888e-03  4.0678431668e-03  8.1968832859e-02  5.6017040540e-03  -1.4766144055e-03  3.4021347507e-03  1.4219585074e-02  4.2838167141e-03  nan  nan  nan  nan  
1.1959902048e+00  2.6823966905e-02  1.4726575963e-03  4.2505517649e-03  5.8244807862e-03  7.6319898450e-02  5.9005316098e-03  1.3887532812e-02  5.2539392605e-03  8.8480113682e-03  5.2466438759e-03  nan  nan  nan  nan  
1.2959271669e+00  1.5229739146e-02  8.5574566819e-04  1.1530443989e-02  6.1183975136e-03  9.3096342727e-02  7.0320297370e-03  1.4119035302e-03  5.9019054492e-03  2.5735160780e-02  8.5157368559e-03  nan  nan  nan  nan  
1.3965191841e+00  8.8645679487e-03  5.3105298652e-04  1.1195889404e-02  7.5245640233e-03  1.1087065585e-01  8.8559412676e-03  6.3585780642e-03  5.2176662732e-03  2.6425063654e-02  9.5248163064e-03  nan  nan  nan  nan  
1.4961541891e+00  5.3709570772e-03  3.2710628828e-04  9.9725262162e-03  7.1265243692e-03  1.2124290611e-01  1.0781606350e-02  5.9411590145e-03  9.3765382979e-03  2.5748702198e-02  9.8175272294e-03  nan  nan  nan  nan  
1.5966064930e+00  3.2508990055e-03  2.0505132482e-04  1.3099971234e-02  8.9250496393e-03  1.2298239730e-01  1.1695164634e-02  5.8896628203e-04  1.0696584877e-02  -2.6986169518e-03  1.3771163180e-02  nan  nan  nan  nan  
1.6963406801e+00  2.0340367525e-03  1.3655388005e-04  2.3715153204e-02  1.4614499065e-02  1.2523240488e-01  1.2376225541e-02  2.1377992577e-02  1.1966558433e-02  1.4952720111e-02  1.4271721767e-02  nan  nan  nan  nan  
1.7965849638e+00  1.2445937532e-03  8.6797702399e-05  2.1174757300e-02  1.2351385504e-02  1.4467376608e-01  1.4671439448e-02  4.1846358443e-02  1.5753050315e-02  2.6343018016e-02  1.9294370655e-02  nan  nan  nan  nan  
1.8972792625e+00  8.1480571345e-04  5.8212122217e-05  1.7571369981e-04  1.7570822288e-02  1.5110694558e-01  1.6849442446e-02  3.3013500913e-02  1.8634333701e-02  3.0784585669e-02  2.1226701368e-02  nan  nan  nan  nan  
1.9979567528e+00  4.8625212431e-04  3.8737526136e-05  3.3222319322e-02  1.9608216473e-02  1.5565696242e-01  2.3360269719e-02  3.8674352983e-02  3.0513677016e-02  3.9945619271e-02  3.1558408722e-02  nan  nan  nan  nan  
2.0952868462e+00  3.1982269917e-04  2.6975766934e-05  -6.0936079910e-03  2.6157307007e-02  1.7576172211e-01  2.4393804502e-02  5.9541007075e-02  2.9813856837e-02  8.5531165510e-02  3.7032256867e-02  nan  nan  nan  nan  
2.1949200630e+00  2.0305321809e-04  1.9542736029e-05  -2.4502245446e-03  3.1009521424e-02  2.1201094222e-01  4.0647950622e-02  2.5408900681e-02  3.2455622334e-02  1.0876999283e-01  4.6726254087e-02  nan  nan  nan  nan  
2.2966785431e+00  1.4012071049e-04  1.3287678364e-05  6.9139080127e-02  3.2661029077e-02  2.0148296400e-01  4.0267865305e-02  6.5967483137e-02  4.8504371426e-02  -9.0032222344e-03  6.7546703619e-02  nan  nan  nan  nan  
2.3960185051e+00  7.7650460608e-05  8.1957338067e-06  -6.5108121905e-02  4.4465498113e-02  2.3193407052e-01  4.6383861670e-02  7.1478915804e-02  5.9996756631e-02  -5.4433953430e-03  9.7063356179e-02  nan  nan  nan  nan  
2.4947533607e+00  5.9677926217e-05  6.7211171188e-06  5.2167378423e-02  4.1676868901e-02  2.4571773226e-01  7.2323331220e-02  -4.2384583944e-02  5.1699227904e-02  1.7194684267e-01  8.0055855727e-02  nan  nan  nan  nan  
2.5951836109e+00  3.7889267079e-05  4.4318355221e-06  2.7468530906e-02  5.7410690793e-02  2.8788367970e-01  6.0430214930e-02  4.3255201629e-02  6.8823172614e-02  2.0578015789e-01  1.1687322610e-01  nan  nan  nan  nan  
2.6999137402e+00  2.5142335826e-05  3.7689007778e-06  3.4584001214e-02  7.2195125430e-02  1.6522572590e-01  6.6609623001e-02  2.1332061488e-02  1.1878344842e-01  -3.0470528566e-01  1.5625438412e-01  nan  nan  nan  nan  
2.7966461182e+00  1.6354193397e-05  2.9523704983e-06  -1.5652358844e-02  9.8123828805e-02  2.1273585182e-01  9.4830504108e-02  1.3099360493e-01  1.2681108020e-01  8.0634604531e-02  1.8861516883e-01  nan  nan  nan  nan  
2.8951840401e+00  1.1018007264e-05  2.0658172272e-06  8.7281193376e-02  9.6074831176e-02  2.8162793895e-01  1.4625982974e-01  2.3450685539e-01  1.2705200135e-01  4.4759094507e-02  1.9093522401e-01  nan  nan  nan  nan  
2.9983825684e+00  5.3142663125e-06  1.2165995576e-06  -6.5179831120e-02  1.1254928529e-01  3.9565527134e-01  1.3536278343e-01  -1.8937046716e-01  2.0802215389e-01  -9.3843362590e-01  2.3388271076e-01  nan  nan  nan  nan  
3.0929658413e+00  3.8218256892e-06  1.0148980513e-06  -4.2768838344e-02  1.9353907051e-01  4.2363247844e-01  2.8018575508e-01  2.6293505763e-01  2.8900080783e-01  1.8312776096e-01  5.1106157714e-01  nan  nan  nan  nan  
3.2034146786e+00  3.3756723240e-06  1.1192411067e-06  -2.1519550534e-01  2.3017546313e-01  8.0076667558e-02  2.1014719034e-01  -5.6262417916e-02  1.3349497624e-01  1.9329647642e-01  4.0039814745e-01  nan  nan  nan  nan  
3.2938551903e+00  2.9861084051e-06  7.8043633995e-07  -2.7652806763e-01  2.0525969336e-01  3.5576705651e-01  1.9224192893e-01  -1.6941764399e-01  1.6557748433e-01  2.3396787323e-01  2.8991499275e-01  nan  nan  nan  nan  
3.4014034271e+00  1.9401349559e-06  7.3350191428e-07  -4.2938478232e-01  2.9570594549e-01  1.0058787067e-01  2.8967853243e-01  -4.3254328385e-02  3.3381732036e-01  -4.0098788970e-01  2.8960503901e-01  nan  nan  nan  nan  
3.4920177460e+00  7.8699678101e-07  4.0527110576e-07  -4.5311549516e-01  3.9944638815e-01  2.6525159415e-01  5.0607247570e-01  -9.3649608969e-02  4.3886215011e-01  4.6279537730e-01  8.5244729931e-01  nan  nan  nan  nan  
3.5829758644e+00  6.8207574210e-07  3.4396299427e-07  -6.1802880830e-01  3.1333697721e-01  -1.1636208687e-01  1.5012372961e-01  -3.5278392224e-01  3.1164625618e-01  -6.7451034658e-01  4.0513745437e-01  nan  nan  nan  nan  
3.6500000954e+00  0.0000000000e+00  0.0000000000e+00  nan  nan  nan  nan  nan  nan  nan  nan  nan  nan  nan  nan  
3.8110961914e+00  1.6326897166e-07  1.6243391337e-07  nan  nan  nan  nan  nan  nan  nan  nan  nan  nan  nan  nan  
3.9197423458e+00  4.0149829035e-07  2.9794189496e-07  -3.7346488945e-01  1.1439927837e+00  5.2712948375e-01  1.2265711903e+00  -1.1164993362e+00  6.4949932280e-01  1.0096117353e+00  1.8656749992e+00  nan  nan  nan  nan  
3.9713807106e+00  3.1156058690e-07  2.2131139406e-07  -6.5422758748e-01  8.1177863662e-01  -1.5023247948e-01  2.5090824430e-01  -6.0549242474e-02  3.3042354942e-01  -1.2395783181e-01  7.2869836126e-01  nan  nan  nan  nan  
