#pT  dN/(2pi dy pT dpT)  dN/(2pi dy pT dpT)_err  vn[2]  vn[2]_err
1.0833374411e-01  1.0609186074e-02  3.3987005538e-04  0.0000000000e+00  0.0000000000e+00  9.1089613736e-02  4.7731507570e-02  7.8942872584e-02  5.3143385798e-02  0.0000000000e+00  0.0000000000e+00  0.0000000000e+00  0.0000000000e+00  6.5982528031e-02  5.8895260096e-02  
2.0391964912e-01  1.0939972859e-02  2.8345760983e-04  6.7321017385e-02  2.9064111412e-02  3.7378046662e-02  6.0992557555e-02  0.0000000000e+00  0.0000000000e+00  0.0000000000e+00  0.0000000000e+00  6.1121657491e-02  3.1818833202e-02  0.0000000000e+00  0.0000000000e+00  
3.0175057054e-01  1.0703892333e-02  2.7833618189e-04  5.6640483439e-02  2.1360589191e-02  0.0000000000e+00  0.0000000000e+00  0.0000000000e+00  0.0000000000e+00  0.0000000000e+00  0.0000000000e+00  2.0080337301e-02  6.3410729170e-02  5.2599497139e-02  2.3505773395e-02  
4.0179270506e-01  9.9748092836e-03  2.4324626355e-04  3.9877645671e-02  2.9127495363e-02  0.0000000000e+00  0.0000000000e+00  0.0000000000e+00  0.0000000000e+00  0.0000000000e+00  0.0000000000e+00  4.1317272931e-02  2.5393806398e-02  0.0000000000e+00  0.0000000000e+00  
5.0091993809e-01  8.9850059278e-03  2.0668244742e-04  4.7141905874e-02  2.5159662589e-02  2.9837341979e-02  3.0185306445e-02  0.0000000000e+00  0.0000000000e+00  2.3991689086e-03  3.4057253599e-01  3.9544519037e-02  2.4196691811e-02  0.0000000000e+00  0.0000000000e+00  
6.0058426857e-01  8.1148667713e-03  1.6202997829e-04  5.6919321418e-02  2.1052991971e-02  3.0324855819e-02  2.9182437807e-02  0.0000000000e+00  0.0000000000e+00  0.0000000000e+00  0.0000000000e+00  0.0000000000e+00  0.0000000000e+00  8.5289077833e-03  8.3279378712e-02  
7.0027434826e-01  7.3416674742e-03  1.7351892967e-04  6.6235482693e-02  1.2646230869e-02  1.5890646726e-02  4.2103409767e-02  1.9510852173e-02  3.8287829608e-02  0.0000000000e+00  0.0000000000e+00  2.9654355720e-02  2.6845762506e-02  0.0000000000e+00  0.0000000000e+00  
7.9984945059e-01  6.4860947721e-03  1.6852627447e-04  7.2183810174e-02  1.4049084857e-02  2.2600185126e-02  3.3714324236e-02  4.3383672833e-02  1.9654799253e-02  0.0000000000e+00  0.0000000000e+00  3.4749500453e-02  2.1550755948e-02  0.0000000000e+00  0.0000000000e+00  
8.9948934317e-01  5.6163268251e-03  1.3548123982e-04  8.6515210569e-02  1.4178005047e-02  5.4505940527e-02  1.4774631709e-02  5.1471617073e-02  2.2328272462e-02  0.0000000000e+00  0.0000000000e+00  3.1595211476e-02  2.8563147411e-02  0.0000000000e+00  0.0000000000e+00  
1.0001589060e+00  4.8739145447e-03  1.3159523643e-04  7.7356725931e-02  1.4460352249e-02  5.2353415638e-02  1.8231473863e-02  0.0000000000e+00  0.0000000000e+00  3.9810318500e-02  2.7545787394e-02  0.0000000000e+00  0.0000000000e+00  0.0000000000e+00  0.0000000000e+00  
1.1002511978e+00  4.2134824232e-03  1.0786512989e-04  1.0820610076e-01  1.3532238081e-02  9.1586142778e-02  1.5036911704e-02  1.9334960729e-02  4.0797155350e-02  4.1572690010e-02  1.9787374884e-02  3.9582204074e-02  2.0134855062e-02  3.4186292440e-02  2.4448843673e-02  
1.1993302107e+00  3.5976765055e-03  9.2475029924e-05  9.3742072582e-02  1.3599569909e-02  1.1299411952e-01  1.2398633175e-02  0.0000000000e+00  0.0000000000e+00  0.0000000000e+00  0.0000000000e+00  0.0000000000e+00  0.0000000000e+00  3.2990440726e-02  2.3675648496e-02  
1.2986947298e+00  3.1317417357e-03  8.2894239646e-05  9.2848077416e-02  1.7947867513e-02  7.8193195164e-02  1.5985060483e-02  5.1200091839e-02  2.2005638108e-02  0.0000000000e+00  0.0000000000e+00  3.5320010036e-02  3.2737076283e-02  5.9747751802e-02  1.5819087625e-02  
1.3995162249e+00  2.5569936788e-03  8.2119489046e-05  9.7192540765e-02  1.8126238137e-02  1.3065107167e-01  1.2998584658e-02  8.0288112164e-02  2.5575336069e-02  6.3903994858e-02  2.0539013669e-02  2.9929891229e-02  4.3522089720e-02  2.3337205872e-02  5.2273225039e-02  
1.4995908737e+00  2.1615772336e-03  6.6015023512e-05  1.1689752340e-01  1.7973139882e-02  1.4649400115e-01  1.5143119730e-02  6.6463470459e-02  2.2379495203e-02  0.0000000000e+00  0.0000000000e+00  0.0000000000e+00  0.0000000000e+00  2.9358634725e-02  4.8554670066e-02  
1.5986987352e+00  1.7606477291e-03  4.9969665261e-05  7.2799853981e-02  2.2011511028e-02  1.6648821533e-01  1.6653301194e-02  1.0523105413e-01  1.5412554145e-02  0.0000000000e+00  0.0000000000e+00  0.0000000000e+00  0.0000000000e+00  6.8012803793e-02  2.8282713145e-02  
1.6982651949e+00  1.4440299461e-03  4.7694527879e-05  9.8914846778e-02  2.0631210878e-02  1.8836662173e-01  1.4701232314e-02  5.6665614247e-02  3.7437897176e-02  0.0000000000e+00  0.0000000000e+00  4.2172890157e-02  4.6922892332e-02  3.8204893470e-02  4.8370193690e-02  
1.7988615036e+00  1.1802744524e-03  4.3840603126e-05  1.0005579144e-01  2.3150814697e-02  1.6406252980e-01  1.6369098797e-02  6.1636827886e-02  3.6665704101e-02  1.3292384334e-02  1.5014369786e-01  8.1336393952e-02  2.6669954881e-02  6.0608115047e-02  4.4217851013e-02  
1.8983887434e+00  9.7063953490e-04  3.5275176953e-05  1.0369155556e-01  3.2289963216e-02  1.6979146004e-01  1.7816968262e-02  9.3379855156e-02  3.4946385771e-02  0.0000000000e+00  0.0000000000e+00  3.6081351340e-02  7.0029079914e-02  0.0000000000e+00  0.0000000000e+00  
1.9979305267e+00  7.9750199254e-04  3.4936820697e-05  8.7218083441e-02  3.2088849694e-02  2.1095469594e-01  1.8194772303e-02  1.5350538492e-01  2.7194721624e-02  0.0000000000e+00  0.0000000000e+00  3.1569041312e-02  1.1076274514e-01  0.0000000000e+00  0.0000000000e+00  
2.0986075401e+00  6.3724478649e-04  2.7029348327e-05  2.9726829380e-02  2.2645065188e-01  2.5727316737e-01  2.8097927570e-02  4.3076008558e-02  1.4636223018e-01  1.5598523617e-01  4.2145874351e-02  0.0000000000e+00  0.0000000000e+00  1.0441371799e-01  5.8590970933e-02  
2.1979715824e+00  5.0979940156e-04  2.4355480684e-05  8.2620412111e-02  6.3908599317e-02  1.9182007015e-01  2.7672870085e-02  7.6844818890e-02  6.1294525862e-02  0.0000000000e+00  0.0000000000e+00  0.0000000000e+00  0.0000000000e+00  1.2659570575e-01  4.6278163791e-02  
2.2999169827e+00  4.1846838433e-04  1.8350726163e-05  1.4236527681e-01  3.7087857723e-02  1.9894908369e-01  3.5520102829e-02  1.5349598229e-01  3.7833757699e-02  1.2901946902e-01  5.9548188001e-02  1.1413589865e-01  5.5756550282e-02  0.0000000000e+00  0.0000000000e+00  
2.3977737427e+00  3.3344596266e-04  1.7105347675e-05  1.5888614953e-01  4.9143023789e-02  2.4205847085e-01  3.4327790141e-02  1.3824345171e-01  7.0578925312e-02  0.0000000000e+00  0.0000000000e+00  0.0000000000e+00  0.0000000000e+00  1.4427115023e-01  5.2473518997e-02  
2.4974746704e+00  2.6691111023e-04  1.4813912546e-05  2.1989339590e-01  5.3197041154e-02  2.5982394814e-01  4.9198854715e-02  1.6759377718e-01  6.1995189637e-02  0.0000000000e+00  0.0000000000e+00  0.0000000000e+00  0.0000000000e+00  0.0000000000e+00  0.0000000000e+00  
2.5996572971e+00  2.1540943198e-04  1.2054333548e-05  7.7204046631e+02  8.6230371094e+02  1.5440809326e+03  5.4042834473e+02  0.0000000000e+00  0.0000000000e+00  0.0000000000e+00  0.0000000000e+00  1.0918300781e+03  5.4317828369e+02  0.0000000000e+00  0.0000000000e+00  
2.6992721558e+00  1.8354738402e-04  1.0030794219e-05  0.0000000000e+00  0.0000000000e+00  8.1988751888e-02  1.5587669611e-01  0.0000000000e+00  0.0000000000e+00  1.7579337955e-01  6.4742356539e-02  0.0000000000e+00  0.0000000000e+00  4.9442071468e-02  2.1993881464e-01  
2.7971987724e+00  1.5118277077e-04  8.6042481637e-06  0.0000000000e+00  0.0000000000e+00  0.0000000000e+00  0.0000000000e+00  0.0000000000e+00  0.0000000000e+00  0.0000000000e+00  0.0000000000e+00  0.0000000000e+00  0.0000000000e+00  9.8995476961e-02  1.2338491529e-01  
2.8985316753e+00  1.0997188650e-04  6.2971205034e-06  0.0000000000e+00  0.0000000000e+00  0.0000000000e+00  0.0000000000e+00  0.0000000000e+00  0.0000000000e+00  0.0000000000e+00  0.0000000000e+00  0.0000000000e+00  0.0000000000e+00  0.0000000000e+00  0.0000000000e+00  
3.0006644726e+00  9.5476776282e-05  6.0607652610e-06  0.0000000000e+00  0.0000000000e+00  0.0000000000e+00  0.0000000000e+00  1.8048901856e-01  4.0445940000e+06  0.0000000000e+00  0.0000000000e+00  0.0000000000e+00  0.0000000000e+00  0.0000000000e+00  0.0000000000e+00  
3.1002244949e+00  7.7545267768e-05  4.6206434327e-06  0.0000000000e+00  0.0000000000e+00  1.7263349609e+03  6.1642492676e+02  0.0000000000e+00  0.0000000000e+00  0.0000000000e+00  0.0000000000e+00  0.0000000000e+00  0.0000000000e+00  0.0000000000e+00  0.0000000000e+00  
3.1998028755e+00  7.1576908347e-05  4.8155804200e-06  0.0000000000e+00  0.0000000000e+00  0.0000000000e+00  0.0000000000e+00  0.0000000000e+00  0.0000000000e+00  0.0000000000e+00  0.0000000000e+00  7.7204046631e+02  8.6230371094e+02  4.2696613818e-02  5.1250463724e-01  
3.2990407944e+00  6.5546661750e-05  4.2507687508e-06  0.0000000000e+00  0.0000000000e+00  0.0000000000e+00  0.0000000000e+00  0.0000000000e+00  0.0000000000e+00  0.0000000000e+00  0.0000000000e+00  0.0000000000e+00  0.0000000000e+00  0.0000000000e+00  0.0000000000e+00  
3.4007582664e+00  5.7132501038e-05  4.2495922245e-06  1.0918300781e+03  5.4317810059e+02  0.0000000000e+00  0.0000000000e+00  0.0000000000e+00  0.0000000000e+00  4.8252992332e-02  1.5128695000e+07  0.0000000000e+00  0.0000000000e+00  0.0000000000e+00  0.0000000000e+00  
3.4997448921e+00  5.1999966070e-05  3.9828156348e-06  0.0000000000e+00  0.0000000000e+00  0.0000000000e+00  0.0000000000e+00  7.7204046631e+02  1.2797021484e+03  0.0000000000e+00  0.0000000000e+00  0.0000000000e+00  0.0000000000e+00  0.0000000000e+00  0.0000000000e+00  
3.6010766029e+00  4.2666350419e-05  3.5068565524e-06  0.0000000000e+00  0.0000000000e+00  0.0000000000e+00  0.0000000000e+00  0.0000000000e+00  0.0000000000e+00  0.0000000000e+00  0.0000000000e+00  0.0000000000e+00  0.0000000000e+00  0.0000000000e+00  0.0000000000e+00  
3.7025747299e+00  3.6915449570e-05  3.1889396135e-06  0.0000000000e+00  0.0000000000e+00  6.0619484633e-02  1.2042412000e+07  0.0000000000e+00  0.0000000000e+00  0.0000000000e+00  0.0000000000e+00  0.0000000000e+00  0.0000000000e+00  0.0000000000e+00  0.0000000000e+00  
3.8013839722e+00  4.0338856952e-05  3.1930690123e-06  0.0000000000e+00  0.0000000000e+00  0.0000000000e+00  0.0000000000e+00  0.0000000000e+00  0.0000000000e+00  0.0000000000e+00  0.0000000000e+00  0.0000000000e+00  0.0000000000e+00  0.0000000000e+00  0.0000000000e+00  
3.9006798267e+00  3.8163327184e-05  3.0511402100e-06  7.7204058838e+02  1.8508845215e+03  0.0000000000e+00  0.0000000000e+00  1.5440809326e+03  8.5970745850e+02  0.0000000000e+00  0.0000000000e+00  0.0000000000e+00  0.0000000000e+00  0.0000000000e+00  0.0000000000e+00  
3.9958369732e+00  3.0549039367e-05  2.5343866216e-06  1.0918302002e+03  1.2791195068e+03  0.0000000000e+00  0.0000000000e+00  0.0000000000e+00  0.0000000000e+00  0.0000000000e+00  0.0000000000e+00  0.0000000000e+00  0.0000000000e+00  0.0000000000e+00  0.0000000000e+00  
