#pT  dN/(2pi dy pT dpT)  dN/(2pi dy pT dpT)_err  vn[2]  vn[2]_err
1.0837404430e-01  7.0163758846e-02  1.5825344613e-03  2.5461830199e-02  2.1089058369e-02  0.0000000000e+00  0.0000000000e+00  0.0000000000e+00  0.0000000000e+00  5.6991218589e-03  9.6252843738e-02  0.0000000000e+00  0.0000000000e+00  3.8566317409e-02  1.4578692615e-02  
2.0367249846e-01  7.1188144881e-02  1.3789439772e-03  2.9776828364e-02  1.0801625438e-02  0.0000000000e+00  0.0000000000e+00  0.0000000000e+00  0.0000000000e+00  0.0000000000e+00  0.0000000000e+00  1.8148686737e-02  1.4350267127e-02  1.5006561764e-02  1.9090214744e-02  
3.0216309428e-01  6.7310323071e-02  1.2953799661e-03  2.4298448116e-02  9.1265235096e-03  1.6290726140e-02  1.2070327997e-02  1.6129309312e-02  1.1374919675e-02  0.0000000000e+00  0.0000000000e+00  0.0000000000e+00  0.0000000000e+00  0.0000000000e+00  0.0000000000e+00  
4.0125787258e-01  6.2470978121e-02  1.2185266726e-03  3.0957482755e-02  6.9255540147e-03  2.4502428249e-02  7.8996317461e-03  1.5102129430e-02  9.3953050673e-03  0.0000000000e+00  0.0000000000e+00  1.9355630502e-02  7.6218093745e-03  7.8599425033e-03  1.7992403358e-02  
5.0071734190e-01  5.6550652581e-02  1.0799312847e-03  4.5134771615e-02  5.2382010035e-03  3.1076403335e-02  4.9981488846e-03  1.5035107732e-02  8.9475978166e-03  8.8634146377e-03  1.3157577254e-02  0.0000000000e+00  0.0000000000e+00  2.3211698979e-02  7.0100962184e-03  
6.0020577908e-01  4.9563399188e-02  9.4290979623e-04  3.9459027350e-02  7.4327387847e-03  2.7419695631e-02  6.1191362329e-03  1.4925247990e-02  7.9849660397e-03  0.0000000000e+00  0.0000000000e+00  0.0000000000e+00  0.0000000000e+00  8.9710149914e-03  1.3925833628e-02  
7.0008397102e-01  4.3590419724e-02  8.7255914998e-04  4.0673326701e-02  6.3334107399e-03  3.5197105259e-02  4.9319537356e-03  0.0000000000e+00  0.0000000000e+00  1.8721923232e-02  8.9690675959e-03  0.0000000000e+00  0.0000000000e+00  1.2862717733e-02  9.5465825871e-03  
7.9972690344e-01  3.7197919725e-02  7.6621937623e-04  5.8718256652e-02  5.1628048532e-03  5.4582756013e-02  5.5784885772e-03  0.0000000000e+00  0.0000000000e+00  1.8997654319e-02  7.5822640210e-03  1.4982637018e-02  9.3459431082e-03  1.8764493987e-02  7.6922737062e-03  
8.9952212572e-01  3.1592366257e-02  6.5703305374e-04  4.6570353210e-02  5.0124088302e-03  5.7469427586e-02  4.6079726890e-03  2.4445828050e-02  6.4910911024e-03  0.0000000000e+00  0.0000000000e+00  6.8509611301e-03  1.9191319123e-02  0.0000000000e+00  0.0000000000e+00  
9.9931305647e-01  2.6589925148e-02  5.9934642904e-04  6.6088721156e-02  7.8793102875e-03  6.6746085882e-02  5.6218365207e-03  3.0027888715e-02  7.4794241227e-03  0.0000000000e+00  0.0000000000e+00  1.3000955805e-02  1.1632573791e-02  0.0000000000e+00  0.0000000000e+00  
1.0990599394e+00  2.2284128794e-02  5.0989375685e-04  6.7548625171e-02  5.2076252177e-03  7.6767891645e-02  5.2486001514e-03  3.7774309516e-02  5.7978201658e-03  1.0968109593e-02  1.4135157689e-02  4.2415652424e-03  4.6077188104e-02  0.0000000000e+00  0.0000000000e+00  
1.1988770962e+00  1.8322276363e-02  4.4071812316e-04  7.2169959545e-02  6.0305744410e-03  1.0095526278e-01  6.4338608645e-03  4.9783121794e-02  5.5482503958e-03  0.0000000000e+00  0.0000000000e+00  1.0355078615e-02  1.5519077890e-02  0.0000000000e+00  0.0000000000e+00  
1.2987213135e+00  1.5002849153e-02  3.8302434355e-04  7.4932016432e-02  7.7644162811e-03  1.1736193299e-01  6.2314509414e-03  5.9563156217e-02  6.6697821021e-03  2.0497692749e-02  1.1717926711e-02  0.0000000000e+00  0.0000000000e+00  0.0000000000e+00  0.0000000000e+00  
1.3985600471e+00  1.2055395504e-02  3.3737661228e-04  9.3083463609e-02  7.1360301226e-03  1.2904670835e-01  6.9408202544e-03  6.3701421022e-02  6.8706306629e-03  1.6145773232e-02  1.4277463779e-02  0.0000000000e+00  0.0000000000e+00  0.0000000000e+00  0.0000000000e+00  
1.4988577366e+00  9.6396195111e-03  2.8898476229e-04  9.2988148332e-02  6.9085648283e-03  1.4755459130e-01  7.2685224004e-03  6.8728931248e-02  6.5447599627e-03  0.0000000000e+00  0.0000000000e+00  0.0000000000e+00  0.0000000000e+00  1.0371898301e-02  2.7667401358e-02  
1.5986030102e+00  7.7060739045e-03  2.2718887180e-04  8.8893406093e-02  8.8407872245e-03  1.6611924767e-01  8.6787510663e-03  8.7073743343e-02  7.4615711346e-03  2.8537938371e-02  1.1384982616e-02  1.6460632905e-02  1.9807979465e-02  0.0000000000e+00  0.0000000000e+00  
1.6984884739e+00  6.1188878637e-03  1.9388936530e-04  9.0025506914e-02  7.8346189111e-03  1.7707301676e-01  9.0388059616e-03  6.7353680730e-02  8.5491407663e-03  2.9958808795e-02  1.3119904324e-02  6.6921859980e-03  5.1054146141e-02  2.7939628810e-02  1.8878197297e-02  
1.7983084917e+00  4.8340949603e-03  1.6128036368e-04  1.0924697667e-01  8.9248269796e-03  1.8685418367e-01  8.7995594367e-03  1.0171487182e-01  8.6967432871e-03  5.0462782383e-02  1.0662899353e-02  4.1792366654e-02  1.5452260152e-02  0.0000000000e+00  0.0000000000e+00  
1.8982514143e+00  3.8351621628e-03  1.3374083939e-04  1.0742785037e-01  1.0968638584e-02  1.7764043808e-01  9.3360031024e-03  9.4104476273e-02  8.8468482718e-03  7.3841199279e-02  1.0942597874e-02  2.7575226501e-02  1.9517190754e-02  3.2632872462e-02  1.8331060186e-02  
1.9977475405e+00  3.0333501470e-03  1.0867778619e-04  1.3370199502e-01  1.1100448668e-02  1.9800221920e-01  1.2252465822e-02  1.2032591552e-01  1.1953827925e-02  5.1470100880e-02  1.6771059483e-02  4.3220512569e-02  1.7207439989e-02  5.5787909776e-02  1.3634526171e-02  
2.0979144573e+00  2.3725295737e-03  9.2157221859e-05  1.0621209443e-01  1.5482600778e-02  1.9347356260e-01  1.1295635253e-02  1.2215418369e-01  1.7032327130e-02  7.6694443822e-02  1.3777797110e-02  6.8250678480e-02  1.7358325422e-02  0.0000000000e+00  0.0000000000e+00  
2.1985599995e+00  1.8267555793e-03  6.9659158296e-05  1.4919900894e-01  1.3297773898e-02  2.1474131942e-01  1.3017695397e-02  1.5599091351e-01  1.3529509306e-02  2.5805747136e-02  5.1787849516e-02  3.8121756166e-02  2.6742143556e-02  0.0000000000e+00  0.0000000000e+00  
2.2987570763e+00  1.4808998233e-03  5.3470690440e-05  1.4556849003e-01  1.4896756969e-02  2.1758897603e-01  1.4635168947e-02  1.2738202512e-01  1.5280420892e-02  7.3881529272e-02  1.9458675757e-02  9.6971623600e-02  2.5789285079e-02  0.0000000000e+00  0.0000000000e+00  
2.3988969326e+00  1.2107853412e-03  4.8228111443e-05  1.0078957677e-01  1.9934788346e-02  2.1178062260e-01  1.3620405458e-02  1.2593124807e-01  1.3980410993e-02  9.8495356739e-02  2.2489299998e-02  5.4911933839e-03  2.8770080209e-01  0.0000000000e+00  0.0000000000e+00  
2.4985516071e+00  9.6953914586e-04  3.7682994117e-05  8.6499921978e-02  3.7013046443e-02  2.1456366777e-01  2.4992141873e-02  1.3513278961e-01  2.6603261009e-02  1.1241818964e-01  1.8327167258e-02  2.7007488534e-02  1.0991739482e-01  0.0000000000e+00  0.0000000000e+00  
2.5986857414e+00  7.7093760749e-04  2.6268786424e-05  1.5493589640e-01  3.7982445210e-02  2.3907957971e-01  2.6214284822e-02  1.9959160686e-01  2.6945671067e-02  1.0622358322e-01  3.7128768861e-02  5.3019195795e-02  6.3866324723e-02  6.5703876317e-02  4.5648593456e-02  
2.6986901760e+00  6.4627377030e-04  2.4026252305e-05  1.7608121037e-01  3.2692972571e-02  2.0673680305e-01  2.6397803798e-02  1.6940572858e-01  2.4731121957e-02  1.0098767281e-01  2.9172578827e-02  1.0156694055e-01  3.1759694219e-02  0.0000000000e+00  0.0000000000e+00  
2.7997622490e+00  5.3585778739e-04  2.1204150918e-05  1.5709161758e-01  3.0207106844e-02  1.7749023438e-01  2.5445634499e-02  1.4554464817e-01  2.6258584112e-02  6.9400191307e-02  4.4365689158e-02  3.5300862044e-02  8.1013083458e-02  0.0000000000e+00  0.0000000000e+00  
2.8982982635e+00  4.5207217909e-04  1.8208892777e-05  0.0000000000e+00  0.0000000000e+00  1.6338147223e-01  2.7342239395e-02  1.6556692123e-01  4.2141288519e-02  0.0000000000e+00  0.0000000000e+00  5.9523761272e-02  7.3260024190e-02  5.2650161088e-02  8.1444270909e-02  
2.9988930225e+00  3.9782471571e-04  1.5302313166e-05  1.2748530507e-01  3.3198695630e-02  1.6474306583e-01  3.0609691516e-02  1.9945777953e-01  3.3370759338e-02  4.2664956301e-02  9.9973022938e-02  8.7165929377e-02  5.2913472056e-02  0.0000000000e+00  0.0000000000e+00  
3.0998687744e+00  3.3313271475e-04  1.2788218038e-05  1.6265466809e-01  4.1362173855e-02  1.0918300781e+03  5.4317828369e+02  1.5771654248e-01  2.8785539791e-02  0.0000000000e+00  0.0000000000e+00  5.6012824178e-02  7.9876065254e-02  0.0000000000e+00  0.0000000000e+00  
3.2005989552e+00  2.9684452744e-04  1.4055398794e-05  1.1405229568e-01  4.9972321838e-02  1.5173238516e-01  5.5177289993e-02  1.5669155121e-01  4.9143835902e-02  1.1537141353e-01  5.9604700655e-02  1.2093438953e-01  6.2267471105e-02  1.0253818333e-01  4.9053344876e-02  
3.3010821342e+00  2.5553652332e-04  9.3252647609e-06  0.0000000000e+00  0.0000000000e+00  0.0000000000e+00  0.0000000000e+00  0.0000000000e+00  0.0000000000e+00  9.8245896399e-02  6.1552308500e-02  0.0000000000e+00  0.0000000000e+00  0.0000000000e+00  0.0000000000e+00  
3.3991057873e+00  2.2593645878e-04  1.0344709498e-05  1.5806752443e-01  4.6049315482e-02  5.8428358287e-02  1.4871793985e-01  1.8878601491e-01  4.8175133765e-02  2.7012860775e-01  3.6989875138e-02  1.6715456545e-01  4.6636953950e-02  0.0000000000e+00  0.0000000000e+00  
3.4996001720e+00  2.1746025775e-04  1.0695204759e-05  0.0000000000e+00  0.0000000000e+00  2.0747984946e-01  4.3328404427e-02  0.0000000000e+00  0.0000000000e+00  1.4289399981e-01  6.2743194401e-02  0.0000000000e+00  0.0000000000e+00  0.0000000000e+00  0.0000000000e+00  
3.5983278751e+00  1.8338499940e-04  8.7540939156e-06  1.5171745420e-01  6.5131798387e-02  0.0000000000e+00  0.0000000000e+00  2.1911364794e-01  4.2545802891e-02  0.0000000000e+00  0.0000000000e+00  0.0000000000e+00  0.0000000000e+00  0.0000000000e+00  0.0000000000e+00  
3.6986036301e+00  1.7624809494e-04  8.2190715039e-06  2.3695708811e-01  4.3404884636e-02  2.1360798180e-01  5.4514069110e-02  2.5586864352e-01  4.2372573167e-02  1.6931539774e-01  5.7664219290e-02  0.0000000000e+00  0.0000000000e+00  1.4301127195e-01  6.4946152270e-02  
3.8006303310e+00  1.4681370833e-04  6.5421153344e-06  2.7149128914e-01  4.6102669090e-02  1.9323630631e-01  6.4629234374e-02  1.1157870293e-01  7.7591918409e-02  1.8817995489e-01  6.7569799721e-02  0.0000000000e+00  0.0000000000e+00  1.5464206040e-01  9.1222561896e-02  
3.8974730968e+00  1.4583202354e-04  7.6179143070e-06  1.6090449691e-01  6.5446861088e-02  8.1061810255e-02  1.3681197166e-01  2.7889463305e-01  4.4591780752e-02  1.1080475152e-01  8.7775386870e-02  0.0000000000e+00  0.0000000000e+00  1.7041002214e-01  5.3955938667e-02  
3.9985918999e+00  1.2536506552e-04  6.7286087376e-06  1.0918300781e+03  5.4317767334e+02  2.2599025071e-01  6.6298104823e-02  1.2124029547e-01  1.0004892945e-01  2.1969659626e-01  5.7058855891e-02  0.0000000000e+00  0.0000000000e+00  1.2206686288e-01  8.5205376148e-02  
