#pT  dN/(2pi dy pT dpT)  dN/(2pi dy pT dpT)_err  vn{SP}  vn{SP}_err
1.0830361396e-01  5.9480302368e-02  1.8747698432e-03  1.0197591653e-02  6.8148685697e-03  2.4171310878e-03  7.7251733140e-03  8.4903218586e-03  8.6858616832e-03  -1.1010279347e-02  1.0980060479e-02  nan  nan  -1.0878756353e-02  2.6206187024e-02  
2.0398665965e-01  6.0777269283e-02  1.6905985407e-03  2.1347759469e-03  5.3773030492e-03  2.1108871146e-03  4.1740277075e-03  1.0709192305e-04  8.4754327949e-03  -2.6429059972e-03  7.3395267224e-03  nan  nan  -3.7372690860e-05  1.3835851841e-02  
3.0218335986e-01  5.7166217306e-02  1.6075772061e-03  1.3779944493e-03  4.9127637800e-03  4.0353125216e-03  3.9056299939e-03  1.3875697937e-03  5.8876128942e-03  -1.5719117145e-03  7.4255563571e-03  nan  nan  1.4968472114e-02  1.2479688175e-02  
4.0142196417e-01  5.1055674099e-02  1.4161696132e-03  1.3382110135e-03  3.9221806141e-03  1.2318074149e-02  2.9218695429e-03  -9.0528646112e-04  4.7449527067e-03  -8.1996444069e-03  5.6914585599e-03  nan  nan  -5.3025901020e-03  1.1054239415e-02  
5.0054860115e-01  4.5019218994e-02  1.3249832793e-03  6.9056914891e-04  4.1297211927e-03  1.1473865754e-02  4.1332234264e-03  -1.0052159623e-02  4.9948186217e-03  1.3246731926e-03  5.8317541265e-03  nan  nan  -1.2555406233e-02  1.2595907205e-02  
6.0019159317e-01  3.9116918427e-02  1.1775161512e-03  4.7919456666e-03  4.5566141232e-03  1.9108160742e-02  4.4916542417e-03  -5.7499603112e-03  5.3050681164e-03  -7.6194612323e-04  5.8118446138e-03  nan  nan  1.0756456147e-02  1.2069772565e-02  
6.9961321354e-01  3.2737827604e-02  1.0255569929e-03  7.5476415621e-03  4.9467592160e-03  2.3280115291e-02  3.9129787768e-03  2.5606984740e-04  5.5674677080e-03  -2.6380553355e-03  5.3344545243e-03  nan  nan  -4.3261040424e-03  1.0560271312e-02  
7.9918110371e-01  2.7425630130e-02  8.8521956247e-04  7.8585187154e-03  4.3531869666e-03  2.3336144904e-02  4.1699386110e-03  2.2160704966e-03  4.4326578582e-03  2.6886337071e-03  5.2704700902e-03  nan  nan  -1.0917577617e-02  1.1689476810e-02  
8.9902919531e-01  2.2634325628e-02  7.9423373772e-04  4.1501893619e-03  5.1465335165e-03  3.9143327448e-02  5.2476884545e-03  1.5029112436e-03  4.6981925678e-03  -3.0143478978e-03  7.0227932107e-03  nan  nan  1.0108873557e-02  1.1911935797e-02  
9.9913191795e-01  1.7861830947e-02  6.7469372749e-04  1.5925628524e-02  6.5588617224e-03  4.1635220028e-02  5.1675343184e-03  7.7645865118e-03  5.2819961341e-03  3.0175634309e-03  5.9871796890e-03  nan  nan  -1.1133308527e-02  1.2174455291e-02  
1.0985884666e+00  1.4102865874e-02  5.7435405070e-04  3.1398896373e-03  5.3170286264e-03  5.3384706216e-02  5.2096838110e-03  1.3780371218e-02  5.3096955763e-03  3.3667812495e-03  6.4894076624e-03  nan  nan  1.0347888226e-02  1.1811064394e-02  
1.1982787848e+00  1.0995554686e-02  4.7259055150e-04  1.4889713662e-02  5.4894767378e-03  6.4229611803e-02  5.2340263082e-03  6.5246145275e-03  5.5680694455e-03  3.0854592254e-03  6.4372696233e-03  nan  nan  -2.5227480251e-02  2.0574290238e-02  
1.2986100912e+00  8.4114190970e-03  4.1210521036e-04  1.1234558586e-02  6.1746302396e-03  7.7545793939e-02  7.7700817928e-03  6.3706024881e-03  8.1779347190e-03  1.6475269383e-02  8.4901347864e-03  nan  nan  -4.9977288315e-03  1.4266838704e-02  
1.3981878757e+00  6.3057586102e-03  3.3610067031e-04  1.9498050021e-02  9.0282263783e-03  7.3760296990e-02  7.8071105985e-03  1.7096691965e-02  6.3511520887e-03  1.4962047272e-02  9.1614838785e-03  nan  nan  1.0083587630e-03  1.8298447279e-02  
1.4976477623e+00  4.6886526117e-03  2.5665619376e-04  7.3684898083e-03  6.0169256938e-03  9.5575970131e-02  8.3134229305e-03  2.3108982326e-02  8.5320666761e-03  1.0412653042e-02  1.2669809649e-02  nan  nan  1.3557224255e-02  2.2466583745e-02  
1.5977836847e+00  3.3921932180e-03  2.1096545555e-04  3.3246026386e-02  6.9352812584e-03  1.0473893180e-01  1.0480891214e-02  7.4709527961e-03  7.7569774327e-03  -1.5145089290e-04  1.5547908311e-02  nan  nan  -3.3719707086e-02  2.8710318401e-02  
1.6974803209e+00  2.4415432410e-03  1.7199708546e-04  1.7705872440e-02  1.1481937108e-02  1.0752378918e-01  1.1303074621e-02  2.6408551914e-02  1.8344593859e-02  1.7264188413e-02  1.2801671109e-02  nan  nan  2.7925532667e-02  2.9916643442e-02  
1.7973277569e+00  1.7091844860e-03  1.2975805804e-04  2.3110332428e-02  1.3065273017e-02  1.3780758151e-01  1.1889775085e-02  1.3796006993e-02  1.3655018098e-02  1.2688830973e-02  1.5335408624e-02  nan  nan  5.0660258709e-02  3.4551252025e-02  
1.8975051641e+00  1.2603000708e-03  1.0103864821e-04  2.8004363431e-02  1.3580323221e-02  1.4235970473e-01  1.5540685251e-02  2.6272511153e-02  1.4354976274e-02  1.1031252957e-02  2.1063690965e-02  nan  nan  2.0861051877e-04  3.8503329764e-02  
1.9972245693e+00  7.9870723385e-04  6.8205813018e-05  3.7057316640e-02  1.4551781131e-02  1.4744034376e-01  1.8225455884e-02  -7.3630944241e-03  1.8580102805e-02  -9.8857239360e-03  2.3201382466e-02  nan  nan  -6.0328600152e-02  4.5831796398e-02  
2.0988585949e+00  5.7762507460e-04  5.5592245272e-05  4.3827984248e-02  1.3231036429e-02  1.7772136861e-01  2.2119719203e-02  3.8761480398e-03  2.4954912042e-02  1.5772407883e-02  2.6109334331e-02  nan  nan  1.5441844668e-02  4.3843913780e-02  
2.1973991394e+00  3.7933963897e-04  3.6333202338e-05  1.9592801919e-02  2.6300413655e-02  1.2413169451e-01  2.3132956447e-02  6.8649859783e-03  2.1576659172e-02  5.2131618828e-02  3.7108889373e-02  nan  nan  -9.0814364028e-02  6.5383577216e-02  
2.2977797985e+00  2.6004190817e-04  2.7561037245e-05  5.0039383594e-02  2.3969010362e-02  1.6587559500e-01  2.3455799365e-02  6.5228555760e-02  3.3021515930e-02  5.1262639182e-02  4.1616180151e-02  nan  nan  3.7848384436e-03  7.3174884389e-02  
2.3965933323e+00  1.7278512291e-04  1.9417529121e-05  3.0717839245e-02  2.6626172341e-02  1.9286875504e-01  4.2038929651e-02  4.9497381979e-02  4.2541867475e-02  7.0874684370e-02  4.4320093458e-02  nan  nan  3.5188399309e-02  1.0041093980e-01  
2.4977748394e+00  1.2223110876e-04  1.3974944729e-05  3.2762519439e-02  3.4360887467e-02  1.5269340609e-01  3.7128912666e-02  3.7287401995e-02  4.5579329795e-02  6.7646750287e-02  4.0509899322e-02  nan  nan  -3.0473942697e-01  1.8522113459e-01  
2.5989332199e+00  8.8252612269e-05  1.1202668125e-05  2.5411241297e-02  3.5686948943e-02  2.2219690103e-01  5.1891572114e-02  5.6389661273e-02  6.0221262684e-02  6.3377416340e-02  6.1883404605e-02  nan  nan  -4.5551748763e-02  1.1045586715e-01  
2.6957309246e+00  5.2095841888e-05  7.3834919830e-06  5.0463268036e-02  6.0250269926e-02  1.9350719643e-01  5.2842191471e-02  2.3119463538e-02  6.1591616709e-02  1.5480148182e-01  8.2672323369e-02  nan  nan  1.0067829914e-01  1.9685122737e-01  
2.7965524197e+00  3.4329824858e-05  5.0675964289e-06  8.1410072891e-02  4.6857767009e-02  2.9682538390e-01  7.1104988202e-02  5.9867504014e-02  1.0114914644e-01  4.2099846281e-02  1.0066291303e-01  nan  nan  -8.6645616635e-02  2.1156019341e-01  
2.8977656364e+00  2.3236527522e-05  4.0168682393e-06  1.4285074618e-01  7.4164126110e-02  1.6707264317e-01  6.9270596303e-02  3.1767386767e-02  9.8408642407e-02  -2.9991463348e-02  1.2416884829e-01  nan  nan  -3.2819947514e-01  2.9533953181e-01  
3.0017406940e+00  1.3665232451e-05  2.3066697011e-06  5.3277891322e-02  9.6019257532e-02  2.3765461230e-01  1.2624496589e-01  3.6412274826e-02  9.7729297436e-02  1.1182817142e-01  1.1787099984e-01  nan  nan  -2.7587090759e-01  3.9260146110e-01  
3.0991415977e+00  1.2955236682e-05  2.2351491242e-06  -5.9137050780e-02  8.3194065243e-02  1.0621435911e-01  1.0362301176e-01  -7.3114542799e-04  1.3848026352e-01  2.4885737321e-01  1.2834308338e-01  nan  nan  4.2393959235e-01  2.9668541023e-01  
3.1993522644e+00  6.8635933422e-06  1.4987603552e-06  2.3507223234e-01  8.3913639282e-02  3.4152887488e-01  1.5422713386e-01  1.2922548871e-01  1.2624684107e-01  1.2846345988e-01  1.8852228858e-01  nan  nan  -4.5558895325e-01  3.8155409726e-01  
3.2952601910e+00  7.7708687167e-06  1.7457816128e-06  1.2769952262e-01  1.1465064901e-01  3.1084768700e-01  1.0369747904e-01  3.1284314569e-01  1.6147821723e-01  4.8827375678e-02  1.4234787406e-01  nan  nan  1.8441698671e-01  3.6010514190e-01  
3.3984484673e+00  2.8010332570e-06  8.8918644756e-07  -4.5426953149e-02  1.4676397764e-01  7.1953121361e-02  1.7342634768e-01  3.7475731201e-01  4.7723261564e-01  6.7828797166e-01  3.6075042098e-01  nan  nan  1.0284798102e+00  7.0432034234e-01  
3.5003881454e+00  1.7129655672e-06  5.5645001661e-07  8.6999140059e-02  2.1057824224e-01  -6.1634405651e-02  3.3105359433e-01  3.9753325620e-01  2.5268109274e-01  -5.9827642016e-01  3.5730925715e-01  nan  nan  1.5176942923e+00  9.1997106140e-01  
3.5987079144e+00  2.1978185436e-06  6.3562551654e-07  -4.1345676672e-01  1.9054290403e-01  5.5553343934e-01  3.1571646595e-01  -5.5119341734e-01  4.0049764786e-01  3.0517231147e-01  3.6943753377e-01  nan  nan  1.0408019597e+00  7.3133365797e-01  
3.7002639771e+00  1.5134058797e-06  6.1432711093e-07  -1.3284952827e-01  2.2831137779e-01  2.8223011145e-01  3.3714432474e-01  3.2247959565e-01  3.8381007628e-01  6.1901105665e-01  5.0825437135e-01  nan  nan  -1.3712541285e-02  7.3307092902e-01  
3.8015363216e+00  7.3289021711e-07  3.2208853617e-07  -1.1112919279e-01  3.8234781850e-01  1.9460898042e-02  1.6618430178e-01  6.8726099639e-02  3.4043640803e-01  -6.4840302230e-01  3.1895673919e-01  nan  nan  5.8563385445e-01  6.1858081657e-01  
3.8936700821e+00  8.9669813607e-07  4.0176163206e-07  -1.3430634365e-01  4.2150933566e-01  -1.1790668666e-01  2.5776884588e-01  1.0219486489e+00  7.9521933004e-01  -2.0706855192e-01  3.0595504784e-01  nan  nan  1.6053824063e+00  1.2837314781e+00  
4.0499873161e+00  1.1575151461e-07  1.1515332627e-07  nan  nan  nan  nan  nan  nan  nan  nan  nan  nan  nan  nan  
