#pT  dN/(2pi dy pT dpT)  dN/(2pi dy pT dpT)_err  vn{SP}  vn{SP}_err
1.0829969496e-01  2.5032623040e-01  6.7781401858e-03  4.0567065447e-04  3.1739937006e-03  -8.2938130970e-04  3.1478935394e-03  -2.1057415693e-03  2.8188876599e-03  -2.4926665714e-03  2.7227240342e-03  -3.8448743917e-03  3.4482181231e-03  -4.9203665935e-03  3.6028297019e-03  
2.0340679586e-01  2.5064534744e-01  6.8316483959e-03  3.6694825271e-03  3.4343387711e-03  2.2341025730e-03  2.1493692193e-03  -2.2798054412e-03  2.1344417108e-03  -1.0781342866e-03  2.3140121261e-03  1.5438742838e-03  2.1222550797e-03  1.3904415450e-03  2.2565519960e-03  
3.0200263858e-01  2.3160985805e-01  6.4205303804e-03  5.5801847397e-03  2.4415176288e-03  1.0262718270e-02  2.4133874640e-03  8.2695034683e-04  1.8189723334e-03  -2.2309067069e-04  1.7774794061e-03  1.3270912527e-03  2.0404777577e-03  -2.7738063296e-03  2.1711246284e-03  
4.0090465546e-01  2.0626626880e-01  5.8292362396e-03  6.3037508260e-03  2.9271721339e-03  1.2737501071e-02  1.8695666676e-03  3.5590051045e-03  1.5282863309e-03  -5.3968785009e-04  1.6496450478e-03  4.3344359104e-05  1.8020012296e-03  1.4681345608e-03  1.9782669222e-03  
5.0028616190e-01  1.7918683279e-01  5.2279124665e-03  7.1000203685e-03  3.4207738943e-03  2.4248304142e-02  2.4228287085e-03  -8.3214041032e-04  1.6329145169e-03  3.4823366976e-03  1.4116832029e-03  -1.1652093754e-03  1.3494354394e-03  1.1703705801e-04  1.7777524861e-03  
5.9977811575e-01  1.5195870712e-01  4.6947257941e-03  1.0557523855e-02  3.4748027665e-03  3.5640076856e-02  2.4856135176e-03  1.0037123160e-02  1.8128036559e-03  1.6921227965e-03  2.0557574483e-03  2.3513020994e-04  1.6194051330e-03  2.9655034291e-03  2.1814749141e-03  
6.9955617189e-01  1.2651070092e-01  4.0542260326e-03  8.7406675718e-03  3.5602621921e-03  4.5808090590e-02  3.1949641404e-03  9.3977326531e-03  1.3962070484e-03  2.6452086347e-03  1.6801324439e-03  2.2375029280e-03  1.7193012730e-03  -1.3297014182e-03  1.6414885984e-03  
7.9916858673e-01  1.0236466223e-01  3.4505292698e-03  1.2018545189e-02  4.0701917379e-03  6.1429751907e-02  3.8840157573e-03  1.5951609663e-02  2.0647710139e-03  1.7813162434e-03  1.7966830830e-03  -1.1255391126e-03  1.5599943236e-03  -2.0094841144e-03  2.3502410489e-03  
8.9890187979e-01  8.2930847551e-02  2.9144884818e-03  1.5486572447e-02  5.1200807580e-03  7.4649303931e-02  5.0519416985e-03  2.1080502608e-02  2.1877419985e-03  1.7540738741e-03  1.8040524143e-03  3.4979452429e-05  2.0666081352e-03  -2.6033618378e-03  1.7498018007e-03  
9.9896937609e-01  6.6056187602e-02  2.4797100979e-03  1.7329700874e-02  5.1385074882e-03  9.3721482398e-02  6.0886187672e-03  3.0000056136e-02  2.8505422222e-03  6.1264272974e-03  1.9407043641e-03  3.0063528476e-03  1.7065372047e-03  -1.3620597065e-03  2.1349483988e-03  
1.0987819433e+00  5.1570721167e-02  2.0508797689e-03  1.5124044621e-02  6.4657049059e-03  1.1060023864e-01  6.8640316294e-03  3.9033375641e-02  3.1097850494e-03  8.0177984623e-03  2.3635380936e-03  4.7479084018e-03  2.1356718201e-03  2.6716152519e-04  2.2939486918e-03  
1.1986362934e+00  4.0418592347e-02  1.7261961643e-03  1.9526561243e-02  5.7169373499e-03  1.2857357919e-01  8.3107161115e-03  4.4164516337e-02  3.6223389217e-03  1.4233194271e-02  3.0377926799e-03  6.7908694461e-03  2.1500110925e-03  2.6448225753e-03  2.5126187550e-03  
1.2984205484e+00  3.1414344560e-02  1.3923743662e-03  2.2858755824e-02  7.0097640364e-03  1.4007591281e-01  8.9686543872e-03  5.9403295307e-02  4.1843524239e-03  2.0432533958e-02  2.6437350834e-03  1.0908961827e-02  2.4241367283e-03  1.3324625052e-03  2.6607123287e-03  
1.3982098103e+00  2.4273519669e-02  1.1526396293e-03  2.5264983619e-02  8.2546727759e-03  1.5967929229e-01  1.0422682129e-02  6.5953336294e-02  5.1804368732e-03  2.2039762113e-02  3.9153927939e-03  4.5310411277e-03  2.9189133339e-03  3.9061497982e-04  3.1750756160e-03  
1.4983617067e+00  1.8571111384e-02  9.0011104724e-04  2.3080937459e-02  8.0932374436e-03  1.7496669810e-01  1.0784985688e-02  7.4403656803e-02  5.9071725391e-03  2.6347461728e-02  4.5474508358e-03  1.1618284524e-02  4.6407563643e-03  2.0786126549e-04  3.8030428368e-03  
1.5981409550e+00  1.3896418455e-02  6.8574092564e-04  2.5012771366e-02  8.9665253040e-03  1.9271755630e-01  1.2630590935e-02  8.2815424590e-02  6.4169245735e-03  3.8575825558e-02  4.8317645152e-03  1.4995182575e-02  3.9482344120e-03  4.2567682115e-03  4.6102437225e-03  
1.6983267069e+00  1.0841811688e-02  5.6778061745e-04  3.2752478076e-02  1.0087771014e-02  1.9059012367e-01  1.2888703807e-02  9.2187977083e-02  7.2783257358e-03  4.5480396810e-02  6.5763963640e-03  2.2954506535e-02  4.4391108114e-03  7.5789935454e-03  5.2908910075e-03  
1.7982274294e+00  8.2996335259e-03  4.4519673362e-04  2.4093682272e-02  1.0624372208e-02  2.0544797323e-01  1.2652418088e-02  9.9582532566e-02  8.2046619769e-03  5.0685389723e-02  6.9161577091e-03  1.7084341086e-02  5.0959050873e-03  1.0842984513e-02  6.1569810754e-03  
1.8986444473e+00  6.2336891396e-03  3.3486147019e-04  2.2796195594e-02  1.2170511109e-02  2.0170387869e-01  1.3206184629e-02  1.0950200483e-01  1.0135783238e-02  4.4035033293e-02  6.7278000530e-03  3.1611001612e-02  5.1454801811e-03  1.3821026636e-02  6.5111988240e-03  
1.9980701208e+00  4.9089613885e-03  2.6758546250e-04  2.9864846279e-02  1.0901845311e-02  2.1345839133e-01  1.3798880247e-02  1.0608499259e-01  9.4706517970e-03  5.8575867404e-02  8.1658611937e-03  3.3433418230e-02  5.7257867747e-03  6.5966976840e-03  6.2484788616e-03  
2.0985603333e+00  3.7573305428e-03  2.0656483548e-04  1.3424433625e-02  1.2636229875e-02  2.0704887051e-01  1.4474457434e-02  1.1807036354e-01  1.0315815876e-02  5.9215089841e-02  6.4718900202e-03  3.8458537872e-02  6.3954817393e-03  1.4193088626e-02  7.1015359679e-03  
2.1983063221e+00  3.0004514802e-03  1.6235514476e-04  1.7617630147e-02  1.3349214975e-02  2.0323833130e-01  1.4412599040e-02  1.2901705147e-01  1.1523314947e-02  5.7912524060e-02  8.6183759168e-03  3.4548505008e-02  9.1681134092e-03  2.8995526242e-02  6.4912851685e-03  
2.2985484600e+00  2.4005274297e-03  1.2624731562e-04  1.2949488076e-02  1.0852109866e-02  2.0470919440e-01  1.6426015391e-02  1.1447600858e-01  1.2430805731e-02  6.2263068208e-02  1.0289016930e-02  3.5487817941e-02  7.5690248646e-03  8.6514539645e-03  7.0091638374e-03  
2.3985738754e+00  1.9537010160e-03  1.0085300198e-04  -2.6897196484e-03  1.5323207071e-02  1.9199218401e-01  1.5160100468e-02  1.1362692223e-01  1.2208776823e-02  6.4255451729e-02  1.2186867887e-02  2.7519901601e-02  9.3511090284e-03  8.1007632907e-03  8.7874215465e-03  
2.4988293648e+00  1.5177776239e-03  7.6743991700e-05  -1.1016854026e-02  1.5738023844e-02  1.9131792458e-01  1.3904416735e-02  1.1471857864e-01  1.4298497486e-02  4.6775590011e-02  1.0660310835e-02  3.6944413373e-02  1.0229980322e-02  1.5620135403e-02  9.4745148895e-03  
2.5992605686e+00  1.3243627265e-03  7.0474220457e-05  -1.9179400753e-02  1.8197045985e-02  1.8204886535e-01  1.7632702709e-02  1.1330028753e-01  1.4269739214e-02  6.1595149127e-02  1.2014819101e-02  4.5291805429e-02  1.2974340202e-02  1.9875509110e-02  1.1156600820e-02  
2.6983752251e+00  1.0547566596e-03  5.1065289928e-05  -1.6308345605e-02  1.8574061983e-02  1.6831828761e-01  1.5140389952e-02  1.0258080529e-01  1.3240112356e-02  5.9072885756e-02  1.3386252864e-02  1.7457193182e-02  8.3539398308e-03  2.5392463071e-02  1.1323580320e-02  
2.7994785309e+00  9.1751288581e-04  4.4076569293e-05  -6.4372524793e-03  1.9464504900e-02  1.6864965682e-01  1.8323976952e-02  1.1248772217e-01  1.6544362140e-02  7.8198840636e-02  1.2758578831e-02  4.7073542799e-02  1.1154315059e-02  2.8132129150e-02  1.6700795676e-02  
2.8986530304e+00  7.8481777156e-04  4.0229271172e-05  -3.3987030372e-02  2.1267991508e-02  1.3746692868e-01  1.7460428097e-02  1.0011832321e-01  1.2689353102e-02  6.0384724883e-02  1.2166139284e-02  4.7074406324e-02  1.0963953172e-02  4.0630877713e-02  1.1583971107e-02  
2.9988362789e+00  6.6313445890e-04  3.2828674126e-05  -3.7808361265e-02  2.1517197193e-02  1.2734137429e-01  1.4924182806e-02  1.0585965412e-01  1.8867166459e-02  5.5130750647e-02  1.3915090791e-02  3.8023994883e-02  1.1254684517e-02  2.8537540225e-02  1.6962500201e-02  
3.0986113548e+00  5.8628233395e-04  3.0341265806e-05  -2.3280986589e-02  2.4651832384e-02  1.2602777059e-01  1.6842938883e-02  9.4592058431e-02  1.7894071278e-02  4.9188882695e-02  1.5412069638e-02  4.0260286037e-02  9.9438713030e-03  3.7666066537e-02  1.4164493786e-02  
3.1992654800e+00  5.1206261007e-04  2.7537508217e-05  -2.9996210250e-02  3.2427882658e-02  1.3213548043e-01  1.7161933565e-02  1.0101874354e-01  2.0750853385e-02  4.5012511016e-02  1.5825484033e-02  4.2282110480e-02  1.5552900671e-02  4.2183403488e-02  1.3291134155e-02  
3.2987501621e+00  4.6056224711e-04  2.4240718288e-05  -6.7936747319e-02  2.7989931368e-02  1.2935788920e-01  1.7701838510e-02  8.6700244937e-02  1.8413687709e-02  4.0340890257e-02  1.4220731075e-02  -5.6865842741e-03  1.3409679561e-02  4.4803036217e-02  1.3845458802e-02  
3.3998208046e+00  4.0649366929e-04  2.2475575250e-05  -6.6345998258e-02  2.8022739945e-02  1.1111972092e-01  1.9191745813e-02  9.0172643851e-02  1.8937064256e-02  4.9612171319e-02  1.7760362627e-02  3.8267928778e-02  1.7615174346e-02  3.3693174910e-02  1.7084966168e-02  
3.4988217354e+00  3.6439393081e-04  2.1938152796e-05  -6.2314250876e-02  3.7338525329e-02  8.2568510398e-02  2.0786610223e-02  6.3662553734e-02  2.1891848356e-02  4.9602024742e-02  1.8091115222e-02  3.8445382106e-02  1.3222244182e-02  2.4116262356e-03  1.3689390933e-02  
3.5990231037e+00  3.3740472680e-04  1.9788151180e-05  -6.5431994271e-02  3.4545970862e-02  1.0731025898e-01  2.1141548424e-02  8.4892544593e-02  1.8529015748e-02  5.0467317323e-02  1.8984470302e-02  2.6920322646e-02  1.7073512527e-02  4.7860472083e-02  1.6355463523e-02  
3.6985247135e+00  2.9332735149e-04  1.8731254159e-05  -4.1703314673e-02  4.0252420235e-02  7.8434877410e-02  1.9995596319e-02  7.9063821502e-02  2.0350111617e-02  4.2717244483e-02  1.8501376553e-02  2.2915895571e-02  1.5636969314e-02  5.1652563952e-02  1.7405188916e-02  
3.7994661331e+00  2.7813705149e-04  1.9282539781e-05  -5.8567779330e-02  3.6922345197e-02  1.3813954806e-01  2.0862926960e-02  5.2255443630e-02  1.8435784339e-02  4.5969387763e-02  2.1432525583e-02  7.6298149227e-03  1.1921903562e-02  3.7574549531e-02  1.9015814306e-02  
3.8993129730e+00  2.4447422859e-04  1.5857892056e-05  -8.8500233974e-02  4.6607531712e-02  7.1830352925e-02  2.2379028963e-02  5.4573329092e-02  1.7633318161e-02  4.8570446335e-02  2.1641085445e-02  2.8363048137e-02  1.8914513212e-02  5.6733475976e-02  1.5420716293e-02  
3.9997110367e+00  2.2845488464e-04  1.6180806802e-05  -7.0261104998e-02  5.2793959319e-02  8.3620119188e-02  2.4674055856e-02  6.0084997086e-02  2.3618641354e-02  2.6476337270e-02  2.2997189249e-02  1.5717756047e-02  1.4869621412e-02  2.6762843788e-02  2.3417881770e-02  
