#eta  rn(eta)  rn_err(eta)  rnn(eta)  rnn_err(eta)
-7.0000000000e+00  0.0000000000e+00  0.0000000000e+00  0.0000000000e+00  0.0000000000e+00  0.0000000000e+00  0.0000000000e+00  0.0000000000e+00  0.0000000000e+00  0.0000000000e+00  0.0000000000e+00  0.0000000000e+00  0.0000000000e+00  0.0000000000e+00  0.0000000000e+00  0.0000000000e+00  0.0000000000e+00  0.0000000000e+00  0.0000000000e+00  0.0000000000e+00  0.0000000000e+00  0.0000000000e+00  0.0000000000e+00  0.0000000000e+00  0.0000000000e+00  
-6.9000020027e+00  0.0000000000e+00  0.0000000000e+00  0.0000000000e+00  0.0000000000e+00  0.0000000000e+00  0.0000000000e+00  0.0000000000e+00  0.0000000000e+00  0.0000000000e+00  0.0000000000e+00  0.0000000000e+00  0.0000000000e+00  0.0000000000e+00  0.0000000000e+00  0.0000000000e+00  0.0000000000e+00  0.0000000000e+00  0.0000000000e+00  0.0000000000e+00  0.0000000000e+00  0.0000000000e+00  0.0000000000e+00  0.0000000000e+00  0.0000000000e+00  
-6.7999768257e+00  0.0000000000e+00  0.0000000000e+00  0.0000000000e+00  0.0000000000e+00  0.0000000000e+00  0.0000000000e+00  0.0000000000e+00  0.0000000000e+00  0.0000000000e+00  0.0000000000e+00  0.0000000000e+00  0.0000000000e+00  0.0000000000e+00  0.0000000000e+00  0.0000000000e+00  0.0000000000e+00  0.0000000000e+00  0.0000000000e+00  0.0000000000e+00  0.0000000000e+00  0.0000000000e+00  0.0000000000e+00  0.0000000000e+00  0.0000000000e+00  
-6.6992039680e+00  3.7008961932e+13  3.5158513835e+15  0.0000000000e+00  0.0000000000e+00  -9.0305592549e+12  8.5790312922e+14  0.0000000000e+00  0.0000000000e+00  -3.3427730815e+13  3.1756344274e+15  0.0000000000e+00  0.0000000000e+00  6.3405010484e+12  6.0234759960e+14  0.0000000000e+00  0.0000000000e+00  -3.5953208720e+12  3.4155548284e+14  0.0000000000e+00  0.0000000000e+00  1.5754753100e+13  1.4967015445e+15  0.0000000000e+00  0.0000000000e+00  
-6.5999832153e+00  0.0000000000e+00  0.0000000000e+00  0.0000000000e+00  0.0000000000e+00  0.0000000000e+00  0.0000000000e+00  0.0000000000e+00  0.0000000000e+00  0.0000000000e+00  0.0000000000e+00  0.0000000000e+00  0.0000000000e+00  0.0000000000e+00  0.0000000000e+00  0.0000000000e+00  0.0000000000e+00  0.0000000000e+00  0.0000000000e+00  0.0000000000e+00  0.0000000000e+00  0.0000000000e+00  0.0000000000e+00  0.0000000000e+00  0.0000000000e+00  
-6.4988899231e+00  0.0000000000e+00  0.0000000000e+00  0.0000000000e+00  0.0000000000e+00  0.0000000000e+00  0.0000000000e+00  0.0000000000e+00  0.0000000000e+00  0.0000000000e+00  0.0000000000e+00  0.0000000000e+00  0.0000000000e+00  0.0000000000e+00  0.0000000000e+00  0.0000000000e+00  0.0000000000e+00  0.0000000000e+00  0.0000000000e+00  0.0000000000e+00  0.0000000000e+00  0.0000000000e+00  0.0000000000e+00  0.0000000000e+00  0.0000000000e+00  
-6.3983082771e+00  0.0000000000e+00  0.0000000000e+00  0.0000000000e+00  0.0000000000e+00  0.0000000000e+00  0.0000000000e+00  0.0000000000e+00  0.0000000000e+00  0.0000000000e+00  0.0000000000e+00  0.0000000000e+00  0.0000000000e+00  0.0000000000e+00  0.0000000000e+00  0.0000000000e+00  0.0000000000e+00  0.0000000000e+00  0.0000000000e+00  0.0000000000e+00  0.0000000000e+00  0.0000000000e+00  0.0000000000e+00  0.0000000000e+00  0.0000000000e+00  
-6.2980942726e+00  0.0000000000e+00  0.0000000000e+00  0.0000000000e+00  0.0000000000e+00  0.0000000000e+00  0.0000000000e+00  0.0000000000e+00  0.0000000000e+00  0.0000000000e+00  0.0000000000e+00  0.0000000000e+00  0.0000000000e+00  0.0000000000e+00  0.0000000000e+00  0.0000000000e+00  0.0000000000e+00  0.0000000000e+00  0.0000000000e+00  0.0000000000e+00  0.0000000000e+00  0.0000000000e+00  0.0000000000e+00  0.0000000000e+00  0.0000000000e+00  
-6.1979708672e+00  0.0000000000e+00  0.0000000000e+00  0.0000000000e+00  0.0000000000e+00  0.0000000000e+00  0.0000000000e+00  0.0000000000e+00  0.0000000000e+00  0.0000000000e+00  0.0000000000e+00  0.0000000000e+00  0.0000000000e+00  0.0000000000e+00  0.0000000000e+00  0.0000000000e+00  0.0000000000e+00  0.0000000000e+00  0.0000000000e+00  0.0000000000e+00  0.0000000000e+00  0.0000000000e+00  0.0000000000e+00  0.0000000000e+00  0.0000000000e+00  
-6.0974845886e+00  6.8657465604e-01  1.5380423028e+00  0.0000000000e+00  0.0000000000e+00  -1.3797875431e+00  1.2618051325e+01  0.0000000000e+00  0.0000000000e+00  2.5551318372e+00  1.4904260862e+01  0.0000000000e+00  0.0000000000e+00  -9.1360657020e+01  2.1769788552e+02  0.0000000000e+00  0.0000000000e+00  -3.5815715710e+00  1.1017127774e+01  0.0000000000e+00  0.0000000000e+00  -7.9462119555e-01  1.1017363727e+00  0.0000000000e+00  0.0000000000e+00  
-5.9969768524e+00  -6.7115705098e-01  1.1237823763e+01  0.0000000000e+00  0.0000000000e+00  -9.9360026357e-02  3.9923324693e-01  0.0000000000e+00  0.0000000000e+00  -1.5488813711e-02  2.6087428629e-01  0.0000000000e+00  0.0000000000e+00  -1.0585129799e+00  1.2446064706e+00  0.0000000000e+00  0.0000000000e+00  -1.6654441646e-01  5.9604776360e+00  0.0000000000e+00  0.0000000000e+00  4.8078295699e-01  2.5018110217e+01  0.0000000000e+00  0.0000000000e+00  
-5.8944745064e+00  3.0082618295e-01  3.7966188683e+00  8.5801003187e-01  8.5801003187e-01  1.0323596806e+00  1.5378523501e+00  1.3272181993e+01  1.3272181993e+01  3.8875511837e+00  5.2526806030e+01  2.8138810511e+00  2.8138810511e+00  -7.9399623807e-01  7.8177225332e-01  -1.4308893824e-01  1.4308893824e-01  5.3179785702e-01  5.9715181719e-01  -7.1646263882e-01  7.1646263882e-01  -6.9163016279e-01  2.1083146844e+00  -9.0458918123e-01  9.0458918123e-01  
-5.7927718163e+00  -1.6735725489e-02  4.1596506444e-01  -3.4520631923e-01  3.4520631923e-01  -4.4464102995e+00  1.3862055451e+01  -2.2127794707e-01  2.2127794707e-01  -6.0972677588e+00  2.5247202561e+01  -9.6840957920e+00  9.6840957920e+00  -7.2637139214e+00  7.3350841706e+01  -1.9347259643e+00  1.9347259643e+00  1.3442214437e-01  5.2929653230e-01  -4.7890442746e-01  4.7890442746e-01  6.2289447104e-02  9.4658726886e-01  -1.0020777292e+00  1.0020777292e+00  
-5.6916747093e+00  4.9653858316e-04  1.2987667442e+00  -8.9584757328e-01  1.9458416179e+00  -1.7023378816e+00  2.0582094805e+00  -2.2258287212e-01  1.7019119760e+00  9.0545768593e-01  1.4217489450e+00  -1.6885059826e+00  2.6305639911e+00  -4.3551582213e-01  1.7973965682e+00  6.3114460284e-01  1.4418673986e+00  -2.8319820299e+00  1.8161528198e+01  1.0620853088e+01  1.5516659370e+01  2.5997202291e+00  5.4344297500e+00  -1.7697034800e+00  3.0837825512e-01  
-5.5846409798e+00  -2.4037170439e-01  1.9224438622e+01  5.1217667973e-01  3.7953196813e+00  4.6278891157e-01  6.5716013301e-01  -8.5812444700e-01  2.3450093350e+00  -4.1961472602e-01  1.5686596899e+00  -5.7821492593e-01  7.1853442485e+00  3.3097232218e-01  1.0751652575e+00  3.8754238374e+00  6.3480792936e-01  -6.8355740631e-02  5.0315373163e-01  -1.5649385095e+00  3.5319849776e+00  2.2293035881e+00  3.6332921091e+02  -1.0461829770e+00  1.3364823477e+02  
-5.4798259735e+00  5.5987351302e+00  1.8585109626e+02  -1.0150229502e-01  2.0264354369e+00  4.3929954961e-01  2.1412104744e+00  6.9477613400e-01  8.7303088051e-01  -2.3611293980e+01  4.7442114609e+02  3.9080832111e+00  6.5518278892e+00  -1.2233880363e-01  3.1831208590e+00  9.4388807828e-01  1.2679534439e+00  1.8616808217e-01  5.5140205944e-01  -3.1627111472e+00  8.9739576542e+00  -5.5794509081e-01  1.0099893621e+00  1.4863047846e+00  1.8930165713e+00  
-5.3760128021e+00  -8.5698538578e-01  9.4553766619e+00  -1.5989437479e+01  5.7576889197e+01  2.0510808717e+00  2.4499607561e+01  -1.4111251452e+00  2.1400322343e+00  2.4608719526e-01  9.6546268281e-01  -6.8553901997e-01  2.2373002247e+01  6.0108121803e+00  1.1174790993e+02  -8.6912342038e-01  1.5054758113e-01  -1.6411767005e+00  1.9168871146e+01  3.0618702492e+00  2.7973121287e+00  -1.2977556850e-02  1.7491145547e+00  -1.1646974535e+00  6.5312441944e-01  
-5.2730116844e+00  1.5900081456e+00  1.2232375399e+02  -2.6933227981e+00  3.0932572755e+00  1.2981338763e+00  8.2187096023e+00  -1.9997268605e+00  3.3638268464e+00  1.0563345455e+00  1.2583200330e+00  2.4089209412e-01  8.8611174042e-01  7.4410180710e-01  9.8165085179e-01  7.8772369149e-02  9.3909052601e-01  3.6329027240e-02  1.6210853099e+00  -7.5884802410e-01  3.5482360002e-01  7.7478125711e-01  1.0955400311e+00  -1.8887516055e+00  3.5032098153e+00  
-5.1666088104e+00  -1.7716451565e+00  3.3414707258e+00  -1.6941036630e+01  7.1530445172e+01  1.0011632581e+00  5.1901717351e+01  -6.4298600281e+00  9.5320462693e+01  8.2966027352e-02  8.3322529185e-01  6.1481844468e-01  7.4596049314e-01  1.1490923173e+01  3.2510943008e+02  3.3723450297e+00  2.9876013397e+01  1.5580313134e-01  3.1175262431e-01  -1.6218675720e-01  9.5930410298e-01  -1.5428603436e-01  4.2477452269e+03  3.2896695778e+00  6.1806957682e+00  
-5.0601487160e+00  5.4740670071e+00  6.6816256394e+02  4.3186565574e+00  3.6341150393e+01  2.0048639542e+00  2.4530648366e+01  1.4603143277e+00  1.3561977949e+01  -2.0223265294e+00  1.1152795229e+01  8.0275732130e-01  7.0563182884e-01  2.0245282089e+00  9.3802504936e+01  6.2148589610e-01  1.1913310983e+01  -7.0272301663e-01  4.2196709098e+00  1.7883926818e+00  1.3730176851e+00  -2.1513223719e+00  3.4040568406e+00  2.1195647176e-01  9.1318135256e+00  
-4.9557366371e+00  3.2171560378e+00  1.1958667122e+02  1.1980724369e+00  1.2659578093e+00  2.4466397434e-01  2.3629060837e+00  2.1504908820e+00  3.0252174012e+02  1.4714951612e+01  1.5840598786e+03  1.3215338894e+00  1.5949433280e+00  -6.8239672804e-01  2.2159083410e+00  6.5815911541e+00  8.3511188070e+02  4.6453729363e-01  3.7065057136e+00  -3.4719923622e+00  7.8714794997e+00  -1.8017004934e+00  3.2449634081e+02  3.4003943133e+00  3.5865527676e+01  
-4.8501639366e+00  -2.0872468386e-02  1.7070845204e+00  -1.1008910534e+00  1.7704784205e+01  3.2826243687e-02  4.2301475439e-01  5.3539469579e-01  9.4395471039e-01  1.5518936426e+00  1.7407566773e+01  -7.5530395189e-01  1.4511506491e+01  1.9796257043e+00  2.7211193420e+00  -1.0885247212e+00  4.9554131664e-01  -1.1419553896e+00  2.0844880305e+00  -1.9483118638e+00  6.8445253696e+00  4.8269661569e-01  1.1907790927e+00  2.0546241041e+00  4.6672958477e+00  
-4.7510170937e+00  -9.1780210630e-01  3.7778268094e+00  -6.9574628291e-01  6.4764698360e-01  2.5993578355e+00  4.0174929667e+00  2.2008128229e+00  1.0845168892e+01  -1.9661108978e+00  4.8943007416e+00  1.6939506121e+00  1.8621217835e+00  -8.7112859659e+00  3.4471627439e+02  3.9483197004e-01  1.9946896085e+00  1.0898338032e-02  5.3826411472e-01  -1.2603045874e+01  9.3061803760e+02  -6.1527048669e-01  8.5905034752e-01  1.6355888276e-01  1.5836684797e+00  
-4.6495461464e+00  -1.7410075591e+00  3.8974229613e+00  1.3507976815e+00  1.1699019113e+00  -3.2646075607e-01  7.9285093049e-01  8.3736668620e-01  4.7342299472e-01  1.1815463621e+00  8.5346094021e+01  -2.4476248966e-01  6.4350262690e-01  -4.4678241127e+00  6.5152436613e+01  -8.0299466619e-01  3.7721569736e+00  3.1164357283e-01  3.5447992393e-01  -3.0816519330e-01  4.9250517694e+01  -8.8833605974e-01  4.3218152838e+01  7.6827617279e-01  4.2015511497e+00  
-4.5488190651e+00  6.2962030315e+00  8.4046240951e+01  -1.5182841850e+00  2.6582518044e+01  3.8390881458e+00  2.1208200537e+01  -4.5358985461e+00  3.6661502486e+01  1.8919009679e-01  1.8290325371e+00  1.0705438462e-01  5.1381476395e-01  3.0523284354e-01  5.2376130059e-01  3.6241485236e-02  2.0390346475e+01  2.7546443558e-01  4.2100971433e-01  -8.8953369740e+00  1.3274912692e+02  -9.6881143317e-02  1.4847659316e+00  1.8695387175e-03  1.5748793033e+00  
-4.4479069710e+00  1.1758780450e+00  2.9693009908e+00  6.4211790638e-02  1.5535048270e+00  -3.6246774879e+00  7.2165487002e+00  -1.0598307860e+00  4.4361752338e+01  -5.4667540054e-01  4.1258552124e+00  9.2073458181e-01  1.2237485209e+00  -2.1603081376e+00  3.9828187856e+00  -1.6668105810e-01  1.2835748503e+00  6.0300677650e-01  2.0345728174e+00  -7.4424011122e-01  3.3829000336e+00  2.4887182988e+00  2.3663480749e+01  7.2109647808e-02  6.7576944798e-01  
-4.3484034538e+00  -1.4046677334e+00  6.4537250717e+00  7.1014968044e-01  4.3528105432e+00  -6.1366425132e+00  7.4913733275e+01  1.4585638032e-01  4.7777900008e-01  4.5398965678e-01  3.4832338511e+00  1.2373992515e+00  1.2228124616e+01  -1.1508017194e+00  3.4457106941e+00  8.9351343048e-01  6.0188775217e+02  9.5520162095e-02  5.1213334103e-01  -9.1987511575e-02  6.9115023690e-01  1.9501909657e-02  6.4692170077e-01  1.2516640906e+00  5.3182342136e-01  
-4.2479977608e+00  -1.8305516805e-01  6.5393137047e-01  9.7141918809e-01  2.8312704550e+00  1.1595997902e+00  1.4602278620e+00  -6.2157553792e-02  5.3725261079e+00  -2.2838414188e-01  3.5729588110e-01  4.6344511477e-01  5.0879741904e-01  2.4376098168e-02  2.4441974928e+01  9.7569595046e-01  1.0142056388e+00  -2.8257148249e+00  4.8867803539e+00  -4.4760313648e+00  1.1604029318e+02  -4.4565419493e-01  3.5901979579e-01  -9.1443819145e+00  8.0389102673e+01  
-4.1478867531e+00  1.3146726597e+00  8.4073319782e-01  4.1318960949e-01  1.1571755665e+00  -6.8244668584e+00  8.7063896066e+01  -2.6592410200e-01  9.8615234278e-01  7.0389545653e-01  7.0133545102e-01  1.6631228396e+00  2.4050630676e+00  -4.9002825262e-01  9.6281426235e-01  -2.9856956524e-02  7.0099553686e-01  1.4628595578e+00  5.4080700940e+00  -9.3199528486e-01  8.0795946021e-01  1.8860984096e+01  3.2702430892e+03  -8.2432338285e+00  6.7170960709e+02  
-4.0474200249e+00  3.4537759580e+01  3.4554513176e+03  -1.5894605122e+00  1.4200528376e+01  -1.0365122128e+00  9.6722421496e-01  -3.6531428608e+01  3.0391236697e+03  -1.3924295822e+00  2.5371010183e+01  -9.2909481225e-01  2.0982218515e+00  -1.3492006661e+00  2.1409067355e+01  -1.5290998774e-01  7.6297683387e+00  -4.9311192405e-01  8.8758799599e-01  1.7871374861e-01  1.2243894330e+00  9.0251473589e-01  1.8850268455e+00  3.2016854070e+00  2.6477811336e+01  
-3.9476099014e+00  1.3235962928e+00  3.5862949075e+00  -2.0151730034e+00  2.8665368496e+01  1.1360207534e+00  6.4739501319e+00  1.5221694408e+00  1.6487347131e+00  -1.1817707375e+00  4.0904162673e+01  -1.6098610327e+00  9.3329692744e-01  8.1637807246e-01  3.2929286315e+00  -1.3594946129e+01  9.8251365271e+01  -3.7508660406e-01  2.0561856730e+00  6.9525922962e+00  2.3083835490e+02  -4.1310189277e-01  5.2642676464e-01  8.8999835739e-01  7.8350904202e-01  
-3.8479728699e+00  -1.0231704106e+01  3.4535150388e+02  -1.9713807438e+00  2.0926130944e+00  -4.1047595355e-01  7.1440485278e-01  5.5796538621e-01  6.4041846661e-01  -5.9300833711e-01  9.1244094113e-01  2.6910628156e+00  9.1852052273e+01  4.1241342856e+01  1.8123296686e+03  -2.2892876429e-01  6.2230202105e-01  -4.9967812035e+00  6.6310980944e+02  5.3089949316e-01  7.1488562165e-01  -6.2463528777e+00  8.2135814505e+01  -5.7761434391e-01  2.5081041467e+00  
-3.7480213642e+00  2.8883259660e+00  2.7477920492e+00  2.1780086042e+00  6.6901204796e+01  4.7884937419e-02  2.0552710228e-01  -2.4458096577e+00  1.6114711396e+01  1.6394636613e+00  2.1538794076e+00  -6.3635286384e-01  5.7407049643e-01  4.5718349755e+00  1.3062166782e+02  -2.2097750180e-01  6.1724447158e-01  2.7583206249e-01  2.0720292540e+00  -8.5023544001e+00  8.5362100067e+02  1.9786450202e+00  2.8183007790e+00  -3.4027766943e+00  4.2310329548e+01  
-3.6480512619e+00  -1.7233844040e+00  1.6816205194e+00  8.0663635223e-02  6.3080496911e-01  4.4241049574e-01  6.5231633205e-01  6.0107394272e+00  2.9444921723e+02  -7.1118634247e-01  7.0226540491e-01  -5.7825416345e-02  4.1498978122e-01  6.4189914554e-01  5.4769374001e-01  5.2273998157e-01  7.8962244289e-01  -7.7023789927e-01  1.3478889910e+00  1.7129989435e+00  1.4746370536e+01  -4.3298348478e-01  1.9165060993e+00  5.2674402732e-01  8.3714747410e-01  
-3.5481388569e+00  1.2133509676e+01  6.7983205687e+01  -1.6288788606e+00  1.2638676127e+00  4.8656476437e+00  5.2582552077e+02  -4.4900558217e-01  4.1190471019e-01  -2.5196110343e+00  2.7767274926e+00  -4.0815006827e-01  1.5712711435e+00  1.3023725011e+00  2.3545943410e+00  -3.9537547567e-01  6.0011872513e-01  4.1629889724e+00  4.1208424403e+01  1.5883216318e+00  1.2511989246e+01  5.1943113483e-01  8.7131014894e-01  7.5825228775e-01  2.4187367516e+00  
-3.4481372833e+00  -2.7819071580e+00  2.5105684629e+00  1.0674519488e+01  1.7669628837e+02  3.7427360441e+00  6.1566730138e+00  1.3318468856e+00  9.8138713115e-01  -2.6835566016e+00  2.4384971153e+00  -4.3356468889e-01  3.3587757654e+00  2.2563955187e+00  3.6370623900e+00  -1.7446811118e+00  1.0600305010e+01  -3.8951470023e+01  3.6096593930e+03  2.4787609738e-01  3.5860122617e-01  -2.4165810929e+00  2.8197439141e+00  2.8580224377e-01  3.8601227835e+00  
-3.3484132290e+00  -1.5066219492e+02  1.2186790541e+04  -1.1154360010e+00  5.2881571408e-01  2.7118638206e+01  8.8362271874e+02  -7.9569944424e-01  2.0486032889e+01  3.6316172200e+00  5.7818211863e+00  -2.6599560274e-02  2.7489763486e+00  -2.3174150209e+00  1.6961284517e+00  2.9961815335e-01  9.5436964131e-01  -3.0397791895e+00  3.1584955798e+00  -2.9970156505e-01  6.7497561086e-01  -6.0782609844e+00  1.9321942651e+01  -9.3982438049e-01  1.3233664254e+00  
-3.2484042645e+00  -5.8531079181e+00  5.1372009438e+00  -3.4073267245e+00  9.2995321381e+00  3.7508712585e+00  5.0822506260e+00  1.1393985312e+00  1.3973240061e+00  -5.2023552807e+00  5.8446795866e+01  -2.0945760361e-01  9.8043718616e-01  3.8307453800e+00  6.1476554923e+00  -9.3366396103e-01  5.4857510895e+00  -2.2938422373e+00  2.3561356777e+00  8.3944476373e-01  1.3266284594e+00  6.7102140406e+00  1.9315788083e+01  7.8114861364e-01  1.3378754828e+00  
-3.1485509872e+00  3.3926918013e+01  2.4772591499e+02  1.1120934725e+01  8.3777300451e+01  2.1175046643e+00  1.4111752377e+00  -1.3305877055e+00  4.2845300383e+00  2.0338662863e+00  1.7714654171e+00  -1.4883700119e-01  1.6364735816e+02  4.6427348717e+00  5.9501319187e+00  -1.1458178523e+01  8.6188342237e+01  -4.6088393442e+00  6.3127932841e+00  2.7972473756e+00  4.5352747439e+00  -5.5967089591e+00  1.0007057252e+01  9.4003790434e-01  8.6565896055e-01  
-3.0487339497e+00  -1.3996570759e+01  3.1995539853e+01  -8.7646477240e+00  5.1004245619e+01  1.3786963042e+00  6.6839419408e-01  1.0143682154e+00  2.7608725217e-01  6.5421215923e+00  1.0624217299e+01  6.1133721572e-02  6.1010312310e-01  3.8524494030e+00  5.8412800330e+00  -7.2994689032e-01  1.0070409155e+00  -7.9397155365e+00  3.7907283351e+01  7.4631262398e+00  1.7173306973e+02  -1.6618250244e+00  2.4265892879e+00  3.1135349378e+00  6.8509551179e+00  
-2.9486587048e+00  -5.6779850725e+00  2.9646136847e+00  -2.2479657260e+00  1.5815982483e+00  2.4107034275e+00  1.3991992234e+00  1.1822449896e+00  8.2164813528e-01  -2.9550332647e+00  3.0826270521e+00  1.5273165501e-01  8.4185880761e-01  5.7214058683e+00  9.7863968050e+00  2.2994165547e+00  3.2355659884e+00  4.1007021732e+00  8.0771962275e+00  7.3921332021e+00  1.7696128702e+01  5.1201957299e+00  7.2915097547e+00  -3.1861613236e-01  1.5450718982e+00  
-2.8488941193e+00  -1.4675909088e+01  2.3803172132e+01  -1.7908969410e+00  1.0942196571e+00  4.0549812674e+00  2.2886087639e+00  8.6222276840e+00  4.4723597733e+01  -8.2992957666e+00  7.7412714887e+02  1.4582434820e+00  3.4196606541e+00  4.2153611882e+01  6.8057022676e+02  -1.1364897218e+00  1.8053778864e+01  4.0628551440e+00  6.6405403854e+00  -2.3224210316e-01  8.2189236443e-01  -4.6978783923e+00  9.1623871712e+00  -1.4854747796e+00  2.3674659625e+02  
-2.7489635944e+00  -3.4116493676e+00  1.3750450556e+00  -2.0138286136e+00  1.0724595285e+00  2.8074300852e+00  1.2276735759e+00  2.5764709574e+00  1.6958722897e+00  -1.3563332962e+01  5.5602490848e+01  3.7503742774e+00  4.7317538943e+00  1.0175396628e+01  4.6235226421e+01  1.6456818766e-01  4.3200775511e-01  1.2284843424e+01  1.9669978494e+02  4.2389083144e+00  1.3486266137e+01  -3.1428834076e+00  2.3210032203e+00  2.0810127496e+00  3.5273297296e+00  
-2.6489412785e+00  -6.4407071186e+00  3.5591072623e+00  -3.9332411894e+00  2.8058703925e+00  3.1231100971e+00  1.0351817271e+00  2.2870332415e+00  1.6858037471e+00  2.4246136595e+00  1.1672108841e+00  -2.3412278444e+00  1.5672091681e+00  -8.8739508391e+01  3.1476358533e+03  -2.7317549856e+00  1.9977109245e+01  -2.8247171839e+00  1.9823307246e+00  2.0210344572e+00  2.3647113975e+00  -6.5239961192e+01  1.1139339914e+03  1.4213677984e+00  1.3105676435e+00  
-2.5491349697e+00  -8.6230762005e+00  7.1128908052e+00  -2.3375994028e+00  9.1510172250e-01  2.4998078302e+00  8.4273888544e-01  4.3403987061e+00  4.3789361464e+00  -7.4810693728e+00  5.8525784678e+03  6.9858901647e-01  9.0825597480e-01  3.1188242288e-01  1.5862784606e+03  3.8594020532e+01  9.3134433542e+02  -3.2368780712e+00  2.0047259016e+00  -1.6520242158e+00  2.0377341946e+00  -2.7149670642e+01  4.4083821919e+02  -4.4561290992e+00  7.1533371906e+01  
-2.4491250515e+00  -6.1115036338e+00  4.1796175496e+00  -6.4179355330e+00  7.5577099377e+00  2.6361102197e+00  7.1220363438e-01  1.9451354574e+00  1.4636392008e+00  8.6654326271e+00  1.5643808443e+01  1.6243971970e+00  1.8141687885e+00  -5.9675730713e+00  5.5195512990e+00  -7.8901385697e-01  1.9205733522e+00  -7.1273227510e+00  4.0098257000e+01  4.5015397949e+00  1.7152563973e+01  -7.9467952622e+00  1.1227035760e+01  7.2002663726e-01  4.2078034968e-01  
-2.3493051529e+00  -5.0288042895e+00  3.2099841598e+00  4.0525237175e+00  4.9694134429e+00  2.4964729665e+00  8.6113050437e-01  2.2374140599e+00  1.1995441954e+00  -9.2472073044e+00  3.0974077707e+01  7.3414096387e-01  1.0094206622e+00  7.1058140419e+00  1.9106350552e+01  -8.3730418611e-01  8.2841044368e-01  4.1125993376e+02  4.0357946490e+04  -2.0874155844e+00  6.6760158773e+00  -1.6523714294e+00  1.9906265857e+00  -5.0887208893e-01  7.0702366599e-01  
-2.2492551804e+00  -3.6348439776e+00  1.6470163062e+00  5.5072371002e+00  8.2384333500e+01  1.4573140290e+00  2.9924249041e-01  3.2908217381e+00  1.7331885818e+00  -1.1566317751e+00  3.7944769803e+00  7.6740807772e-01  9.6665461551e-01  -1.5086211071e+00  3.1349379591e+00  -1.4185467720e+00  2.3638718176e+00  5.0740745518e-01  5.1803099881e-01  -3.5882295836e-01  1.7205142074e+00  -1.0350850923e+00  2.0358329424e+00  -4.1895974445e+00  3.3414508953e+02  
-2.1493027210e+00  -2.7256327561e+00  1.0833653003e+00  1.8510849495e+00  1.1365039884e+00  1.4520690204e+00  3.2362300935e-01  1.6317926519e+00  6.9793536571e-01  -3.7254387744e-03  7.2602273465e+00  2.7547393862e-01  8.1711594186e-01  3.0963082076e-01  7.7813352953e-01  -4.5508796628e+01  2.9816840917e+03  5.9654267576e-01  8.4531102895e-01  -4.3532413461e-01  1.5804395473e+00  -8.8730494033e-01  1.3636247425e+00  -1.5549385523e+00  2.4594749993e+01  
-2.0494234562e+00  -3.4530526278e+00  1.5341651838e+00  2.1340696849e+00  1.2889938450e+00  2.6061694703e+00  7.8668506698e-01  1.7052540567e+00  5.2926749799e-01  1.1560920250e+00  8.7692847509e-01  -2.8747230235e+00  2.0516903530e+02  4.8265817338e-01  3.7095561383e+00  2.0501008740e+00  2.7946655955e+00  -2.4682520164e+00  3.4285988892e+00  -5.8062383329e-01  7.9852308816e-01  1.6962874077e+00  3.0305012340e+00  1.5064227097e+00  1.1327979219e+00  
-1.9493594170e+00  -2.9877848439e+00  1.1386451787e+00  8.0736495434e-01  8.6329790071e-01  1.7933121678e+00  3.2803162122e-01  2.2288519624e+00  1.1093646134e+00  2.4755007173e+00  2.3628942078e+00  -6.0373152414e+00  2.1945935988e+02  -2.1766019574e+00  3.2630907221e+00  2.0783189248e+00  4.3659841991e+02  1.7351619046e+00  9.8950455488e+00  3.2445882530e-01  1.9000420379e+00  -1.9224953220e+00  3.3859362353e+00  1.5501742248e+00  1.4503320271e+00  
-1.8494309187e+00  -3.9477236739e+00  2.0935874163e+00  2.6353958325e+00  2.8794935114e+00  1.5770785606e+00  2.8361605999e-01  1.8071403588e+00  6.4925999370e-01  9.1561335008e-01  5.0591510381e-01  2.9485794799e+01  1.6422011124e+03  3.0458893183e-01  7.0360436844e-01  1.3521732355e-02  1.9937106984e+00  1.7236448368e+00  5.2048856582e+00  -1.3524082310e-01  4.7518438670e-01  9.7249048804e-01  1.4073617113e+00  -3.5622481046e-01  1.6624701682e+00  
-1.7494368553e+00  -3.4098014492e+00  1.5145027334e+00  2.9645258106e+00  2.8216134116e+00  1.6449133067e+00  3.4512672477e-01  1.3368114839e+00  3.5505700466e-01  3.7975028850e+00  7.2360003865e+00  -1.0154130955e+00  8.2827042056e-01  1.1640625470e+00  1.8566487698e+00  -5.6464355205e+00  7.5124099680e+01  -2.4341698297e+00  1.9298450739e+02  -5.8572788689e+00  9.3613155937e+01  3.9714224132e-01  4.0230336826e-01  -3.2924536776e+00  2.4317161395e+01  
-1.6494565010e+00  -2.1247173015e+00  7.6798345695e-01  1.4221703065e+00  6.7902710481e-01  1.8079715986e+00  3.9551238009e-01  1.9965529605e+00  9.9529367612e-01  8.3796405374e-01  9.8193193728e-01  -8.5199966527e-01  2.9258399072e+00  -7.2392978804e-01  1.0160202929e+03  3.7874013119e+02  3.5724174475e+04  6.7030769879e-01  5.5835255392e+01  3.1735549848e-01  8.2668159843e-01  -6.6163800917e-02  1.8188632889e+00  3.1010246743e+00  6.7720806325e+01  
-1.5494641066e+00  -1.8909873361e+00  5.7018038932e-01  1.7712684142e+00  8.9108940252e-01  1.1940564422e+00  1.7141006595e-01  1.5568742822e+00  3.4111129715e-01  1.8894209266e-01  4.9628782905e-01  5.1773387371e-02  5.0923107925e-01  1.3413038763e+00  1.3843948879e+00  1.1393884412e+00  8.8453426018e+00  -2.1440565857e-01  6.1289598359e-01  1.1758848675e-01  9.2787087185e-01  3.2622007695e-01  4.4756481203e-01  1.6738186572e-01  6.9300929839e-01  
-1.4495238066e+00  -2.2726412733e+00  7.1641017013e-01  1.2382144638e+01  1.0835300435e+02  1.8557272963e+00  3.9123301257e-01  3.3086692766e+00  2.4681631358e+00  9.9870657725e-01  1.4687282528e+00  -1.9016093409e+00  2.2899508453e+00  6.6664702778e-01  3.8201973281e+00  -1.0751819238e-01  2.7968032140e+00  -4.9247594261e-01  1.3172543330e+00  2.9713528711e+00  9.8302139562e+01  -1.9476109942e-01  1.2358765884e+00  1.5599792459e+00  6.4469783241e+00  
-1.3495541811e+00  -2.8221817607e+00  1.1207608794e+00  2.9391483466e+00  2.6887916370e+01  1.4756193452e+00  2.3683949031e-01  1.8164081143e+00  7.0225457442e-01  6.3265094051e-01  4.3093986104e-01  1.1022871552e+00  3.4946513688e+00  -5.4013716439e+00  1.4571006752e+02  -1.9481715334e+00  5.0084597477e+00  2.5644415964e-01  4.7785091992e-01  -1.2298281568e+00  9.3430195926e+00  6.9711740693e-01  2.0328959481e+00  -4.4453146903e-01  3.1139507068e+00  
-1.2495394945e+00  -3.5838232784e+00  1.8930350554e+00  4.2819812746e+00  1.3140157465e+01  1.2751983480e+00  1.6434938124e-01  1.8626226466e+00  6.6918966490e-01  1.4990223909e+00  1.1215859864e+00  7.3378402623e-01  1.7641337206e+00  1.7435486843e-01  8.1866004313e-01  3.0128822980e+00  2.0428642669e+01  -5.7368901493e-01  6.3364485961e-01  2.2789973214e+01  9.2588810173e+02  -1.3735675336e+00  2.2770525172e+00  1.2970137526e+00  9.1721218953e+00  
-1.1495960951e+00  -2.2744451554e+00  8.4542169920e-01  1.2458071359e+00  8.3706161206e-01  1.4431164673e+00  2.1659751017e-01  1.7746149050e+00  5.0816731680e-01  1.4827556725e+00  8.4926547250e-01  -2.1831451307e+00  1.8152950658e+00  -2.2777406899e+00  6.6652157618e+00  -9.5570421983e-01  1.4441113420e+00  -6.6993788677e-01  4.3883707460e+03  4.4895297099e-01  1.9367564986e+00  7.6766081903e-01  1.1449739902e+00  1.3663079673e+00  8.7156326861e+00  
-1.0496400595e+00  -3.0943760219e+00  1.6350767603e+00  -5.0393969008e+00  1.8511780202e+01  1.3103043592e+00  1.5689257598e-01  1.7164170929e+00  5.7695559980e-01  9.8333898591e-01  5.0850164504e-01  3.9631099843e+00  8.3144589240e+01  3.1182813363e-01  6.9024702933e-01  -2.1607702923e-01  2.4610528113e-01  -1.1333833997e-01  7.6150902666e+01  -7.7695831792e+00  8.0597329819e+01  2.9946859157e+00  6.1822598820e+00  -3.0065918139e-01  7.4616927137e+00  
-9.4964003563e-01  -5.1528500351e+00  4.6656165825e+00  1.6132715453e+00  2.5710470652e+00  1.2780410419e+00  1.4381397604e-01  1.4097410998e+00  3.3043985076e-01  7.6389994094e-01  3.2463499463e-01  5.4469975191e-01  1.0798708611e+00  -3.8636470217e-01  9.2380445698e-01  -1.9010857837e+00  2.7599313244e+01  2.2658837206e-01  1.0974732923e+00  3.0419202299e+00  2.5358976100e+01  7.5560240222e+00  2.9716711769e+02  -2.4810921326e-01  3.5242066857e-01  
-8.4965473413e-01  -3.8986060440e+00  2.2853436060e+00  2.5468358268e+01  6.3898772870e+02  1.3221846558e+00  1.4440099809e-01  1.5434573548e+00  4.5508671110e-01  1.0832408693e+00  3.9235947581e-01  2.1228629052e+01  4.8535817536e+02  3.0193288076e-02  5.8432766738e-01  2.5566133366e+00  1.9305767166e+01  -6.8504966566e-01  2.3111977330e+00  3.9153743172e-01  5.1378947506e-01  -1.1969791168e+02  9.5877467914e+03  -7.9342671648e-01  1.5036038498e+00  
-7.4975937605e-01  -9.1976121208e+00  2.9541938566e+01  7.8882824071e+00  3.4103308768e+02  1.3212751404e+00  1.3896704789e-01  1.7834140166e+00  5.8259471979e-01  1.9019001415e+00  1.1429978239e+00  2.1024673730e+00  5.7516870473e+01  -2.6472102304e+00  1.3653703732e+01  3.0119999518e+00  1.8011687742e+01  1.0664184474e-01  6.5019769984e-01  -4.7370845151e+00  1.2664137150e+02  4.0245852947e+00  5.0685806035e+02  2.3555212877e+00  2.7644752453e+00  
-6.4973032475e-01  -6.2157425042e+00  7.8479896373e+00  -2.9610372318e+00  1.0295771660e+01  1.4006256339e+00  1.6157346539e-01  1.4567045972e+00  4.5940661194e-01  4.8093560775e+00  6.3828166984e+00  -2.2454425850e+00  2.8676561482e+00  -1.3598986338e+00  5.7493046455e+00  2.5016427959e+00  6.3001150998e+00  1.0073156438e+01  3.9224323084e+02  3.6234683716e+02  2.1485034919e+04  1.7463694213e-01  8.2861767849e-01  -3.1015789575e-01  5.2805912363e-01  
-5.4976725578e-01  -1.2326464017e+01  1.2434744055e+02  -5.8325799171e-01  8.5648205159e-01  1.4391562017e+00  1.7134558119e-01  1.4806637808e+00  3.0307079138e-01  2.2365913812e+00  1.5000748219e+00  6.8146247541e+00  1.6231252476e+01  2.3383930625e-02  4.2701031927e-01  5.1021812252e-01  7.6198607457e-01  2.2949594928e+00  7.7351169196e+01  -2.0852795816e+00  9.1838249867e+00  1.1592787346e+00  1.9322312473e+00  -2.8089149162e+01  2.4885937121e+03  
-4.4981589913e-01  -2.3428755912e+01  1.5351035897e+02  -2.3648346533e-01  4.0538619125e+00  1.0518398645e+00  1.0130845019e-01  1.2770173145e+00  2.4687060347e-01  1.9308888218e+00  9.4417845194e-01  2.6950286686e+00  5.7554071527e+00  -8.2946951398e+00  5.3458912312e+02  -2.5822261674e-01  8.1140890329e-01  1.3265075215e+00  1.6724862348e+00  -1.2382377472e+01  1.3819754513e+02  3.7438560618e-01  1.0193443445e+00  -1.4512978806e+00  7.6443623018e+01  
-3.4987187386e-01  7.7055595292e+00  1.6216569949e+01  4.3434478153e-02  1.4921430543e+00  1.2977887276e+00  1.4445643892e-01  1.3747636826e+00  2.9736890036e-01  7.8412185787e-01  3.3214560042e-01  8.3775479463e-01  1.3259933714e+00  4.1143635728e-01  8.8762961452e-01  4.8842137696e-01  8.4926734561e-01  1.4114597334e+00  2.5610745496e+00  -1.8692357441e+00  2.2053705112e+00  1.0013728438e-01  1.0801225506e+00  1.0695691395e+00  2.3301648848e+00  
-2.4992628396e-01  3.7530321346e+00  4.2466082867e+00  4.2774486686e-01  3.3796878011e+00  1.1233446579e+00  8.5112796951e-02  1.1457069391e+00  1.6360285529e-01  1.3123158560e+00  4.2171657035e-01  1.1572602335e+00  1.8058253588e+00  -3.6181528764e-01  1.0114041719e+00  3.7962592909e+00  3.0568511861e+01  -1.1139101623e+00  9.8740548939e+00  3.7198193848e-01  5.0473141431e-01  4.5557469067e+00  3.9964517405e+01  -3.1761208261e-01  7.8569931034e-01  
-1.4991442859e-01  1.2516930146e+00  7.2556170703e-01  1.0074834627e+01  3.0196109934e+02  1.2287967214e+00  9.0470519202e-02  1.1945227190e+00  1.4133410891e-01  7.2532957883e-01  3.6354091612e-01  3.9155709034e-01  7.8064380260e-01  1.8931733876e+01  4.7662980667e+03  1.2288932959e+00  4.1945784062e+00  9.1273129277e+00  1.4270069450e+03  2.0507139717e+00  6.5998295195e+00  -9.8639457876e-01  1.1873099850e+01  -3.4387205572e-01  6.5899503716e-01  
-4.9975588918e-02  1.0225298415e+00  5.1697723231e-01  1.8905612887e+00  3.7471271471e+00  1.0171631339e+00  6.8321353419e-02  1.0186260290e+00  7.0496602422e-02  1.1972970740e+00  3.9666981208e-01  6.9524677713e-01  3.1551160376e-01  -4.2102548735e-01  2.2456085573e+00  7.9393326050e+00  1.2253947976e+03  -2.2174594381e-01  7.2686486740e-01  6.4801353040e+01  7.5248448708e+03  6.5571018459e+00  8.2825136271e+02  -7.7246296637e+01  5.8879541121e+03  
4.9981396645e-02  1.0000000000e+00  0.0000000000e+00  1.0000000000e+00  0.0000000000e+00  1.0000000000e+00  0.0000000000e+00  1.0000000000e+00  0.0000000000e+00  1.0000000000e+00  0.0000000000e+00  1.0000000000e+00  0.0000000000e+00  1.0000000000e+00  0.0000000000e+00  1.0000000000e+00  0.0000000000e+00  1.0000000000e+00  3.1237869728e-16  1.0000000000e+00  0.0000000000e+00  1.0000000000e+00  0.0000000000e+00  1.0000000000e+00  0.0000000000e+00  
1.4991654456e-01  9.8051445364e-01  4.8080640750e-01  5.4274243325e-01  7.6361633158e-01  9.8317314523e-01  6.6024103294e-02  9.8176489411e-01  6.9121710730e-02  8.3613927645e-01  2.6596530419e-01  1.4414858660e+00  6.6273898303e-01  -1.3789679590e+00  1.0136880002e+02  2.7837303939e-02  9.6296781547e-01  -2.2800946543e+01  1.2611743806e+03  -1.8506707770e-02  6.4375223579e-01  -9.7638345255e-02  9.0346412940e-01  -3.0478316401e-03  8.1029321186e-01  
2.4990510941e-01  8.0172610259e-01  4.6327863751e-01  1.7295735653e-01  8.0941387785e-01  8.1385062494e-01  5.9837093241e-02  8.3727292791e-01  9.5233447049e-02  1.3823749891e+00  7.0318516804e-01  2.4797203332e+00  7.8555340928e+00  5.0789935350e-02  6.8975978720e-01  8.7908740496e-01  3.3379364237e+00  1.3860711730e-01  1.0746942397e+00  5.1993865444e-01  1.2336801142e+00  -1.1909055807e+00  1.4128530666e+01  -3.0323648217e+00  8.0022956226e+00  
3.4979340434e-01  2.6975444144e-01  2.8340154474e-01  2.7485413334e+00  1.1799986242e+01  8.9025219812e-01  6.7034052258e-02  8.7299991834e-01  1.1749105191e-01  7.6282283600e-01  2.4011756434e-01  8.7466380538e-01  6.9072725962e-01  -3.1652322119e+00  1.7588997092e+01  3.3672038728e-01  1.5113261395e+00  -9.4990786784e-01  3.0779169977e+00  2.7463550057e+00  4.2695421746e+00  2.7296221498e-01  8.9589899606e-01  -2.5785166512e+00  7.9112292876e+01  
4.4981393218e-01  1.3343745393e-01  1.8328515446e-01  1.1420722886e+01  5.7587282760e+02  7.7064181477e-01  8.5682889014e-02  7.2773637104e-01  1.4913750013e-01  1.2776841379e+00  5.3416258508e-01  1.0284098141e+00  1.5642440558e+01  2.5881408322e+00  8.0253626954e+00  2.1097754603e+00  4.0850926812e+00  7.2974302664e-01  1.1897641054e+00  -5.4264332982e-01  6.4610404368e-01  3.5685746049e+00  5.9954278793e+02  9.6335271600e-01  1.5094143373e+00  
5.4975265265e-01  -5.1370362201e-02  1.5943152320e-01  -5.5673112163e+00  2.1064167203e+02  9.5080841669e-01  9.2101865764e-02  7.8336879575e-01  1.4521802657e-01  5.1918514287e-01  2.5118056605e-01  3.6029088026e-01  9.9247701565e-01  -8.9550867631e-02  1.2053009179e+00  -4.2191058868e+00  3.1013872688e+01  7.6546395939e-01  8.9268670801e-01  -1.0262800230e-01  4.2722676007e-01  2.8357640772e+00  6.6860005600e+00  -5.1083393593e-01  3.3292278469e+01  
6.4970862865e-01  -9.5583195106e-02  2.3058442879e-01  -1.7432474589e+00  2.0718919353e+00  6.9495534354e-01  8.2795359114e-02  6.7566431025e-01  1.3579676917e-01  4.4916343323e-01  2.9389918973e-01  1.5686173768e-01  6.8954966638e-01  -1.1570467442e+02  1.4391945367e+04  1.9925749461e+00  2.2226979929e+00  8.8812810891e-01  2.0992466582e+01  -4.6937918525e-01  1.0522507434e+00  8.9132824365e-01  1.8550006878e+00  -5.0421250177e-01  8.8985674535e+00  
7.4961990118e-01  -1.6335872101e-01  1.9195538130e-01  -3.6117134406e-01  7.9512845243e-01  7.1406661434e-01  8.2333971312e-02  6.8711784010e-01  1.9288303389e-01  2.1116190691e-01  2.4267861715e-01  -4.5615466666e-01  9.0465235392e-01  -7.8151143298e-01  1.3911655433e+00  4.2906807097e-01  1.7009573880e+00  1.5076931606e-01  9.4309611639e-01  1.3943313416e-03  4.5148237803e-01  2.1223881154e+00  3.1333175124e+02  -3.0539779293e+00  1.8571445207e+01  
8.4967041016e-01  -1.1697031804e-01  2.8160033940e-01  2.2341114700e-01  1.6054876292e+00  7.5693234761e-01  7.9247086975e-02  5.6130321305e-01  1.7052218538e-01  5.2768578270e-01  3.0149152039e-01  6.6219016907e-01  6.9283935407e-01  -4.2836434836e-01  1.2702731423e+00  3.4841360080e-01  1.3518775024e+00  7.8057533765e+00  1.7230259532e+02  -3.1647163715e-01  2.1716839486e+00  1.5264322945e-01  2.0417698911e+00  4.3256050498e-01  7.2808370477e-01  
9.4965475798e-01  -2.5740730465e-01  1.4746057176e-01  3.3209134072e-02  7.1558517575e-01  7.5641843129e-01  8.2156780807e-02  6.4843729192e-01  1.7533893684e-01  9.2441126787e-01  3.3001800553e-01  8.1921536693e-02  8.8105947402e-01  4.1884132062e+01  2.5316314424e+03  3.6607711787e-01  1.2994078619e+00  -1.6915430721e+00  1.0556553480e+01  2.6045533082e+00  3.9312940022e+00  5.3796034290e-04  4.1367323664e-01  -1.3154147357e+00  3.2999371347e+00  
1.0496252775e+00  -1.9561310484e-01  1.6520422078e-01  6.3046190415e-01  6.8746993172e-01  7.8255232364e-01  8.8533056230e-02  7.0976678621e-01  1.7009353632e-01  1.3117389590e+00  6.0145980783e-01  1.7628895083e+00  3.7756649077e+00  -2.8625492275e+00  1.4369471642e+01  -7.3664984519e-02  5.6656166733e+01  5.5277718411e+00  5.4279139228e+01  2.7780537815e-01  5.4725154406e+00  6.9880500340e-02  2.8632035298e+00  -4.1358661244e+00  7.8822912795e+00  
1.1496156454e+00  -3.2411263821e-01  1.7088174421e-01  -2.2521596791e-01  1.4188695723e+00  7.6329750710e-01  9.2090191397e-02  5.8322459114e-01  1.7529723776e-01  1.0198836505e+00  5.4236506161e-01  2.1002211721e-01  7.5260385683e-01  3.4953073770e+00  1.5447944789e+01  -4.6939513603e+00  5.8125011631e+00  -8.9344091890e+01  8.7100484428e+03  -1.2797599567e-01  5.5921079300e-01  3.4794221676e-01  6.8088680093e-01  4.6814492154e-01  3.0343883609e+02  
1.2495976686e+00  -4.4031958448e-01  1.6739522420e-01  8.0637044263e-01  5.2933399038e-01  6.9311139290e-01  1.0552613713e-01  5.6395075389e-01  1.4933707113e-01  6.7680052370e-01  3.9686487619e-01  -4.6122494960e-01  3.6875245303e-01  -4.6347822933e-01  9.0437737859e-01  -1.0655641278e+00  1.3160309858e+00  3.1224255767e-02  8.1302197653e-01  2.0868899569e+00  4.2231400502e+01  1.3356741568e+00  2.1600325684e+00  8.0794146639e-01  1.7824932945e+00  
1.3496054411e+00  -2.7983166575e-01  1.4474822931e-01  2.4426208353e-01  3.8815607799e-01  7.8433073938e-01  1.0254925263e-01  5.3756797254e-01  1.8502612491e-01  6.7101332269e-01  5.0100465173e-01  1.4108852394e+00  2.2553353527e+00  1.2351389478e+01  3.7799765420e+02  3.6866942878e-01  1.4807836446e+00  -1.7673765925e+00  2.1498662400e+00  5.3346601504e-02  6.1776314435e-01  -7.4990550495e-01  1.3175193383e+00  8.8366842490e-01  4.5582525890e+00  
1.4495621920e+00  -3.5489933969e-01  1.3522002638e-01  3.7373390654e-01  3.8440993488e-01  6.7786383323e-01  1.0793173087e-01  5.5128056007e-01  1.8446605201e-01  1.5883436222e+00  1.0829511482e+00  9.9416423699e-01  3.6253716984e+00  -2.3019819303e-01  9.7496103905e-01  -5.3760403453e-01  1.2337535294e+00  4.0551215111e+00  8.6933691957e+00  -8.8730066114e-01  1.4251485796e+00  1.0516982771e+00  4.2993728156e+01  -4.0327321337e+00  1.4925442910e+02  
1.5494219065e+00  -4.4047831921e-01  1.3938029799e-01  9.3083689721e-02  2.4748135353e-01  5.3911221993e-01  1.0840806861e-01  3.0394378332e-01  2.2791225891e-01  1.0253974836e+00  1.6682431049e+00  -5.3324084399e-01  6.1514200222e-01  2.9947513355e+00  1.1687673170e+02  -9.2196371013e+00  1.1316598925e+02  -4.2770146571e+00  2.0268696338e+02  2.1438812594e-01  1.1296714795e+00  1.3335311271e+00  7.2601722852e+02  7.0053336052e-01  1.8580708064e+00  
1.6494363546e+00  -5.2933213007e-01  1.6030566031e-01  5.6606390118e-01  2.8483990550e-01  8.3766352764e-01  1.2059351694e-01  6.4262741200e-01  1.3678262819e-01  5.7490746210e+00  1.9652681975e+01  2.4748452285e+01  1.5781419404e+03  7.5332535003e-01  7.3159333779e-01  1.3934679516e+00  3.9939072994e+01  -4.7800402987e+00  2.8300148482e+01  -1.3214736349e+02  1.3194362438e+04  3.1326864791e+00  4.9186502346e+00  5.1961227933e+00  5.7653247064e+01  
1.7494398355e+00  -4.7128628979e-01  1.6753539144e-01  7.0477695280e-01  3.2723913416e-01  5.5337991740e-01  1.1917678447e-01  5.0197307185e-01  2.1462142419e-01  1.2103292795e+00  1.4209530040e+00  -1.1686484417e+00  3.1692671728e+00  -1.9147553470e-02  8.5196869488e-01  5.4269031575e-01  1.2251125321e+01  -9.1813302483e+00  5.6158307145e+02  2.2330942865e+00  8.0836992294e+01  -2.5186338970e+01  1.6409164162e+03  4.8952043880e-01  4.8444830822e+00  
1.8494883776e+00  -2.9390471388e-01  1.3609934265e-01  3.3972869719e-01  2.5311245584e-01  6.0821643502e-01  1.2764932032e-01  7.4858008077e-01  1.9066077022e-01  2.7335440071e-01  5.2897633721e-01  -9.9150567751e-01  7.9194515569e-01  8.7839135071e-01  1.2198869803e+00  -2.1556563312e-01  1.6386114533e+00  -2.5541573412e-01  6.0422094697e+00  -1.8667368532e-01  2.0204310528e+00  2.5428409403e+00  2.3604910232e+00  -3.6112617719e-01  9.8972388130e-01  
1.9494489431e+00  -2.5404717672e-01  1.3271012636e-01  3.8346785126e-01  3.6141385889e-01  6.3430010677e-01  1.1434644218e-01  5.5400348980e-01  1.7101172452e-01  1.0957808872e+00  6.2553122467e-01  9.1981016784e-02  7.5754185637e-01  3.4485896982e+00  7.5873787191e+00  -5.4176467716e+01  5.8159238996e+03  6.2092485759e-01  1.5530544720e+00  -8.1888635662e+00  1.6002437218e+02  1.0454898054e+00  1.2172273732e+00  -4.3079962493e+00  1.2630850651e+02  
2.0494186878e+00  -3.3520812445e-01  1.2798207912e-01  1.2472961336e+00  8.1103704686e-01  5.5782557014e-01  1.0296668483e-01  4.4956326814e-01  1.7443540202e-01  4.0791377424e-01  4.0116011480e-01  -1.4976850589e-01  1.1509811122e+00  -4.6999058453e-01  6.8984223994e-01  3.3471091018e-02  6.0913826137e+01  7.9104010411e-01  9.8825356120e+00  3.2148676808e+00  2.5640054252e+01  -5.3301617435e-01  7.5076132065e-01  6.5001575828e-01  5.3627079241e-01  
2.1492760181e+00  -2.9020010953e-01  1.2902886651e-01  4.7036226247e-01  2.8156032463e-01  3.8406966739e-01  1.1500478557e-01  5.8699097745e-01  1.7516458667e-01  8.7032449204e-01  6.7619427686e-01  8.7548887495e-02  2.6795477276e+01  2.1604438079e+00  1.1309387811e+02  5.0621562358e-01  1.7462657717e+00  -4.1224872413e-01  5.0010871343e-01  -1.7813233740e+00  4.7887308972e+00  6.0606415199e-01  9.6016210552e-01  6.6710102401e-01  4.2347537158e-01  
2.2493011951e+00  -3.6750175640e-01  1.4724965197e-01  5.4241303454e-01  3.4424534698e-01  6.8903645217e-01  1.5525338102e-01  6.1387910179e-01  2.3730166257e-01  2.4725216528e+00  4.5129044006e+02  3.8856975297e+00  4.1664251412e+01  3.2405545579e+00  1.4155360878e+01  -3.8137871145e-02  2.2637896939e+00  1.7165371329e+00  3.0304383266e+00  -2.2845601008e+00  6.1799685981e+00  -1.1521209872e+00  1.8263704873e+00  1.8128511504e-01  8.4111672727e+01  
2.3492214680e+00  -2.7573416441e-01  1.3046324430e-01  1.7875891362e-01  3.2486756441e-01  6.8649751623e-01  1.4059625726e-01  3.0474240331e-01  1.5789593419e-01  -9.5439094072e-01  3.4817980379e+00  1.3214178316e+00  1.4933177419e+00  -6.9258813961e-01  1.4593795871e+00  -7.2291846021e-01  1.1214525529e+00  1.9915771573e+00  1.9779851006e+00  -3.7165151153e+00  3.7290469321e+01  -1.0049969791e+00  2.0959037741e+00  -1.0878973215e-01  1.3743680459e+00  
2.4491376877e+00  -1.9967113661e-01  1.2294496775e-01  2.4949317770e-01  2.2750042717e-01  4.0109433877e-01  1.4680703030e-01  4.4817358072e-01  2.2039913456e-01  -1.1799810530e-01  3.0504284279e-01  1.4176132729e+00  4.6800844487e+00  1.4858448751e-01  3.0521045565e-01  -1.2061631421e+00  1.1649122596e+00  -1.1224774451e-02  4.2811427503e-01  -5.1264104697e-01  1.2234613306e+00  -6.1282336945e-01  6.2667008429e-01  -2.0239719791e+00  4.8432204802e+00  
2.5491247177e+00  -1.6441682409e-01  1.1077276198e-01  -1.5790150949e-01  1.7865494173e-01  3.7963574212e-01  1.0175946125e-01  5.1634091843e-01  2.8880993802e-01  1.1878611765e-01  1.9056324525e-01  6.2303293932e-01  6.5984182627e-01  -1.6908255045e-01  1.5707963005e-01  -1.3316347557e+00  3.0845513477e+00  -1.5211465589e-01  2.9358597349e-01  2.4999768976e-01  1.4747967051e+00  -1.2833606404e-01  1.7210026265e-01  1.3942238169e+00  8.9114737373e-01  
2.6490876675e+00  -1.1679444398e-01  9.6062602827e-02  -4.2846501386e-01  1.6532966206e-01  4.0051198939e-01  1.3610141997e-01  2.3240906904e-01  1.9911397572e-01  1.4309302593e-03  1.6477231540e-01  1.4553138998e+00  1.8761682837e+00  -6.8444392234e-02  2.2456264546e-01  2.5339124228e-02  5.2599645439e-01  -3.1017200172e-01  1.9061677561e-01  -6.1343336681e-01  6.5987857841e-01  -4.5161226409e-02  1.6239163624e-01  -2.0265624202e-01  4.8031715779e-01  
2.7488679886e+00  -1.5576077691e-01  8.6276121059e-02  -2.5545310015e-01  1.6457780953e-01  3.2056102248e-01  1.0553375950e-01  4.3899888130e-01  2.3200603282e-01  4.1347056772e-01  2.0485507983e-01  -4.2910546575e-01  2.8728755374e-01  -1.5684480576e-02  1.6993751975e-01  -3.3638161125e-01  1.5613885108e+00  -3.5589977812e-01  2.5737039625e-01  5.0318697568e-01  8.2960690878e-01  -2.1796544887e-02  2.1130133400e-01  7.0891843293e-01  5.7061167282e-01  
2.8488292694e+00  -2.9359896815e-01  1.1505875780e-01  -4.9790205488e-01  2.4108946982e-01  3.5690179992e-01  1.5399177419e-01  3.8987960855e-01  2.6052947583e-01  -8.0543516839e-02  1.8860014066e-01  2.7172533561e-01  4.0994037624e-01  1.0675068198e-01  2.4777315399e-01  6.5686842329e+00  2.3486570279e+01  7.7098008407e-02  1.7800352530e-01  2.3604154124e-01  1.2504516971e+00  -3.1976082077e-01  2.0744259735e-01  4.9540451641e-01  9.5578106571e-01  
2.9487917423e+00  -6.9770816327e-02  9.9833872293e-02  -5.5992393040e-01  2.4526930955e-01  2.4747340897e-01  1.4645453272e-01  1.1460146251e-01  7.4718771825e-01  -5.8468033784e-02  3.3532022321e-01  7.0400036782e-01  8.7125977226e-01  4.2712022349e-02  2.4588944343e-01  -6.8536192065e-01  2.7494686731e+00  2.5039507836e-01  2.6949780587e-01  -4.6525159277e+00  2.6300110821e+01  -2.1952626708e-01  3.3889482522e-01  1.2381083625e+00  2.9099172097e+01  
3.0486114025e+00  -1.7662580776e-01  9.2750996010e-02  -4.4682133977e-01  2.7444758486e-01  4.1617666964e-01  2.2540974583e-01  8.4871521882e-01  4.0271122084e-01  -3.4211757298e-01  3.4647766569e-01  5.5747613354e+00  1.5399846677e+02  1.7969170510e-01  2.8355015727e-01  4.4212565282e-01  5.3006534642e-01  2.5209882682e-01  4.2322705784e-01  1.4077469287e-01  2.5457370129e-01  1.9921954086e-01  2.7078394639e-01  -3.3417631506e+00  2.2448531508e+01  
3.1485636234e+00  -7.4344762191e-02  1.2977930603e-01  -1.2817084505e-01  3.0710968928e-01  7.2710812337e-01  3.5206627871e-01  9.8659829762e-01  2.6693440212e-01  1.5655158627e-01  2.2659588960e-01  2.4823280107e+01  7.0505552059e+02  2.6411212452e-01  2.9714368148e-01  -1.3937789279e+00  1.8643567716e+00  -1.3799890567e-01  5.2902175368e-01  1.2006750281e-01  9.1773802547e-01  -6.1227889670e-01  7.2846452438e-01  3.3215612247e-01  5.5332880498e-01  
3.2484388351e+00  3.4332540377e-02  1.3482975618e-01  9.5965454846e-02  1.3626538977e+00  4.7434070434e-01  3.0161565919e-01  -3.1703847069e-01  4.4315966912e+01  4.9525625374e-01  3.9545177502e-01  -4.3245688484e-01  2.4989964984e+00  2.1835155392e-01  2.3113783068e-01  -1.0485684233e-01  7.7329242220e-01  -2.2103110729e-01  2.8704030121e-01  3.6496612622e-01  4.8015253945e-01  -1.8359952803e-01  2.7523730769e-01  1.0711581070e+00  7.8539401498e-01  
3.3484046459e+00  -1.7222136516e-01  1.5059401679e-01  -3.0158619750e-01  3.3550594137e-01  2.7138544940e-01  3.4364933665e-01  8.9129320784e-01  1.1189049309e+00  -2.3176342498e-01  7.7899747539e-01  -4.3340106179e+00  2.9265783064e+01  2.6750768630e-01  4.0421583194e-01  -1.1437023271e+00  1.5807630220e+00  -4.3997314532e-01  3.8039571240e-01  1.2149841351e+00  1.5641496787e+00  1.5623626130e-01  2.7181117068e-01  1.3140276777e+00  2.0519237756e+00  
3.4480922222e+00  -4.7315450149e-03  2.1384458664e-01  -8.9861415605e-01  4.2412295937e-01  8.0372561481e-02  4.0309830013e-01  -1.0271594310e+00  2.5621165225e+00  2.8184974106e-01  4.0788027832e-01  1.5618360029e-02  2.2299746439e+03  -4.3378247466e-01  2.9844451796e-01  -4.0914511230e+00  7.3145686033e+02  -3.3256637977e-01  3.3336564839e-01  -3.2271166908e+00  2.3391828272e+01  -1.7489499983e-01  3.6976573915e-01  -1.0857049919e+00  1.5656783263e+00  
3.5479638577e+00  -3.6262416261e-01  3.3879795132e-01  6.9655017415e-02  1.9875343161e+00  2.7346914573e-01  3.7799191104e-01  7.5431748472e-01  4.6117280168e-01  -3.7589475449e-01  3.4376050556e-01  -2.2922545196e+00  9.8931861051e+00  4.5441208594e-01  6.9331887457e-01  -5.9366829863e-01  5.6236121053e+00  -5.7212469134e-02  1.0430703607e+00  4.2394096239e+00  1.7012884726e+01  -4.1958582929e-01  4.8628322370e-01  3.5223039301e-01  3.6108491354e+02  
3.6477673054e+00  9.5813577674e-02  3.1426037731e-01  -6.1789288328e-01  4.9264154051e-01  9.5920255573e-02  5.6761074275e-01  -2.2618515684e+00  4.0617014330e+00  -4.0176916340e-01  4.2686206372e-01  -3.2913539462e+00  5.5471892962e+01  7.9312020941e-01  1.4004125439e+00  -2.6190264378e+00  6.6956705176e+00  2.7408430829e-01  5.3642124119e-01  7.2809396567e-01  4.2137972264e+00  1.9757186729e+00  2.9985595785e+00  1.4398785846e+00  4.8193129227e+00  
3.7476367950e+00  -5.8580532042e-01  5.4864483889e-01  2.1683279990e+01  1.4064855446e+03  2.3263107354e+00  4.7037376716e+00  5.0512311019e-01  5.1766425173e+01  -1.4201011565e+00  1.3647121192e+00  -2.0783448126e+01  4.2827424584e+02  1.5702248585e+00  1.3954408261e+00  1.9504644898e+00  2.5902812267e+00  -1.3402094954e+00  2.4501417381e+00  6.4131918156e-01  5.7943335502e+00  -2.7419578927e+00  2.4212514176e+01  1.9343760944e+00  2.3630702457e+00  
3.8476293087e+00  3.4933144920e-01  3.1806218192e-01  6.7486248054e-01  2.0421479573e+01  2.7260604984e+01  3.6401869465e+02  -3.9880611494e-01  1.0840254737e+00  6.1752517355e-01  5.8542340064e-01  -1.5859586296e+00  1.6260312224e+00  2.3939251187e-01  7.8999535687e-01  -6.0528698622e+00  1.5216134219e+02  -1.2666066536e+01  1.6730265890e+03  1.3031513815e+00  1.2539261354e+01  5.1617004956e-01  7.5851333097e-01  -2.7919048688e-01  2.4139162790e+00  
3.9474620819e+00  -1.9637596034e-01  1.0211054272e+00  -5.1288030904e-01  5.2027211618e-01  -2.5286351914e+00  5.9770838848e+00  1.8168764222e+00  2.1080519801e+00  -1.7284300130e+00  2.6847986237e+00  6.4923884266e-01  3.2623006904e+00  2.0973975589e-02  5.2966568459e-01  -5.0204291215e+00  3.0507726203e+01  -2.0893459859e-02  6.2626837459e-01  1.9131752501e+00  2.2243921824e+00  -2.0307713706e-01  5.7997328341e-01  -2.2710331460e+00  2.6173682230e+01  
4.0473170280e+00  8.0110649803e-01  1.7713885527e+00  -4.8844629051e-01  1.9769952748e+00  8.8367501974e-01  2.7509935569e+00  6.6331888642e-01  5.7936900441e-01  -6.8311890596e-01  7.3272177340e+00  -6.2325841366e-01  3.4563194466e-01  9.9211376652e-01  3.8472837794e+01  -7.3399158056e-02  4.2427142530e-01  -5.7694635653e+00  2.1735484757e+02  8.8663840247e-02  2.5471188956e+00  -2.4641995716e+00  3.3635868708e+00  1.1298943227e+00  7.1560587273e-01  
4.1469430923e+00  1.1101268365e-01  2.4043129853e+01  -5.8141817200e-01  2.3177668776e+00  -9.7381040217e-01  9.4083045159e-01  -2.6195740826e-02  1.2860976926e+00  -9.8169893524e-01  1.1845711351e+01  -1.1525502049e+00  4.8713639155e+00  -1.8610328228e+00  6.3741419744e+01  2.7210694715e+01  3.4951861741e+03  -2.0899270560e+00  3.5300701299e+00  6.0604892578e+00  4.8371853800e+01  1.1605898546e+00  2.6168751518e+00  3.4266321004e-01  5.1143360369e-01  
4.2465610504e+00  7.6374633767e-01  4.6686381452e-01  3.1890522181e+00  4.3107925483e+01  -1.7944730014e-01  4.6639334376e-01  -5.4702266556e+00  1.1795631655e+02  1.4337598607e+00  1.2919253507e+00  6.2964021045e-01  2.5214559172e+00  -2.1292988831e+00  4.6148163325e+00  -2.6325311194e+01  1.0722256728e+03  7.5238480107e-01  2.3910697892e+00  -1.0809284749e+00  8.8728956128e-01  6.6525279170e-02  1.8950747462e+00  3.4530636022e-01  1.5324819649e+01  
4.3466515541e+00  -6.8612140195e+00  7.5413180503e+01  1.0991281543e+00  3.0663584235e+00  8.7529651094e-01  1.0586892529e+00  -1.8478770752e+00  3.0673411384e+02  -4.4968777819e+00  7.5857262917e+00  2.1947166759e+00  3.4647302633e+00  1.3494001924e+00  1.3620643174e+02  1.0373693737e+00  1.2635393159e+00  -3.6385931977e-01  5.8613662392e-01  -2.3828432861e-01  8.3308206923e-01  -2.2607379325e+00  2.0181862392e+00  -1.3496455680e-01  7.5382461458e-01  
4.4461836815e+00  -7.5010324697e-01  2.5106664102e+00  1.7417450984e+00  2.1667540912e+01  -1.6599564745e-01  7.3292977887e-01  5.6647953337e+00  1.0089777706e+02  3.5841143239e+00  7.2835810805e+01  1.5919211599e+00  3.7660014106e+01  -9.6300687265e-01  4.3536670667e+00  -5.8735929762e-02  1.7642016274e+00  6.4659101401e+00  3.1317579073e+02  -1.1059156882e+01  1.0070044452e+02  -7.0436437661e+01  9.9853735053e+03  8.0040668613e-01  3.3066737496e-01  
4.5450272560e+00  9.0933308379e-01  3.1148845170e+00  1.3329440560e+01  2.4227156291e+02  -2.8432553155e-01  4.4272145558e-01  -1.4411076520e+00  8.9278630331e+00  -1.0037128327e+00  2.6156100349e+02  1.1105721533e+00  2.0141389786e+00  -4.7773211415e-01  8.1306901174e-01  -6.3732177944e+00  8.7123872272e+01  1.8304833357e+00  5.8258715352e+00  -1.6127946701e+00  9.0222336583e+00  4.9525085083e-01  1.8702985866e+00  -6.2347505848e+01  8.0723934101e+03  
4.6442165375e+00  1.3847535480e-01  6.8029768880e-01  -5.3703747961e-01  3.2011287955e+00  2.7979019043e-01  9.2126008571e-01  -2.8900712535e-01  4.3899158745e+00  1.0913659014e+01  3.2466918022e+02  9.1646822234e+00  9.2330926080e+01  3.3842229316e+00  6.5818880516e+00  -2.5458439371e+00  1.0829222616e+02  3.7294965640e+00  6.4583032543e+00  -1.2872743899e-01  5.4495761131e-01  -9.6497855152e+00  1.1148333098e+03  -5.1215061639e+01  3.8572216498e+03  
4.7433400154e+00  -5.9339405624e-01  9.2016719656e-01  7.4765471501e-01  8.4809886188e-01  -3.0104128522e+00  1.6416960162e+01  1.1981306640e+00  6.6613551224e-01  2.0364272142e+00  7.1352731987e+01  -5.1873461734e+00  6.6616137487e+01  -2.5202763507e-01  8.3581554075e-01  -1.3866608442e+00  4.8869788841e+00  3.2516811265e+00  3.6752084470e+00  4.0997501327e+00  6.2653481242e+01  -6.2080580990e+00  3.5747917273e+02  1.3982799228e+00  2.3291528923e+00  
4.8417258263e+00  -1.2384946669e+00  5.8788007672e+00  -1.4482092625e+00  1.1850664709e+00  3.9452572821e-01  6.6437056866e-01  4.4833984640e-01  1.0587260223e+00  -5.3346075769e-01  1.0992211875e+00  5.9810558628e-01  7.4745009582e-01  -1.0282766348e-01  1.0123470367e+00  2.7855872550e+00  2.2726028829e+01  5.2180574475e+01  3.0473718257e+03  -5.3731004646e-01  2.6478852053e+00  -1.6760111837e+00  4.1058939839e+00  5.4828553206e+00  2.1121893572e+02  
4.9404006004e+00  -2.9899458286e+01  9.7152680169e+02  -1.4014730987e+00  3.7548565066e+01  1.8684946819e+01  7.4741677837e+02  1.7241119632e+00  1.3753383295e+01  8.0651843439e-01  4.9669040151e+00  -1.8606891681e+00  1.0996815338e+01  5.1415266310e-01  6.6988435399e-01  -9.2070608665e-01  4.2927940823e-01  -8.9973277635e-01  1.3701506281e+00  -5.6657169622e-01  1.9975234940e+00  2.2067748329e+00  6.2221929228e+00  5.0857238587e-01  1.1947745860e+00  
5.0378923416e+00  2.4175578617e-01  1.1963600172e+00  8.4447351891e-01  1.0008293945e+00  5.0345814203e+00  1.4038019563e+02  -9.7549518922e-01  9.6534383415e+00  1.1628952184e-01  8.7251952956e-01  7.6579751295e-01  7.4748958784e-01  -1.3057245067e+00  3.2838257052e+01  4.9335251158e-02  7.3588290377e-01  2.5144715675e+00  1.4125325307e+01  -2.9844845137e-01  5.4710335582e-01  6.6721693707e-01  2.3398809910e+00  3.2292294562e-01  1.1359842824e+00  
5.1295704842e+00  -5.8214429123e-01  3.5769001087e+00  3.1883934055e-01  5.0369419536e+00  4.2850430047e-01  5.1522163425e+00  7.6608827944e-01  4.7093592055e+00  -5.3934150160e-01  9.8718609048e-01  1.2559584243e+00  1.1463881513e+00  1.0159439445e+00  3.1915456397e+00  2.5543167181e+00  3.2171924620e+01  -1.5323830468e+00  2.5467709474e+00  5.6257606388e-01  4.3309191122e-01  -4.7391625279e-01  5.7039702666e-01  6.2143540630e+00  1.7046005907e+02  
5.2262673378e+00  -5.7551323503e-01  6.1822127819e-01  -6.1191151132e-02  5.0963903770e-01  7.8315081288e-01  9.2485376868e+00  -1.3142340371e-01  1.9392841267e+00  1.7989456032e+00  7.4098444855e+02  1.9693131205e+00  3.3321694322e+01  7.0472985133e-02  3.6150510432e+00  4.8142552559e-01  1.3460953653e+01  6.7514406978e+00  1.9321026995e+01  -6.2577315749e+00  6.0123726053e+01  -3.4725570729e-02  1.4213197039e+00  4.5082403342e-01  1.2258621400e+01  
5.3176484108e+00  2.7011447343e-01  9.5243131138e+00  -3.8321833000e-01  1.1433335749e+00  7.8191402742e-01  5.4188983398e+00  -4.8144935405e-01  1.6357220933e+00  9.5900576293e-01  1.0165657631e+00  5.7456599311e-01  2.6724967091e+02  1.3679490167e+00  1.9127171696e+00  1.0742843220e+01  1.3258983870e+02  -1.1347078851e+01  2.3977563252e+03  -1.3208233777e+00  6.2546523925e-01  1.3185206498e+00  1.9652282399e+00  -5.0968031770e-01  1.9188134569e+00  
5.4179129601e+00  -1.3527524512e+00  2.7512753808e+00  -5.9698615556e-02  5.8740900704e-01  5.4922607721e-01  1.7367356023e+00  -7.2144531589e-01  1.0584670148e+00  4.3771627938e+00  2.2132416632e+01  -2.2203170511e+00  3.5322280189e+00  2.0173537631e-01  6.5243443007e-01  -1.1509693211e+00  2.1166366230e-01  -9.4993017757e-01  2.3733072506e+01  3.3002136014e-01  4.1012613843e-01  -4.0222344445e+01  4.2555607846e+02  -8.6056968817e-01  3.4022801173e-01  
5.5145225525e+00  1.0676025551e-01  2.9636934149e+00  -8.3230711661e+00  2.3641768460e+01  2.2466618598e+00  1.4707553852e+01  4.2959485388e+00  2.7100522069e+02  -4.0588273599e-02  7.1270002907e-01  2.4239128820e-01  1.4845983568e+00  -1.2235528073e+01  3.8187753250e+02  1.0813430786e+00  2.0736355748e+00  7.3146436671e+00  1.0439550276e+02  -1.2807340080e-01  1.9145029273e+01  -1.8650466522e+00  4.8004634364e+00  6.8312329180e-01  9.2795759292e-01  
5.6082644463e+00  -2.3419527727e+00  5.1360007719e+00  2.1000792691e+00  2.0217451184e+00  1.8122176369e+00  3.2507578691e+01  -1.1144652431e+00  1.8018392352e+00  -2.2118504801e+00  9.4269398603e+00  -2.9367321202e+00  9.3837327691e+01  3.0600914986e+00  4.4848338190e+01  2.5811948034e-01  4.8375967336e-02  4.7263725129e+01  5.3435308333e+03  -6.2169658687e-01  1.6447386342e+00  1.3267872058e-01  7.8536850051e-01  2.5967466404e+00  4.4198621314e+00  
5.7097339630e+00  4.8425502561e+02  2.5835657627e+03  -1.0700753719e+00  2.0246906678e+00  -5.9618911203e-01  7.3490463623e-01  -4.5291573426e+00  7.3409201831e+00  1.1252765662e+00  1.4434743647e+00  -5.6582020406e-01  1.6918269245e+00  -2.5423794473e+00  2.0261192542e+01  1.6235902449e+00  2.4476930663e+00  -3.6927183867e-01  1.1866781837e+00  1.0508700652e-01  2.6331662771e+00  3.7414350821e-01  1.0123423019e+00  -5.6525966111e-01  1.0604094877e-01  
5.8058543205e+00  -5.4724693574e+01  2.1693314136e+02  -2.8367822923e+00  2.8367822923e+00  -2.2467109147e-01  6.2537020099e-01  -4.4255434696e+00  4.4255434696e+00  -1.5942327710e-01  6.0670569825e-01  -1.0112200402e-01  1.0112200402e-01  -1.4133771356e-01  9.6887316640e-01  -5.0615704326e-01  5.0615704326e-01  8.0126623163e+00  4.0700278406e+01  -2.0448238050e+00  2.0448238050e+00  1.4521327497e+01  7.1221338819e+01  -9.7724472374e-01  9.7724472374e-01  
5.9037146568e+00  3.3086824424e+00  2.8416657115e+01  1.1413330115e+00  1.1413330115e+00  9.8843614639e-01  1.3901155939e+00  7.3784037479e-02  7.3784037479e-02  3.0005353252e-01  4.0293825737e-01  3.4801583857e-01  3.4801583857e-01  -1.2747650648e+00  1.5753987722e+00  -6.8438216514e+00  6.8438216514e+00  1.9018560621e+00  1.9666867530e+00  -1.3668195947e+00  1.3668195947e+00  -7.7847927654e-01  6.7703279648e+01  -1.0825634376e+00  1.0825634376e+00  
6.0025291443e+00  -1.9871679659e+00  4.2867766428e+00  0.0000000000e+00  0.0000000000e+00  -9.9004347140e+00  1.8779583278e+01  0.0000000000e+00  0.0000000000e+00  -6.2199236323e+01  1.2759302299e+02  0.0000000000e+00  0.0000000000e+00  -9.6430010474e-01  1.9780762765e+00  0.0000000000e+00  0.0000000000e+00  -9.2702896328e+00  4.7613126482e+01  0.0000000000e+00  0.0000000000e+00  1.4243539538e+00  6.3597987378e+00  0.0000000000e+00  0.0000000000e+00  
6.1006255150e+00  1.4283568174e+00  6.0300677735e+00  0.0000000000e+00  0.0000000000e+00  -1.5291490478e+00  6.8844464583e+01  0.0000000000e+00  0.0000000000e+00  2.3934742485e-01  1.1875388654e+01  0.0000000000e+00  0.0000000000e+00  -1.0317011614e-02  1.1573075163e+00  0.0000000000e+00  0.0000000000e+00  -2.4836011665e-01  3.8742168905e+00  0.0000000000e+00  0.0000000000e+00  -1.2860165921e+00  2.4566765035e+00  0.0000000000e+00  0.0000000000e+00  
6.2016067505e+00  -3.5707364016e+15  3.8285155139e+15  0.0000000000e+00  0.0000000000e+00  2.2880522251e+14  1.2686207079e+15  0.0000000000e+00  0.0000000000e+00  6.8772538214e+14  9.7624144948e+14  0.0000000000e+00  0.0000000000e+00  1.0820067466e+15  7.8108236087e+14  0.0000000000e+00  0.0000000000e+00  8.7812786624e+14  7.1218672435e+14  0.0000000000e+00  0.0000000000e+00  -6.9057812710e+14  9.3458345819e+14  0.0000000000e+00  0.0000000000e+00  
6.3008303642e+00  4.4964518887e+14  4.4964518887e+14  0.0000000000e+00  0.0000000000e+00  -3.1931287868e+15  3.1931287868e+15  0.0000000000e+00  0.0000000000e+00  -9.5013337234e+14  9.5013337234e+14  0.0000000000e+00  0.0000000000e+00  2.3925380592e+14  2.3925380592e+14  0.0000000000e+00  0.0000000000e+00  9.5828007506e+14  9.5828007506e+14  0.0000000000e+00  0.0000000000e+00  -9.3961542485e+14  9.3961542485e+14  0.0000000000e+00  0.0000000000e+00  
6.4003186226e+00  -3.6802840958e+15  5.1700312827e+15  0.0000000000e+00  0.0000000000e+00  1.1044914714e+15  1.0594029016e+15  0.0000000000e+00  0.0000000000e+00  -1.7752505301e+15  1.1886852006e+15  0.0000000000e+00  0.0000000000e+00  -1.0939976325e+15  1.4088076608e+15  0.0000000000e+00  0.0000000000e+00  -1.2465104409e+15  1.7431199271e+15  0.0000000000e+00  0.0000000000e+00  -3.7016327154e+15  2.1274807138e+15  0.0000000000e+00  0.0000000000e+00  
6.5002040863e+00  -2.1523340457e+15  2.1523340457e+15  0.0000000000e+00  0.0000000000e+00  1.7528063343e+15  1.7528063343e+15  0.0000000000e+00  0.0000000000e+00  1.4888099090e+15  1.4888099090e+15  0.0000000000e+00  0.0000000000e+00  5.0951051346e+14  5.0951051346e+14  0.0000000000e+00  0.0000000000e+00  -5.6175086880e+14  5.6175086880e+14  0.0000000000e+00  0.0000000000e+00  -1.9599700508e+15  1.9599700508e+15  0.0000000000e+00  0.0000000000e+00  
6.6004528999e+00  0.0000000000e+00  0.0000000000e+00  0.0000000000e+00  0.0000000000e+00  0.0000000000e+00  0.0000000000e+00  0.0000000000e+00  0.0000000000e+00  0.0000000000e+00  0.0000000000e+00  0.0000000000e+00  0.0000000000e+00  0.0000000000e+00  0.0000000000e+00  0.0000000000e+00  0.0000000000e+00  0.0000000000e+00  0.0000000000e+00  0.0000000000e+00  0.0000000000e+00  0.0000000000e+00  0.0000000000e+00  0.0000000000e+00  0.0000000000e+00  
6.7008309364e+00  1.6353194357e+13  1.5535534639e+15  0.0000000000e+00  0.0000000000e+00  -1.9526195802e+13  1.8549886012e+15  0.0000000000e+00  0.0000000000e+00  1.0140225491e+13  9.6332142164e+14  0.0000000000e+00  0.0000000000e+00  4.6735170904e+11  4.4398412358e+13  0.0000000000e+00  0.0000000000e+00  -1.6851923163e+12  1.6009327005e+14  0.0000000000e+00  0.0000000000e+00  -9.6610980084e+12  9.1780431079e+14  0.0000000000e+00  0.0000000000e+00  
6.8000588417e+00  0.0000000000e+00  0.0000000000e+00  0.0000000000e+00  0.0000000000e+00  0.0000000000e+00  0.0000000000e+00  0.0000000000e+00  0.0000000000e+00  0.0000000000e+00  0.0000000000e+00  0.0000000000e+00  0.0000000000e+00  0.0000000000e+00  0.0000000000e+00  0.0000000000e+00  0.0000000000e+00  0.0000000000e+00  0.0000000000e+00  0.0000000000e+00  0.0000000000e+00  0.0000000000e+00  0.0000000000e+00  0.0000000000e+00  0.0000000000e+00  
6.9000020027e+00  0.0000000000e+00  0.0000000000e+00  0.0000000000e+00  0.0000000000e+00  0.0000000000e+00  0.0000000000e+00  0.0000000000e+00  0.0000000000e+00  0.0000000000e+00  0.0000000000e+00  0.0000000000e+00  0.0000000000e+00  0.0000000000e+00  0.0000000000e+00  0.0000000000e+00  0.0000000000e+00  0.0000000000e+00  0.0000000000e+00  0.0000000000e+00  0.0000000000e+00  0.0000000000e+00  0.0000000000e+00  0.0000000000e+00  0.0000000000e+00  
