#pT  vn{4}  vn{4}_err
1.0752724111e-01  3.4626191337e-03  4.2804951948e-02  7.5209877462e-01  2.0071660354e+01  0.0000000000e+00  0.0000000000e+00  
2.0266205072e-01  1.3266873818e-02  1.5280334962e-02  3.0114384543e-02  7.2924961814e-01  0.0000000000e+00  0.0000000000e+00  
3.0077016354e-01  6.7834160404e-02  1.6463181800e-01  4.8045928928e-01  1.3272160315e+01  0.0000000000e+00  0.0000000000e+00  
3.9963921905e-01  5.2470032177e-02  1.1665403144e-01  2.4632031542e-01  6.4835765479e+00  0.0000000000e+00  0.0000000000e+00  
4.9893224239e-01  1.0150462432e-01  2.6185678427e-01  3.1886525210e-01  9.1562158435e+00  0.0000000000e+00  0.0000000000e+00  
5.9850639105e-01  1.0695600232e-01  2.5226800834e-01  6.6939667301e-01  1.9482668705e+01  0.0000000000e+00  0.0000000000e+00  
6.9810783863e-01  1.6090619871e-01  4.0800045883e-01  1.0898390543e+00  2.9849625731e+01  0.0000000000e+00  0.0000000000e+00  
7.9782950878e-01  1.2226769803e-01  2.7633624524e-01  2.7499885371e-01  1.1243292313e+01  0.0000000000e+00  0.0000000000e+00  
8.9770025015e-01  2.5398705803e-01  6.8228457090e-01  3.1262206892e-01  1.2701744519e+01  0.0000000000e+00  0.0000000000e+00  
9.9767464399e-01  2.1079416775e-01  5.6604186970e-01  4.3614207497e-01  1.2203945582e+01  0.0000000000e+00  0.0000000000e+00  
1.0976433754e+00  2.2213901719e-01  5.9104230762e-01  3.1949233447e-01  9.6961938807e+00  0.0000000000e+00  0.0000000000e+00  
1.1974806786e+00  1.6507412955e-01  4.1366273302e-01  4.0339693350e-01  1.0938441889e+01  0.0000000000e+00  0.0000000000e+00  
1.2974908352e+00  2.8945795486e-01  8.0529510479e-01  9.1834534332e-01  2.7112502331e+01  0.0000000000e+00  0.0000000000e+00  
1.3970963955e+00  2.1771010917e-01  6.3723277132e-01  8.1127629768e-01  2.0430701333e+01  0.0000000000e+00  0.0000000000e+00  
1.4975664616e+00  1.6143329673e-01  4.4751133090e-01  5.4817635070e-01  2.0861749610e+01  0.0000000000e+00  0.0000000000e+00  
1.5973542929e+00  2.8787129463e-01  8.7910529056e-01  1.5401288078e+00  4.0442871649e+01  0.0000000000e+00  0.0000000000e+00  
1.6975657940e+00  3.2164865179e-01  1.0667175268e+00  7.3210042188e-01  2.5081622813e+01  0.0000000000e+00  0.0000000000e+00  
1.7981258631e+00  3.4069921602e-01  1.0386572949e+00  2.1533399162e+00  5.6579418927e+01  0.0000000000e+00  0.0000000000e+00  
1.8978230953e+00  3.2122784759e-01  1.0497077682e+00  5.9945798195e+00  1.7122673364e+02  0.0000000000e+00  0.0000000000e+00  
1.9980742931e+00  4.5610851039e-01  1.5020209118e+00  7.0549507756e+00  2.0579392764e+02  0.0000000000e+00  0.0000000000e+00  
2.0986013412e+00  5.1228172102e-01  1.6089414548e+00  2.8853764404e+00  8.3482158001e+01  0.0000000000e+00  0.0000000000e+00  
2.1984915733e+00  5.7735831522e-01  1.9821867127e+00  3.6133679216e+00  1.1969511151e+02  0.0000000000e+00  0.0000000000e+00  
2.2987070084e+00  6.9774511263e-01  2.2264575134e+00  1.4284202898e+00  3.9844979005e+01  0.0000000000e+00  0.0000000000e+00  
2.3983743191e+00  7.9785696455e-01  2.6947709042e+00  3.5850676397e+00  9.8814254384e+01  0.0000000000e+00  0.0000000000e+00  
2.4988198280e+00  9.0787974110e-01  3.1496111854e+00  9.3740369476e+00  2.6818600595e+02  0.0000000000e+00  0.0000000000e+00  
2.5991039276e+00  8.3415029762e-01  3.0989110590e+00  1.2004901736e+01  3.3685675029e+02  0.0000000000e+00  0.0000000000e+00  
2.6979637146e+00  7.6984723736e-01  2.6391782058e+00  4.5898612186e+00  1.2539767790e+02  0.0000000000e+00  0.0000000000e+00  
2.7995121479e+00  7.9819651536e-01  2.8957332824e+00  5.1093804344e+00  1.4315144870e+02  0.0000000000e+00  0.0000000000e+00  
2.8993170261e+00  6.1189702319e-01  2.3567410776e+00  8.3832309643e+00  2.2953969913e+02  0.0000000000e+00  0.0000000000e+00  
2.9992558956e+00  1.1504082443e+00  3.6942353670e+00  2.3295006241e+00  9.4938606055e+01  0.0000000000e+00  0.0000000000e+00  
3.0976879597e+00  4.5487840720e-01  2.2559470181e+00  1.0799615933e+01  3.1731702759e+02  0.0000000000e+00  0.0000000000e+00  
3.1993904114e+00  1.3582058859e+00  4.7342166071e+00  2.1079741598e+00  1.2608376394e+02  0.0000000000e+00  0.0000000000e+00  
3.2996089458e+00  1.1060793006e+00  4.1334785931e+00  4.2462176108e+00  1.2326752697e+02  0.0000000000e+00  0.0000000000e+00  
3.3993859291e+00  6.2640450568e-01  4.2499860295e+00  1.7770495072e+01  5.1915484554e+02  0.0000000000e+00  0.0000000000e+00  
3.4987802505e+00  1.3503703414e+00  5.2688435074e+00  1.4620355791e+00  4.1711923649e+01  0.0000000000e+00  0.0000000000e+00  
3.6003553867e+00  1.0081399305e+00  4.1203111524e+00  2.3151655022e-01  2.2060838631e+01  0.0000000000e+00  0.0000000000e+00  
3.6989870071e+00  5.7330346323e-01  4.4818530264e+00  4.6307357908e+00  1.2820791466e+02  0.0000000000e+00  0.0000000000e+00  
3.7978060246e+00  1.3874780400e+00  6.8757650787e+00  1.3613790243e+01  3.8709658971e+02  0.0000000000e+00  0.0000000000e+00  
3.8981852531e+00  1.3223150711e+00  5.8230491434e+00  1.5322374224e+01  4.3660897826e+02  0.0000000000e+00  0.0000000000e+00  
3.9983336926e+00  1.2811236113e+00  6.9790065294e+00  3.2837861244e+00  1.0339537711e+02  0.0000000000e+00  0.0000000000e+00  
