#y  dN/dy  dN/dy_err  vn{2}(y)  vn{2}(y)_err  Re{vn}(y)  Re{vn}(y)_err
-7.0000000000e+00  0.0000000000e+00  0.0000000000e+00  0.0000000000e+00  0.0000000000e+00  0.0000000000e+00  0.0000000000e+00  0.0000000000e+00  0.0000000000e+00  0.0000000000e+00  0.0000000000e+00  0.0000000000e+00  0.0000000000e+00  0.0000000000e+00  0.0000000000e+00  0.0000000000e+00  0.0000000000e+00  0.0000000000e+00  0.0000000000e+00  0.0000000000e+00  0.0000000000e+00  0.0000000000e+00  0.0000000000e+00  0.0000000000e+00  0.0000000000e+00  0.0000000000e+00  0.0000000000e+00  
-6.9000129700e+00  0.0000000000e+00  0.0000000000e+00  0.0000000000e+00  0.0000000000e+00  0.0000000000e+00  0.0000000000e+00  0.0000000000e+00  0.0000000000e+00  0.0000000000e+00  0.0000000000e+00  0.0000000000e+00  0.0000000000e+00  0.0000000000e+00  0.0000000000e+00  0.0000000000e+00  0.0000000000e+00  0.0000000000e+00  0.0000000000e+00  0.0000000000e+00  0.0000000000e+00  0.0000000000e+00  0.0000000000e+00  0.0000000000e+00  0.0000000000e+00  0.0000000000e+00  0.0000000000e+00  
-6.8000035286e+00  0.0000000000e+00  0.0000000000e+00  0.0000000000e+00  0.0000000000e+00  0.0000000000e+00  0.0000000000e+00  0.0000000000e+00  0.0000000000e+00  0.0000000000e+00  0.0000000000e+00  0.0000000000e+00  0.0000000000e+00  0.0000000000e+00  0.0000000000e+00  0.0000000000e+00  0.0000000000e+00  0.0000000000e+00  0.0000000000e+00  0.0000000000e+00  0.0000000000e+00  0.0000000000e+00  0.0000000000e+00  0.0000000000e+00  0.0000000000e+00  0.0000000000e+00  0.0000000000e+00  
-6.6999974251e+00  0.0000000000e+00  0.0000000000e+00  0.0000000000e+00  0.0000000000e+00  0.0000000000e+00  0.0000000000e+00  0.0000000000e+00  0.0000000000e+00  0.0000000000e+00  0.0000000000e+00  0.0000000000e+00  0.0000000000e+00  0.0000000000e+00  0.0000000000e+00  0.0000000000e+00  0.0000000000e+00  0.0000000000e+00  0.0000000000e+00  0.0000000000e+00  0.0000000000e+00  0.0000000000e+00  0.0000000000e+00  0.0000000000e+00  0.0000000000e+00  0.0000000000e+00  0.0000000000e+00  
-6.5997581482e+00  1.1899095625e-05  1.1867889953e-05  4.4337948470e-01  4.4364830783e-01  -3.1526217426e-01  3.1547680926e-01  -1.9853310069e-01  1.9862538883e-01  -1.4136705286e-01  1.4145124210e-01  2.0831182888e-01  2.0845421150e-01  -1.7157379019e-01  1.7169437992e-01  -2.1299650245e+00  2.1315889232e+00  -1.4337816994e+00  1.4347920900e+00  -2.7396096125e-01  2.7414040552e-01  3.8450344851e-01  3.8476784035e-01  -6.4031577141e-01  6.4067341137e-01  -5.6621697061e-01  5.6659091751e-01  
-6.5000000000e+00  0.0000000000e+00  0.0000000000e+00  0.0000000000e+00  0.0000000000e+00  0.0000000000e+00  0.0000000000e+00  0.0000000000e+00  0.0000000000e+00  0.0000000000e+00  0.0000000000e+00  0.0000000000e+00  0.0000000000e+00  0.0000000000e+00  0.0000000000e+00  0.0000000000e+00  0.0000000000e+00  0.0000000000e+00  0.0000000000e+00  0.0000000000e+00  0.0000000000e+00  0.0000000000e+00  0.0000000000e+00  0.0000000000e+00  0.0000000000e+00  0.0000000000e+00  0.0000000000e+00  
-6.3998103142e+00  1.5865460227e-05  1.5823894500e-05  2.8620738368e-01  2.8638068183e-01  2.7258157543e-01  2.7276705867e-01  4.5292035447e-01  4.5313084514e-01  4.2497326270e-01  4.2522583755e-01  -5.1572483052e-02  5.1607578866e-02  7.4272778763e-02  7.4324748960e-02  -5.4179804955e-01  5.4223592557e-01  3.0594662846e-01  3.0616287802e-01  -9.4505126002e-01  9.4567177690e-01  -7.0522583124e-01  7.0571117746e-01  -1.3911925648e+00  1.3919636891e+00  -1.1693341738e+00  1.1700993626e+00  
-6.3000001907e+00  0.0000000000e+00  0.0000000000e+00  0.0000000000e+00  0.0000000000e+00  0.0000000000e+00  0.0000000000e+00  0.0000000000e+00  0.0000000000e+00  0.0000000000e+00  0.0000000000e+00  0.0000000000e+00  0.0000000000e+00  0.0000000000e+00  0.0000000000e+00  0.0000000000e+00  0.0000000000e+00  0.0000000000e+00  0.0000000000e+00  0.0000000000e+00  0.0000000000e+00  0.0000000000e+00  0.0000000000e+00  0.0000000000e+00  0.0000000000e+00  0.0000000000e+00  0.0000000000e+00  
-6.1998972893e+00  1.2465719919e-05  1.2433069060e-05  3.6553110455e-01  3.6575338620e-01  -2.0961876494e-01  2.0976165477e-01  -7.2060289870e-01  7.2093793476e-01  -5.5728766463e-01  5.5761886285e-01  -5.5776266621e-01  5.5810620158e-01  -6.7090467945e-01  6.7132272326e-01  -5.1067737385e-01  5.1108987833e-01  -2.1922698008e-01  2.1938210715e-01  3.1223982292e-01  3.1244447036e-01  2.2902791342e-01  2.2918528997e-01  -8.4626443068e-01  8.4674048788e-01  -8.3180778314e-01  8.3235691314e-01  
-6.0998682976e+00  1.1899095625e-05  1.1867889953e-05  0.0000000000e+00  0.0000000000e+00  0.0000000000e+00  0.0000000000e+00  0.0000000000e+00  0.0000000000e+00  0.0000000000e+00  0.0000000000e+00  0.0000000000e+00  0.0000000000e+00  0.0000000000e+00  0.0000000000e+00  0.0000000000e+00  0.0000000000e+00  0.0000000000e+00  0.0000000000e+00  0.0000000000e+00  0.0000000000e+00  0.0000000000e+00  0.0000000000e+00  0.0000000000e+00  0.0000000000e+00  0.0000000000e+00  0.0000000000e+00  
-5.9996919632e+00  2.6178009648e-05  2.6109415558e-05  -8.1705926538e-01  8.1755590513e-01  -1.0124565594e+00  1.0131478407e+00  -6.1040765297e-01  6.1069189459e-01  -7.5762323747e-01  7.5807457989e-01  -2.6568072691e-01  2.6586158866e-01  -1.2962437519e-01  1.2971510380e-01  1.3996254961e-01  1.4007526838e-01  4.0198654763e-01  4.0227055154e-01  2.8166624982e-01  2.8185101251e-01  5.0312268484e-01  5.0346947237e-01  -3.1748856534e-01  3.1766712138e-01  -1.5098659928e-01  1.5108628710e-01  
-5.8996763229e+00  5.3149291489e-05  2.6848483685e-05  -1.1231025805e-03  3.2496626598e-01  2.6590470314e-01  9.5660524102e-02  8.7041974984e-02  3.6327611664e-01  2.0049185555e-02  3.4568564125e-01  8.5531539435e-02  6.4655151026e-01  -5.6181499218e-02  6.5849577771e-01  -7.0309989677e-01  9.3599847593e-01  -2.6763346612e-01  5.6735164315e-01  2.0686697585e-02  8.4078026073e-01  -3.0012012862e-01  6.8230568738e-01  -7.4413750902e-01  2.8525825157e-01  -1.0673432431e+00  4.8397271352e-01  
-5.7998647690e+00  2.3798191251e-05  2.3735779905e-05  3.3712311003e-01  3.3732750904e-01  2.9993953099e-01  3.0014373326e-01  -2.5068872605e-01  2.5080525845e-01  -1.5609602029e-01  1.5618898127e-01  6.0369287299e-01  6.0410550272e-01  7.2224770978e-01  7.2275533866e-01  -9.1402861585e-01  9.1472547800e-01  -6.3879766577e-01  6.3924782856e-01  -9.1161952905e-02  9.1221663823e-02  1.3838291636e-01  1.3847807118e-01  2.1155264030e-01  2.1167080039e-01  1.5372411470e-01  1.5382563848e-01  
-5.6994442940e+00  7.5819792983e-05  4.2284853407e-05  -3.9696023289e-01  4.5499851413e-01  -2.5701183241e-02  5.6385897509e-01  6.8467344429e-01  4.2789032876e-01  5.2419569776e-01  2.6477095048e-01  4.1871504415e-01  2.5886369473e-01  2.4181758907e-01  3.9504139876e-01  3.6044942599e-01  3.8711726674e-01  2.7292857012e-01  2.7792367197e-01  4.4679351830e-01  3.4910334228e-01  2.7549302445e-01  5.0795548047e-01  -1.5869479812e-01  4.1739933875e-01  -7.6197219262e-02  4.4996594367e-01  
-5.5984687805e+00  1.2991348922e-04  4.4150496251e-05  2.1881274756e-01  2.4032942718e-01  2.2325367048e-01  2.4402988405e-01  -2.9293881731e-01  1.5433167042e-01  -3.1831455332e-01  1.3369126173e-01  -4.7701690849e-01  2.1990273281e-01  -5.1134701440e-01  1.9000361977e-01  5.1502637245e-01  2.8554515472e-01  4.2671435791e-01  1.8622274026e-01  -8.8580730669e-02  1.9285893550e-01  -1.6489991655e-01  1.7199369509e-01  4.2670983736e-02  4.2005839533e-01  -2.9215910512e-01  2.8897825250e-01  
-5.4987921715e+00  1.7480891256e-04  6.4230560383e-05  3.0030944722e-02  1.5793601450e-01  1.3825666335e-01  2.2985586309e-01  -1.1082739307e-01  1.4192940758e-01  -1.8723888313e-01  1.2108109181e-01  -5.0854788732e-02  1.5802390104e-01  -1.5336191256e-01  1.4550109888e-01  -1.4653512949e-01  1.0324388071e-01  -8.7254725494e-02  9.3699456117e-02  -3.8964942776e-01  2.3681086445e-01  -2.4917400640e-01  1.8184314154e-01  5.0984917735e-02  3.0414448890e-01  1.8186397693e-01  3.5021656684e-01  
-5.3982739449e+00  2.5444716448e-04  8.5959654825e-05  -9.0126209989e-02  1.5623127544e-01  -8.9244709375e-02  1.3512707876e-01  9.3491445003e-02  1.7477991109e-01  6.1386836097e-02  1.7313579045e-01  1.0016363894e-02  1.7696841894e-01  -1.8130093497e-02  1.8687392207e-01  -1.3539107823e-01  2.7987905806e-01  -7.0880444720e-02  2.1136254143e-01  -2.0500404766e-01  1.1508491548e-01  -2.0403207729e-01  1.1142855071e-01  2.7250379831e-01  2.0138042393e-01  2.8786327569e-01  1.3423119200e-01  
-5.2967262268e+00  4.5163359027e-04  1.3096746989e-04  1.2512151448e-01  1.3504332592e-01  2.4951312562e-01  2.1400069866e-01  3.1140228817e-01  1.7583240504e-01  2.5054790033e-01  1.4961576107e-01  1.8205928584e-01  2.8448458579e-01  2.5503304502e-01  2.9855710947e-01  8.5946845505e-02  2.0940958497e-01  7.2019079990e-03  1.6526752953e-01  -1.1525764113e-01  2.3783517432e-01  -8.2171161781e-02  2.2583059508e-01  1.0239457505e-01  1.2526465518e-01  1.2659239473e-01  1.5055063629e-01  
-5.1956996918e+00  4.9966346705e-04  1.0533563909e-04  1.0339027316e-01  1.3655314628e-01  -6.2462007979e-02  1.3317467379e-01  4.5800998547e-02  1.5357031258e-01  1.0047869689e-01  1.4996315397e-01  -1.3785262048e-02  1.2316885127e-01  3.7792594871e-02  1.3989270389e-01  2.1659398886e-02  9.8659300700e-02  8.6068085117e-02  9.6189515882e-02  1.7248071625e-01  1.4345716982e-01  1.5114815436e-01  1.4291733600e-01  6.0622387995e-02  1.3362761893e-01  1.1849371016e-01  1.2036315482e-01  
-5.0944676399e+00  7.0714333560e-04  1.3513046724e-04  -3.7457120668e-02  1.1936414131e-01  -2.8461016471e-02  1.4708316492e-01  5.9335241523e-02  1.2334422078e-01  3.7590565706e-02  1.0416892249e-01  -7.4062669269e-02  9.3913847654e-02  -1.1463974128e-01  1.0204886068e-01  1.1354701470e-01  1.3180470341e-01  1.4252320470e-01  1.1275064754e-01  8.6858344679e-02  1.1324567227e-01  6.8964199782e-02  1.1891046556e-01  -2.1020773473e-02  1.0766399189e-01  9.1981055049e-02  1.1214255046e-01  
-4.9918169975e+00  1.2178964680e-03  2.1265246323e-04  -9.7047096391e-02  1.1847464635e-01  -1.4978154269e-01  1.1682155456e-01  6.2221705089e-02  1.0860500148e-01  8.6773596080e-02  1.0729119908e-01  6.9941476553e-02  7.6945446457e-02  2.5697726298e-02  8.8610964489e-02  7.4016070910e-02  8.4347440976e-02  2.0181953249e-02  7.8728996446e-02  -8.3197676562e-02  9.5892646307e-02  3.2480353513e-03  9.6164140833e-02  5.0603749942e-02  7.7794175126e-02  -8.5114099826e-02  9.2952436375e-02  
-4.8915624619e+00  1.3020564802e-03  2.3607205367e-04  4.2577962357e-02  6.7494617831e-02  -3.1237935852e-02  6.9995053139e-02  -4.5214743695e-02  9.4326105268e-02  -2.5783722666e-03  8.8173420211e-02  -1.5951593790e-01  8.7395731323e-02  -1.4710076852e-01  9.7758401042e-02  -1.0492323682e-01  7.7955761212e-02  -9.4073002056e-02  6.9234809106e-02  -4.0706599541e-02  9.5315159629e-02  -4.6288371705e-02  9.8781791834e-02  7.6809573880e-02  7.5203311198e-02  1.6228261801e-01  8.0376331218e-02  
-4.7879652977e+00  1.9554521423e-03  2.5732442737e-04  8.7656540900e-04  7.2887115309e-02  -5.1789219047e-02  7.0053469739e-02  2.3194557002e-02  7.1912926885e-02  1.2301910648e-02  7.1537092898e-02  -1.1441256419e-02  5.9612954950e-02  -1.8276268740e-03  6.3918451869e-02  -6.0448677362e-02  5.4402772199e-02  -6.0633560067e-02  5.0522635691e-02  -1.6646353998e-02  5.5773653429e-02  -2.1646597722e-02  5.6713319412e-02  -9.5848210234e-02  5.4270116918e-02  -6.6687820938e-02  5.6965613359e-02  
-4.6864571571e+00  2.3243601900e-03  2.8623340768e-04  -1.1118381307e-01  5.6969369362e-02  -1.3764279578e-01  4.8778785174e-02  1.4734760922e-02  6.7292463470e-02  -1.2350047779e-02  6.3335456982e-02  -4.2536121981e-02  6.7444232315e-02  -8.0554800957e-02  7.3198272770e-02  -2.7846056500e-02  5.5650661760e-02  -2.1598304488e-02  5.0949808317e-02  -1.0819137014e-01  7.0993443238e-02  -8.9281559615e-02  6.4694286234e-02  -3.5094805549e-02  4.9527279822e-02  4.9630714873e-02  5.5278948415e-02  
-4.5830407143e+00  2.8672821354e-03  3.0323103420e-04  1.3576605820e-02  5.6778557131e-02  -3.0042389325e-02  5.7603851030e-02  -3.0239797617e-03  6.2337208130e-02  -1.0082830714e-02  6.2578524922e-02  -1.2423361206e-01  5.0935108062e-02  -1.3648571043e-01  5.3812028408e-02  -5.0972972485e-02  6.6549891521e-02  -2.8533219758e-02  5.3277979200e-02  3.1289567539e-03  5.5778189024e-02  1.7083069818e-02  5.4225754911e-02  4.2551170186e-02  4.4978256529e-02  -7.2226295110e-03  4.6219416797e-02  
-4.4814691544e+00  3.7489985116e-03  3.9028376341e-04  4.3399789970e-02  4.9767363422e-02  3.5176596282e-02  4.6574014229e-02  8.5654723161e-02  5.0304856233e-02  8.5573079776e-02  5.0526810350e-02  5.7739616065e-02  4.5920918034e-02  4.6783303091e-02  4.3716590228e-02  2.5299229415e-02  4.2861158823e-02  3.6767467876e-02  4.3536951031e-02  -6.1062934257e-02  4.6381153557e-02  -7.9339511946e-02  4.9490139035e-02  -7.7223354375e-02  4.4269261808e-02  -1.3276600155e-01  4.8919770784e-02  
-4.3767952919e+00  4.8346589319e-03  4.5272358693e-04  -3.2087879641e-02  4.8186687948e-02  -2.2694377287e-03  4.7678517863e-02  -8.5628255266e-02  4.0115253787e-02  -7.1653399831e-02  3.9547248347e-02  -5.3403299614e-02  5.0229765192e-02  -6.7728337642e-02  4.9250135143e-02  -3.4863916133e-02  3.7714483325e-02  -4.5900045714e-02  3.3261504245e-02  4.4479564788e-02  4.1448049185e-02  2.9559603254e-02  4.1134556901e-02  -2.6409365291e-03  3.8161702640e-02  -2.9070793744e-02  3.8908312662e-02  
-4.2760190964e+00  5.1107504405e-03  4.3781506247e-04  -4.5383323057e-02  4.8373305540e-02  -5.2917438398e-02  3.8681596778e-02  -4.8326069635e-02  4.1022726651e-02  -3.8437243571e-02  4.0491756346e-02  8.7897955864e-02  3.6190593309e-02  7.9956839729e-02  3.5681570910e-02  -5.5931690905e-02  3.4684206596e-02  -8.3871590646e-02  3.3964662720e-02  -2.4004178575e-02  3.3045735751e-02  -1.5631088653e-02  3.2284160796e-02  8.8802947089e-03  3.6868822903e-02  3.0191714758e-04  3.3914406918e-02  
-4.1724510193e+00  6.2448917888e-03  4.6361275599e-04  -2.9779090898e-03  3.3119925799e-02  9.2723495248e-03  3.5787278984e-02  3.3186082528e-02  3.5678165277e-02  2.8508412530e-02  3.5505139490e-02  4.1684249348e-02  4.4013587365e-02  4.5657209994e-02  4.7076564945e-02  6.6846035127e-03  3.6106919288e-02  1.5181634776e-02  3.6454177949e-02  7.1027325749e-02  3.5270292589e-02  5.0728126102e-02  3.5613599118e-02  -7.4745982190e-03  3.6978183308e-02  1.9391113875e-03  3.7753679027e-02  
-4.0709099770e+00  7.5554796495e-03  5.5588776013e-04  -4.1883252073e-02  3.4507997816e-02  -3.3671706583e-02  3.3143246272e-02  3.6611655329e-03  3.3433316406e-02  5.2400030781e-03  3.3340082888e-02  3.1169175000e-02  3.3892336961e-02  3.8560886901e-02  3.4195931324e-02  6.5251690356e-03  3.1432048170e-02  2.0295454955e-02  2.9813424147e-02  8.5812398265e-03  3.0640036076e-02  -1.4758270051e-02  3.2458993911e-02  -1.8583460170e-03  3.3031796043e-02  1.2166942682e-02  2.9297605312e-02  
-3.9678597450e+00  8.0615309998e-03  5.8841530699e-04  8.0839480873e-02  2.5754476827e-02  6.9411905083e-02  2.7864410031e-02  2.7973895385e-02  3.5704349321e-02  2.1313190499e-02  3.4695749422e-02  1.7621252266e-02  2.9608997648e-02  2.3611646248e-02  2.9607997567e-02  -8.7429861232e-03  3.0746783567e-02  -6.6578283328e-03  3.0028803227e-02  -1.0010277263e-02  2.6341038612e-02  1.0406261813e-02  2.8239351792e-02  2.9153432607e-03  3.5424711028e-02  9.0014068410e-03  3.5364944499e-02  
-3.8641984463e+00  1.0918415152e-02  6.5134069882e-04  -3.5422915027e-02  2.9621018863e-02  -5.5959175941e-02  2.8911660171e-02  2.4870249496e-02  2.8442453157e-02  1.6370732508e-02  2.8026930548e-02  1.1648554783e-02  2.7174289742e-02  1.0087153423e-02  2.6533781662e-02  9.0025818099e-03  2.4958892271e-02  1.4865015943e-02  2.4054083517e-02  2.1092694204e-02  2.4725435311e-02  2.2772309336e-02  2.3631741168e-02  -1.7262740100e-02  2.6313659644e-02  -1.8553268442e-02  2.6766598382e-02  
-3.7585132122e+00  1.4059895650e-02  6.6767999670e-04  1.3008140464e-02  2.5375553468e-02  -2.4507433332e-02  2.3802498454e-02  5.3776922046e-02  2.0269828501e-02  4.7165396501e-02  2.0471010575e-02  1.8119356907e-02  2.1706537445e-02  1.6573228712e-02  2.1663456911e-02  -1.3536722621e-02  2.4630115983e-02  -2.0768877431e-02  2.3538841656e-02  -7.6722191337e-03  1.9044152217e-02  -2.8054672698e-02  1.9704434175e-02  2.8541636795e-02  2.1152663300e-02  2.3128551743e-02  2.3706601617e-02  
-3.6553983688e+00  1.8463613465e-02  7.9502165318e-04  -1.5586811713e-03  1.9330604330e-02  -1.6253225447e-02  2.0058826854e-02  1.4868175969e-02  2.0422189570e-02  1.0811789905e-02  2.0608753220e-02  -1.6599721233e-03  2.3068608199e-02  4.9317979686e-04  2.3916427453e-02  -2.8995845837e-02  1.8937905534e-02  -1.8763891485e-02  1.9211519662e-02  3.6769405489e-03  1.8053223509e-02  7.8982707242e-03  1.8270063183e-02  -2.4385345973e-02  1.7679343920e-02  -2.1578319702e-02  1.7999107635e-02  
-3.5547516346e+00  2.3519106209e-02  9.9419394974e-04  -2.8338639635e-03  1.9101885346e-02  -1.6583050684e-02  1.8501550298e-02  1.2480543909e-02  1.9383534556e-02  1.3909912649e-02  1.9646223071e-02  -1.7535732220e-03  1.7600541258e-02  -5.7885955849e-03  1.8261943572e-02  5.8914826164e-03  1.6604412506e-02  2.5310142105e-03  1.6666725299e-02  1.1155598979e-03  1.7480394909e-02  9.7601256544e-04  1.7966721793e-02  3.4665554489e-02  1.7456427069e-02  1.6997098786e-02  1.7892926159e-02  
-3.4518091679e+00  3.3441651613e-02  1.1641548481e-03  -1.9463276335e-02  1.4779983690e-02  -1.2340534888e-02  1.4816944115e-02  2.1050947060e-02  1.4284272894e-02  1.6179364389e-02  1.4206774832e-02  -5.3039503958e-03  1.4592458638e-02  -8.9138143267e-03  1.4575679331e-02  -2.3551821933e-02  1.1967152264e-02  -1.9358700736e-02  1.1481945592e-02  -5.9490852602e-03  1.3305761414e-02  -8.3700313979e-03  1.2675343344e-02  -2.7091211166e-02  1.6566007013e-02  -8.4376685658e-03  1.6048837839e-02  
-3.3514013290e+00  4.2237587273e-02  1.3428942766e-03  -6.9472768629e-04  1.6409364774e-02  -1.9876624058e-02  1.5660383833e-02  1.5078109826e-02  1.4089190915e-02  1.0103297747e-02  1.4513177003e-02  6.6072805590e-03  1.5397222804e-02  -5.5077360952e-04  1.5633345111e-02  -1.1408742288e-02  1.2833504183e-02  -1.6434276082e-02  1.2543109826e-02  -2.1201184995e-02  1.2456913315e-02  -2.2085554595e-02  1.1900022140e-02  -2.3317987694e-02  1.3664383363e-02  -1.1574368853e-02  1.4021703046e-02  
-3.2503833771e+00  5.4048493505e-02  1.7313670833e-03  -1.8200213709e-02  1.2049473141e-02  -1.9006245321e-02  1.3444870218e-02  3.2358163061e-02  1.1569190307e-02  2.7096606372e-02  1.1235686545e-02  4.2930961591e-02  1.2027364723e-02  4.3760448850e-02  1.1749986786e-02  -3.5306154878e-03  1.0301763853e-02  -4.3114239964e-04  1.0365743100e-02  -3.7797496842e-03  1.0607209894e-02  -1.1280148022e-02  1.1297504228e-02  3.8538194415e-03  1.1735738878e-02  7.1574373790e-03  1.0990696115e-02  
-3.1494584084e+00  6.9544740021e-02  1.9421398174e-03  -3.7374223727e-03  1.1174227527e-02  -1.8815243466e-02  1.0810062960e-02  2.4618870389e-02  1.0803407702e-02  2.4688028365e-02  1.0921545800e-02  6.6489889311e-03  8.8090375421e-03  2.8002487231e-03  8.9986583817e-03  2.0434780650e-03  9.3403315100e-03  3.1549963469e-03  9.4471673390e-03  -1.2500138563e-02  9.0575839891e-03  -1.2042415977e-02  8.8245227776e-03  -9.2108396533e-04  9.1872340402e-03  5.8291687347e-03  8.8789022818e-03  
-3.0502960682e+00  8.4066629410e-02  2.2799759172e-03  -5.4459998955e-03  1.0245398708e-02  -1.5404237298e-02  9.8204611029e-03  3.9895669191e-02  9.5653212622e-03  3.6535896107e-02  9.5570370179e-03  4.9925692043e-03  8.2599926463e-03  4.6682540432e-03  8.4478836939e-03  6.6538171292e-03  8.6007931864e-03  5.1135311600e-03  9.2313248109e-03  -7.7145153642e-04  8.7023935589e-03  -3.4466483197e-03  8.4278034067e-03  2.9318889665e-03  1.0273163827e-02  2.0001630861e-03  1.1085906903e-02  
-2.9500002861e+00  1.0340569913e-01  2.6832162403e-03  -1.9682726808e-02  1.0296830964e-02  -4.0394277414e-02  1.0398564375e-02  3.7333923660e-02  9.2015177525e-03  3.2622601622e-02  9.1518699182e-03  1.1411840520e-02  8.8539446311e-03  9.6753841212e-03  9.0552250353e-03  1.0497833041e-02  8.6590141467e-03  5.8466163123e-03  8.8443275812e-03  6.1594597137e-03  8.3854339134e-03  1.0685743157e-03  8.3499542635e-03  1.1086100064e-02  7.1181005865e-03  1.4131038009e-03  6.4327239293e-03  
-2.8492901325e+00  1.2012413889e-01  2.7769135777e-03  -4.1015256536e-04  9.3133865946e-03  -1.9960494458e-02  1.0271974791e-02  2.7981830254e-02  8.6066812710e-03  2.3151434753e-02  8.5133977881e-03  3.6830436073e-03  7.2139154906e-03  1.6572879803e-03  7.0079043553e-03  -7.7039176447e-03  7.2343300849e-03  -1.1302293976e-02  7.2682444614e-03  5.1293847217e-03  8.6454724413e-03  4.7194194777e-04  8.4338736541e-03  -5.7683448880e-05  7.2572747312e-03  -2.9460557149e-03  7.9916731864e-03  
-2.7501342297e+00  1.3882976770e-01  2.9462988023e-03  -6.9141672261e-03  8.5863490398e-03  -3.1741452906e-02  7.9441457411e-03  4.9163489832e-02  7.7394895074e-03  4.5870093795e-02  7.7617586089e-03  1.8767297512e-03  7.0833283865e-03  -2.0603959017e-03  7.2229251293e-03  -4.6532309629e-03  6.9109929082e-03  -6.4854415533e-03  7.0995485838e-03  -1.2678614097e-03  6.7883261587e-03  -5.2876390446e-03  6.7560407487e-03  1.2543551877e-02  6.3289535733e-03  7.9360401663e-03  7.1213134787e-03  
-2.6501991749e+00  1.5661117435e-01  3.2409487758e-03  4.2168095461e-05  7.5444659779e-03  -1.9833269602e-02  7.3657811031e-03  5.2138637615e-02  7.0052995810e-03  4.6650119126e-02  6.9188393480e-03  7.3644078863e-03  6.4297483945e-03  6.4840444671e-03  6.4484213099e-03  1.2277358255e-02  6.7592280688e-03  3.6148596579e-03  6.9559363144e-03  5.7320252246e-03  6.7047698396e-03  -2.5029867596e-03  6.0853288571e-03  9.4826965208e-03  5.9774691731e-03  5.7760116605e-03  6.0265297318e-03  
-2.5499308109e+00  1.7339800298e-01  3.3027466852e-03  4.4321501787e-04  7.9914262846e-03  -2.1955855249e-02  8.0351156403e-03  6.3429573678e-02  7.5207621049e-03  5.7049266116e-02  7.6225216517e-03  6.5597240759e-03  5.4630676307e-03  3.0106809649e-03  5.6363636594e-03  4.2293286646e-03  5.4181450447e-03  9.3616078322e-04  5.5799034143e-03  1.4156461225e-02  6.3472607986e-03  1.3205905256e-03  6.0027230046e-03  8.2230290608e-03  6.4999896423e-03  -9.0717909058e-03  6.4669917364e-03  
-2.4496097565e+00  1.9295097888e-01  3.2191085629e-03  -1.3715349401e-02  9.5176893341e-03  -3.6023441741e-02  9.0008335293e-03  5.2495725492e-02  6.6894527774e-03  4.6926933277e-02  6.6255288097e-03  9.7639532906e-03  5.8375003584e-03  1.0686662302e-02  5.9812290804e-03  7.1988110211e-03  6.0140515827e-03  -1.2265800172e-03  6.4879145917e-03  1.9671214226e-03  5.8771803173e-03  -5.2179756101e-03  6.1741340525e-03  8.2235528639e-03  5.9027809990e-03  -4.4039384589e-03  5.4377000662e-03  
-2.3496701717e+00  2.0797871053e-01  3.6968283821e-03  -4.0279268820e-03  8.2146458243e-03  -3.4735555892e-02  7.9194823415e-03  5.9112023699e-02  5.8688842118e-03  5.0597659600e-02  5.9698478252e-03  9.7501305815e-03  5.9979324047e-03  5.0459558203e-03  5.7304826866e-03  3.6686399930e-03  5.6272270214e-03  5.9257301477e-04  5.6738798887e-03  3.6133392726e-03  5.7361231401e-03  -1.5380146875e-03  5.1909188791e-03  4.4296046912e-03  5.2546470508e-03  6.8322126062e-04  5.4119850406e-03  
-2.2498281002e+00  2.2032892704e-01  3.4393928945e-03  7.8285954532e-03  8.5841601329e-03  -2.3720567705e-02  8.4898982801e-03  7.7251083642e-02  6.0063667822e-03  6.9991479330e-02  6.1630748941e-03  1.1175663688e-02  6.6475419631e-03  9.2853705877e-03  6.4234705653e-03  9.2169848997e-03  6.1175645749e-03  3.2499863203e-03  5.9138250595e-03  1.1834016426e-02  5.6133413148e-03  1.6456896564e-03  6.1644564888e-03  5.5994953697e-03  5.4313702061e-03  -1.8904640625e-03  5.2812239636e-03  
-2.1498129368e+00  2.3882034421e-01  3.7700771354e-03  1.5811274803e-02  8.1481120180e-03  -1.6521985136e-02  7.6219726093e-03  8.9363143004e-02  6.6088926719e-03  8.2946865073e-02  6.7057471253e-03  1.5644444177e-02  5.0688037953e-03  1.2398502609e-02  4.8409716232e-03  6.8311572943e-03  4.7670336023e-03  2.8722522066e-03  4.6379292052e-03  5.4566533236e-03  6.0618170634e-03  1.3803097178e-03  5.7162759117e-03  8.7660147262e-03  5.2563831060e-03  -6.6445375261e-03  5.0906986475e-03  
-2.0499675274e+00  2.5730299950e-01  3.6347315181e-03  1.1327699861e-02  8.2377786904e-03  -2.3281279844e-02  7.9065047181e-03  8.1676643595e-02  5.6320369348e-03  7.3700160646e-02  5.7270589003e-03  1.4251363356e-02  5.2264764122e-03  9.1490088962e-03  5.2944985030e-03  5.7197528360e-03  5.4042184272e-03  -2.4409073718e-03  5.2879163563e-03  8.4194099891e-03  5.6632426756e-03  3.0765249967e-03  5.8727885530e-03  9.4050137102e-03  4.6204807589e-03  -4.7081946932e-03  4.9713627705e-03  
-1.9495651722e+00  2.7938055992e-01  4.0907426737e-03  1.3486126209e-02  7.4513118495e-03  -2.1495910449e-02  7.8033056896e-03  8.9840899119e-02  6.7127290621e-03  8.1404008634e-02  6.9487060396e-03  2.2431047546e-02  5.3342294593e-03  1.4366973406e-02  5.3672499910e-03  1.9415643290e-02  5.2472997459e-03  1.3208340561e-02  5.3082037342e-03  1.2635743553e-02  5.0524661880e-03  4.5015475925e-03  5.1462090799e-03  1.1774002657e-02  5.1756265067e-03  -2.7109820064e-03  4.4661616199e-03  
-1.8498069048e+00  2.9583337903e-01  4.3559963815e-03  2.1679374541e-02  7.8547919109e-03  -1.7865047980e-02  7.5117185682e-03  9.3301174723e-02  6.3505908189e-03  8.4995031318e-02  6.3962299871e-03  3.6792913774e-02  5.8237965139e-03  3.2059402434e-02  6.0925781230e-03  1.6319991738e-02  4.8311608890e-03  9.8731504139e-03  4.8518925558e-03  7.1903179346e-03  5.1445394393e-03  2.1882401852e-03  5.0661297882e-03  6.6479768077e-03  4.5838863369e-03  -4.7814483823e-03  4.7387352092e-03  
-1.7498149872e+00  3.2350981236e-01  4.3440293521e-03  2.7477847393e-02  7.8200719345e-03  -7.8252042151e-03  8.4020416524e-03  9.9436795602e-02  5.8594984255e-03  9.1266603175e-02  6.0541777679e-03  2.3782989664e-02  5.0556106407e-03  1.9540129922e-02  4.9859087694e-03  1.2221460318e-02  4.7115477993e-03  6.0238541879e-03  4.5048731870e-03  1.0299819141e-02  4.7403487153e-03  4.0621666545e-03  4.6719216611e-03  1.4163921436e-02  4.4143995249e-03  -4.0028231726e-03  4.4601978275e-03  
-1.6494576931e+00  3.5193237662e-01  4.5877043158e-03  2.6803348028e-02  6.5968497222e-03  -3.5083331430e-03  6.4666765523e-03  8.9928586953e-02  5.6729093546e-03  8.2273502234e-02  5.8635016530e-03  3.1189800040e-02  4.8516701595e-03  2.7363375219e-02  4.7917793030e-03  1.1867125246e-02  4.8749945659e-03  5.6963870826e-03  4.9524781632e-03  5.2645983716e-03  4.5488819095e-03  4.9400553282e-04  4.4019143242e-03  6.9446164715e-03  4.1073164661e-03  -2.0440359053e-03  4.5262998116e-03  
-1.5494356155e+00  3.8639160991e-01  4.8667122610e-03  2.7459609620e-02  6.9132337074e-03  -7.9730836679e-03  6.3589639449e-03  9.7446518692e-02  5.5572309083e-03  8.9464289629e-02  5.5642779184e-03  3.3596716451e-02  4.3619513460e-03  2.9329481032e-02  4.3809167212e-03  1.3835994556e-02  5.0147846094e-03  5.5419519758e-03  4.9335952590e-03  1.1376338338e-02  4.2126427320e-03  3.3535935346e-03  3.9636904022e-03  5.6368831072e-03  3.9340744623e-03  -2.2784785502e-05  3.9835712249e-03  
-1.4492797852e+00  4.3036568165e-01  5.1976041868e-03  3.3931044871e-02  6.9801829049e-03  9.5771481213e-04  7.7217342598e-03  1.0843938117e-01  5.3588093523e-03  1.0159996932e-01  5.4002999440e-03  3.2831845035e-02  4.7797028710e-03  2.7121080056e-02  4.6863785680e-03  1.5441659516e-02  4.3318209774e-03  7.2537323080e-03  4.2833810655e-03  8.5356892501e-03  3.8274553513e-03  3.0887055818e-03  3.7324071455e-03  1.8698523426e-03  3.6626373039e-03  -7.0434394268e-03  3.3183407819e-03  
-1.3494342566e+00  4.7322574258e-01  5.3849546239e-03  3.6298274233e-02  5.9417934816e-03  7.9077245833e-03  6.6236291171e-03  9.9611753569e-02  4.7220147384e-03  9.2072447206e-02  4.6897951074e-03  3.3378595360e-02  4.0144908454e-03  3.0321633190e-02  3.9237042055e-03  1.4651168728e-02  4.5243612087e-03  9.2869217176e-03  4.3685535372e-03  1.7708464306e-02  3.3046850727e-03  8.5498221311e-03  3.5098921604e-03  5.1515639140e-03  3.8295922110e-03  -3.9163235767e-04  3.6383806284e-03  
-1.2492948771e+00  5.1515787840e-01  6.0131535865e-03  2.9152156551e-02  5.3997712803e-03  5.8593401876e-03  5.5382172757e-03  9.9416248110e-02  4.5792384338e-03  9.2850540126e-02  4.7444125678e-03  3.8533804499e-02  4.4275224524e-03  3.2516758782e-02  4.5903942187e-03  2.0769653588e-02  3.8919920888e-03  1.5551100592e-02  4.0756944310e-03  1.0589379617e-02  3.8547564444e-03  7.8578570088e-04  3.6286380014e-03  1.0285474926e-02  3.6039983741e-03  -8.0208754738e-04  3.6692433325e-03  
-1.1494946480e+00  5.6424188614e-01  6.5517392941e-03  4.2683204002e-02  5.3126476419e-03  2.3293715975e-02  5.6999257257e-03  9.4780303655e-02  4.9493663544e-03  8.9300618083e-02  5.1235282110e-03  3.6922307558e-02  4.2527273856e-03  3.1164415278e-02  3.9615704250e-03  2.4268312068e-02  3.3403150618e-03  1.6287194360e-02  3.7251453489e-03  1.7815400851e-02  3.6240043774e-03  7.8691511235e-03  3.3486995202e-03  8.6600358491e-03  3.6223528158e-03  5.1807821896e-04  3.5367345088e-03  
-1.0494476557e+00  6.1557078362e-01  6.5908906981e-03  4.7401769994e-02  5.0484053779e-03  3.0727605389e-02  5.1133483608e-03  1.0130061810e-01  4.7969052126e-03  9.5303907015e-02  4.8291551849e-03  3.8351039807e-02  3.3930046199e-03  3.3350805767e-02  3.5081634191e-03  1.9616326005e-02  3.8531745064e-03  1.5045348462e-02  3.9575797024e-03  9.6190011870e-03  3.3696559462e-03  1.7805613933e-03  3.3602363749e-03  7.2511893244e-03  3.5168159210e-03  -2.1216786413e-03  3.9879459430e-03  
-9.4973963499e-01  6.7084467411e-01  7.5359246694e-03  4.9126256725e-02  5.3391572306e-03  3.3268455806e-02  5.5580983251e-03  9.8357127170e-02  4.2763185671e-03  9.4488646386e-02  4.2480839732e-03  3.4185928395e-02  3.3937535880e-03  3.0264893605e-02  3.4607702374e-03  1.7192908109e-02  3.3575376278e-03  1.0950959819e-02  3.5567435867e-03  1.9666548779e-02  3.2634095309e-03  1.1429510533e-02  3.6021571818e-03  7.7137235572e-03  3.0325414606e-03  -3.2055400597e-03  2.8334219433e-03  
-8.4949499369e-01  7.2514218092e-01  7.7251032926e-03  5.2645409860e-02  5.5378775626e-03  4.2837542701e-02  5.0852660902e-03  1.0185760564e-01  4.5647419607e-03  9.9720373087e-02  4.5720986499e-03  4.2680637706e-02  3.5171625131e-03  3.8598687159e-02  3.4105333910e-03  2.1843761030e-02  3.6131820927e-03  1.6255379128e-02  3.5863832815e-03  1.4603839856e-02  3.2319418744e-03  1.0622237326e-02  3.0411602834e-03  5.4178299987e-03  3.4253483509e-03  -3.8326234503e-03  3.4810168031e-03  
-7.4971216917e-01  7.7573966980e-01  8.1945108250e-03  4.8083081022e-02  5.0503492747e-03  4.6665141486e-02  4.9885196316e-03  1.0052587275e-01  4.7325257434e-03  9.9534724395e-02  4.8068474631e-03  4.1149427714e-02  3.1589129399e-03  4.1226075133e-02  3.0417397876e-03  1.6140335040e-02  2.9632960940e-03  1.9104222401e-02  2.9076881452e-03  1.2077766617e-02  3.0789855515e-03  1.1420911588e-02  3.0480199787e-03  1.2999383040e-02  2.9835572024e-03  1.7438104279e-02  2.9883415367e-03  
-6.4976990223e-01  8.3109742403e-01  9.1147199273e-03  5.1731453028e-02  4.5611217236e-03  5.3120668997e-02  4.2088391639e-03  1.0146446920e-01  4.0131585197e-03  1.0180550923e-01  3.9807804520e-03  4.2280901535e-02  3.4195349224e-03  4.3365477189e-02  3.4161187035e-03  2.5843121609e-02  3.1531154117e-03  2.5656713534e-02  3.0608008104e-03  9.3364961962e-03  2.5422827741e-03  1.0887734475e-02  2.4086214986e-03  9.4722457016e-03  2.7144122453e-03  1.1298464514e-02  2.6981578269e-03  
-5.4956644773e-01  8.7440776825e-01  9.1212382540e-03  5.4116913844e-02  4.2937120630e-03  5.6295881955e-02  4.2571723347e-03  1.0526230927e-01  4.2400186376e-03  1.0605466990e-01  4.1331505735e-03  4.3236050794e-02  3.3290839989e-03  4.4688117227e-02  3.2451929535e-03  1.9002745572e-02  3.2133641107e-03  2.1485146984e-02  3.3356502034e-03  1.9399052242e-02  2.7623778964e-03  2.4586059056e-02  2.8888765879e-03  7.2496049935e-03  2.6730705855e-03  1.4868377976e-02  2.8996520628e-03  
-4.4986513257e-01  9.3380343914e-01  9.7489124164e-03  5.0119809202e-02  4.1382459413e-03  6.0096524363e-02  4.0202614053e-03  9.8449705900e-02  5.0899788767e-03  9.9801469536e-02  5.1262971696e-03  4.7367778534e-02  3.2010929487e-03  5.0336990252e-02  3.2553982535e-03  2.7072686205e-02  2.5237283525e-03  3.0727627214e-02  2.6736884599e-03  1.1426460286e-02  2.8145376992e-03  1.5566157465e-02  2.5679648092e-03  9.4261588285e-03  2.6243143595e-03  1.3717758772e-02  2.5559255241e-03  
-3.4988424182e-01  9.7346776724e-01  1.0082430206e-02  5.3295343939e-02  4.1932611395e-03  6.3351331249e-02  3.8648442221e-03  1.0215602651e-01  4.1749953973e-03  1.0415720889e-01  4.1797603761e-03  4.3241231658e-02  3.2311218468e-03  4.7366617745e-02  3.0442703798e-03  2.1204233940e-02  3.3868034035e-03  2.4251853852e-02  3.3871724527e-03  1.5774581962e-02  2.6010395880e-03  2.1491870781e-02  2.5890208340e-03  8.8262813634e-03  2.6659067529e-03  1.2818783878e-02  2.9543781767e-03  
-2.4975709617e-01  1.0136201382e+00  1.0677060112e-02  5.0732316674e-02  3.7311109666e-03  6.2791366189e-02  3.3293404415e-03  1.0407710290e-01  4.8617176866e-03  1.0734243207e-01  4.8675270264e-03  4.1250217999e-02  3.0775383538e-03  4.4166480547e-02  2.9378012280e-03  2.4781856111e-02  2.5975531144e-03  2.7778222240e-02  2.6501850239e-03  1.9188554246e-02  2.6287973531e-03  2.0324217175e-02  2.7587014618e-03  1.2320393262e-02  2.5782420811e-03  1.5458220850e-02  2.6503545012e-03  
-1.4997152984e-01  1.0312850475e+00  1.0838589631e-02  5.0390625363e-02  3.8772442960e-03  6.6224829884e-02  3.6658391703e-03  1.0095993905e-01  4.7390454858e-03  1.0509379064e-01  4.6923535589e-03  4.8976409790e-02  3.0839412048e-03  5.0833839299e-02  3.0690672609e-03  2.2962573350e-02  2.7930937722e-03  2.5647611430e-02  2.7429030334e-03  1.6307110406e-02  2.5190150938e-03  1.8467801823e-02  2.4785702082e-03  1.0303309260e-02  2.5938280707e-03  1.2879608887e-02  2.5026267361e-03  
-4.9831483513e-02  1.0485842228e+00  1.1171362363e-02  4.7000425356e-02  4.0781938608e-03  6.7034283585e-02  3.6958409055e-03  1.0215187814e-01  4.6812304529e-03  1.0689863227e-01  4.6237236242e-03  4.4841629477e-02  3.0311776586e-03  4.6733748226e-02  3.0215454692e-03  2.4168601864e-02  3.1537187648e-03  2.7485599342e-02  3.0052952682e-03  1.6104754504e-02  2.4748155370e-03  1.9974588792e-02  2.3397127358e-03  9.5825753716e-03  2.2606776105e-03  1.2472316808e-02  2.3089176717e-03  
4.9691073596e-02  1.0571888685e+00  1.0860378854e-02  4.8887525514e-02  4.1633170692e-03  6.7730749192e-02  3.8607109426e-03  1.0236633670e-01  4.6155338380e-03  1.0724352015e-01  4.5124154253e-03  4.6668966247e-02  3.0744559154e-03  4.9667438834e-02  3.0323825410e-03  2.6879547905e-02  2.4852707577e-03  3.0264935949e-02  2.5413261353e-03  1.5533478345e-02  2.7473891270e-03  1.9705003664e-02  2.7303583285e-03  9.5916373499e-03  2.4269199755e-03  1.2920743288e-02  2.4911028637e-03  
1.4975616336e-01  1.0397595167e+00  1.1434088461e-02  4.8100200370e-02  3.9843929919e-03  6.4495987059e-02  3.6696177289e-03  9.7614175011e-02  4.5284121448e-03  1.0206330493e-01  4.4140239085e-03  4.7277877468e-02  3.2394158355e-03  5.0105930311e-02  3.0686655369e-03  2.1085585687e-02  2.3617834664e-03  2.4128106272e-02  2.2075669600e-03  1.6492107600e-02  2.6108750818e-03  2.0562211237e-02  2.7143841408e-03  8.3994211224e-03  2.9383584972e-03  1.3421377528e-02  2.7420139004e-03  
2.4982452393e-01  1.0224312544e+00  1.0871694423e-02  4.5128657361e-02  3.6518706225e-03  6.0942416260e-02  3.4029878603e-03  1.0220759811e-01  4.4264396719e-03  1.0486773792e-01  4.3709067856e-03  4.5569451477e-02  2.9975711429e-03  4.8335949047e-02  2.9404957310e-03  2.8586966312e-02  2.6274109487e-03  2.9332881452e-02  2.6656931357e-03  1.5226629607e-02  2.5358739130e-03  1.7066632968e-02  2.7979956886e-03  1.1277477408e-02  2.5365659467e-03  1.6082010997e-02  2.6101287970e-03  
3.4959882498e-01  9.8335963488e-01  1.0996099561e-02  4.6527016537e-02  4.1099280547e-03  5.8138960826e-02  3.5824497524e-03  1.0301787691e-01  4.4128566864e-03  1.0572360058e-01  4.2708886044e-03  4.5287901019e-02  3.1660754684e-03  4.5981611179e-02  3.0960309661e-03  2.2689538174e-02  2.7426812209e-03  2.7108820711e-02  2.8466928484e-03  1.5451378472e-02  2.7340808358e-03  1.9983563718e-02  2.7999435951e-03  1.2763917066e-02  2.6318163499e-03  1.8423626560e-02  2.8243600983e-03  
4.4945773482e-01  9.3323463202e-01  9.9286939949e-03  4.1479184404e-02  4.1176000838e-03  5.3682560618e-02  4.0609848833e-03  1.0698840447e-01  4.3501224052e-03  1.0769623140e-01  4.3555405132e-03  4.5937429450e-02  3.4769986730e-03  4.7139962833e-02  3.4911573545e-03  2.1904225768e-02  2.7089333978e-03  2.4699032043e-02  2.6967734341e-03  1.4387339397e-02  2.9177077382e-03  1.8657025301e-02  3.2793431553e-03  1.2649689981e-02  2.6267906535e-03  1.4365210047e-02  2.6877787558e-03  
5.4939413071e-01  8.7534642220e-01  1.0020887479e-02  3.9703499058e-02  4.0363153149e-03  4.6286785166e-02  3.9147668660e-03  1.0293785432e-01  4.6897333822e-03  1.0494575926e-01  4.6949774402e-03  4.3202109693e-02  3.3562861868e-03  4.3854521539e-02  3.3311027501e-03  2.6346770071e-02  2.9139879292e-03  2.6901282955e-02  3.0561072019e-03  1.4503125345e-02  2.6961750029e-03  1.6831943307e-02  2.6546683725e-03  1.1402970268e-02  2.6798659284e-03  1.5212624344e-02  2.9087625456e-03  
6.4939767122e-01  8.2973074913e-01  9.4299437478e-03  4.3211420676e-02  4.6839725156e-03  4.4337260278e-02  4.7021299914e-03  1.0528808504e-01  4.5763089189e-03  1.0545565383e-01  4.6024163437e-03  4.3049038139e-02  3.4756290659e-03  4.4205661883e-02  3.4649804529e-03  2.4691070152e-02  2.5827383907e-03  2.7050480276e-02  2.7714315157e-03  1.7318119407e-02  2.9014139521e-03  1.9007669264e-02  2.9835136490e-03  1.5111796768e-02  3.3846061006e-03  2.0063382929e-02  3.2247793152e-03  
7.4930512905e-01  7.7778595686e-01  8.8610285893e-03  3.3629619521e-02  4.2207051582e-03  3.3772666534e-02  4.0903791158e-03  1.0450437248e-01  4.2341389552e-03  1.0347957874e-01  4.3176476390e-03  4.1256203233e-02  4.1002872852e-03  4.2183593208e-02  4.2186414709e-03  2.3451193943e-02  3.0899044151e-03  2.2984942802e-02  2.9148648120e-03  9.9280497001e-03  2.8025747582e-03  1.0426946638e-02  2.8386283609e-03  6.4605830496e-03  3.0490154378e-03  1.3336769583e-02  2.7433905476e-03  
8.4916245937e-01  7.2128766775e-01  8.0226669088e-03  3.9028502767e-02  5.0568579358e-03  3.2645192826e-02  4.9095805619e-03  1.0663729528e-01  4.5782719222e-03  1.0284455815e-01  4.6348023064e-03  3.5204380088e-02  3.5583101989e-03  3.1119970215e-02  3.7774148169e-03  2.6017421203e-02  3.2425453473e-03  2.0336668109e-02  3.1373826842e-03  1.7769364348e-02  3.5587170198e-03  1.0061218652e-02  3.6401136870e-03  1.5680537740e-02  3.0540568002e-03  2.7643511503e-03  3.2506006066e-03  
9.4892364740e-01  6.6787421703e-01  7.6882550493e-03  3.2535110800e-02  5.3148229118e-03  2.1546576435e-02  5.4075324258e-03  9.9756970690e-02  4.7474874365e-03  9.4804920334e-02  4.7835973653e-03  3.4885102971e-02  3.6854173384e-03  3.0087034369e-02  3.8004348963e-03  1.5065219673e-02  3.6942344107e-03  8.3705350557e-03  3.5257748114e-03  1.5571172461e-02  4.1593578833e-03  7.7252206466e-03  4.1603943734e-03  1.2566091620e-02  3.3256060841e-03  2.1540231988e-03  3.3594992828e-03  
1.0491703749e+00  6.1824840307e-01  6.7998562008e-03  2.8055161501e-02  4.9158763978e-03  1.6846205659e-02  5.0750739458e-03  1.0704255857e-01  4.9462007796e-03  1.0086959538e-01  5.0363554772e-03  3.7392555848e-02  3.5017272276e-03  3.3290250822e-02  3.6555905839e-03  1.9411240953e-02  3.3365258485e-03  1.2823699057e-02  3.4426936013e-03  1.0141531693e-02  3.4109132814e-03  2.9888707481e-03  3.5958768748e-03  7.7895596989e-03  3.0231134731e-03  -1.6207282074e-03  3.4872872633e-03  
1.1489689350e+00  5.6860327721e-01  6.4410213381e-03  2.6184117695e-02  5.2378012143e-03  9.4274689946e-03  5.6208060422e-03  9.9679796093e-02  4.8798194750e-03  9.3905781615e-02  4.9954080531e-03  4.4564109471e-02  3.8528824455e-03  3.9551138449e-02  4.0911526532e-03  2.5129863885e-02  3.4355131738e-03  1.8531943637e-02  3.4550848552e-03  8.1098137097e-03  3.8549958477e-03  -2.0980005200e-03  3.4533355564e-03  7.7770182190e-03  3.6531865580e-03  -2.1387309876e-03  3.1965887556e-03  
1.2491089106e+00  5.1461267471e-01  6.0622128658e-03  2.2991875382e-02  6.2255410024e-03  -1.8814922210e-03  6.2998426505e-03  1.0009529633e-01  4.8040491052e-03  9.3747509868e-02  4.8799300202e-03  3.2597308481e-02  3.8901671139e-03  2.7464737609e-02  3.8884883784e-03  1.9127589002e-02  3.3514670933e-03  1.4730038034e-02  3.4945627170e-03  1.6447860128e-02  3.3123776701e-03  8.5764805401e-03  3.4727241654e-03  1.3664618100e-02  3.8717724528e-03  -2.0675934029e-04  3.9028359530e-03  
1.3488878012e+00  4.6673771739e-01  5.7139950804e-03  2.4910609106e-02  5.9712236849e-03  -1.9745392978e-04  5.9721974412e-03  1.0541991495e-01  5.4040014472e-03  9.8444345227e-02  5.6162527962e-03  3.6013422466e-02  4.0768184175e-03  2.8783999257e-02  4.2273952740e-03  1.7467299944e-02  3.9930816518e-03  1.2426469670e-02  4.0724714829e-03  7.6593398238e-03  3.7734170808e-03  -5.7603488985e-04  3.5897413004e-03  1.3784036518e-02  3.9066484895e-03  6.0326539843e-03  3.4721984639e-03  
1.4488878250e+00  4.2309308052e-01  5.2125761285e-03  1.7881077407e-02  5.6583997524e-03  -6.1526079004e-03  5.7311038310e-03  9.6645312901e-02  5.2514165107e-03  8.9445779968e-02  5.2949578733e-03  3.1571672001e-02  4.6495577232e-03  2.4335583067e-02  4.6807092285e-03  1.2342194139e-02  4.6044510959e-03  6.0961348936e-03  4.4511766994e-03  1.1011617629e-02  3.9424380320e-03  -2.6771197813e-04  4.1734871047e-03  1.2227441062e-02  3.7849867125e-03  1.9972674141e-03  4.0841490765e-03  
1.5491050482e+00  3.8289445639e-01  4.6455645934e-03  1.6019923920e-02  6.5649256875e-03  -1.3062023953e-02  6.7657900047e-03  1.0578283219e-01  5.5938467370e-03  9.6522254704e-02  5.7049314242e-03  2.4585152016e-02  4.5318527174e-03  1.9319222694e-02  4.5375591673e-03  1.3826600832e-02  3.8674593539e-03  7.6224663007e-03  4.0252392204e-03  8.3291293975e-03  4.4798763497e-03  1.7164565781e-03  4.3602467775e-03  9.1011561405e-03  4.0919157432e-03  1.3792404459e-03  4.2218715519e-03  
1.6489397287e+00  3.5066395998e-01  4.4887452386e-03  2.0727252851e-02  7.4505713879e-03  -8.1091316573e-03  7.5594750839e-03  9.1866747325e-02  5.2364162370e-03  8.3776181203e-02  5.3284657607e-03  2.6656019516e-02  5.2144021765e-03  2.0390414618e-02  5.0387754571e-03  4.8762673441e-03  4.7901028957e-03  -2.9565746706e-03  4.7389327099e-03  9.4848744649e-03  4.1381803632e-03  2.0736624866e-03  4.2322343452e-03  -8.2621168286e-05  4.5184282173e-03  -7.1932996199e-03  4.7327988054e-03  
1.7486798763e+00  3.1952595711e-01  4.1121211834e-03  8.9915857592e-03  7.1767365998e-03  -2.0312072085e-02  7.0180077340e-03  9.7921000413e-02  5.2537335337e-03  8.9113193657e-02  5.2559154806e-03  2.1426318145e-02  4.3698953863e-03  1.6906738818e-02  4.2614850917e-03  9.0516269870e-03  5.0236287074e-03  2.2172224666e-04  4.8951934655e-03  1.3543573988e-02  5.1184004166e-03  5.5596709595e-03  5.0453709078e-03  3.2726128376e-03  4.9229307897e-03  -5.8789904283e-03  4.8215059824e-03  
1.8488470316e+00  2.9378965497e-01  4.2273844592e-03  1.7368365635e-02  7.2382973681e-03  -9.2382633508e-03  8.1160270212e-03  9.8448904280e-02  4.9423957485e-03  9.1118838033e-02  5.1604775577e-03  2.3421096815e-02  4.6475153268e-03  1.6458650266e-02  4.6596728405e-03  9.2741196917e-03  4.8798215453e-03  7.0315822788e-03  4.9506355299e-03  1.4034552412e-02  4.6907056392e-03  7.2078327429e-03  4.5714282579e-03  9.0318681472e-03  4.4003436554e-03  -2.2032070437e-03  4.3245136436e-03  
1.9488362074e+00  2.7295598388e-01  3.6560145672e-03  1.3203859505e-02  6.6930106413e-03  -1.6710453828e-02  7.3509049322e-03  8.4477702946e-02  6.0174517488e-03  7.4086530085e-02  6.1088040747e-03  2.5193369572e-02  5.4119326355e-03  1.5172709535e-02  5.4197108332e-03  1.9085875688e-02  4.8949507715e-03  1.1836636460e-02  4.6138269299e-03  1.1606519852e-02  5.0736668532e-03  7.6646047318e-03  4.9638771495e-03  4.7857493861e-04  4.8670058181e-03  -2.8507409731e-03  4.6127772266e-03  
2.0492620468e+00  2.5574970245e-01  3.7563911173e-03  6.1133571471e-03  6.9309796788e-03  -2.7295030488e-02  6.7367633079e-03  9.2041757211e-02  6.4270536855e-03  8.3562517197e-02  6.6372758027e-03  1.3570100874e-02  4.9853873331e-03  9.1378971769e-03  5.0105716021e-03  9.5034700288e-04  5.0310044498e-03  -4.5308687380e-03  4.7842667036e-03  1.1321806012e-02  4.8632000163e-03  6.0375407119e-03  4.6612100307e-03  8.9891217844e-03  5.3740155071e-03  -1.5005299460e-04  5.4479308258e-03  
2.1486761570e+00  2.3146589100e-01  3.3182839397e-03  1.3570431142e-02  7.4028480852e-03  -2.2139405013e-02  7.8341083674e-03  7.7475173662e-02  6.3006398902e-03  7.1141152404e-02  6.6075939253e-03  2.0242285022e-02  4.8780921784e-03  1.3812396905e-02  4.8672787859e-03  1.7366079438e-02  5.2776813784e-03  7.9780332939e-03  5.3613371786e-03  1.1655514221e-02  5.4068203687e-03  5.1446337892e-03  5.2471916077e-03  1.1700028968e-02  5.7537563253e-03  2.5330617133e-03  5.2682897754e-03  
2.2482173443e+00  2.1943524480e-01  3.3998829313e-03  -6.0153904820e-03  7.5468258851e-03  -3.0892620604e-02  6.9796096138e-03  7.6168614181e-02  6.5265400651e-03  7.0080975470e-02  6.6190818736e-03  1.0232269769e-02  5.6586260164e-03  3.5613673685e-03  5.6049668272e-03  7.4467585076e-03  5.9040002669e-03  1.4474822619e-03  5.4224262645e-03  -5.7780555308e-03  5.7699650901e-03  -9.7549672321e-03  5.6277888521e-03  1.1840487435e-02  4.9575477969e-03  1.4039145341e-03  5.2296116419e-03  
2.3487396240e+00  2.0432050526e-01  2.9267964419e-03  -8.2210337655e-03  7.2073379703e-03  -3.1198042538e-02  6.7289512462e-03  7.6562185406e-02  6.1682076576e-03  7.0138076564e-02  6.1018462788e-03  1.2372393473e-02  6.3203276660e-03  3.2943529272e-03  6.0798504330e-03  1.5680861996e-02  6.1720010528e-03  1.2121928661e-02  6.4951861687e-03  5.7006153273e-03  5.4162137748e-03  -5.3123196959e-04  5.4418713970e-03  7.9145797538e-03  6.5324700472e-03  4.7118947585e-03  5.7618466802e-03  
2.4487414360e+00  1.8653213978e-01  3.1200833619e-03  -1.7508157329e-02  7.4580953861e-03  -3.9897469365e-02  7.4016426448e-03  6.5281538283e-02  5.8057987128e-03  6.2021815847e-02  5.8938891907e-03  6.0015233058e-03  6.4087531986e-03  4.6070880654e-03  6.5427679149e-03  7.7671599501e-03  6.7683113576e-03  6.8477334485e-04  6.7907861588e-03  1.3783643090e-02  5.6602096381e-03  5.9343399602e-03  5.9256234956e-03  1.5776799075e-02  5.2668200361e-03  4.6344458867e-03  5.3938538318e-03  
2.5484786034e+00  1.6929921508e-01  2.8413492255e-03  8.8336366951e-04  7.6931418448e-03  -2.4426260710e-02  8.1868849067e-03  6.9740212401e-02  7.0940342217e-03  6.3324965849e-02  7.1915330502e-03  1.6667938928e-02  6.1856639669e-03  1.1066982771e-02  6.0818286152e-03  8.5956293368e-03  5.8576114936e-03  2.9119781020e-03  6.1395155595e-03  1.5185869270e-02  5.8583710198e-03  -1.6410319729e-04  6.2303277312e-03  8.3374192095e-03  6.7603163319e-03  -7.3886931562e-03  6.2218865238e-03  
2.6479041576e+00  1.4869987965e-01  2.7672529686e-03  1.2283767232e-02  7.8647364651e-03  -9.4146712717e-03  8.5726408398e-03  4.9032961472e-02  6.9569920200e-03  4.4363013659e-02  6.9325939074e-03  7.9262560741e-03  6.4763470239e-03  1.6298020925e-03  6.6866929607e-03  1.5122483831e-02  7.2639615824e-03  7.8943189214e-03  7.2935915400e-03  2.5601492306e-03  6.9006984434e-03  2.1411232694e-03  6.3306516156e-03  1.3078940637e-02  7.0041565098e-03  5.4696975959e-03  6.7760187027e-03  
2.7480053902e+00  1.3503941894e-01  2.7136148419e-03  -3.7480038780e-03  8.9681278783e-03  -2.0128108649e-02  8.4507655101e-03  5.3707467987e-02  8.1468435912e-03  4.8322548963e-02  8.0384743306e-03  1.0114785674e-02  7.6870537250e-03  3.8896488752e-03  7.7869475334e-03  4.4906399352e-03  6.9668373769e-03  -8.1955476579e-04  7.0027139021e-03  9.9249560757e-03  7.4444577730e-03  6.7536150256e-03  7.8995006334e-03  1.8390709115e-02  7.7517287281e-03  8.5202275741e-03  6.7488553533e-03  
2.8479156494e+00  1.1770533770e-01  2.5622909889e-03  2.3336047541e-04  9.4634928948e-03  -1.9612966720e-02  9.5021409267e-03  3.9561539869e-02  7.1340502283e-03  3.2513216899e-02  7.3812921515e-03  3.0189234758e-03  7.8138327197e-03  -2.9685323577e-03  7.3524869376e-03  -5.1241934919e-03  6.9416493734e-03  -7.4508682147e-03  6.4363035843e-03  6.7061963369e-03  7.0778318306e-03  7.8637720857e-04  7.1474975634e-03  -1.2386145898e-03  7.5975525993e-03  5.0467337221e-03  7.3740643378e-03  
2.9475986958e+00  9.6002139151e-02  2.1334935445e-03  2.0022499117e-02  8.9856601858e-03  -2.2170957273e-04  9.1811734807e-03  4.3949914930e-02  8.0385904829e-03  4.1837098906e-02  8.1142515729e-03  2.3171700362e-02  9.6411640245e-03  1.3470020087e-02  9.0335047710e-03  8.3252422253e-03  7.8968725672e-03  1.4575330136e-03  7.6092745794e-03  9.0593402859e-03  7.5988197568e-03  -9.1439894674e-03  7.8305932415e-03  1.4670518149e-02  8.2243031294e-03  1.0869502202e-02  7.9233619915e-03  
3.0462338924e+00  8.1312969327e-02  1.9877546001e-03  4.2541336466e-03  9.4986611924e-03  -1.3300019877e-02  1.0071222292e-02  2.8234116782e-02  9.5789600017e-03  2.6212232022e-02  9.3277227171e-03  1.8843511870e-02  8.1005211540e-03  1.7653411410e-02  8.0836131842e-03  4.5014021678e-03  9.1225869694e-03  7.7193478191e-03  9.2508774876e-03  5.4182746589e-03  8.6612254054e-03  5.5613333606e-03  9.3480630187e-03  1.2075181929e-02  8.0156948053e-03  2.1355231258e-02  8.6823768778e-03  
3.1465229988e+00  6.5223172307e-02  1.7139473930e-03  -2.0545714803e-02  1.2223047609e-02  -2.8095128063e-02  1.3325176806e-02  1.9209529454e-02  1.1523574821e-02  1.6965992105e-02  1.1754966175e-02  -1.9276277273e-03  1.0433436936e-02  -3.8773505711e-03  1.0148711652e-02  -1.5553250953e-02  9.3747191569e-03  -1.4147438426e-02  9.6146234065e-03  4.8986959139e-03  1.1182813064e-02  3.2050899950e-03  9.7877623184e-03  5.1212373485e-03  1.0224046221e-02  -1.3677000914e-03  1.0125609082e-02  
3.2448513508e+00  5.1999237388e-02  1.4851294691e-03  -2.2829606271e-02  1.2938799704e-02  -3.8269973082e-02  1.2904458231e-02  1.5964957939e-02  1.2598981724e-02  8.9413298182e-03  1.2796869317e-02  3.3976917097e-03  1.1442824276e-02  1.7623712176e-03  1.1279885304e-02  1.7081526532e-02  1.1047655134e-02  2.2311811955e-02  1.0863593001e-02  -2.5081202466e-02  9.8866774337e-03  -1.7694586395e-02  9.5474812719e-03  1.1354929841e-02  1.2985120550e-02  1.0229981382e-02  1.2167051035e-02  
3.3439846039e+00  3.8771543652e-02  1.2625067029e-03  -5.4882681558e-03  1.4866039726e-02  -4.6648405284e-03  1.5629144205e-02  2.8432096525e-02  1.2843557732e-02  3.0392828110e-02  1.2955466010e-02  2.6498670860e-02  1.3947916460e-02  3.1699113470e-02  1.4028416950e-02  2.0898790698e-02  1.2795802370e-02  1.5012311925e-02  1.2690923303e-02  -1.0509937114e-02  1.3243587626e-02  -5.2785937460e-03  1.2988234975e-02  -9.2381395873e-03  1.2800732946e-02  -2.2582004734e-02  1.3376859093e-02  
3.4420905113e+00  2.9368402436e-02  9.6024398226e-04  5.1349886097e-03  1.8249589686e-02  -9.3236971081e-03  1.7128721670e-02  2.0480658352e-02  1.4567396838e-02  1.4095184461e-02  1.4060502535e-02  8.4631245179e-03  1.7029185167e-02  2.0093908319e-02  1.6242368878e-02  -6.2537007001e-04  1.6525286145e-02  2.3167252133e-03  1.6157376936e-02  -2.2840340419e-03  1.3715936187e-02  1.7427524632e-03  1.3107081289e-02  1.0495503755e-02  1.6778967779e-02  6.6869579992e-03  1.4803182957e-02  
3.5399534702e+00  2.1163975820e-02  8.1725663040e-04  -9.2678807184e-04  1.9354052473e-02  -2.5852473960e-02  1.9942532786e-02  2.5460983524e-02  1.9973374796e-02  2.5013747201e-02  2.0139516029e-02  4.1244842535e-03  1.8247482798e-02  5.0785042424e-03  1.8789814570e-02  -6.5107868554e-03  1.8612909110e-02  -7.7761190795e-03  1.8067289150e-02  -1.3259922588e-02  1.5958645408e-02  -3.9960059330e-03  1.6779160760e-02  -1.8594719099e-02  1.9483894935e-02  -1.5369001752e-03  1.7786143944e-02  
3.6365885735e+00  1.6138888896e-02  7.6311861631e-04  -1.0286611498e-02  2.2699753965e-02  -2.9155893115e-02  2.4622570484e-02  2.3841202105e-03  1.9820419865e-02  1.7165420230e-03  2.0091981513e-02  3.8412805696e-03  2.6150506438e-02  1.7273842371e-03  2.5623448995e-02  -6.7246582939e-03  2.3131634306e-02  -4.6997883752e-03  2.2968140288e-02  -2.9732600925e-03  1.9524889949e-02  -2.6103289196e-03  1.7276362666e-02  -1.1851490875e-02  2.1189324919e-02  -1.1197745637e-02  1.9728198474e-02  
3.7359325886e+00  1.2463126332e-02  5.9936632169e-04  2.8847269158e-02  2.2749666401e-02  1.4366665528e-02  2.4545794657e-02  -2.1692383983e-03  2.4183324420e-02  -2.8619638073e-03  2.5760548807e-02  1.3380669004e-02  2.8469628107e-02  1.6631484412e-02  2.7166832354e-02  2.3515869280e-03  2.1360223155e-02  1.0449656200e-02  2.2193923604e-02  -9.7025624886e-03  2.4609940504e-02  -6.2547726831e-03  2.4042929248e-02  -8.9884376305e-03  2.2829481593e-02  -3.5458056106e-03  2.4720493342e-02  
3.8321335316e+00  9.5304204151e-03  5.4895092035e-04  -3.3749291156e-02  2.8581219939e-02  -2.9094884669e-02  2.9418721607e-02  3.4367187022e-03  3.2398896881e-02  -4.7276024335e-03  3.2056489739e-02  3.5648452479e-02  3.3987352333e-02  2.6490031761e-02  3.2487619851e-02  -4.6923599845e-02  3.2125169645e-02  -4.0914256974e-02  3.0832773940e-02  2.0399210370e-02  2.7091984420e-02  1.2521118352e-02  2.5635045080e-02  6.1446068868e-03  2.6181997465e-02  -1.8002662476e-02  3.1535382754e-02  
3.9283778667e+00  7.0769330487e-03  4.4313276885e-04  -1.1882032423e-02  3.4600029528e-02  -7.6596230148e-03  3.4015355930e-02  4.1041187201e-02  3.6277691967e-02  4.0968722483e-02  3.6300070605e-02  2.8802893324e-02  3.1081163805e-02  4.2618660286e-02  2.9423339273e-02  -2.5155580334e-02  3.0828455135e-02  -1.7086030974e-02  2.9523550431e-02  -8.9203009531e-03  3.5263548958e-02  -1.4561358569e-02  3.3038791684e-02  -9.0048423996e-03  3.2933192778e-02  -4.6179696409e-03  3.4530148700e-02  
4.0264654160e+00  6.0457526706e-03  4.0864077164e-04  -1.7562716224e-02  3.7949970707e-02  -2.2152459663e-02  3.8536479747e-02  1.6713816492e-02  3.6551278897e-02  1.9247641870e-02  3.6491057785e-02  1.4857046474e-02  3.4896314346e-02  5.7642569269e-03  3.1727986925e-02  4.1192431607e-02  3.4355633589e-02  1.8018036978e-02  3.5038405704e-02  -1.6399963810e-03  4.1026060738e-02  -1.3617370949e-02  3.6727410227e-02  -3.8966287990e-02  3.4720751865e-02  -2.0113543568e-02  3.4144041681e-02  
4.1228089333e+00  4.9432450905e-03  3.7441262975e-04  1.3973085388e-02  3.9962851033e-02  1.7146796453e-03  4.3716783064e-02  -1.6904864265e-02  4.4001309031e-02  -1.3427045503e-02  4.2664064537e-02  1.3316683705e-02  3.6870314641e-02  7.2247639368e-03  3.5279174725e-02  2.1491601707e-02  3.0174190495e-02  -6.6035960672e-03  2.9654846372e-02  -6.5692302095e-04  3.7616679804e-02  2.4777118707e-02  3.6724536612e-02  -9.0126658571e-03  4.6284567117e-02  4.3748970178e-02  3.7107379738e-02  
4.2213435173e+00  4.5128762722e-03  3.5802210914e-04  -7.3221420684e-02  3.9035467444e-02  -6.0814205596e-02  3.9045014879e-02  -7.4995554359e-03  4.1152254115e-02  -1.1600169204e-02  4.0097444712e-02  7.9460575474e-02  3.6401912784e-02  1.1233096917e-01  3.8089706171e-02  -2.6154802430e-02  3.7447091426e-02  -1.7570510294e-03  3.8397678255e-02  -2.0379934231e-02  3.8153915125e-02  -4.7412536980e-02  3.9206321017e-02  -3.5575003836e-02  4.2665564927e-02  -6.1550825528e-03  3.7904211472e-02  
4.3171024323e+00  3.3009306062e-03  3.0315772165e-04  -4.5403946883e-02  5.0073139500e-02  -4.3931422892e-02  4.8645964422e-02  -7.2954042413e-03  5.7491488724e-02  -1.6599193932e-03  5.9878330247e-02  -2.2807675447e-02  5.0294186241e-02  -6.9608630313e-03  5.0542280484e-02  -2.1502342754e-03  5.4221184348e-02  -5.1777311954e-04  5.4600860202e-02  5.6624169691e-02  5.3140876198e-02  5.8997924669e-02  4.8456120310e-02  4.5912840330e-02  5.8400349814e-02  5.8819447454e-02  5.9773381134e-02  
4.4148221016e+00  2.7421482373e-03  2.9854016611e-04  -3.1136432302e-02  4.7101366394e-02  1.9060921862e-03  5.0497090922e-02  2.0211458457e-02  6.6797163818e-02  1.2161805820e-02  6.7432025979e-02  -3.5568666570e-03  4.2630971913e-02  -1.2107735354e-02  4.3012107494e-02  6.7396226861e-02  6.8402073146e-02  4.7514970907e-02  6.9458352027e-02  -1.7859927282e-02  5.3913535410e-02  -1.8688539597e-03  5.5603693875e-02  -1.0442460032e-01  4.6995166239e-02  -7.5816862441e-02  5.0070514449e-02  
4.5126600266e+00  2.2984235547e-03  2.5821264717e-04  3.1872950002e-02  7.2492583126e-02  9.0379387053e-03  6.1705162255e-02  9.2240852058e-03  4.9646360367e-02  2.5838787351e-02  4.7834457099e-02  -2.4390798511e-02  5.5729945648e-02  -1.5279748533e-03  5.5007358907e-02  -2.2060248358e-03  4.1353352298e-02  -1.5568251485e-02  3.9383188724e-02  2.3858738335e-02  5.9755767933e-02  -1.7943082280e-03  6.2895216594e-02  -1.2431038881e-01  6.1093236308e-02  -1.4565480848e-01  6.1407234837e-02  
4.6100835800e+00  1.7785908422e-03  2.3337251332e-04  3.2912187434e-02  5.9041437153e-02  1.1803603032e-02  6.2658062771e-02  1.3726931162e-02  6.7452081213e-02  2.5202283961e-02  6.7580004309e-02  2.4148729965e-02  7.4623710728e-02  -3.3044978092e-03  7.3887457933e-02  -5.0835227565e-02  6.2192594673e-02  -4.5031448504e-02  6.2573236110e-02  2.8524173536e-02  6.0312675416e-02  3.1896072459e-02  5.8296615278e-02  1.1217788841e-01  6.5660248054e-02  1.0213368917e-01  5.0413324962e-02  
4.7101964951e+00  1.4524291037e-03  1.7758221657e-04  6.8271569255e-04  6.8477559360e-02  -5.9135631880e-03  7.6392525879e-02  3.3402622204e-02  8.0455400417e-02  5.1529122429e-02  7.9105334356e-02  5.8173469965e-02  7.1523737601e-02  3.6484282888e-02  7.0693095254e-02  -2.4181794001e-03  5.2745444009e-02  -1.6986567549e-02  5.2236032523e-02  1.3041982121e-01  7.5027161119e-02  1.4369047031e-01  6.7121458977e-02  -2.4711828001e-03  7.6280502186e-02  -4.4221369316e-02  6.6158579390e-02  
4.8063116074e+00  9.1701972997e-04  1.7210036458e-04  -5.6814600718e-02  7.8452732393e-02  -8.7455898231e-02  8.4769742826e-02  1.2532850671e-01  9.8503554374e-02  1.2183163927e-01  1.0084343392e-01  2.3818834935e-02  1.0502347586e-01  -1.0071086831e-02  9.9511805383e-02  -2.3300692364e-03  7.1573962479e-02  -2.3424650790e-02  6.8586308857e-02  -3.7781903593e-02  9.3165884624e-02  5.4060987286e-03  8.3931207678e-02  -4.7832631462e-02  7.6002779803e-02  -7.7973340760e-02  8.1258706392e-02  
4.9049921036e+00  7.0706539555e-04  1.3090284483e-04  -1.2468493515e-01  7.6474634628e-02  -1.0051958657e-01  7.1700315711e-02  1.8163203920e-01  9.2027954091e-02  1.5269262773e-01  8.6731937856e-02  6.8592937029e-02  8.3073778044e-02  2.6264735786e-02  7.9169938361e-02  5.8159583555e-02  7.3002596402e-02  2.9447954478e-02  6.5751890555e-02  -5.8913877634e-02  9.4048506526e-02  -3.0984006259e-02  1.2105697658e-01  -9.4256863895e-02  7.2937895932e-02  -7.4892821112e-02  7.0194209966e-02  
5.0028748512e+00  4.5029833564e-04  1.0589609883e-04  7.5188989239e-02  9.5565541920e-02  1.1719875334e-01  7.1456988554e-02  7.8755675699e-03  1.1850142388e-01  1.4831675758e-02  1.2461564685e-01  7.2400932766e-02  1.1564858379e-01  -3.2461855823e-02  1.1345349704e-01  2.1816619310e-01  1.1147249936e-01  9.2217960449e-02  1.2900429737e-01  1.9505079666e-02  1.2453882226e-01  -6.8866605144e-02  1.0536803878e-01  1.5231169947e-01  1.1309779606e-01  1.2841903504e-01  1.1483671234e-01  
5.1027312279e+00  4.2366996058e-04  9.5819414128e-05  -4.7890088711e-02  1.2375414991e-01  1.2947765274e-01  1.2437128128e-01  -2.6777202437e-01  1.4479392093e-01  -2.7745659298e-01  1.5463172610e-01  1.1080193958e-01  1.2009112126e-01  7.8461311621e-02  1.0851514016e-01  -1.2442875505e-01  1.1875060606e-01  -9.0200344110e-02  1.2269799376e-01  -7.5034476563e-02  1.2900053662e-01  -8.7769736872e-02  1.1155370926e-01  -1.3850971027e-01  1.4995451509e-01  -1.9046113730e-01  1.4640836590e-01  
5.2025957108e+00  3.0011730269e-04  8.1815538579e-05  -1.2741074220e-01  1.0961821016e-01  -4.4743500911e-02  1.1001849724e-01  -3.5135935551e-01  1.5984707689e-01  -3.3306652838e-01  1.6746731674e-01  7.3082950717e-02  1.6399600474e-01  9.8496388234e-02  1.7963595323e-01  -2.3642013814e-02  1.1420897691e-01  4.7930037120e-02  1.1206301326e-01  -1.0138967521e-01  1.7024733469e-01  -8.6439713631e-02  1.6725927028e-01  3.6939211154e-02  1.8252030444e-01  1.3067370185e-01  1.3737918482e-01  
5.3024082184e+00  2.5712093338e-04  6.2908933614e-05  1.5637828004e-01  1.5625064457e-01  2.1628007082e-01  1.7231764959e-01  -1.9425076906e-01  1.7977361622e-01  -1.4935061476e-01  1.7873611331e-01  2.6387604213e-01  1.8687969700e-01  2.1156241456e-01  1.8968627016e-01  -1.7030756659e-01  1.1165020878e-01  -1.9537876609e-01  1.3554318948e-01  2.1132394515e-01  2.3819300269e-01  2.1827427957e-01  2.4359559105e-01  1.1627983314e-01  1.5738995367e-01  1.2410124761e-02  1.7219528707e-01  
5.4012808800e+00  1.5459435235e-04  4.5778167987e-05  -1.1308069893e-01  2.6086616165e-01  -2.2834845270e-01  2.3279671089e-01  6.9434126010e-02  2.6518507286e-01  8.2833895777e-02  2.5516130358e-01  -1.1567909164e-01  2.7787232752e-01  -9.1923661194e-02  3.0025854484e-01  -8.4375954987e-02  1.6297684117e-01  -1.2882672676e-03  1.5721926027e-01  6.4048106075e-02  1.5268785791e-01  -6.2337272531e-02  2.2473698766e-01  2.1136535133e-01  2.7423342210e-01  2.0187090427e-01  2.5938252486e-01  
5.5008463860e+00  1.0959304927e-04  3.8407648390e-05  -7.7961862424e-02  1.8043428374e-01  3.4689004387e-02  1.6385926104e-01  1.8123249816e-01  3.0239996412e-01  1.1007006712e-01  2.7887360457e-01  6.8978084281e-02  2.3707368361e-01  5.8213545994e-02  2.5806822024e-01  2.0213169983e-01  1.3700502353e-01  1.4614180152e-01  8.9973001528e-02  -2.0202474678e-01  3.1083661975e-01  -2.7053480927e-01  2.2298466978e-01  -2.4168478506e-01  1.4928771922e-01  -2.3242766917e-01  2.6455834650e-01  
5.6006364822e+00  9.9942008092e-05  4.4516000344e-05  -2.5979566457e-01  4.3828978174e-01  -8.3635288988e-02  3.3215444548e-01  -2.3869629887e-01  2.6456383647e-01  -6.9053173018e-02  2.1840699681e-01  3.5738891769e-01  6.2649303985e-01  4.6882864964e-01  6.1544915717e-01  1.5488282696e-01  4.5118739461e-01  1.1387251742e-01  3.1007292756e-01  7.0203832190e-02  3.5750760451e-01  2.9576798224e-01  4.3006880859e-01  3.0217092090e-01  5.5706763860e-01  3.3666029627e-01  3.0331220543e-01  
5.7003397942e+00  9.2241563834e-05  6.9484536652e-05  -4.9169915146e-01  6.0587986234e-01  -3.0399229796e-01  4.0358371348e-01  -4.8402988037e-01  2.3773196529e-01  -4.0706644609e-01  3.3386597942e-01  6.7258097895e-02  5.1386593649e-01  6.2739267594e-02  5.1552851038e-01  -9.8788126289e-02  1.8434581525e-01  -2.1471785953e-01  2.8320023855e-01  2.1234866610e-01  2.0030905322e-01  2.4214639998e-01  3.1753783662e-01  -3.1455200567e-01  1.1019857955e+00  -3.3336820221e-01  5.3005393815e-01  
5.8001365662e+00  3.8027006667e-05  2.9349568649e-05  6.0888601418e-01  5.0793322111e-01  7.4143456976e-01  1.8082558081e-01  -2.0674193561e-01  1.3265280545e-01  -1.6456553106e-01  1.7485879611e-02  -9.6986927725e-01  1.0804006317e+00  -8.5152206277e-01  1.1680238667e+00  3.2410201243e-01  1.1550553436e+00  5.1331113314e-01  9.4626673386e-01  7.8634033465e-01  3.6094632435e-01  5.1640417329e-01  1.9488954793e-01  1.0110766452e-01  3.6912410274e-02  2.1549098615e-01  6.1899889859e-02  
5.9001903534e+00  2.6336665542e-05  1.8913720851e-05  3.2529967614e-01  4.0061800739e-01  4.6541846992e-01  3.4042036970e-01  2.4681395745e-01  6.9373936334e-01  1.7858046578e-01  4.0818165055e-01  1.6729267714e-02  5.9323669809e-01  1.8881140257e-02  6.0568993973e-01  -1.0684880825e-01  7.0884896489e-02  4.6014637847e-02  2.8857098755e-01  3.4296216921e-02  9.2586031192e-01  -1.6285707930e-02  7.2855516680e-01  4.1745592056e-01  5.7702015853e-01  8.0719577529e-01  1.0645442546e+00  
6.0000810623e+00  1.3777900676e-05  1.3741784642e-05  5.3395752570e-01  5.3428222922e-01  3.7067662187e-01  3.7092950781e-01  -6.4046189142e-01  6.4075944691e-01  -4.5608420007e-01  4.5635500922e-01  4.5457463243e-02  4.5487940759e-02  1.6450150446e-02  1.6461558026e-02  3.7268119040e-02  3.7298151227e-02  -3.1472611240e-01  3.1494833154e-01  -1.2113891260e+00  1.2121700724e+00  -4.3140197658e-01  4.3169968954e-01  -3.6913979896e-01  3.6934749295e-01  -7.3514006431e-01  7.3562513772e-01  
6.0999884605e+00  0.0000000000e+00  0.0000000000e+00  0.0000000000e+00  0.0000000000e+00  0.0000000000e+00  0.0000000000e+00  0.0000000000e+00  0.0000000000e+00  0.0000000000e+00  0.0000000000e+00  0.0000000000e+00  0.0000000000e+00  0.0000000000e+00  0.0000000000e+00  0.0000000000e+00  0.0000000000e+00  0.0000000000e+00  0.0000000000e+00  0.0000000000e+00  0.0000000000e+00  0.0000000000e+00  0.0000000000e+00  0.0000000000e+00  0.0000000000e+00  0.0000000000e+00  0.0000000000e+00  
6.2000012398e+00  0.0000000000e+00  0.0000000000e+00  0.0000000000e+00  0.0000000000e+00  0.0000000000e+00  0.0000000000e+00  0.0000000000e+00  0.0000000000e+00  0.0000000000e+00  0.0000000000e+00  0.0000000000e+00  0.0000000000e+00  0.0000000000e+00  0.0000000000e+00  0.0000000000e+00  0.0000000000e+00  0.0000000000e+00  0.0000000000e+00  0.0000000000e+00  0.0000000000e+00  0.0000000000e+00  0.0000000000e+00  0.0000000000e+00  0.0000000000e+00  0.0000000000e+00  0.0000000000e+00  
6.3000001907e+00  0.0000000000e+00  0.0000000000e+00  0.0000000000e+00  0.0000000000e+00  0.0000000000e+00  0.0000000000e+00  0.0000000000e+00  0.0000000000e+00  0.0000000000e+00  0.0000000000e+00  0.0000000000e+00  0.0000000000e+00  0.0000000000e+00  0.0000000000e+00  0.0000000000e+00  0.0000000000e+00  0.0000000000e+00  0.0000000000e+00  0.0000000000e+00  0.0000000000e+00  0.0000000000e+00  0.0000000000e+00  0.0000000000e+00  0.0000000000e+00  0.0000000000e+00  0.0000000000e+00  
6.4000124931e+00  0.0000000000e+00  0.0000000000e+00  0.0000000000e+00  0.0000000000e+00  0.0000000000e+00  0.0000000000e+00  0.0000000000e+00  0.0000000000e+00  0.0000000000e+00  0.0000000000e+00  0.0000000000e+00  0.0000000000e+00  0.0000000000e+00  0.0000000000e+00  0.0000000000e+00  0.0000000000e+00  0.0000000000e+00  0.0000000000e+00  0.0000000000e+00  0.0000000000e+00  0.0000000000e+00  0.0000000000e+00  0.0000000000e+00  0.0000000000e+00  0.0000000000e+00  0.0000000000e+00  
6.5000000000e+00  0.0000000000e+00  0.0000000000e+00  0.0000000000e+00  0.0000000000e+00  0.0000000000e+00  0.0000000000e+00  0.0000000000e+00  0.0000000000e+00  0.0000000000e+00  0.0000000000e+00  0.0000000000e+00  0.0000000000e+00  0.0000000000e+00  0.0000000000e+00  0.0000000000e+00  0.0000000000e+00  0.0000000000e+00  0.0000000000e+00  0.0000000000e+00  0.0000000000e+00  0.0000000000e+00  0.0000000000e+00  0.0000000000e+00  0.0000000000e+00  0.0000000000e+00  0.0000000000e+00  
6.5999870300e+00  0.0000000000e+00  0.0000000000e+00  0.0000000000e+00  0.0000000000e+00  0.0000000000e+00  0.0000000000e+00  0.0000000000e+00  0.0000000000e+00  0.0000000000e+00  0.0000000000e+00  0.0000000000e+00  0.0000000000e+00  0.0000000000e+00  0.0000000000e+00  0.0000000000e+00  0.0000000000e+00  0.0000000000e+00  0.0000000000e+00  0.0000000000e+00  0.0000000000e+00  0.0000000000e+00  0.0000000000e+00  0.0000000000e+00  0.0000000000e+00  0.0000000000e+00  0.0000000000e+00  
6.6999974251e+00  0.0000000000e+00  0.0000000000e+00  0.0000000000e+00  0.0000000000e+00  0.0000000000e+00  0.0000000000e+00  0.0000000000e+00  0.0000000000e+00  0.0000000000e+00  0.0000000000e+00  0.0000000000e+00  0.0000000000e+00  0.0000000000e+00  0.0000000000e+00  0.0000000000e+00  0.0000000000e+00  0.0000000000e+00  0.0000000000e+00  0.0000000000e+00  0.0000000000e+00  0.0000000000e+00  0.0000000000e+00  0.0000000000e+00  0.0000000000e+00  0.0000000000e+00  0.0000000000e+00  
6.8000035286e+00  0.0000000000e+00  0.0000000000e+00  0.0000000000e+00  0.0000000000e+00  0.0000000000e+00  0.0000000000e+00  0.0000000000e+00  0.0000000000e+00  0.0000000000e+00  0.0000000000e+00  0.0000000000e+00  0.0000000000e+00  0.0000000000e+00  0.0000000000e+00  0.0000000000e+00  0.0000000000e+00  0.0000000000e+00  0.0000000000e+00  0.0000000000e+00  0.0000000000e+00  0.0000000000e+00  0.0000000000e+00  0.0000000000e+00  0.0000000000e+00  0.0000000000e+00  0.0000000000e+00  
6.9000129700e+00  0.0000000000e+00  0.0000000000e+00  0.0000000000e+00  0.0000000000e+00  0.0000000000e+00  0.0000000000e+00  0.0000000000e+00  0.0000000000e+00  0.0000000000e+00  0.0000000000e+00  0.0000000000e+00  0.0000000000e+00  0.0000000000e+00  0.0000000000e+00  0.0000000000e+00  0.0000000000e+00  0.0000000000e+00  0.0000000000e+00  0.0000000000e+00  0.0000000000e+00  0.0000000000e+00  0.0000000000e+00  0.0000000000e+00  0.0000000000e+00  0.0000000000e+00  0.0000000000e+00  
7.0000000000e+00  0.0000000000e+00  0.0000000000e+00  0.0000000000e+00  0.0000000000e+00  0.0000000000e+00  0.0000000000e+00  0.0000000000e+00  0.0000000000e+00  0.0000000000e+00  0.0000000000e+00  0.0000000000e+00  0.0000000000e+00  0.0000000000e+00  0.0000000000e+00  0.0000000000e+00  0.0000000000e+00  0.0000000000e+00  0.0000000000e+00  0.0000000000e+00  0.0000000000e+00  0.0000000000e+00  0.0000000000e+00  0.0000000000e+00  0.0000000000e+00  0.0000000000e+00  0.0000000000e+00  
