#pT  dN/(2pi dy pT dpT)  dN/(2pi dy pT dpT)_err  vn{SP}  vn{SP}_err
1.1010644585e-01  1.0739450450e+02  1.0754458388e+00  2.9142936353e-03  4.0887399373e-04  5.8309701662e-03  3.4404450053e-04  2.3844633394e-06  2.8273723165e-04  -2.8375832973e-04  3.0009526387e-04  -1.5240137386e-04  3.6166366076e-04  -4.9851691982e-04  6.3612773235e-04  
2.0116540790e-01  1.0135351232e+02  1.0033269940e+00  5.7232703502e-03  5.5213997020e-04  2.0532013503e-02  6.0565752550e-04  1.6534032390e-03  2.5958201948e-04  4.6404171162e-04  2.3929055068e-04  -6.9278309816e-05  2.7514758195e-04  -4.3282181298e-04  5.3999886596e-04  
2.9897144437e-01  6.7315409761e+01  6.5691784386e-01  7.9466127637e-03  7.2088678509e-04  3.7825881695e-02  1.0699739086e-03  5.3544173557e-03  3.5611568074e-04  1.2432097865e-03  2.5566537189e-04  4.8181233090e-04  2.5653994286e-04  -1.0053510152e-07  5.2957154935e-04  
3.9831066132e-01  4.2727698912e+01  4.1050609108e-01  1.0035301547e-02  9.1364139758e-04  5.4652341415e-02  1.5489278946e-03  9.4745603929e-03  5.0446556747e-04  2.4129329493e-03  3.2054669416e-04  4.9039575105e-04  3.2386483997e-04  1.1142961628e-04  5.0495825313e-04  
4.9806806445e-01  2.7418789807e+01  2.6313898081e-01  1.0913686360e-02  1.0869674919e-03  6.9590196552e-02  2.0219892538e-03  1.5116829725e-02  7.3279140616e-04  3.7562186956e-03  4.2877532653e-04  5.4111870522e-04  3.8582332152e-04  5.6095006007e-04  5.9098546310e-04  
5.9794837236e-01  1.7955867821e+01  1.7155092519e-01  1.1757145401e-02  1.2027324774e-03  8.4736297206e-02  2.4580197492e-03  2.0607549674e-02  9.7333161678e-04  5.4187189482e-03  4.8355263375e-04  1.4036957982e-03  4.5356918329e-04  9.1019629136e-04  7.6655031802e-04  
6.9793277979e-01  1.1993008334e+01  1.1610671226e-01  1.1932478969e-02  1.2462911710e-03  9.8168512377e-02  2.9178463152e-03  2.7004463461e-02  1.3375568060e-03  8.9412736102e-03  6.9604258100e-04  2.7570928324e-03  5.8030683008e-04  8.2294730516e-04  8.2284824868e-04  
7.9789274931e-01  8.1460034980e+00  8.0241414759e-02  1.2637869791e-02  1.4044837156e-03  1.1168310713e-01  3.3031576648e-03  3.3072682213e-02  1.6190007314e-03  1.1277618857e-02  8.4348858740e-04  3.5028358570e-03  5.8699921218e-04  1.8177295648e-03  8.5923281054e-04  
8.9783972502e-01  5.6143455354e+00  5.6446971937e-02  1.1620160280e-02  1.4085223958e-03  1.2424745329e-01  3.8093197352e-03  4.0668285601e-02  2.0283003847e-03  1.4938764545e-02  1.1249895376e-03  5.9933644076e-03  8.6017784862e-04  2.8608222296e-03  1.0852566399e-03  
9.9789631367e-01  3.9114746801e+00  4.0902014947e-02  1.1478498902e-02  1.7050676009e-03  1.3545502587e-01  4.1122646661e-03  4.8573338480e-02  2.3299140505e-03  1.8281340357e-02  1.2387019722e-03  6.9929875834e-03  9.3885454680e-04  3.2199923002e-03  1.2252277489e-03  
1.0978955030e+00  2.7603197241e+00  2.9563220310e-02  9.4965998633e-03  2.0105155781e-03  1.4717923468e-01  4.6231513378e-03  5.4689005018e-02  2.6052567072e-03  2.2026643345e-02  1.5986555273e-03  1.0166054107e-02  9.4396097776e-04  3.6277517248e-03  1.5673977353e-03  
1.1978867054e+00  1.9637603320e+00  2.2272652849e-02  8.0264052003e-03  2.5448612467e-03  1.5655946296e-01  5.0146414039e-03  6.3860676805e-02  3.3479747797e-03  2.6020788939e-02  1.6188029808e-03  9.9616548081e-03  1.3662323139e-03  7.9877071915e-03  1.8543881940e-03  
1.2979644537e+00  1.4141811507e+00  1.6780819068e-02  7.4805566546e-03  3.1031568280e-03  1.6744625879e-01  5.6641789613e-03  7.0322820093e-02  3.3658677273e-03  3.2144304180e-02  2.0890215379e-03  1.4036801863e-02  1.5735476670e-03  7.9030443727e-03  2.0617198782e-03  
1.3979412317e+00  1.0269221366e+00  1.2947696791e-02  5.8002630630e-03  3.6286428472e-03  1.7193754291e-01  5.9665971493e-03  7.8342268712e-02  4.0487441374e-03  3.4383373816e-02  2.4415301434e-03  1.6273693420e-02  1.9522429374e-03  7.1964884724e-03  2.4607323733e-03  
1.4980411530e+00  7.5221470133e-01  1.0117358507e-02  2.8496481458e-03  4.2833675246e-03  1.7934334608e-01  6.3792171093e-03  8.2697412427e-02  4.5283091572e-03  3.7764711240e-02  2.7825793310e-03  1.7628723968e-02  2.2943556339e-03  7.2983935354e-03  3.4006506336e-03  
1.5979754925e+00  5.5621449497e-01  8.0016952382e-03  -9.0836062607e-04  5.1183547288e-03  1.8666044833e-01  6.7530403438e-03  9.1261165248e-02  5.1380355698e-03  4.3835944799e-02  2.9940484795e-03  2.3984706157e-02  2.7066992351e-03  1.2439286847e-02  3.8894990374e-03  
1.6981256008e+00  4.1372655215e-01  6.4069443934e-03  -1.7188316986e-03  5.9171269601e-03  1.8835271451e-01  7.1227159730e-03  9.6432884541e-02  5.9168629676e-03  4.6788858048e-02  3.5689918157e-03  2.3408756421e-02  3.2000727928e-03  1.4114846984e-02  4.1720069600e-03  
1.7980916500e+00  3.1194973761e-01  5.1408629856e-03  -8.1156038723e-03  6.6855359342e-03  1.9204566573e-01  7.6408572688e-03  9.8634117552e-02  6.3164189375e-03  5.1131164089e-02  4.0517307138e-03  2.3803587100e-02  3.4061841371e-03  1.7844254296e-02  5.6021871337e-03  
1.8981440067e+00  2.3744464380e-01  4.1648866251e-03  -9.0319701352e-03  7.2970073541e-03  1.9163930844e-01  8.5835043818e-03  1.0422453345e-01  6.6755542091e-03  5.6352982335e-02  4.3724455551e-03  3.2653130963e-02  4.6510175359e-03  1.6951694918e-02  5.5329217341e-03  
1.9983028173e+00  1.8251074287e-01  3.4303486751e-03  -9.5184693382e-03  8.0331069027e-03  1.9376974894e-01  8.6860678232e-03  1.0879822117e-01  7.4620635459e-03  5.9430728947e-02  5.0018906488e-03  3.4469575279e-02  5.2051187699e-03  2.2665725988e-02  6.6661297259e-03  
2.0984871387e+00  1.4140931466e-01  2.8069836599e-03  -1.3524982454e-02  8.5110014350e-03  1.9287250993e-01  8.9442995502e-03  1.0902882239e-01  8.0020938189e-03  5.7059330930e-02  5.1728091095e-03  2.9938654141e-02  4.8501696760e-03  3.1583088676e-02  8.5032387213e-03  
2.1983697414e+00  1.1143554058e-01  2.3477837357e-03  -1.5448193938e-02  9.6459911785e-03  1.9093873099e-01  9.3874639522e-03  1.0964729805e-01  9.0476919263e-03  6.7248463273e-02  6.1574098072e-03  3.4791320052e-02  5.4074571838e-03  3.9767849542e-02  9.8079003602e-03  
2.2985963821e+00  8.8889456055e-02  1.9677922661e-03  -1.4634125801e-02  1.0536023416e-02  1.9031207859e-01  9.7563809352e-03  1.1355891232e-01  9.4880608766e-03  6.3608988774e-02  5.8377073220e-03  3.5350685046e-02  6.1625629917e-03  3.2659540174e-02  1.0084528493e-02  
2.3985924721e+00  7.1233241018e-02  1.6860128619e-03  -2.0942201149e-02  1.1436903390e-02  1.8183651974e-01  1.0749172054e-02  1.0824163408e-01  1.0299187889e-02  7.0266873593e-02  7.2678637075e-03  3.5579715533e-02  7.0529260157e-03  4.7678009089e-02  1.1952652824e-02  
2.4987466335e+00  5.8283193803e-02  1.4014034967e-03  -1.9687456655e-02  1.1640922137e-02  1.7437336635e-01  1.0608261245e-02  1.0811775598e-01  9.8360926244e-03  6.5624190721e-02  7.8486951529e-03  4.1692282087e-02  9.1243278831e-03  3.7118184972e-02  1.2452203788e-02  
2.5987026691e+00  4.7839338433e-02  1.2433480372e-03  -2.0269549628e-02  1.2175262264e-02  1.7044849215e-01  1.0995900119e-02  1.1180494202e-01  1.0607678604e-02  7.0356876303e-02  8.5744288913e-03  4.3272857998e-02  8.5262204638e-03  4.0871858747e-02  1.3722361004e-02  
2.6987380981e+00  3.9004562594e-02  1.0377089148e-03  -2.7095678878e-02  1.3604773263e-02  1.7058030070e-01  1.1967601547e-02  1.1284389618e-01  1.1069954990e-02  7.2056546714e-02  8.3825358529e-03  3.3324590992e-02  7.6575647696e-03  4.5878897742e-02  1.3173098305e-02  
2.7989296913e+00  3.2567380389e-02  9.0751357387e-04  -2.5997679460e-02  1.3207783077e-02  1.6900567389e-01  1.1438233230e-02  1.0757135485e-01  1.0587977801e-02  7.0812495655e-02  8.7568217434e-03  4.2526621622e-02  8.7137919926e-03  4.4878436782e-02  1.4915331496e-02  
2.8988022804e+00  2.7236428234e-02  7.8184459656e-04  -3.0853243946e-02  1.4012714777e-02  1.6051470343e-01  1.1944882015e-02  1.0540895872e-01  1.1342810896e-02  7.3366244845e-02  9.8759536964e-03  4.4976103234e-02  1.2040329407e-02  3.4872403857e-02  1.4603827952e-02  
2.9988620281e+00  2.3020118477e-02  6.9575926351e-04  -3.2597175962e-02  1.5343765483e-02  1.6283668921e-01  1.3090020139e-02  1.1438574381e-01  1.3108607625e-02  7.5242166859e-02  9.8544738378e-03  4.7948299080e-02  1.1447453467e-02  6.4369511005e-02  1.7297191780e-02  
3.0987012386e+00  1.9172317215e-02  5.9361167233e-04  -2.6465736697e-02  1.6030513831e-02  1.5520753334e-01  1.3172944566e-02  1.0791822940e-01  1.2860668286e-02  6.8298023094e-02  1.0323115797e-02  4.5912885400e-02  1.1651868315e-02  5.6195541110e-02  1.8907521651e-02  
3.1987478733e+00  1.6275067229e-02  5.1177476281e-04  -1.3008436273e-02  1.4796371778e-02  1.4820124816e-01  1.3967556276e-02  1.1014641389e-01  1.5089267975e-02  7.2150546533e-02  1.1674055521e-02  5.3392729286e-02  1.1407102123e-02  4.9531050036e-02  2.0350586728e-02  
3.2988631725e+00  1.3575952277e-02  4.3080920500e-04  -2.5261141413e-02  1.5297112156e-02  1.6380732382e-01  1.4185860624e-02  1.1273684666e-01  1.5681780952e-02  7.9439395065e-02  1.2482422393e-02  5.8342638591e-02  1.2899793204e-02  4.7149359828e-02  2.1565112905e-02  
3.3986735344e+00  1.1574408263e-02  3.8644925658e-04  -2.7028568144e-02  1.7486625001e-02  1.4553759034e-01  1.4418367511e-02  1.1762017289e-01  1.6161478685e-02  6.7127561297e-02  1.1137480828e-02  4.4146250636e-02  1.4304680575e-02  7.0307907992e-02  2.2424169475e-02  
3.4990067482e+00  9.5681346893e-03  3.1865985596e-04  -2.3296133613e-02  1.5893455948e-02  1.4677417492e-01  1.4633612337e-02  1.1568612557e-01  1.3838351256e-02  7.5331841099e-02  1.2015889191e-02  4.7959393845e-02  1.2457383001e-02  4.7693872158e-02  2.3663981104e-02  
3.5985252857e+00  8.2002732345e-03  2.7939617930e-04  -2.2669941150e-02  1.8177629109e-02  1.4087235144e-01  1.5413255232e-02  1.0958789530e-01  1.6429779579e-02  8.0124117416e-02  1.2789545496e-02  6.6939657592e-02  1.5717831620e-02  6.5638422482e-02  2.4713396464e-02  
3.6989414692e+00  6.9833197412e-03  2.4387733460e-04  -2.1733748600e-02  1.9481275986e-02  1.3869425678e-01  1.6265785453e-02  1.1723460983e-01  1.7393033163e-02  7.7015259035e-02  1.4700217242e-02  7.2372751461e-02  1.7132279687e-02  7.0621630853e-02  2.4620884232e-02  
3.7986736298e+00  5.9260196871e-03  2.0726891132e-04  -1.8760771802e-02  1.8273203715e-02  1.4549772538e-01  1.7041720331e-02  1.0617954522e-01  1.7060226858e-02  6.6961514316e-02  1.4630251910e-02  5.7012004825e-02  1.7536054142e-02  8.4890593461e-02  2.5528330954e-02  
3.8983776569e+00  4.8762489006e-03  1.7574604841e-04  -1.6442825458e-02  2.1183452631e-02  1.4509256476e-01  1.6113889756e-02  1.0867021543e-01  1.6974444976e-02  6.9280854049e-02  1.5708049896e-02  6.2571898626e-02  1.8575858472e-02  4.7561703620e-02  2.7297521267e-02  
3.9990653992e+00  4.1440312327e-03  1.5261641647e-04  -2.5500374951e-02  2.0537611495e-02  1.3565695051e-01  1.7233657452e-02  1.2004398335e-01  1.9065986512e-02  7.1802357744e-02  1.3574360968e-02  6.3326646355e-02  1.8805038346e-02  1.2110632085e-01  3.1403935608e-02  
