#pT  dN/(2pi dy pT dpT)  dN/(2pi dy pT dpT)_err  vn{SP}  vn{SP}_err
1.0894627869e-01  9.2660400853e-03  1.0524109450e-03  -6.5571663653e-02  7.9207931630e-02  -1.2554963138e-01  7.0250014737e-02  2.6747394423e-02  7.2535762798e-02  -1.3054586206e-01  6.5897687971e-02  -1.4299082656e-03  7.6856077389e-02  7.5339096623e-02  7.9247886891e-02  
2.0681764185e-01  9.0282878926e-03  6.6805178902e-04  3.6163422850e-02  7.0946039273e-02  3.4924721594e-02  4.8209290877e-02  3.6083436076e-02  4.8650495580e-02  -7.6368233520e-02  5.2915151028e-02  5.8469851048e-02  5.8130201500e-02  -3.8086353075e-02  6.3754163423e-02  
3.0207923055e-01  1.0597290462e-02  6.6665421767e-04  2.2239357529e-02  4.8444482375e-02  1.4122238221e-02  4.5761226074e-02  1.1213422077e-02  3.3010489084e-02  -5.2387433758e-02  4.0716700650e-02  -7.8468861012e-02  4.2329521134e-02  -8.3953493876e-02  4.4944580014e-02  
4.0225735307e-01  9.4314956919e-03  5.0496840462e-04  1.3283999183e-02  4.0743820730e-02  9.4606095128e-04  3.6773038347e-02  -8.8633495911e-03  3.4491499174e-02  -1.4287621939e-03  4.0923141961e-02  -4.6519463750e-02  4.0964084275e-02  -5.7598911305e-02  4.0738999124e-02  
5.0182723999e-01  8.3971775547e-03  4.2490499964e-04  -2.8162421035e-02  4.2965099071e-02  5.2076483282e-02  3.2942835267e-02  -4.2181263248e-02  3.5699967993e-02  5.2572289952e-02  2.8319966117e-02  -1.5395450765e-02  4.6027412780e-02  3.9362933631e-02  3.2102350952e-02  
5.9867280722e-01  8.5644725210e-03  4.1974977444e-04  -9.0885977093e-02  3.1023766979e-02  3.0298037583e-02  3.9611891807e-02  1.0057637595e-01  3.1232764308e-02  2.2793837402e-02  2.8610394056e-02  6.2870572731e-02  3.1925869401e-02  2.6679908841e-02  3.1700136578e-02  
7.0281064510e-01  8.2590496892e-03  4.5587262561e-04  -2.7996168826e-02  3.4427710656e-02  1.1970058177e-02  2.6579345163e-02  -1.0815746811e-02  2.5760498431e-02  -1.4781062344e-02  2.2849913583e-02  9.3951207541e-02  3.4841162820e-02  -4.7782313675e-02  3.2539049758e-02  
8.0082130432e-01  7.0662423983e-03  3.1604731489e-04  1.3049136586e-02  2.7264090351e-02  5.7622131373e-02  3.2523429005e-02  3.2635126521e-02  3.4648026614e-02  4.6726039590e-02  2.8088699933e-02  -1.1051368378e-02  2.8392546645e-02  -3.1345680931e-02  3.0415081767e-02  
9.0183335543e-01  6.6356824759e-03  2.9308209915e-04  -1.5510468842e-02  2.5180087015e-02  5.6359869189e-02  2.8841379986e-02  7.3051273763e-02  3.0673511212e-02  3.2910428578e-02  2.6683534374e-02  9.1953887963e-03  2.8714028709e-02  3.5732105226e-02  3.0253788149e-02  
9.9814856052e-01  6.2962717253e-03  2.5042536363e-04  2.9775568054e-02  2.9512449011e-02  6.4726662946e-02  2.4209097976e-02  4.9058538788e-02  2.9295695860e-02  -1.2456395830e-02  3.6304948437e-02  3.5410731839e-02  3.0881106808e-02  3.3769526840e-02  3.1861634090e-02  
1.0998104811e+00  5.8767863237e-03  2.2315309114e-04  6.3852875574e-04  2.5232696238e-02  4.3987908140e-02  3.0266123596e-02  -6.7224839562e-03  2.9160381127e-02  3.0366766163e-02  2.4723156964e-02  -2.2217425492e-02  2.8095289904e-02  -4.9875605768e-04  2.8502586259e-02  
1.1985529661e+00  5.2708267067e-03  2.1376401435e-04  2.6149891476e-02  2.7604840318e-02  6.4929979081e-02  2.7084419136e-02  5.1259227399e-02  2.5595957457e-02  9.8031739364e-03  2.6522277397e-02  -5.1323536006e-02  2.4232487378e-02  8.3389241824e-03  2.9018224979e-02  
1.2987014055e+00  4.2936068408e-03  1.7984667769e-04  3.2164594090e-03  3.2961201671e-02  1.1635507390e-01  2.9816979478e-02  5.9855225256e-02  2.8699297282e-02  1.2445868358e-02  3.3028550929e-02  3.2805551483e-02  3.2061552546e-02  -1.5368543255e-02  3.3381691771e-02  
1.3992837667e+00  3.9312448501e-03  1.7594526862e-04  -1.3107274282e-02  3.0011412977e-02  8.2148248401e-02  3.0233580497e-02  1.2000184093e-02  2.7970190172e-02  2.6211144463e-02  3.0842190892e-02  -8.3448234466e-03  2.7625399263e-02  -1.4691396271e-02  3.7877906426e-02  
1.5017243624e+00  3.7506899626e-03  1.6759719975e-04  -3.5994040296e-02  3.0209065165e-02  6.1072746861e-02  2.9287590564e-02  4.3200292286e-03  3.3954563814e-02  1.5335544409e-05  3.3735689471e-02  -3.0300792419e-02  3.5797470022e-02  1.5430305301e-02  4.1171487252e-02  
1.5992805958e+00  3.2599969994e-03  1.7186613690e-04  2.0782189963e-02  3.5776538404e-02  1.1984816135e-01  3.3964473997e-02  1.1119126433e-01  3.2179416720e-02  2.4966756822e-02  3.3472071184e-02  1.6659081428e-04  3.0335614910e-02  -2.4574748925e-03  3.9115725514e-02  
1.6984351873e+00  2.7349348841e-03  1.5145133918e-04  5.4780555408e-03  2.8453055337e-02  1.7253904496e-01  3.1087385785e-02  2.5831810357e-02  4.2289676227e-02  4.6656785846e-02  3.7087615236e-02  -3.8088137245e-02  4.1725484603e-02  5.2731763326e-03  4.8958118807e-02  
1.7978574038e+00  2.3200121858e-03  1.3545532516e-04  5.1317689518e-03  3.5440199336e-02  2.3492579293e-01  3.6229229684e-02  6.1407703357e-02  2.8744614602e-02  4.5682136376e-02  3.7870147376e-02  5.3804312713e-03  3.7124026321e-02  3.3992494875e-02  3.9272133928e-02  
1.9017316103e+00  2.1170781687e-03  1.2371886582e-04  -3.3615035088e-02  3.4873323784e-02  2.3133643357e-01  3.7527905699e-02  1.1964669247e-01  4.4335746971e-02  4.2489929137e-02  3.3013187269e-02  -6.2062436707e-02  3.6520994870e-02  2.0525479669e-02  4.0288629579e-02  
1.9978685379e+00  1.7470959451e-03  1.0249227363e-04  3.6493116945e-02  4.2509954837e-02  1.8322022088e-01  4.3558810415e-02  8.1230097366e-02  3.8328748113e-02  1.5351853045e-02  3.7075126868e-02  7.3063235112e-02  5.2161976267e-02  3.0930130226e-02  4.4123698725e-02  
2.0993256569e+00  1.3317788870e-03  9.4162824333e-05  -9.7597210458e-03  3.7065687263e-02  3.0551386872e-01  4.3048199527e-02  1.3640090071e-01  4.8803514811e-02  2.0833754616e-02  5.2950524592e-02  1.0274120212e-01  4.1523514539e-02  9.9953520649e-03  6.2496089972e-02  
2.1992075443e+00  1.1529879599e-03  6.9893396875e-05  1.7645397733e-02  4.9625442413e-02  2.0040327023e-01  3.7461329617e-02  6.9985112014e-02  4.3792613753e-02  1.8642666834e-02  4.2455008999e-02  5.4671251618e-02  3.5456870292e-02  -7.0763599236e-02  5.2050231088e-02  
2.2987413406e+00  1.1164959911e-03  7.7839814115e-05  6.7964510211e-03  4.0072695773e-02  2.4990750902e-01  4.3712067139e-02  1.4974910443e-01  4.2697163905e-02  3.5331627940e-02  5.0200862943e-02  6.8383981055e-02  4.3812856625e-02  7.7728086081e-02  5.0361908924e-02  
2.3996367455e+00  1.0020649049e-03  7.2110547551e-05  -4.9750356590e-02  4.1796946528e-02  2.6116160870e-01  5.7507776359e-02  1.6882232864e-01  5.4079802562e-02  1.0246701757e-01  5.3681665795e-02  7.9651094608e-02  5.6460315071e-02  4.6316533584e-02  4.7651468031e-02  
2.4986681938e+00  7.5345219064e-04  6.4063940423e-05  6.2777696010e-02  5.7686220648e-02  3.2842651291e-01  5.5088685114e-02  1.8543567439e-01  4.8266297209e-02  7.8008649985e-02  4.7971507563e-02  1.6254607198e-01  7.1816156207e-02  3.1572418933e-02  5.5704241051e-02  
2.6051738262e+00  5.9953313373e-04  5.6284397107e-05  1.1289447512e-01  5.6939128685e-02  3.8031423683e-01  6.2422765377e-02  1.8304719580e-01  5.9478804639e-02  7.7080405744e-02  6.8956552311e-02  1.7350670888e-01  6.1230328761e-02  2.4292996908e-02  8.9255566669e-02  
2.7017543316e+00  4.1599579950e-04  4.8293675437e-05  1.9652471255e-02  8.8132722129e-02  3.5655702360e-01  8.6037524156e-02  9.5078279513e-02  7.2064074052e-02  2.4441212753e-01  7.3874409459e-02  1.0268910554e-01  7.4407633541e-02  1.5335882849e-01  7.3325115699e-02  
2.7986373901e+00  4.3836230646e-04  3.8431687790e-05  -1.8542012778e-02  8.4704749462e-02  3.8319689728e-01  5.8255793639e-02  6.9101783586e-02  5.3474695260e-02  1.5338723380e-01  6.5536868944e-02  -9.4283334897e-03  5.6841365596e-02  1.2505543067e-01  5.6960534653e-02  
2.9001078606e+00  3.1103979430e-04  3.0070031094e-05  -5.0074134074e-02  6.9594032766e-02  3.7124962572e-01  6.9639797760e-02  1.2806597626e-01  7.6092839623e-02  1.4993121872e-01  6.7968048057e-02  1.6343403873e-01  5.9286432497e-02  -9.9429581010e-03  7.1651360237e-02  
2.9984157085e+00  2.0128646864e-04  2.5907610630e-05  -1.8195774087e-02  8.6679530734e-02  2.6362428912e-01  7.9523848174e-02  1.5248245374e-01  1.0448797720e-01  2.4932328216e-02  7.9423171563e-02  2.0347099677e-02  1.0682688198e-01  2.4688319340e-01  9.5391085389e-02  
3.1039609909e+00  2.0376262208e-04  2.9444017963e-05  1.1116825398e-01  7.9816103224e-02  1.9334897081e-01  1.1203522089e-01  7.3961971098e-02  7.9418235926e-02  1.3705995595e-01  7.7934437704e-02  -1.1484105996e-02  7.6916815745e-02  6.4802916037e-02  1.0413124637e-01  
3.1880185604e+00  2.1694148273e-04  3.4110170070e-05  9.9347768138e-03  1.0117196994e-01  2.2736925734e-01  1.0834442220e-01  3.5060158668e-01  7.7075857679e-02  3.5244945397e-02  8.8120841664e-02  2.3104411444e-01  1.0872605592e-01  2.2452841162e-01  1.6889611505e-01  
3.2954585552e+00  1.5427575077e-04  2.3045270683e-05  -2.6850400568e-03  1.4050334970e-01  2.5704699440e-01  1.0303714978e-01  6.1745562617e-02  9.4236491228e-02  1.5495288407e-02  1.1838968633e-01  8.8118817009e-02  1.0178713210e-01  5.7968116780e-02  1.1145323458e-01  
3.3956396580e+00  1.4716398213e-04  2.6709877478e-05  -2.8727269977e-02  1.1746757819e-01  3.2726284311e-01  1.0769783588e-01  3.3466720743e-01  1.6850474053e-01  1.3701562993e-01  1.2206228284e-01  1.4467845381e-01  9.8567964507e-02  3.8430852805e-02  1.5573521641e-01  
3.4972534180e+00  1.0326698868e-04  1.7248002764e-05  2.9695759853e-01  1.3283316317e-01  2.2107413332e-01  1.3013357134e-01  2.0254253837e-02  1.1095417354e-01  9.2930907442e-02  1.0739134569e-01  8.7086509896e-02  1.0498927366e-01  3.3238738362e-03  1.5826824287e-01  
3.5949692726e+00  9.1513984257e-05  1.5503723270e-05  7.5510911162e-02  9.3869658979e-02  9.0034807415e-02  1.0330509580e-01  2.0254219519e-01  1.4376544120e-01  -4.3055558963e-02  1.3835017345e-01  -1.7890375133e-01  1.0751309234e-01  5.8486987117e-03  1.8207969100e-01  
3.6989665031e+00  7.6063962779e-05  1.4050157652e-05  1.8881012277e-01  1.5165642880e-01  2.8729686866e-01  1.0923661616e-01  5.1112639359e-02  1.4988914975e-01  -6.9560280455e-03  1.1878757608e-01  7.1280575487e-02  1.1091907892e-01  1.6827134774e-01  1.5334668304e-01  
3.8020725250e+00  3.8631241359e-05  1.0467377687e-05  -3.9067069376e-02  1.3364748363e-01  3.9406829305e-01  1.7250682947e-01  9.8375047835e-02  2.2244577947e-01  -8.0873458808e-02  1.7431146256e-01  -1.1691374885e-01  1.7371409329e-01  3.6491437472e-02  2.2780572312e-01  
3.9020366669e+00  7.3376503921e-05  1.3315370153e-05  2.4945176359e-01  1.1101441574e-01  1.0452635350e-01  1.6796490995e-01  -1.0376604315e-01  1.2605953656e-01  -4.9283213559e-02  1.8802902116e-01  9.2949431440e-02  1.2130293756e-01  -9.3939598786e-02  1.4121887912e-01  
4.0073499680e+00  3.5861019942e-05  1.0222555617e-05  -2.6138084766e-01  1.1741738060e-01  -3.7263760459e-02  1.4887085469e-01  2.8347822248e-01  2.2118550064e-01  3.9786502037e-02  1.2594679652e-01  -3.6166081424e-01  1.6691433001e-01  -1.8838571707e-01  2.5304754751e-01  
