#pT  dN/(2pi dy pT dpT)  dN/(2pi dy pT dpT)_err  vn{SP}  vn{SP}_err
1.0829553753e-01  4.5845872164e-01  9.1132920000e-03  5.1015781168e-03  1.0757536224e-02  2.3706329364e-02  1.0981424298e-02  -2.6032109466e-02  1.1394222661e-02  -7.3099460752e-03  9.6726855563e-03  -1.2755818609e-02  1.1489126285e-02  -7.7730298399e-04  1.3837065712e-02  
2.0377060771e-01  4.8565706268e-01  8.4707170590e-03  1.0405737576e-02  6.7164826247e-03  -1.2165054490e-02  7.2314211665e-03  7.3122981950e-03  8.3008119181e-03  3.4587766397e-03  8.8594464111e-03  -1.0707237668e-02  8.7877524572e-03  1.2832176840e-02  9.2180036111e-03  
3.0248522758e-01  4.6516756127e-01  7.5237583922e-03  -3.2685841660e-03  7.5587627772e-03  8.7607486830e-03  5.8763921794e-03  5.1145290493e-04  5.8810881372e-03  5.2257748117e-03  5.2580767296e-03  9.4500706028e-03  6.8078706016e-03  -2.1301359217e-03  6.3815379864e-03  
4.0159964561e-01  4.4270591226e-01  6.8636107602e-03  5.1873426668e-03  6.5027095014e-03  1.1317502056e-02  4.8879308435e-03  -5.3103823836e-03  4.8350096813e-03  2.3150884472e-03  4.5943121630e-03  -8.9413478344e-03  5.5389782001e-03  -3.4867983880e-03  6.7536881680e-03  
5.0069677830e-01  4.0980912225e-01  6.7078295726e-03  6.2898418228e-03  6.6986078297e-03  1.9691378291e-02  4.6367499130e-03  8.2712137775e-04  4.6706244610e-03  3.6220740950e-03  5.5665408584e-03  -4.1579520118e-03  5.5965942179e-03  -4.3089940083e-03  6.0700175257e-03  
6.0040825605e-01  3.6845274962e-01  5.4702252997e-03  1.0180786176e-02  5.7524666553e-03  4.3379310710e-02  5.2213385404e-03  -7.9739142841e-04  4.7220573369e-03  2.7184011060e-03  5.5167586281e-03  -3.0132267813e-03  5.2948889305e-03  5.3700137341e-03  6.1348143126e-03  
7.0053726435e-01  3.3076301799e-01  4.8649291593e-03  9.6308890910e-03  5.8890812934e-03  4.9041765606e-02  5.9233364644e-03  1.3463069845e-02  4.0330806893e-03  6.5190855634e-03  4.9467884975e-03  -3.4182542979e-03  4.1952734086e-03  -6.3620064013e-03  5.4231976021e-03  
7.9990208149e-01  3.0348660930e-01  4.4648140599e-03  -4.5133521250e-03  5.5226219390e-03  5.9811100983e-02  5.9120793369e-03  1.7268572343e-02  3.8974940636e-03  1.4236182566e-02  5.5979976640e-03  4.9508775833e-03  4.4549024665e-03  1.6384773392e-03  6.8037617754e-03  
8.9971953630e-01  2.6086769083e-01  4.0434894543e-03  5.4955573252e-03  7.0173383488e-03  7.9907036257e-02  5.9619631884e-03  2.3229686405e-02  5.0412678203e-03  1.0074170391e-03  5.0701290572e-03  4.9447534860e-03  4.7186625033e-03  2.1262582855e-03  5.6766299943e-03  
9.9916702509e-01  2.2029117162e-01  3.1621209114e-03  3.1864878815e-03  5.3798284293e-03  1.0043768477e-01  6.5619124682e-03  2.5147936655e-02  4.7003675034e-03  1.4966494632e-02  4.1441189147e-03  8.7662236130e-03  5.4134039990e-03  -6.3083390068e-03  4.8323321990e-03  
1.0997567177e+00  1.9004507162e-01  3.1201456150e-03  3.0448231495e-03  5.8839866886e-03  1.1352927251e-01  6.6513057902e-03  4.3877112084e-02  5.0257445043e-03  1.6606703954e-02  5.0634010689e-03  6.2835187041e-03  5.8910569134e-03  1.4030087627e-02  5.3655974913e-03  
1.1989821196e+00  1.5755678856e-01  2.6897791197e-03  -4.2200081116e-03  5.5426441223e-03  1.3567822317e-01  7.4903547533e-03  4.6429065973e-02  5.4811946068e-03  1.8570414867e-02  5.0475667108e-03  4.9735218212e-03  5.8223396462e-03  3.5677365873e-03  5.3357153852e-03  
1.2994289398e+00  1.3069129344e-01  2.2442937072e-03  4.9656517928e-03  7.0599175318e-03  1.4334687566e-01  6.7932201832e-03  6.0539912695e-02  6.1710465702e-03  2.4944578648e-02  6.4744755943e-03  2.5125353103e-03  4.9590488777e-03  4.2954657512e-03  8.3028576310e-03  
1.3986531496e+00  1.0761216911e-01  2.0418330786e-03  -1.2542835535e-03  6.6125697855e-03  1.7022664360e-01  7.4436949894e-03  6.6149921872e-02  6.6924548663e-03  3.4111709313e-02  6.5204420104e-03  1.8756347056e-02  7.0614032537e-03  1.6812665404e-02  6.4136935107e-03  
1.4988816977e+00  8.7114480809e-02  1.7368561986e-03  -1.2280573876e-03  7.7021988366e-03  1.7997408488e-01  1.0316127499e-02  8.7573942682e-02  7.7991990051e-03  2.5540887451e-02  6.7919409169e-03  1.7394770532e-02  6.4201890350e-03  1.1729083632e-02  7.5383054740e-03  
1.5985418558e+00  7.0297535725e-02  1.4723425505e-03  -4.6452073579e-04  8.5653702975e-03  1.8906343230e-01  9.5521873898e-03  1.0341263265e-01  6.8721802929e-03  4.1697456525e-02  7.8939017774e-03  3.0550007349e-02  7.1753056834e-03  8.1273830130e-03  9.7732237753e-03  
1.6988463402e+00  5.5333081689e-02  1.2673819486e-03  8.7986861211e-04  7.7000440549e-03  2.2343943691e-01  1.0200918560e-02  9.6939266540e-02  8.0070189859e-03  3.5732373307e-02  9.4349738706e-03  2.4457438769e-02  9.2680519217e-03  1.6366002789e-02  1.0004226497e-02  
1.7983270884e+00  4.4483526224e-02  1.0809288566e-03  -7.9649901121e-03  9.2560971455e-03  2.2785995077e-01  1.1572786603e-02  1.0560420319e-01  1.0095911258e-02  5.9592928088e-02  9.3127390977e-03  2.1595750272e-02  9.5527632341e-03  -3.8752195886e-03  1.1834862301e-02  
1.8984304667e+00  3.4675907143e-02  9.1651037817e-04  2.8639147411e-03  9.7512388681e-03  2.5605088194e-01  1.2203244217e-02  1.1227435042e-01  1.0949395497e-02  7.3146493970e-02  9.3787240228e-03  5.1701514528e-02  9.4303343412e-03  8.9990922892e-03  1.2280542125e-02  
1.9975919724e+00  2.7713050537e-02  7.2909014240e-04  -1.2906482543e-02  1.1162322774e-02  2.3982417506e-01  1.2895874544e-02  1.3675829251e-01  1.0672175969e-02  7.0559784498e-02  9.4863087228e-03  4.4044763799e-02  1.1934382161e-02  4.4066099564e-02  1.3585933879e-02  
2.0984425545e+00  2.1724199458e-02  6.5038680218e-04  -1.0443476174e-02  1.2646399164e-02  2.7740227224e-01  1.5941077237e-02  1.3658892785e-01  1.3096199622e-02  6.7732621678e-02  1.2811235000e-02  4.1867655570e-02  1.3000091316e-02  1.1561842349e-02  1.5889437701e-02  
2.1989417076e+00  1.7315645590e-02  5.9222355941e-04  3.4044892017e-03  1.6052808452e-02  2.6607539155e-01  1.7635790625e-02  1.3618725151e-01  1.4828616821e-02  7.1955452493e-02  1.3468293067e-02  6.1817424994e-02  1.1866362094e-02  2.6780172977e-02  1.5076818481e-02  
2.2984371185e+00  1.3470732995e-02  4.5292454979e-04  -1.0246152261e-02  1.4576415277e-02  3.0262866964e-01  1.7995663067e-02  1.3367599075e-01  1.9248788839e-02  7.1296491987e-02  1.7502794108e-02  1.8726338512e-02  1.3771571994e-02  -1.0613749916e-02  1.5106025684e-02  
2.3986327648e+00  1.0309784890e-02  3.4349211072e-04  -5.2536375881e-02  1.6385258690e-02  2.6427843992e-01  1.7430641660e-02  1.5824149844e-01  1.6889619585e-02  7.9810590753e-02  1.7572096363e-02  3.3279956782e-02  1.6290090903e-02  7.6702631370e-03  2.5657285030e-02  
2.4985780716e+00  8.5849893929e-03  3.0457803957e-04  -2.2934403742e-02  2.0955761155e-02  2.9142179047e-01  2.1229902638e-02  1.7541362340e-01  2.2961768940e-02  8.9037331086e-02  1.7505573815e-02  8.5363196634e-02  1.6285548909e-02  2.0288287759e-02  2.0008841232e-02  
2.5983374119e+00  7.0212546006e-03  2.7961691349e-04  -1.6875752862e-02  1.7772504057e-02  2.8105508441e-01  2.0673822115e-02  1.4004104736e-01  2.3341893545e-02  9.2026545836e-02  1.5665048091e-02  7.6874562719e-02  2.0852500859e-02  7.0928829646e-02  2.5352618629e-02  
2.6986157894e+00  5.1244415134e-03  1.9283867276e-04  -3.1941441818e-02  2.6892932138e-02  2.8319973275e-01  2.0204975556e-02  1.3341459455e-01  2.3984353092e-02  6.5843418731e-02  1.8864093914e-02  5.8048670698e-02  2.5587252454e-02  -9.1112285682e-04  2.8281913327e-02  
2.7980668545e+00  4.4798817376e-03  1.7788877495e-04  -3.7587088659e-02  2.2800848594e-02  2.8364549966e-01  2.7402849635e-02  1.2513505578e-01  2.5662653578e-02  8.6632679185e-02  2.6309089061e-02  4.3845114354e-02  2.8661025546e-02  2.0714160116e-02  3.1092113255e-02  
2.8985788822e+00  3.6220393558e-03  1.4496833384e-04  -1.9007648653e-02  2.6530534768e-02  2.9483016272e-01  2.0917010780e-02  1.2689564749e-01  2.5407043663e-02  1.2056763045e-01  2.4435405897e-02  6.9548180973e-02  2.5528497045e-02  1.8489508820e-02  2.6702519653e-02  
2.9981529713e+00  2.9913374894e-03  1.3963451435e-04  1.8833353227e-02  2.3007605259e-02  2.4199684461e-01  2.5465618441e-02  1.1454734256e-01  2.4229279823e-02  1.2405127786e-01  2.8565058208e-02  5.7416213417e-02  3.0017791875e-02  7.2325426916e-02  2.8269066462e-02  
3.0992145538e+00  2.4530738713e-03  9.5458863231e-05  -8.2687108264e-03  2.6942351697e-02  2.5068992299e-01  3.0443262833e-02  1.7348233810e-01  3.0147691545e-02  9.7519215235e-02  2.8459817095e-02  1.0639374884e-01  2.9934751966e-02  5.0322578960e-02  3.0187904130e-02  
3.1987237930e+00  2.0739472427e-03  9.7685902313e-05  -5.8078207873e-02  3.0407694744e-02  2.4400516034e-01  3.0357606130e-02  6.0197981486e-02  3.0801597789e-02  8.8648597626e-02  2.8407294781e-02  6.2510035675e-02  2.7955640260e-02  6.1725602196e-02  4.1606640402e-02  
3.3001687527e+00  1.8763745393e-03  8.7001318184e-05  -3.0511909423e-02  3.0124876203e-02  2.2972132184e-01  2.6976448213e-02  1.2263169030e-01  3.4835473379e-02  7.9912008581e-02  3.5508270198e-02  5.7162873540e-02  2.7321430385e-02  -9.5020890785e-03  3.2799814900e-02  
3.3967723846e+00  1.4715748366e-03  6.3415405373e-05  -2.3627241988e-02  3.5105207167e-02  1.7357007385e-01  3.3171042647e-02  7.1441455432e-02  3.2443232499e-02  1.0108953556e-01  2.9888441737e-02  5.1991727404e-04  3.1251779053e-02  -6.1533508051e-03  3.7056568218e-02  
3.4999508858e+00  1.4301906799e-03  7.5319074537e-05  -7.7422654297e-03  3.2117085925e-02  1.5089907334e-01  3.0593358129e-02  8.4967920252e-02  4.8968579299e-02  8.3915442900e-02  3.4905677224e-02  -1.4897231514e-02  3.3640444307e-02  7.1060197940e-02  4.6358591328e-02  
3.5969076157e+00  1.2700352957e-03  6.7719731908e-05  -7.3721374987e-02  3.6847482149e-02  2.1170706156e-01  3.5486437763e-02  7.4278158471e-02  2.9524550313e-02  1.0068306680e-01  3.5710695737e-02  4.7941599629e-02  3.6130215173e-02  7.8991590995e-03  4.0680852590e-02  
3.6988918781e+00  1.1513699204e-03  6.4585023191e-05  -2.5194878156e-02  3.4646478102e-02  1.2302568197e-01  3.6513798233e-02  1.0552564151e-01  3.4154224023e-02  1.1567211131e-01  3.4912516773e-02  7.7325210642e-03  3.8638142515e-02  -3.5996346848e-02  4.2331007577e-02  
3.8019268513e+00  9.6891158194e-04  5.1857672264e-05  2.5035442559e-02  3.7806497606e-02  1.5974415394e-01  3.7244017171e-02  1.0251267916e-01  3.4921341323e-02  6.9731906632e-03  4.0163684975e-02  3.5016145922e-03  3.6381438882e-02  5.5014647141e-02  5.1896495731e-02  
3.8999993801e+00  1.1211501736e-03  6.8853963119e-05  -2.4849603006e-02  3.4058638205e-02  9.2542573392e-02  3.6131109982e-02  8.7358373074e-02  2.6092192071e-02  6.9984028581e-02  2.9947641987e-02  8.1021215566e-02  2.7362470029e-02  2.4219159074e-02  4.0286368880e-02  
3.9986383915e+00  9.7729075111e-04  5.3106796054e-05  -2.3784218510e-02  3.5465440145e-02  8.3143736021e-02  3.9319326970e-02  1.1158221354e-01  3.4853557045e-02  1.4504812605e-02  3.9492004595e-02  -3.0248267920e-02  3.4782798364e-02  7.9621156118e-02  4.3504919352e-02  
