#pT  dN/(2pi dy pT dpT)  dN/(2pi dy pT dpT)_err  vn{SP}  vn{SP}_err
1.1001060169e-01  2.9224371388e-01  1.4303921747e-02  -2.3344924282e-02  4.2226261310e-02  7.7378904469e-04  2.5556678543e-02  -1.0900202295e-02  2.5849902663e-02  -1.1847029341e-02  3.5494422664e-02  5.0015630582e-02  5.0611823326e-02  -3.8455045961e-02  6.6214935843e-02  
2.0455410287e-01  3.0303205650e-01  1.0570568629e-02  -2.0527914278e-02  2.3035837351e-02  1.1487963166e-03  1.9636050049e-02  2.8541443620e-02  1.8667308987e-02  3.2444510450e-03  2.8719265776e-02  -6.3098267174e-02  3.7455015672e-02  3.7722586421e-02  3.9777417609e-02  
3.0241752707e-01  3.1533374160e-01  9.8244534978e-03  2.7254661952e-03  1.5747463835e-02  2.8526794649e-02  1.2730441787e-02  2.2052062285e-02  1.8084777992e-02  1.8823662998e-02  2.0353315200e-02  1.3597298507e-02  3.4740503463e-02  -3.5900403616e-02  3.6606342886e-02  
4.0267888936e-01  2.9992591342e-01  8.4479708501e-03  -1.8689597367e-03  1.6670774714e-02  -4.8058603308e-03  1.6236564770e-02  6.9401655541e-03  1.5828585359e-02  4.5513385047e-02  2.1339360076e-02  -4.4308435728e-02  2.8679947164e-02  -5.4771556247e-03  3.7740891292e-02  
5.0106135549e-01  3.0222854917e-01  7.1860987599e-03  -5.0564263113e-03  1.2732264186e-02  1.2998685818e-02  1.4088068157e-02  -3.6086846577e-03  1.3584450938e-02  -1.3451210373e-02  2.2479810300e-02  2.4618797093e-02  2.7377880994e-02  5.6711724760e-02  3.7424308601e-02  
6.0072367742e-01  2.8375208618e-01  6.8769182508e-03  -7.3406287974e-03  1.3538465968e-02  -4.4538531943e-03  1.3674449934e-02  1.7432432213e-02  1.5823974633e-02  1.7356337743e-03  2.3183375139e-02  -4.7660050578e-02  3.3404272763e-02  5.0579189489e-02  2.1798629335e-02  
6.9989404929e-01  2.5465757794e-01  5.7416249817e-03  2.0099498617e-02  1.3373930033e-02  2.2663304779e-02  1.3329302271e-02  -5.4759886860e-03  1.1583537627e-02  -4.0861771863e-03  1.6181887211e-02  3.4148958154e-03  2.4202372385e-02  -1.6355654264e-02  2.9532865815e-02  
7.9985525162e-01  2.3773878709e-01  5.4915409482e-03  9.6996365966e-03  1.2580596032e-02  2.3641750858e-02  1.2276700319e-02  1.4124055157e-02  9.7972731905e-03  2.5621677290e-02  1.2999498771e-02  -3.3235554937e-02  2.3049977448e-02  3.1700770390e-02  2.2064568720e-02  
9.0000539647e-01  2.1202936661e-01  5.0111280676e-03  -6.1686268007e-03  1.6261752147e-02  3.2025152511e-02  8.8625696453e-03  3.2893758289e-02  1.2532999281e-02  3.4453370109e-03  1.9725896727e-02  -3.6309574037e-02  2.3852607916e-02  9.3947037788e-02  2.4524634763e-02  
9.9972317441e-01  1.8302689735e-01  4.4955406822e-03  1.4813707763e-02  1.2074047927e-02  3.9321111243e-02  1.2485803956e-02  3.7535696828e-02  1.1652013188e-02  7.6652362702e-03  1.7436981588e-02  4.0037018191e-02  2.5997512538e-02  -4.4217369402e-02  3.0349324759e-02  
1.0991661219e+00  1.6021157535e-01  4.0824070519e-03  2.4676261901e-02  1.3176681874e-02  2.1684560682e-02  1.4814443758e-02  3.1664268256e-03  1.1503934139e-02  1.3621226243e-02  1.7643072898e-02  -1.4557102410e-02  2.1413737550e-02  -1.2406411032e-02  2.9286543673e-02  
1.1993351718e+00  1.2997990612e-01  3.2366826339e-03  -1.5452935492e-02  1.6235857004e-02  3.2217350355e-02  1.3546123144e-02  1.8794611385e-02  1.2025761927e-02  2.0864345563e-02  2.0978348987e-02  -1.1275809792e-02  2.0664361591e-02  4.3208951759e-02  3.6281594684e-02  
1.2990020339e+00  1.0493871678e-01  2.3296694640e-03  2.4305698537e-02  1.3284045581e-02  5.4485548737e-02  1.1124815542e-02  1.6044123520e-02  1.1516281354e-02  1.5747064979e-02  1.5674825901e-02  5.3410633393e-02  3.9761584782e-02  -1.2280467945e-02  3.3717439147e-02  
1.3988652120e+00  8.4047043333e-02  2.4148763696e-03  1.1067615582e-02  1.8672183692e-02  9.4899220735e-02  1.9916761989e-02  2.8430401896e-02  2.1098680868e-02  1.4108062861e-02  2.2617624780e-02  4.2104029320e-02  3.5205320752e-02  -6.5785660425e-03  2.9531379220e-02  
1.4980159123e+00  6.5764152535e-02  1.8704308970e-03  -3.5006318748e-03  1.5266364055e-02  3.5819413518e-02  1.5775606823e-02  2.1910222860e-02  2.0389213133e-02  -2.9209505232e-03  2.9247540611e-02  -3.3212094244e-03  4.1344533949e-02  -1.5037226618e-02  3.9482380624e-02  
1.5993956471e+00  5.0995821444e-02  1.8129027250e-03  -2.0229285085e-02  1.7634519135e-02  7.5364449733e-02  2.5706016286e-02  6.4975788214e-02  2.3116453141e-02  4.7806850026e-02  2.9634339034e-02  6.1350766180e-03  4.1206856804e-02  -3.9491682472e-02  5.3683453190e-02  
1.6987007265e+00  3.8065583433e-02  1.1410819612e-03  -1.8143209857e-02  1.7749179991e-02  6.0294700793e-02  1.8169732132e-02  5.0774124349e-03  2.0181227808e-02  5.4926028030e-02  3.0936008700e-02  3.9770133780e-03  4.6317777468e-02  -4.1365675775e-02  4.9519948432e-02  
1.7974802580e+00  2.9652052183e-02  1.1469986542e-03  8.6647415735e-03  2.3565770872e-02  6.5672271543e-02  2.2236957734e-02  3.0113079823e-02  2.0584855818e-02  1.0992267943e-02  3.1323729010e-02  7.6321372424e-02  3.5969234520e-02  5.7071766486e-02  4.5221354604e-02  
1.8991362964e+00  2.1468911899e-02  7.2594404091e-04  -7.7831414032e-03  2.4310453549e-02  9.4819916533e-02  2.6281305398e-02  1.3817631757e-02  2.2359630300e-02  3.5844562403e-02  3.3786563687e-02  3.7017285508e-02  4.0043514114e-02  3.3835259225e-03  5.9244399659e-02  
1.9967605537e+00  1.6213370658e-02  7.2985989144e-04  -1.5430882353e-02  2.4484394212e-02  6.3790871772e-02  3.1084738752e-02  4.9019627095e-02  2.9892372172e-02  2.4669061533e-02  4.1893976523e-02  7.7908597822e-02  6.4217761013e-02  9.1397152800e-03  7.5046607338e-02  
2.0975945873e+00  1.1666444419e-02  5.6726508735e-04  -8.7161478271e-02  3.6158888372e-02  1.4050553284e-01  3.9053117515e-02  4.9011621478e-02  3.9439485672e-02  4.3331324171e-02  4.9894748279e-02  5.3307290315e-02  4.7047829470e-02  4.0657776625e-02  6.4281373229e-02  
2.1992706473e+00  7.9095827577e-03  5.4319764240e-04  -5.1420268543e-02  3.1579941439e-02  1.1515993291e-01  3.6409783473e-02  -1.6041370101e-02  3.5622765458e-02  -2.6306417787e-02  4.7976167730e-02  -1.8922180345e-02  6.6452388778e-02  8.5233359289e-02  8.7956107128e-02  
2.2945539215e+00  6.0272096226e-03  3.3837447024e-04  -4.4873561118e-02  4.2450076739e-02  1.1413199441e-01  4.4869214958e-02  2.4305014539e-03  5.6457895571e-02  6.0680573211e-02  5.9093325855e-02  4.9107324867e-02  1.0656876507e-01  1.9519329486e-02  7.6847018625e-02  
2.3981412215e+00  4.5027727588e-03  3.1064406353e-04  -7.7295990825e-02  5.7483726440e-02  3.3210115866e-02  4.5247962148e-02  1.0437218580e-01  4.6960957461e-02  -1.2238846055e-01  9.0050978218e-02  -9.7882834634e-02  1.0882166351e-01  -4.8486270099e-02  1.1586387100e-01  
2.4975678880e+00  3.0935978745e-03  2.5882695453e-04  -1.2085790051e-01  7.5885225199e-02  1.0610425852e-01  7.6335790693e-02  1.0023134214e-01  3.6898885817e-02  1.6566342391e-01  7.6192667574e-02  5.0074894382e-02  1.0619048515e-01  3.3726371955e-01  1.6217736635e-01  
2.5974104310e+00  2.1095485022e-03  2.4614957505e-04  -1.1133819297e-01  7.6526141237e-02  9.6371048029e-02  6.7434191059e-02  1.0805224851e-01  7.2444578768e-02  7.2690531036e-02  1.2938332715e-01  -1.1631284654e-01  1.5948056172e-01  -1.5422591362e-01  1.4210465204e-01  
2.6944897024e+00  1.4975208797e-03  1.6348336721e-04  -7.7736362395e-02  7.4249486678e-02  1.4039694385e-01  8.8028938477e-02  -2.6870566722e-02  7.7098531484e-02  -8.4564150547e-02  8.3558402156e-02  -1.7957806812e-01  1.8214524431e-01  1.4535269556e-01  2.1038871397e-01  
2.7999450733e+00  1.2077184559e-03  1.6991057659e-04  1.2657271774e-01  1.1151730071e-01  1.1317450392e-01  9.5795153554e-02  1.0206157223e-01  9.1140701259e-02  1.4596402350e-02  1.4683924636e-01  -4.1536440743e-01  2.6127059623e-01  -6.6753436235e-02  1.7992047590e-01  
2.8960796044e+00  6.4787382730e-04  9.2660587579e-05  9.8808893173e-02  1.3292476644e-01  3.9691224145e-03  9.4523050130e-02  1.9225708315e-01  1.4830967008e-01  -1.1244246630e-01  1.6014201927e-01  -1.7207464271e-01  2.1693733629e-01  1.6433163354e-01  2.4637413050e-01  
2.9848645802e+00  5.6624088616e-04  1.2413472424e-04  -5.2474012606e-02  1.5471220998e-01  1.1594180325e-01  1.0679741998e-01  6.5669723580e-02  1.2615064411e-01  7.5888865065e-02  2.4109072479e-01  -2.8904447613e-02  3.9450694775e-01  -1.6000051221e-01  2.5152009129e-01  
3.0965301635e+00  3.2316543341e-04  8.1728078963e-05  3.7966753700e-01  1.8236080080e-01  1.0537374514e-01  1.7424147794e-01  1.8853149609e-01  1.5837196578e-01  -5.3372370622e-02  2.3500375800e-01  1.9620049019e-01  3.1758159539e-01  4.9256562442e-01  2.9263688965e-01  
3.1878883776e+00  2.4812731325e-04  6.5573020276e-05  1.4464454979e-01  1.8370112789e-01  -1.2889893097e-01  1.7889866229e-01  -8.5419484093e-02  1.8066388878e-01  -1.6689632123e-01  3.8047763111e-01  2.6242599709e-01  1.9525907120e-01  6.1649347072e-01  5.3848874688e-01  
3.3054943272e+00  8.9385907315e-05  3.3735739734e-05  1.8797403349e-01  1.9137925582e-01  3.2225944218e-01  4.3005065085e-01  7.4049821174e-01  2.8118919305e-01  4.5437758917e-01  3.6249035199e-01  1.6021382007e-01  4.3589945842e-01  9.1622212948e-01  9.5605195391e-01  
3.3832443900e+00  1.6800752325e-05  1.6589413694e-05  nan  nan  nan  nan  nan  nan  nan  nan  nan  nan  nan  nan  
3.4983098148e+00  1.3131633146e-04  4.7737324378e-05  5.2310486379e-01  3.2761953465e-01  3.7346768965e-01  2.2934376652e-01  -3.6300102084e-02  2.5280213109e-01  3.2615011180e-01  3.5677201836e-01  4.0622673268e-01  8.8375727322e-01  4.2489669941e-03  4.8599052409e-01  
3.5996067733e+00  5.7075770951e-05  3.3295490970e-05  -2.0199613049e-02  8.3298961746e-01  6.7485787151e-01  5.3695781562e-01  -7.8696416521e-02  1.9447773390e-01  9.3997275798e-01  7.0794327736e-01  -4.7996984017e-01  1.1720421639e+00  -2.2794023875e-01  1.2843667559e+00  
3.6791859168e+00  9.0400606685e-05  3.4160503740e-05  -4.7351861147e-01  5.1106472526e-01  5.2928623885e-01  2.3425986220e-01  1.8451523528e-01  1.7897104166e-01  1.4240123332e-01  4.6406382442e-01  3.7367276298e-01  7.7416471327e-01  6.1133419268e-01  6.4764649504e-01  
3.8030817490e+00  4.3791635461e-05  2.4373498441e-05  -4.9715653648e-01  5.1471829817e-01  -2.7481039257e-01  7.0746871305e-01  -5.7232929839e-01  2.4287325336e-01  -2.3247274673e-01  9.2853485651e-01  -4.1524114199e-02  9.4503758694e-01  6.1992804972e-01  2.1079757451e+00  
3.8829626200e+00  1.2650622950e-05  1.2491489283e-05  nan  nan  nan  nan  nan  nan  nan  nan  nan  nan  nan  nan  
3.9780451000e+00  1.1496646700e-05  1.1352029035e-05  nan  nan  nan  nan  nan  nan  nan  nan  nan  nan  nan  nan  
