#pT  vn{4}  vn{4}_err
1.0786793067e-01  1.4779440236e-02  1.2967815812e-02  5.4635323900e-03  1.6656540440e-02  0.0000000000e+00  0.0000000000e+00  
2.0350944492e-01  4.3969420601e-03  1.4072734287e-02  4.5277553011e-03  8.5938789293e-03  0.0000000000e+00  0.0000000000e+00  
3.0159601308e-01  1.5819013804e-02  1.1106612663e-02  7.9511040179e-03  9.6775718789e-03  0.0000000000e+00  0.0000000000e+00  
4.0025286693e-01  6.0926303020e-03  9.6147464670e-03  1.1308930317e-02  1.1033678769e-02  0.0000000000e+00  0.0000000000e+00  
4.9951187897e-01  1.2518337415e-02  1.4704933525e-02  1.2206652819e-02  6.9286192853e-03  0.0000000000e+00  0.0000000000e+00  
5.9877058572e-01  2.8408589922e-03  8.1627959782e-03  2.5231700914e-02  7.7270393375e-03  0.0000000000e+00  0.0000000000e+00  
6.9865952952e-01  4.5769331130e-03  8.5194807862e-03  3.0167683053e-02  8.8381270822e-03  0.0000000000e+00  0.0000000000e+00  
7.9812970179e-01  1.9668931787e-02  1.3865718848e-02  3.0600092127e-02  1.0191491711e-02  0.0000000000e+00  0.0000000000e+00  
8.9828202596e-01  1.2503423733e-02  1.5196908463e-02  4.5032850799e-02  8.5955687632e-03  2.9574236538e-02  5.0038551042e-01  
9.9772445932e-01  4.3674557528e-03  1.5341799277e-02  3.4215364224e-02  2.1595909311e-02  0.0000000000e+00  0.0000000000e+00  
1.0976834779e+00  1.1414614224e-02  3.2731475393e-02  5.4866444906e-02  1.1529712131e-02  0.0000000000e+00  0.0000000000e+00  
1.1977747122e+00  1.8502668921e-02  2.5447445920e-02  5.6042948316e-02  1.7181438901e-02  0.0000000000e+00  0.0000000000e+00  
1.2972052531e+00  8.7184708836e-03  1.2987007589e-02  5.2320271039e-02  1.3879463400e-02  0.0000000000e+00  0.0000000000e+00  
1.3973883283e+00  3.4694034016e-02  4.1937139313e-02  2.3029231890e-02  6.4772965671e-02  0.0000000000e+00  0.0000000000e+00  
1.4973186392e+00  1.3141095415e-02  2.3991877554e-02  5.3433301092e-02  2.2284146771e-02  0.0000000000e+00  0.0000000000e+00  
1.5971217579e+00  1.9171004395e-02  3.3724257169e-02  1.7900792740e-02  1.0116638195e-01  0.0000000000e+00  0.0000000000e+00  
1.6971423276e+00  5.7035796018e-02  4.7980342095e-02  9.5286056803e-02  2.6137678710e-02  0.0000000000e+00  0.0000000000e+00  
1.7963475851e+00  1.0003189508e-01  9.0296324815e-02  1.0628110865e-01  3.7996989997e-02  0.0000000000e+00  0.0000000000e+00  
1.8973598892e+00  2.8548790561e-02  4.2178779836e-02  4.0482555319e-02  4.8904329033e-02  0.0000000000e+00  0.0000000000e+00  
1.9973224759e+00  1.3686852352e-01  1.3296486044e-01  7.6059949633e-02  3.6049616129e-02  0.0000000000e+00  0.0000000000e+00  
2.0968558406e+00  9.1897993437e-02  8.3932022123e-02  6.7989985111e-02  5.5851459100e-02  0.0000000000e+00  0.0000000000e+00  
2.1962597526e+00  8.4563147080e-02  1.9435081235e-01  3.6332664983e-02  1.0001405728e-01  0.0000000000e+00  0.0000000000e+00  
2.2982276445e+00  7.7793248140e-02  1.2498991880e-01  8.7095896122e-02  7.7291950976e-02  0.0000000000e+00  0.0000000000e+00  
2.3960848154e+00  2.7940631733e-02  9.6178809345e-02  1.8093120988e-01  9.2280400027e-02  0.0000000000e+00  0.0000000000e+00  
2.4945394633e+00  5.7572923321e-02  4.1272129553e-01  8.3136620426e-02  1.5636253112e-01  0.0000000000e+00  0.0000000000e+00  
2.5974973697e+00  3.9367213801e-02  1.2217724574e-01  1.7704660708e-01  1.0688502177e-01  0.0000000000e+00  0.0000000000e+00  
2.6957583302e+00  2.0222766631e-01  2.1976212018e-01  9.8257382061e-02  1.1840870129e-01  0.0000000000e+00  0.0000000000e+00  
2.7940819232e+00  6.3793474655e-02  4.2744757871e-01  3.3647350115e-01  1.7622965797e-01  0.0000000000e+00  0.0000000000e+00  
2.8880418809e+00  4.1458436415e-01  5.0652331598e-01  1.0773327795e-01  3.0855270467e-01  0.0000000000e+00  0.0000000000e+00  
3.0008556725e+00  2.8327287999e-01  3.3304358854e-01  2.0697772550e-01  3.7643967968e-01  0.0000000000e+00  0.0000000000e+00  
3.0970765814e+00  1.5347943409e-01  8.0820127186e-01  1.2109880871e-01  9.4669158057e-01  0.0000000000e+00  0.0000000000e+00  
3.1916278913e+00  6.5293320281e-01  7.4342146579e-01  2.9016083350e-01  4.5013141893e-01  0.0000000000e+00  0.0000000000e+00  
3.2959166280e+00  6.3891232014e-01  1.7448796989e+00  3.2905129645e-01  7.2860070646e-01  3.6783349522e+00  5.2656319518e+02  
3.4062757969e+00  2.9466519015e-01  2.6751171666e+00  2.0535911031e+00  1.6165488320e+00  0.0000000000e+00  0.0000000000e+00  
3.4936936116e+00  2.9440531211e-01  9.5224714851e-01  1.9231469908e-01  1.1562613303e+00  0.0000000000e+00  0.0000000000e+00  
3.5907275663e+00  5.7580941635e-01  2.8066988487e+00  1.0447464545e+00  8.5954706821e-01  0.0000000000e+00  0.0000000000e+00  
3.7316487914e+00  9.3202027430e-01  2.6661724852e+00  2.5152402687e+00  1.5648838351e+00  3.1639404446e+00  3.6289800639e+01  
3.8189738586e+00  1.1313172518e+00  8.1238249086e-01  4.4245415654e+00  2.7017090141e+00  0.0000000000e+00  0.0000000000e+00  
3.8829258433e+00  1.1320766633e+00  1.6540452256e+00  2.5887947054e-01  1.3109745414e+00  0.0000000000e+00  0.0000000000e+00  
3.9657671700e+00  1.4873892364e+00  9.6045803804e-01  1.3213343237e-01  5.8095720919e-02  0.0000000000e+00  0.0000000000e+00  
