#pT  dN/(2pi dy pT dpT)  dN/(2pi dy pT dpT)_err  vn{SP}  vn{SP}_err
1.0785623296e-01  1.7347211123e+01  2.3984940543e-01  4.7221504032e-04  4.6076981347e-03  -1.9092477926e-03  3.2544500953e-03  -6.9316256685e-03  4.3457108768e-03  2.3862509770e-03  6.4180542291e-03  -1.2131360133e-02  9.6182683639e-03  1.1983112751e-02  1.4785696246e-02  
2.0346303397e-01  1.7389451076e+01  2.1452380392e-01  5.6259677106e-03  2.2481615333e-03  3.2686384922e-03  2.6516989415e-03  -9.7294673915e-04  1.9858460877e-03  -3.2650380865e-03  3.5468892911e-03  -8.8303599562e-03  5.8161739541e-03  2.8743415119e-03  1.5968926052e-02  
3.0141062487e-01  1.5321335096e+01  2.0594685046e-01  7.4503710185e-03  3.5902234675e-03  1.2377480050e-02  2.7218678194e-03  2.1863984744e-03  3.0154234705e-03  -8.7673018718e-04  3.8674615307e-03  4.6947648193e-03  6.5296829830e-03  1.0031588167e-02  1.5822243081e-02  
4.0038967530e-01  1.2933379438e+01  1.7686676516e-01  4.7179166658e-03  3.0120765270e-03  1.5951670872e-02  2.6808294943e-03  -2.1563777313e-03  1.8288487535e-03  2.5418270512e-03  3.6656379118e-03  2.4588799808e-03  3.6539701023e-03  2.9657702908e-03  1.4566099112e-02  
4.9943112769e-01  1.0231660029e+01  1.3952883452e-01  5.1295406448e-03  2.5836316419e-03  2.5493156889e-02  2.6795125160e-03  1.9111935822e-03  2.1270352608e-03  2.5646397448e-04  4.5179146004e-03  -1.7246706439e-03  5.5665176463e-03  2.9156039451e-03  8.7325337404e-03  
5.9903643392e-01  7.7723447941e+00  1.1170793275e-01  4.8350049173e-04  2.6586780409e-03  3.3449483088e-02  2.8836040810e-03  9.2870765847e-03  2.2496841721e-03  1.7304570776e-03  3.9056695119e-03  -1.2839302957e-03  4.3155404402e-03  1.3110680066e-03  9.8687685389e-03  
6.9852642464e-01  5.7374085845e+00  8.1300744425e-02  -9.5571776325e-04  2.7265195173e-03  3.8599453984e-02  4.9622908856e-03  1.1394963891e-02  2.1482561655e-03  9.8420579906e-03  3.2569500092e-03  1.1205853625e-02  7.3453612993e-03  -5.7367466614e-03  1.0839633982e-02  
7.9843715744e-01  4.1254823928e+00  6.5327185708e-02  3.9238186916e-03  2.9698916195e-03  5.0259576601e-02  4.6117284779e-03  1.1376437033e-02  3.3403985829e-03  5.7175451191e-03  3.1440805415e-03  6.5901454511e-03  6.4989882146e-03  6.1780137573e-04  9.8846121918e-03  
8.9784726359e-01  2.9249493218e+00  4.5200124328e-02  4.1465025760e-04  3.9804037166e-03  5.4613936972e-02  4.4084723426e-03  1.7859188362e-02  3.6945420391e-03  2.1394335772e-03  4.8671130924e-03  1.1683344738e-02  9.0122797595e-03  -5.7691581633e-03  1.6130747209e-02  
9.9750815395e-01  2.0453767513e+00  3.2353885765e-02  -5.1965031000e-03  4.7226042577e-03  5.6346984646e-02  5.3216676245e-03  1.4751614656e-02  4.0943771521e-03  1.2526660901e-02  4.5536240164e-03  5.0429924064e-04  6.2205512554e-03  9.2831626310e-03  2.2705107043e-02  
1.0977665446e+00  1.4357616283e+00  2.7461790606e-02  -3.5901391175e-03  3.9312346349e-03  6.3522071152e-02  5.2354844000e-03  2.1569883283e-02  5.0964039807e-03  7.8317945427e-03  5.7273524034e-03  4.6261534161e-03  8.8359154573e-03  1.2896147451e-02  1.7852500421e-02  
1.1976461946e+00  9.8116758437e-01  1.7830639437e-02  -5.8156435985e-03  4.8048843402e-03  5.8485870967e-02  5.3133458986e-03  1.8206551726e-02  4.6072829904e-03  1.6484816802e-02  7.5908827841e-03  -8.5716504840e-03  9.7592152325e-03  -9.1337868605e-03  2.5518561320e-02  
1.2972729879e+00  6.6755976870e-01  1.3638075642e-02  -6.3676228729e-03  5.8920230123e-03  6.7617579890e-02  6.1892721362e-03  2.1971233846e-02  4.5720262285e-03  1.2173688936e-02  8.4328914578e-03  1.2676627713e-02  1.0478441142e-02  1.3793880096e-02  2.7015031076e-02  
1.3973801569e+00  4.5725931310e-01  9.3958372383e-03  -1.1911286985e-02  8.0071950290e-03  6.9753185612e-02  8.5928112293e-03  3.3041896763e-02  7.1652917412e-03  -1.8482696871e-03  1.1553043976e-02  2.0848690952e-03  1.3688932602e-02  1.9184235527e-02  2.1415649978e-02  
1.4972860856e+00  3.0803006898e-01  7.3801116979e-03  -1.5440849282e-02  9.3623279955e-03  8.3139911584e-02  8.2062748593e-03  1.5305471181e-02  5.4197377850e-03  1.9546522452e-02  1.3663305377e-02  1.3090431434e-02  1.4032928715e-02  2.9896310442e-02  7.4814199344e-02  
1.5974786649e+00  2.1430483815e-01  5.2712918558e-03  -3.4320523183e-02  1.0655883467e-02  8.1197471032e-02  1.0976181328e-02  1.7054673381e-02  1.1133434122e-02  7.5711798847e-03  1.0325412392e-02  -5.0821672613e-03  1.4403656510e-02  3.2936046630e-02  4.7347542033e-02  
1.6972264656e+00  1.4550888054e-01  3.0789399561e-03  -2.0723125379e-02  8.4665714354e-03  8.3556244078e-02  1.2185778688e-02  -3.3451831942e-03  8.8718568106e-03  2.6212222384e-02  1.4639627645e-02  -1.9189215076e-02  2.0584612447e-02  7.4336066462e-02  9.6466227102e-02  
1.7978923942e+00  1.0116379114e-01  2.8696701456e-03  -5.3163073651e-03  1.2576203878e-02  1.1600198015e-01  1.7428708920e-02  1.2081589265e-02  1.4232236612e-02  3.1067099247e-02  2.2317412392e-02  2.9355731404e-02  3.0046261267e-02  -3.4684136005e-02  9.0451852838e-02  
1.8965575414e+00  6.7291395267e-02  1.8521369516e-03  -1.9784200099e-02  1.0125424447e-02  7.6000627605e-02  1.1420912209e-02  4.5865450847e-02  1.6634656030e-02  1.8024628330e-02  1.5309514574e-02  -5.1715525074e-03  2.7451700221e-02  9.3683282795e-03  4.8086011522e-02  
1.9965255675e+00  4.4023388153e-02  1.7934535019e-03  -2.3180837238e-02  1.6240887814e-02  1.0061658947e-01  1.9214410514e-02  5.8656699733e-02  1.8071310958e-02  2.9368108208e-03  2.3336242740e-02  2.7786018392e-04  4.2313345126e-02  -2.6322625174e-02  1.1424624174e-01  
2.0964507712e+00  2.9459499424e-02  1.2359409674e-03  -4.1875298657e-02  2.3974832367e-02  8.6836279295e-02  2.4221013706e-02  3.4929322108e-02  1.9409506732e-02  -3.0482044029e-02  2.6063417383e-02  3.2388219260e-02  4.1653157428e-02  1.6893694669e-02  9.3693477098e-02  
2.1958598513e+00  2.0489096384e-02  7.6173206334e-04  -1.8076404841e-02  2.6456318899e-02  9.6346668397e-02  2.0745791015e-02  -6.4486486844e-03  2.0277236465e-02  -5.4314724588e-02  3.3039910486e-02  4.8042662251e-02  5.0889823198e-02  -1.7108256555e-02  1.0446196216e-01  
2.2956416661e+00  1.3244410028e-02  5.1102033727e-04  -6.9495649131e-03  2.9943407125e-02  7.2893905070e-02  2.5569203266e-02  6.6436020626e-02  3.3644216082e-02  1.0305297477e-01  4.8477971969e-02  5.0521303648e-02  6.2452692320e-02  3.3407507193e-02  1.6910439154e-01  
2.3947535753e+00  9.3193928174e-03  6.4734591546e-04  -6.1616457568e-02  3.9265596722e-02  1.5061330804e-01  4.0995273154e-02  -4.9995023100e-03  4.0566967529e-02  -1.1843403579e-02  4.2250929980e-02  5.9373263778e-02  9.5999369772e-02  -5.5370655008e-02  1.9448932743e-01  
2.4980358998e+00  5.7241951269e-03  3.9209741543e-04  6.2978659728e-02  4.3825546954e-02  7.4589082770e-02  4.1301669108e-02  9.4950700840e-02  6.8314253427e-02  6.8890511988e-02  8.2531380800e-02  1.5483168789e-02  1.4347225948e-01  1.4092949637e-01  2.9493333916e-01  
2.5982248085e+00  4.5610981043e-03  3.6831541997e-04  -5.1918758460e-02  3.8964884480e-02  1.1415643414e-01  4.7166508931e-02  4.2995289704e-02  3.9215446710e-02  -3.0236026844e-02  6.5823700696e-02  -5.1021937365e-02  1.1936527005e-01  -1.1240306647e-01  3.1738034543e-01  
2.6984006054e+00  3.2886414756e-03  2.8409568737e-04  -1.1425885545e-01  8.2817885695e-02  -2.2095378855e-02  5.1001973344e-02  1.2997879471e-01  5.9392988638e-02  -6.5269171824e-03  1.0219734024e-01  -1.3543015967e-01  9.8335907937e-02  -3.0106061352e-01  5.5803220175e-01  
2.8037137192e+00  1.8281245564e-03  1.4650785992e-04  -7.8406061175e-02  6.1840523558e-02  2.0781867936e-02  6.3040098747e-02  -2.4956352071e-02  7.9875860092e-02  -9.0508736229e-02  9.7911955808e-02  -1.0180724293e-01  1.4124212832e-01  8.0950299272e-02  5.3380345026e-01  
2.8912483371e+00  1.4608264944e-03  1.4751097314e-04  -5.0542686450e-02  6.8657511575e-02  1.3717155407e-01  7.1487774759e-02  -5.5156142214e-02  7.3306831525e-02  -1.3011331656e-01  1.3935912305e-01  2.1235011492e-02  1.6018018959e-01  2.8537807046e-01  5.8591790732e-01  
2.9991731056e+00  1.0417545568e-03  1.2919821406e-04  -9.4238879679e-02  9.0006154350e-02  5.9956392536e-02  7.0556056649e-02  1.1001808501e-01  8.8938157943e-02  -1.9331306372e-01  1.6639434601e-01  -2.3687534237e-01  2.4199999657e-01  -2.3254219736e-01  4.9644754092e-01  
3.1001445793e+00  7.7675420172e-04  1.1892752933e-04  -3.4977937302e-02  1.1687888873e-01  1.3196749769e-01  7.5369403611e-02  1.2152567618e-01  9.2696134977e-02  -1.7804124952e-01  1.4150953844e-01  9.5859366963e-03  1.6616402852e-01  -5.0053617654e-02  4.4140240137e-01  
3.1933897558e+00  3.4603028987e-04  7.6598340638e-05  -1.5528894494e-01  1.3046730009e-01  8.1860943089e-02  1.4030194806e-01  -7.7234271667e-02  2.0097849095e-01  2.8005821046e-01  1.6934514696e-01  4.9062131242e-01  3.1595393980e-01  4.7474805348e-01  8.5839033579e-01  
3.2979245880e+00  2.7201974505e-04  5.3934279363e-05  5.0808233756e-02  1.6347688722e-01  2.6715087006e-01  1.7424596767e-01  1.8701851355e-01  2.2162486428e-01  -1.7365140205e-01  2.6236015078e-01  6.0094747978e-01  4.1653761911e-01  3.0585078310e-01  1.0535658042e+00  
3.3964924685e+00  1.7386415390e-04  5.4561212199e-05  -3.3400926722e-01  4.1452098653e-01  5.2651164687e-01  1.4623470694e-01  -5.5258131318e-03  1.3275674124e-01  1.0131885224e-01  2.1191243048e-01  -5.3511924767e-01  3.4599092464e-01  5.9847733565e-01  1.1502029238e+00  
3.5151517939e+00  1.0212548711e-04  3.5173373160e-05  -4.1117675178e-02  2.3080991054e-01  -7.3251847128e-02  3.1063190785e-01  4.6045650310e-02  2.2255477759e-01  1.5981252488e-01  2.6157687715e-01  8.0654870605e-01  7.4879373052e-01  2.9015509690e-02  1.3116339037e+00  
3.5973141755e+00  1.0183877456e-04  3.5068312436e-05  1.8456691126e-01  2.4527207147e-01  7.6486611498e-02  3.0893177501e-01  -1.5799220588e-01  2.3254771272e-01  6.1799714211e-01  5.0021690411e-01  1.5702923575e-01  9.6786502688e-01  -1.7109814391e+00  3.0909380825e+00  
3.7166762634e+00  2.6606658710e-05  1.8340724732e-05  8.0139298967e-02  6.5157848218e-01  -9.2259687659e-01  4.9240604882e-01  1.2404685977e+00  3.7538824662e-01  1.7530326845e-01  4.8757262927e-01  -1.0760242970e+00  1.9244844634e+00  2.0218760530e+00  3.6259089960e+00  
3.7928980488e+00  7.7064219672e-05  3.4214291077e-05  -4.0569727984e-01  2.8155823788e-01  2.4064478349e-01  3.3503195928e-01  6.6227484594e-01  4.4281904756e-01  3.0007557838e-01  3.1291203270e-01  7.3683374277e-01  6.4731671229e-01  -1.1720584000e+00  2.2878136669e+00  
3.8626754430e+00  2.7860412879e-05  1.9208845106e-05  5.0463518840e-01  1.0589649347e-01  -5.4208757066e-01  4.7136250573e-01  6.4848393258e-01  7.3430533122e-01  6.9933102550e-01  6.5146867956e-01  -1.2972121702e+00  2.0530586283e+00  -3.1470989587e+00  5.2271123566e+00  
3.9500000000e+00  0.0000000000e+00  0.0000000000e+00  nan  nan  nan  nan  nan  nan  nan  nan  nan  nan  nan  nan  
