#pT  dN/(2pi dy pT dpT)  dN/(2pi dy pT dpT)_err  vn{SP}  vn{SP}_err
1.0496332196e-01  3.3697383377e+02  4.8239874293e+00  -1.0870915240e-03  1.2599015303e-03  3.5987104157e-03  7.7935870110e-04  7.1937554116e-04  9.4101846544e-04  1.2899581986e-03  1.3556726542e-03  -8.7955051154e-04  1.8101829362e-03  2.3111475434e-04  1.7100335081e-03  
1.9963952373e-01  2.1867496232e+02  3.0698408968e+00  4.8762073847e-04  1.0882919442e-03  1.0874177695e-02  1.1890879123e-03  6.0531135434e-04  5.4485161014e-04  7.3205955959e-04  9.4922456811e-04  -8.0759621645e-04  1.4808285206e-03  -8.6848956728e-04  1.3017980181e-03  
2.9824260714e-01  1.2721028321e+02  1.8017923380e+00  4.7884987531e-04  1.2411186526e-03  2.0281877387e-02  1.7715475211e-03  4.1555366224e-03  7.0123568429e-04  1.4536812797e-03  1.2193864768e-03  1.2053379922e-04  8.8222063462e-04  -1.5414624241e-03  1.4407230219e-03  
3.9770350625e-01  7.4384116169e+01  1.0861569749e+00  2.9150165488e-03  1.5974787998e-03  2.8374709444e-02  2.0020047771e-03  7.8146011990e-03  1.1700998625e-03  1.2876281421e-03  1.0625677986e-03  3.2807866680e-03  1.0911417492e-03  1.1413124300e-03  1.6519542839e-03  
4.9752761864e-01  4.4578086410e+01  6.5769406013e-01  1.9819575577e-03  1.4644887644e-03  3.5363885980e-02  2.5429986609e-03  8.8976835790e-03  1.2638709556e-03  2.6803886587e-03  1.6258080767e-03  -2.7102041541e-03  1.6785277609e-03  2.4332976382e-03  1.7735548803e-03  
5.9740302415e-01  2.7417026255e+01  3.9375664372e-01  6.7754275174e-04  1.9984806267e-03  4.2381785137e-02  3.8144543137e-03  1.1496372751e-02  1.4235192952e-03  6.5211662042e-03  2.1514766704e-03  2.7987983511e-04  2.4759416331e-03  -1.5320433690e-03  2.7654357601e-03  
6.9737618090e-01  1.7052663544e+01  2.5888249466e-01  4.4238339262e-03  2.0005219835e-03  4.6807080382e-02  3.5681830981e-03  1.2765476254e-02  2.1832223144e-03  4.7851392101e-03  2.4021498608e-03  2.2795660943e-03  2.9329035947e-03  2.2908923384e-03  2.1820318401e-03  
7.9717023364e-01  1.0758674007e+01  1.7464793383e-01  -1.6915863617e-03  1.9836860081e-03  5.1597961064e-02  3.9287723154e-03  1.8521735972e-02  2.7699733968e-03  2.6679846580e-03  2.9869267983e-03  1.6979139266e-04  2.9036047143e-03  -2.8571855314e-03  3.5909515219e-03  
8.9717007364e-01  6.8337644970e+00  1.1448306555e-01  1.6136095359e-03  2.8330335767e-03  5.8196437621e-02  4.6355427492e-03  1.8173933541e-02  2.8601837967e-03  3.7400345171e-03  2.2730693331e-03  8.2110541131e-03  3.3822529181e-03  3.0636091567e-03  4.2684504020e-03  
9.9717850206e-01  4.3796888645e+00  7.4581479970e-02  -2.1385067791e-03  4.3916187345e-03  5.7895056733e-02  4.4860554163e-03  2.3297579105e-02  2.8135807159e-03  5.1183970000e-03  3.4939419026e-03  1.5016155181e-02  2.9507964545e-03  -2.9418032319e-05  6.1486660141e-03  
1.0970555314e+00  2.8132009234e+00  4.9145195066e-02  2.3752118359e-04  4.3434669568e-03  5.6014448710e-02  5.1653386337e-03  2.4490930050e-02  3.9056153959e-03  9.2693755776e-03  3.3296731479e-03  5.8979523186e-03  6.2685543406e-03  1.1268656100e-02  5.5696204693e-03  
1.1970565670e+00  1.8311184683e+00  3.1622797212e-02  -3.1419264798e-03  4.6794539102e-03  7.1854112047e-02  6.0169458747e-03  1.8886199146e-02  4.3030017565e-03  7.3371541861e-03  4.9079539495e-03  -9.5930708195e-04  6.0280156866e-03  2.6319417249e-03  5.1002134250e-03  
1.2966658234e+00  1.1819843941e+00  2.1151620082e-02  -3.1319133375e-03  5.5783740041e-03  6.7879957526e-02  5.5579974098e-03  1.9713190371e-02  5.0199798180e-03  3.8628802034e-03  5.3335843245e-03  7.3056284950e-03  5.2618517597e-03  2.5496649031e-03  7.1492180206e-03  
1.3967395148e+00  7.7923750082e-01  1.5807540563e-02  3.6225775154e-03  6.3227346567e-03  7.2318408353e-02  8.1365454635e-03  3.2962737417e-02  4.8312377390e-03  8.2288718351e-03  7.6633103145e-03  1.3608734195e-02  1.1806309819e-02  -4.3676326714e-03  8.3383065522e-03  
1.4970030333e+00  5.0978330778e-01  1.1304332217e-02  -6.2627706818e-03  5.5282825203e-03  8.1991016011e-02  8.4121413720e-03  3.4406209932e-02  5.6463943422e-03  1.8494813541e-02  9.7968321374e-03  1.7126488292e-02  8.2332349798e-03  -1.4822235969e-02  1.2322008382e-02  
1.5970370657e+00  3.3872407772e-01  8.2935478441e-03  -6.7234347423e-03  9.6703992173e-03  7.6760466612e-02  7.5912777697e-03  2.5655570861e-02  7.0478351004e-03  9.5083053639e-03  9.0306895858e-03  1.2370682123e-02  1.0448324014e-02  -2.5823406918e-02  1.1698713306e-02  
1.6968109786e+00  2.2453746001e-01  6.0902392113e-03  1.1191265786e-02  1.3184482147e-02  7.9604331945e-02  9.5896111886e-03  3.3536986988e-02  9.6300006355e-03  2.8508208359e-02  1.0607635126e-02  -1.9639075944e-03  1.2830038387e-02  1.4631383885e-02  1.5475637757e-02  
1.7968998471e+00  1.4493459213e-01  4.4243905770e-03  -2.4536166029e-02  1.5226762535e-02  8.6834149862e-02  9.6654502815e-03  3.4457542613e-02  1.2678921875e-02  1.7342994823e-02  1.4137155795e-02  2.3913451371e-02  1.5556463640e-02  -2.5689802291e-02  2.3427395331e-02  
1.8974155061e+00  9.5606198535e-02  3.0374496733e-03  -2.4254796049e-02  1.2929578374e-02  8.8622986119e-02  1.4848339669e-02  2.8994148102e-02  1.4086326908e-02  3.1465348963e-02  2.1255500021e-02  9.2224811962e-05  1.6542272552e-02  2.6740983150e-02  2.6593195579e-02  
1.9969928834e+00  6.3887164596e-02  1.6088740100e-03  -7.3095651836e-03  1.6526264103e-02  1.1019278370e-01  1.5967375927e-02  4.4402193987e-02  1.4362126320e-02  -1.6007028933e-02  2.2151156975e-02  -1.4660655842e-03  1.9021160525e-02  -2.3083266673e-02  3.1240666984e-02  
2.0959678162e+00  4.1229061532e-02  1.4767221967e-03  3.2796062644e-02  2.5308071407e-02  8.3293389176e-02  2.1776574170e-02  4.6858174752e-02  1.4565628474e-02  2.5914319092e-02  1.8608440235e-02  4.3294158812e-02  3.4191352592e-02  -1.7910896478e-02  3.1417192863e-02  
2.1984144169e+00  2.9769121401e-02  1.1447799105e-03  1.2064178295e-02  2.3573569414e-02  9.3946079553e-02  2.1510036221e-02  3.3849862061e-02  1.6056205837e-02  6.5481342236e-02  2.0547948162e-02  -3.6186749189e-03  2.5609707454e-02  -3.6773843224e-04  3.0438991008e-02  
2.2970824444e+00  1.8876906874e-02  8.9226284969e-04  -3.3539421563e-02  2.4916810221e-02  1.0188535149e-01  1.7480449565e-02  3.5338094376e-02  2.6209348950e-02  1.2122667102e-02  3.0329366803e-02  2.3036966546e-02  3.7486876021e-02  1.4615377435e-02  4.3192840446e-02  
2.3962419840e+00  1.1835765706e-02  6.0603993782e-04  7.8815857239e-02  3.6684675107e-02  5.6109002351e-02  2.8638223593e-02  2.1172311886e-02  3.2801897072e-02  2.1000793278e-02  4.0913309038e-02  -2.8089811547e-02  4.3045256474e-02  -7.6716514889e-02  4.5225101492e-02  
2.4976238589e+00  9.3301614674e-03  4.9594422831e-04  2.1852239289e-02  3.6093656583e-02  1.2693632007e-01  3.2838353300e-02  1.1142310420e-02  2.6896138012e-02  1.9209144836e-02  4.2622774447e-02  1.2229272306e-01  3.9883159086e-02  -2.3049435958e-02  5.7817134678e-02  
2.5956375907e+00  5.4527196637e-03  3.4747655921e-04  -5.7472455382e-02  5.3069489357e-02  1.4386194143e-01  3.9238934114e-02  5.0338839517e-02  4.0147744906e-02  8.2461713994e-02  6.5061608892e-02  2.6046435204e-02  6.7553923970e-02  1.9639599067e-01  9.3566565348e-02  
2.6947532023e+00  3.8900450025e-03  2.9962592458e-04  -4.1673071487e-02  5.5679153904e-02  1.7645709285e-01  5.2169487624e-02  1.4008663705e-02  5.6423546343e-02  3.9695669950e-03  6.2544141371e-02  1.1135155681e-01  7.2142241987e-02  1.2111675751e-01  8.9089400119e-02  
2.7973347748e+00  2.7149572213e-03  1.8042154290e-04  -1.1007043546e-01  7.2625326007e-02  9.1526330910e-02  7.5132260203e-02  9.5566647844e-02  5.7046234761e-02  1.0325540360e-01  8.8993839061e-02  1.9366260103e-02  7.2133930820e-02  -7.5743838537e-02  8.8473822678e-02  
2.8903673367e+00  1.8486609498e-03  2.1456218524e-04  1.1228103590e-01  9.7673382451e-02  1.5648635746e-01  7.0613299868e-02  2.0367560386e-01  1.0907159931e-01  -6.4497867674e-04  9.7862436288e-02  5.6727294378e-02  7.3382120370e-02  1.5672040243e-01  1.1989088578e-01  
2.9965998680e+00  1.1078401658e-03  1.4995710887e-04  -1.0336211820e-02  1.2252558283e-01  2.0059069031e-02  1.3269747095e-01  1.1047470875e-01  1.3326145016e-01  1.1065453201e-01  9.5590436494e-02  1.8854291527e-01  1.3512126436e-01  -6.0646517370e-02  1.3276463092e-01  
3.1055480268e+00  6.2984179073e-04  9.7245384860e-05  4.1054018218e-02  1.4171865299e-01  1.0434885656e-01  1.0223902591e-01  5.0620632135e-02  7.9311371044e-02  -3.4496134867e-01  1.9265112835e-01  -8.6174163277e-02  1.8650090390e-01  1.7031662582e-01  1.9937421147e-01  
3.1951355838e+00  7.0378984400e-04  1.1004978508e-04  -5.5770332494e-02  1.0123728483e-01  8.6399651430e-02  1.3964241624e-01  -4.9780914644e-02  1.0814889844e-01  1.5612873001e-01  1.8597270277e-01  1.1032971990e-01  1.4108406903e-01  2.7511336024e-02  1.9081342632e-01  
3.2903615060e+00  4.3388564266e-04  8.4204929882e-05  -1.7585894257e-02  1.5242050619e-01  -1.7836428363e-01  1.7645883229e-01  3.0792392756e-01  1.2241263054e-01  -6.2085428050e-02  2.3215359597e-01  7.8010744659e-02  2.4069981146e-01  3.2139451751e-01  3.0031390427e-01  
3.3967324971e+00  3.4513971932e-04  6.5813566947e-05  2.4893428578e-01  2.1862916038e-01  1.5735831716e-01  1.6083796427e-01  -1.8862844706e-01  1.3006134707e-01  3.3935717036e-01  2.1584689343e-01  3.8786240006e-01  2.2356705574e-01  3.2627961266e-01  2.9788148568e-01  
3.4923933949e+00  1.4743766401e-04  4.6664555729e-05  -1.5390796843e-01  3.3977014651e-01  3.1937320195e-01  1.6580761667e-01  2.7411013586e-01  2.8285567587e-01  -2.0429264512e-01  3.5065484473e-01  1.6335923941e-01  4.2401981375e-01  -2.7717009664e-01  3.1708279938e-01  
3.5917236272e+00  1.2952854284e-04  3.8197900179e-05  -4.1172239088e-01  3.3778948647e-01  -1.8060286199e-01  3.1181556067e-01  2.2752909836e-02  2.2138403526e-01  1.6312169276e-01  3.3624021641e-01  -7.4727983223e-01  3.1829348714e-01  -2.2369510839e-01  5.0156466768e-01  
3.6904022937e+00  2.9755301977e-05  2.0512046369e-05  -6.9753787786e-01  3.5017106750e-01  -2.1282899983e-01  1.7556675017e-01  8.6000102292e-01  9.5702252060e-02  2.5016924787e-01  7.6919651124e-01  9.3648013204e-01  1.3017718549e+00  -4.7920095901e-01  1.1502828852e+00  
3.8241379281e+00  5.3214718026e-05  2.5342109454e-05  1.9766589353e-01  2.7477702369e-01  1.8596708134e-01  5.5780090931e-01  -2.1244406682e-01  4.5786496382e-01  9.7860258754e-02  7.6709816613e-01  6.1502296387e-01  2.6126150078e-01  -9.5441637523e-01  4.7187876502e-01  
3.8935384003e+00  6.8064067828e-05  2.8542743506e-05  1.4949537470e-01  5.2886402498e-01  4.8774391505e-01  2.4567884893e-01  2.5256850851e-02  5.9530594981e-01  3.5689704012e-01  5.1801721374e-01  -1.0808711037e-01  5.9085960247e-01  -8.5993229943e-02  5.0001836220e-01  
3.9872037400e+00  1.1470238800e-05  1.1325953323e-05  nan  nan  nan  nan  nan  nan  nan  nan  nan  nan  nan  nan  
