#eta  rn(eta)  rn_err(eta)  rnn(eta)  rnn_err(eta)
-7.0000000000e+00  0.0000000000e+00  0.0000000000e+00  0.0000000000e+00  0.0000000000e+00  0.0000000000e+00  0.0000000000e+00  0.0000000000e+00  0.0000000000e+00  0.0000000000e+00  0.0000000000e+00  0.0000000000e+00  0.0000000000e+00  0.0000000000e+00  0.0000000000e+00  0.0000000000e+00  0.0000000000e+00  0.0000000000e+00  0.0000000000e+00  0.0000000000e+00  0.0000000000e+00  0.0000000000e+00  0.0000000000e+00  0.0000000000e+00  0.0000000000e+00  
-6.9000000000e+00  0.0000000000e+00  0.0000000000e+00  0.0000000000e+00  0.0000000000e+00  0.0000000000e+00  0.0000000000e+00  0.0000000000e+00  0.0000000000e+00  0.0000000000e+00  0.0000000000e+00  0.0000000000e+00  0.0000000000e+00  0.0000000000e+00  0.0000000000e+00  0.0000000000e+00  0.0000000000e+00  0.0000000000e+00  0.0000000000e+00  0.0000000000e+00  0.0000000000e+00  0.0000000000e+00  0.0000000000e+00  0.0000000000e+00  0.0000000000e+00  
-6.8000000000e+00  0.0000000000e+00  0.0000000000e+00  0.0000000000e+00  0.0000000000e+00  0.0000000000e+00  0.0000000000e+00  0.0000000000e+00  0.0000000000e+00  0.0000000000e+00  0.0000000000e+00  0.0000000000e+00  0.0000000000e+00  0.0000000000e+00  0.0000000000e+00  0.0000000000e+00  0.0000000000e+00  0.0000000000e+00  0.0000000000e+00  0.0000000000e+00  0.0000000000e+00  0.0000000000e+00  0.0000000000e+00  0.0000000000e+00  0.0000000000e+00  
-6.7000000000e+00  0.0000000000e+00  0.0000000000e+00  0.0000000000e+00  0.0000000000e+00  0.0000000000e+00  0.0000000000e+00  0.0000000000e+00  0.0000000000e+00  0.0000000000e+00  0.0000000000e+00  0.0000000000e+00  0.0000000000e+00  0.0000000000e+00  0.0000000000e+00  0.0000000000e+00  0.0000000000e+00  0.0000000000e+00  0.0000000000e+00  0.0000000000e+00  0.0000000000e+00  0.0000000000e+00  0.0000000000e+00  0.0000000000e+00  0.0000000000e+00  
-6.6000000000e+00  0.0000000000e+00  0.0000000000e+00  0.0000000000e+00  0.0000000000e+00  0.0000000000e+00  0.0000000000e+00  0.0000000000e+00  0.0000000000e+00  0.0000000000e+00  0.0000000000e+00  0.0000000000e+00  0.0000000000e+00  0.0000000000e+00  0.0000000000e+00  0.0000000000e+00  0.0000000000e+00  0.0000000000e+00  0.0000000000e+00  0.0000000000e+00  0.0000000000e+00  0.0000000000e+00  0.0000000000e+00  0.0000000000e+00  0.0000000000e+00  
-6.5000000000e+00  0.0000000000e+00  0.0000000000e+00  0.0000000000e+00  0.0000000000e+00  0.0000000000e+00  0.0000000000e+00  0.0000000000e+00  0.0000000000e+00  0.0000000000e+00  0.0000000000e+00  0.0000000000e+00  0.0000000000e+00  0.0000000000e+00  0.0000000000e+00  0.0000000000e+00  0.0000000000e+00  0.0000000000e+00  0.0000000000e+00  0.0000000000e+00  0.0000000000e+00  0.0000000000e+00  0.0000000000e+00  0.0000000000e+00  0.0000000000e+00  
-6.4000000000e+00  0.0000000000e+00  0.0000000000e+00  0.0000000000e+00  0.0000000000e+00  0.0000000000e+00  0.0000000000e+00  0.0000000000e+00  0.0000000000e+00  0.0000000000e+00  0.0000000000e+00  0.0000000000e+00  0.0000000000e+00  0.0000000000e+00  0.0000000000e+00  0.0000000000e+00  0.0000000000e+00  0.0000000000e+00  0.0000000000e+00  0.0000000000e+00  0.0000000000e+00  0.0000000000e+00  0.0000000000e+00  0.0000000000e+00  0.0000000000e+00  
-6.3000000000e+00  0.0000000000e+00  0.0000000000e+00  0.0000000000e+00  0.0000000000e+00  0.0000000000e+00  0.0000000000e+00  0.0000000000e+00  0.0000000000e+00  0.0000000000e+00  0.0000000000e+00  0.0000000000e+00  0.0000000000e+00  0.0000000000e+00  0.0000000000e+00  0.0000000000e+00  0.0000000000e+00  0.0000000000e+00  0.0000000000e+00  0.0000000000e+00  0.0000000000e+00  0.0000000000e+00  0.0000000000e+00  0.0000000000e+00  0.0000000000e+00  
-6.2000000000e+00  0.0000000000e+00  0.0000000000e+00  0.0000000000e+00  0.0000000000e+00  0.0000000000e+00  0.0000000000e+00  0.0000000000e+00  0.0000000000e+00  0.0000000000e+00  0.0000000000e+00  0.0000000000e+00  0.0000000000e+00  0.0000000000e+00  0.0000000000e+00  0.0000000000e+00  0.0000000000e+00  0.0000000000e+00  0.0000000000e+00  0.0000000000e+00  0.0000000000e+00  0.0000000000e+00  0.0000000000e+00  0.0000000000e+00  0.0000000000e+00  
-6.1000000000e+00  0.0000000000e+00  0.0000000000e+00  0.0000000000e+00  0.0000000000e+00  0.0000000000e+00  0.0000000000e+00  0.0000000000e+00  0.0000000000e+00  0.0000000000e+00  0.0000000000e+00  0.0000000000e+00  0.0000000000e+00  0.0000000000e+00  0.0000000000e+00  0.0000000000e+00  0.0000000000e+00  0.0000000000e+00  0.0000000000e+00  0.0000000000e+00  0.0000000000e+00  0.0000000000e+00  0.0000000000e+00  0.0000000000e+00  0.0000000000e+00  
-6.0000000000e+00  0.0000000000e+00  0.0000000000e+00  0.0000000000e+00  0.0000000000e+00  0.0000000000e+00  0.0000000000e+00  0.0000000000e+00  0.0000000000e+00  0.0000000000e+00  0.0000000000e+00  0.0000000000e+00  0.0000000000e+00  0.0000000000e+00  0.0000000000e+00  0.0000000000e+00  0.0000000000e+00  0.0000000000e+00  0.0000000000e+00  0.0000000000e+00  0.0000000000e+00  0.0000000000e+00  0.0000000000e+00  0.0000000000e+00  0.0000000000e+00  
-5.9000000000e+00  0.0000000000e+00  0.0000000000e+00  0.0000000000e+00  0.0000000000e+00  0.0000000000e+00  0.0000000000e+00  0.0000000000e+00  0.0000000000e+00  0.0000000000e+00  0.0000000000e+00  0.0000000000e+00  0.0000000000e+00  0.0000000000e+00  0.0000000000e+00  0.0000000000e+00  0.0000000000e+00  0.0000000000e+00  0.0000000000e+00  0.0000000000e+00  0.0000000000e+00  0.0000000000e+00  0.0000000000e+00  0.0000000000e+00  0.0000000000e+00  
-5.8000000000e+00  0.0000000000e+00  0.0000000000e+00  0.0000000000e+00  0.0000000000e+00  0.0000000000e+00  0.0000000000e+00  0.0000000000e+00  0.0000000000e+00  0.0000000000e+00  0.0000000000e+00  0.0000000000e+00  0.0000000000e+00  0.0000000000e+00  0.0000000000e+00  0.0000000000e+00  0.0000000000e+00  0.0000000000e+00  0.0000000000e+00  0.0000000000e+00  0.0000000000e+00  0.0000000000e+00  0.0000000000e+00  0.0000000000e+00  0.0000000000e+00  
-5.7000000000e+00  0.0000000000e+00  0.0000000000e+00  0.0000000000e+00  0.0000000000e+00  0.0000000000e+00  0.0000000000e+00  0.0000000000e+00  0.0000000000e+00  0.0000000000e+00  0.0000000000e+00  0.0000000000e+00  0.0000000000e+00  0.0000000000e+00  0.0000000000e+00  0.0000000000e+00  0.0000000000e+00  0.0000000000e+00  0.0000000000e+00  0.0000000000e+00  0.0000000000e+00  0.0000000000e+00  0.0000000000e+00  0.0000000000e+00  0.0000000000e+00  
-5.6000000000e+00  0.0000000000e+00  0.0000000000e+00  0.0000000000e+00  0.0000000000e+00  0.0000000000e+00  0.0000000000e+00  0.0000000000e+00  0.0000000000e+00  0.0000000000e+00  0.0000000000e+00  0.0000000000e+00  0.0000000000e+00  0.0000000000e+00  0.0000000000e+00  0.0000000000e+00  0.0000000000e+00  0.0000000000e+00  0.0000000000e+00  0.0000000000e+00  0.0000000000e+00  0.0000000000e+00  0.0000000000e+00  0.0000000000e+00  0.0000000000e+00  
-5.5000000000e+00  0.0000000000e+00  0.0000000000e+00  0.0000000000e+00  0.0000000000e+00  0.0000000000e+00  0.0000000000e+00  0.0000000000e+00  0.0000000000e+00  0.0000000000e+00  0.0000000000e+00  0.0000000000e+00  0.0000000000e+00  0.0000000000e+00  0.0000000000e+00  0.0000000000e+00  0.0000000000e+00  0.0000000000e+00  0.0000000000e+00  0.0000000000e+00  0.0000000000e+00  0.0000000000e+00  0.0000000000e+00  0.0000000000e+00  0.0000000000e+00  
-5.4000000000e+00  0.0000000000e+00  0.0000000000e+00  0.0000000000e+00  0.0000000000e+00  0.0000000000e+00  0.0000000000e+00  0.0000000000e+00  0.0000000000e+00  0.0000000000e+00  0.0000000000e+00  0.0000000000e+00  0.0000000000e+00  0.0000000000e+00  0.0000000000e+00  0.0000000000e+00  0.0000000000e+00  0.0000000000e+00  0.0000000000e+00  0.0000000000e+00  0.0000000000e+00  0.0000000000e+00  0.0000000000e+00  0.0000000000e+00  0.0000000000e+00  
-5.3000000000e+00  0.0000000000e+00  0.0000000000e+00  0.0000000000e+00  0.0000000000e+00  0.0000000000e+00  0.0000000000e+00  0.0000000000e+00  0.0000000000e+00  0.0000000000e+00  0.0000000000e+00  0.0000000000e+00  0.0000000000e+00  0.0000000000e+00  0.0000000000e+00  0.0000000000e+00  0.0000000000e+00  0.0000000000e+00  0.0000000000e+00  0.0000000000e+00  0.0000000000e+00  0.0000000000e+00  0.0000000000e+00  0.0000000000e+00  0.0000000000e+00  
-5.2000000000e+00  0.0000000000e+00  0.0000000000e+00  0.0000000000e+00  0.0000000000e+00  0.0000000000e+00  0.0000000000e+00  0.0000000000e+00  0.0000000000e+00  0.0000000000e+00  0.0000000000e+00  0.0000000000e+00  0.0000000000e+00  0.0000000000e+00  0.0000000000e+00  0.0000000000e+00  0.0000000000e+00  0.0000000000e+00  0.0000000000e+00  0.0000000000e+00  0.0000000000e+00  0.0000000000e+00  0.0000000000e+00  0.0000000000e+00  0.0000000000e+00  
-5.1000000000e+00  0.0000000000e+00  0.0000000000e+00  0.0000000000e+00  0.0000000000e+00  0.0000000000e+00  0.0000000000e+00  0.0000000000e+00  0.0000000000e+00  0.0000000000e+00  0.0000000000e+00  0.0000000000e+00  0.0000000000e+00  0.0000000000e+00  0.0000000000e+00  0.0000000000e+00  0.0000000000e+00  0.0000000000e+00  0.0000000000e+00  0.0000000000e+00  0.0000000000e+00  0.0000000000e+00  0.0000000000e+00  0.0000000000e+00  0.0000000000e+00  
-5.0000000000e+00  0.0000000000e+00  0.0000000000e+00  0.0000000000e+00  0.0000000000e+00  0.0000000000e+00  0.0000000000e+00  0.0000000000e+00  0.0000000000e+00  0.0000000000e+00  0.0000000000e+00  0.0000000000e+00  0.0000000000e+00  0.0000000000e+00  0.0000000000e+00  0.0000000000e+00  0.0000000000e+00  0.0000000000e+00  0.0000000000e+00  0.0000000000e+00  0.0000000000e+00  0.0000000000e+00  0.0000000000e+00  0.0000000000e+00  0.0000000000e+00  
-4.9000000000e+00  0.0000000000e+00  0.0000000000e+00  0.0000000000e+00  0.0000000000e+00  0.0000000000e+00  0.0000000000e+00  0.0000000000e+00  0.0000000000e+00  0.0000000000e+00  0.0000000000e+00  0.0000000000e+00  0.0000000000e+00  0.0000000000e+00  0.0000000000e+00  0.0000000000e+00  0.0000000000e+00  0.0000000000e+00  0.0000000000e+00  0.0000000000e+00  0.0000000000e+00  0.0000000000e+00  0.0000000000e+00  0.0000000000e+00  0.0000000000e+00  
-4.8000000000e+00  0.0000000000e+00  0.0000000000e+00  0.0000000000e+00  0.0000000000e+00  0.0000000000e+00  0.0000000000e+00  0.0000000000e+00  0.0000000000e+00  0.0000000000e+00  0.0000000000e+00  0.0000000000e+00  0.0000000000e+00  0.0000000000e+00  0.0000000000e+00  0.0000000000e+00  0.0000000000e+00  0.0000000000e+00  0.0000000000e+00  0.0000000000e+00  0.0000000000e+00  0.0000000000e+00  0.0000000000e+00  0.0000000000e+00  0.0000000000e+00  
-4.7000000000e+00  0.0000000000e+00  0.0000000000e+00  0.0000000000e+00  0.0000000000e+00  0.0000000000e+00  0.0000000000e+00  0.0000000000e+00  0.0000000000e+00  0.0000000000e+00  0.0000000000e+00  0.0000000000e+00  0.0000000000e+00  0.0000000000e+00  0.0000000000e+00  0.0000000000e+00  0.0000000000e+00  0.0000000000e+00  0.0000000000e+00  0.0000000000e+00  0.0000000000e+00  0.0000000000e+00  0.0000000000e+00  0.0000000000e+00  0.0000000000e+00  
-4.6000000000e+00  0.0000000000e+00  0.0000000000e+00  0.0000000000e+00  0.0000000000e+00  0.0000000000e+00  0.0000000000e+00  0.0000000000e+00  0.0000000000e+00  0.0000000000e+00  0.0000000000e+00  0.0000000000e+00  0.0000000000e+00  0.0000000000e+00  0.0000000000e+00  0.0000000000e+00  0.0000000000e+00  0.0000000000e+00  0.0000000000e+00  0.0000000000e+00  0.0000000000e+00  0.0000000000e+00  0.0000000000e+00  0.0000000000e+00  0.0000000000e+00  
-4.5000000000e+00  0.0000000000e+00  0.0000000000e+00  0.0000000000e+00  0.0000000000e+00  0.0000000000e+00  0.0000000000e+00  0.0000000000e+00  0.0000000000e+00  0.0000000000e+00  0.0000000000e+00  0.0000000000e+00  0.0000000000e+00  0.0000000000e+00  0.0000000000e+00  0.0000000000e+00  0.0000000000e+00  0.0000000000e+00  0.0000000000e+00  0.0000000000e+00  0.0000000000e+00  0.0000000000e+00  0.0000000000e+00  0.0000000000e+00  0.0000000000e+00  
-4.4000000000e+00  0.0000000000e+00  0.0000000000e+00  0.0000000000e+00  0.0000000000e+00  0.0000000000e+00  0.0000000000e+00  0.0000000000e+00  0.0000000000e+00  0.0000000000e+00  0.0000000000e+00  0.0000000000e+00  0.0000000000e+00  0.0000000000e+00  0.0000000000e+00  0.0000000000e+00  0.0000000000e+00  0.0000000000e+00  0.0000000000e+00  0.0000000000e+00  0.0000000000e+00  0.0000000000e+00  0.0000000000e+00  0.0000000000e+00  0.0000000000e+00  
-4.3000000000e+00  0.0000000000e+00  0.0000000000e+00  0.0000000000e+00  0.0000000000e+00  0.0000000000e+00  0.0000000000e+00  0.0000000000e+00  0.0000000000e+00  0.0000000000e+00  0.0000000000e+00  0.0000000000e+00  0.0000000000e+00  0.0000000000e+00  0.0000000000e+00  0.0000000000e+00  0.0000000000e+00  0.0000000000e+00  0.0000000000e+00  0.0000000000e+00  0.0000000000e+00  0.0000000000e+00  0.0000000000e+00  0.0000000000e+00  0.0000000000e+00  
-4.2000000000e+00  0.0000000000e+00  0.0000000000e+00  0.0000000000e+00  0.0000000000e+00  0.0000000000e+00  0.0000000000e+00  0.0000000000e+00  0.0000000000e+00  0.0000000000e+00  0.0000000000e+00  0.0000000000e+00  0.0000000000e+00  0.0000000000e+00  0.0000000000e+00  0.0000000000e+00  0.0000000000e+00  0.0000000000e+00  0.0000000000e+00  0.0000000000e+00  0.0000000000e+00  0.0000000000e+00  0.0000000000e+00  0.0000000000e+00  0.0000000000e+00  
-4.1000000000e+00  0.0000000000e+00  0.0000000000e+00  0.0000000000e+00  0.0000000000e+00  0.0000000000e+00  0.0000000000e+00  0.0000000000e+00  0.0000000000e+00  0.0000000000e+00  0.0000000000e+00  0.0000000000e+00  0.0000000000e+00  0.0000000000e+00  0.0000000000e+00  0.0000000000e+00  0.0000000000e+00  0.0000000000e+00  0.0000000000e+00  0.0000000000e+00  0.0000000000e+00  0.0000000000e+00  0.0000000000e+00  0.0000000000e+00  0.0000000000e+00  
-4.0000000000e+00  0.0000000000e+00  0.0000000000e+00  0.0000000000e+00  0.0000000000e+00  0.0000000000e+00  0.0000000000e+00  0.0000000000e+00  0.0000000000e+00  0.0000000000e+00  0.0000000000e+00  0.0000000000e+00  0.0000000000e+00  0.0000000000e+00  0.0000000000e+00  0.0000000000e+00  0.0000000000e+00  0.0000000000e+00  0.0000000000e+00  0.0000000000e+00  0.0000000000e+00  0.0000000000e+00  0.0000000000e+00  0.0000000000e+00  0.0000000000e+00  
-3.8991656955e+00  0.0000000000e+00  0.0000000000e+00  0.0000000000e+00  0.0000000000e+00  0.0000000000e+00  0.0000000000e+00  0.0000000000e+00  0.0000000000e+00  0.0000000000e+00  0.0000000000e+00  0.0000000000e+00  0.0000000000e+00  0.0000000000e+00  0.0000000000e+00  0.0000000000e+00  0.0000000000e+00  0.0000000000e+00  0.0000000000e+00  0.0000000000e+00  0.0000000000e+00  0.0000000000e+00  0.0000000000e+00  0.0000000000e+00  0.0000000000e+00  
-3.8000000000e+00  0.0000000000e+00  0.0000000000e+00  0.0000000000e+00  0.0000000000e+00  0.0000000000e+00  0.0000000000e+00  0.0000000000e+00  0.0000000000e+00  0.0000000000e+00  0.0000000000e+00  0.0000000000e+00  0.0000000000e+00  0.0000000000e+00  0.0000000000e+00  0.0000000000e+00  0.0000000000e+00  0.0000000000e+00  0.0000000000e+00  0.0000000000e+00  0.0000000000e+00  0.0000000000e+00  0.0000000000e+00  0.0000000000e+00  0.0000000000e+00  
-3.6979956443e+00  -2.5435564241e-01  2.1172890058e+00  0.0000000000e+00  0.0000000000e+00  -7.7046386566e-02  3.4770432216e-01  0.0000000000e+00  0.0000000000e+00  5.3771532977e-02  1.8228385573e-01  0.0000000000e+00  0.0000000000e+00  -5.4262647355e-01  1.3227288071e+00  0.0000000000e+00  0.0000000000e+00  -8.2079828850e-03  5.1626291224e-01  0.0000000000e+00  0.0000000000e+00  -4.9123132820e+00  9.9367311416e+00  0.0000000000e+00  0.0000000000e+00  
-3.5965782862e+00  8.2863669422e-02  5.5378285189e-01  0.0000000000e+00  0.0000000000e+00  5.6800829943e-01  1.4404993028e+00  0.0000000000e+00  0.0000000000e+00  8.8248763883e+00  2.2117318571e+01  0.0000000000e+00  0.0000000000e+00  9.9217386906e-01  2.1600402465e+00  0.0000000000e+00  0.0000000000e+00  -1.6030456682e+00  2.9373061085e+00  0.0000000000e+00  0.0000000000e+00  -4.2255690893e+00  8.5321925923e+00  0.0000000000e+00  0.0000000000e+00  
-3.4903133990e+00  -5.1480119868e-02  1.0451601126e-01  0.0000000000e+00  0.0000000000e+00  -4.5070382185e-01  4.0477490664e+00  0.0000000000e+00  0.0000000000e+00  -5.9603507616e-04  8.0499825044e-04  0.0000000000e+00  0.0000000000e+00  -5.4521112818e-01  2.1683845763e+00  0.0000000000e+00  0.0000000000e+00  -2.1127313608e-01  4.8918207669e-01  0.0000000000e+00  0.0000000000e+00  4.7458003926e-01  2.9468840122e+00  0.0000000000e+00  0.0000000000e+00  
-3.3765386933e+00  6.5088172669e+01  5.4610477154e+02  -2.2071183140e+00  2.0825495753e+00  -4.0184578831e-01  1.3414947839e+00  -8.8684846730e-01  8.5744572361e-01  1.5554807639e-01  1.3988620232e+00  1.8250190168e+00  3.6746444200e+01  -7.5877644784e-01  1.8901089468e+00  3.9546353641e+00  1.8649919522e+01  -3.4294980600e-01  2.5838959588e+00  -3.6471165121e-01  5.1589625636e+00  7.4904552437e-01  9.3090452640e-01  -6.9693483359e-01  7.2108814725e-01  
-3.2692868942e+00  -4.4364191872e-01  6.8866048062e-01  -1.1755336446e+00  6.5940703039e+00  7.9101015467e-01  5.2493867666e+00  1.6868903611e+00  1.8123089578e+00  -3.7211669235e-01  9.6008838168e-01  -1.0684196636e+00  7.8981278180e-01  -6.4191130040e-03  3.9342365901e-01  7.8035436892e-01  1.5818895241e+00  -2.2316539038e+00  1.6921379606e+01  -7.2131280160e-02  4.4702170000e-01  -2.4337039291e+00  1.4195602796e+01  -1.0502925038e+00  6.2808294442e-01  
-3.1596241370e+00  7.4422136971e-01  8.1780815974e-01  -1.1150440301e+00  1.6870219594e+00  5.5331041620e+00  2.8910563920e+01  1.2259070067e+00  1.7626384219e+00  -1.4913971563e+00  2.5065283969e+00  -9.9952104428e-01  1.2065428039e+01  4.4415863688e-01  2.0907696386e+00  9.7829043966e-01  4.9209092440e-01  1.7131081848e+00  2.9774691993e+00  -3.6280450210e+00  7.4771709479e+01  6.1784740360e+00  9.5829342171e+01  8.2914183289e-01  7.2173941647e+01  
-3.0564053367e+00  -2.5890140327e+00  3.4502069759e+00  -1.7251751075e-01  5.7984614238e-01  1.8460421306e+00  6.6279644542e+00  2.3962737986e-01  1.3884452605e+00  2.0646292246e+00  5.0901239432e+00  1.9738629555e+00  1.0527618486e+01  -1.1543372085e+00  5.6256618611e+01  -9.5088892028e-01  4.6425932454e+00  -3.5878925380e+00  1.5055594480e+02  2.9978196016e-01  1.6121668485e+00  2.8068925902e+00  1.4843036198e+00  -7.3504209288e-01  1.0665944075e+01  
-2.9512440720e+00  6.3568908881e-01  3.9164816383e+00  3.2815228633e-01  9.4880094279e-01  -1.6793076742e+01  1.5326350878e+02  -1.5772176884e+00  3.1305835555e+00  7.7410410567e-01  1.4028430242e+00  -8.9995412502e-01  2.5690019464e+00  -2.5119838091e+00  7.5175618329e+00  2.4454694650e+01  8.7485142746e+02  8.1335742590e-01  1.1508054348e+00  4.1229820867e+00  4.5371037105e+01  4.9163644500e+00  3.7646147090e+01  -1.6499537804e+00  1.9363608589e+01  
-2.8515812080e+00  6.4241846399e+00  3.4724108368e+01  -9.0295313709e-01  8.1308542093e-01  -7.4106826504e+00  9.9354870248e+00  3.1965490952e-01  7.0238318499e-01  1.9353325352e+00  3.7684781778e+00  8.6724022169e-01  6.2678137883e+00  -2.5220531279e+00  1.8806800499e+00  -3.1827497265e+00  9.9049747167e+02  -6.6596092116e-01  5.0714013662e-01  2.1870171875e-01  1.3951749499e+00  -4.3413240453e+00  9.1697112414e+00  6.8487757457e+00  4.1936572559e+01  
-2.7508959755e+00  3.2164828863e+00  3.1878946914e+00  6.8918707717e-01  3.6430476570e+00  1.8314479438e+01  6.2989193910e+01  2.7858483842e+00  1.1453262777e+01  1.1044655083e+01  1.2070730490e+02  2.3754302764e+00  4.5616302755e+01  6.2532908094e+00  8.3022946575e+01  4.9407310730e-01  1.0657150988e+00  1.5195607937e+01  4.1021703389e+01  2.9383352073e+00  2.2712563333e+01  -6.5636803673e+00  1.6297945375e+01  6.5442690189e+00  5.6695088375e+01  
-2.6498106460e+00  -4.1445315792e+00  5.1257619309e+00  -1.3993876482e+00  3.9428100409e+00  -7.7789779923e+00  1.5462950777e+01  9.6627903447e-01  1.0192449108e+00  -3.2720575180e+00  3.1420063135e+00  5.3998084203e-01  2.4176037779e+00  -1.5108492505e+00  3.3275726772e+00  2.7535102473e-01  8.7619413257e-01  -2.1098676810e+01  1.3465943797e+02  1.1649907660e+00  2.0895166767e+00  1.1251119852e+01  2.9591567809e+01  -4.8578795699e+00  6.0985308236e+01  
-2.5492769337e+00  3.5368159829e+01  2.9406111542e+02  2.6671426396e+00  2.1608758317e+02  3.3528606595e+00  3.0902718129e+00  -9.7764701506e+00  4.8976381471e+02  3.1893670123e+00  2.0321779316e+03  -1.1075888225e+01  6.4170998780e+02  3.4285887748e+00  3.2337403874e+00  1.8898974639e+00  5.3663066271e+00  3.8148935892e+00  1.8637310423e+00  -1.5459025227e+00  1.3860522952e+00  1.6580625146e+01  4.6948511960e+01  2.9449807580e+00  5.3174204760e+00  
-2.4505574555e+00  4.5941132225e+01  1.0833750301e+03  1.7756699587e+00  3.8204517981e+00  -1.0753959712e+01  1.7772740135e+01  -1.1045689414e+02  4.6033293126e+03  -6.2370166592e+01  9.4822489330e+02  -6.7151931830e-01  1.1778821387e+00  6.6400270787e+00  1.0050717891e+01  -2.1758228754e+00  2.0221090901e+01  8.2367232521e+00  5.7318653594e+01  1.1305792304e+00  2.2523127781e+00  4.9841357593e+01  1.2627381476e+03  9.2695430967e-01  5.5500037095e+01  
-2.3493782190e+00  4.4083609956e+00  4.2130606637e+01  -8.4998231672e-01  4.0630752032e-01  -2.3420087732e+00  4.5095948113e+00  -4.0850653043e-01  1.6423647132e+01  1.1036648264e+00  6.2167356441e-01  -1.8278545061e+00  8.1460462182e+01  1.0275379848e+00  1.4338465908e+00  1.2832694875e+00  4.6863460086e+00  -1.7678606701e+00  2.3894392128e+00  -3.5473172165e-01  9.1844342698e-01  -2.9379787905e+00  4.4443570933e+00  4.1454779479e-01  1.9612054653e+00  
-2.2498997843e+00  -1.1501930541e-01  5.3691370000e-01  -1.2545565687e+00  3.2890603690e+01  4.7562719607e+00  7.0983315881e+00  -3.5784001588e+00  5.6935921173e+00  -2.3476490041e-01  9.0938205638e-01  -2.5197470380e-02  4.6906192711e-01  2.7393851738e+00  9.9936605251e+00  2.1589328691e+00  9.7410924432e+00  3.5337490363e-01  6.6870870102e+01  -8.9908423185e-01  5.3407042816e-01  -4.9264892597e+00  1.8276341033e+01  -4.7201419283e-01  6.7914624464e+00  
-2.1507185927e+00  -1.0437475455e+00  8.1670622143e+01  -9.8973285001e-01  1.4794066702e+00  4.0741612754e+00  7.9919988232e+01  -2.4252431415e-01  7.8034935608e-01  -1.6661329521e+00  1.2783927682e+00  2.5524632766e+00  7.8520367345e+01  8.4921692188e-01  1.0381365172e+00  9.0291891871e-01  1.2252932251e+00  1.5768585776e-01  7.1189372968e-01  3.2440983269e+00  2.5564280573e+01  -2.9483447667e-01  9.5203200049e-01  8.5211128508e-01  2.3993465948e+01  
-2.0504017643e+00  -2.9784887681e-01  1.2092371488e+00  -3.2572043463e-01  1.5207087028e+01  9.4253468265e-01  9.2399675219e-01  5.2323585684e-01  4.0175990735e+00  -1.4190707894e+00  8.1549439326e+00  2.9162271521e-01  1.0692593073e+00  -2.3567796745e-01  3.5060451807e+00  5.2914062132e+00  4.9276886486e+01  -1.1834251640e+00  8.6288951111e-01  -2.8014900500e+00  5.1751756030e+00  -1.0375264658e+00  1.7063546457e+00  -1.1461478058e-01  2.0192301105e+00  
-1.9503644320e+00  4.3053718420e+00  5.5349499195e+01  2.6173411160e-01  2.4141234093e+00  5.8050139730e-01  6.2426072922e+00  -4.4830046540e+00  1.2985038437e+01  1.3951512356e+00  1.5677261907e+00  -7.4742335045e+01  2.2020315874e+03  -5.3932037742e+00  1.3043627909e+02  2.0251207928e+00  2.3130128524e+00  -3.3939053465e+00  6.0699789144e+02  -5.7419142772e-01  4.6244870095e-01  -1.3901395053e+00  3.7581488602e+01  -1.5671361694e+00  2.0036605681e+00  
-1.8509499455e+00  2.8128530917e-01  6.7968324237e-01  -6.7510745129e-01  1.8592663533e+00  7.8133639937e-01  9.7534928733e-01  -2.2589891700e+00  1.5558596707e+01  2.3048627078e-01  6.2973203351e-01  -7.2292663610e-01  5.4535039775e+00  -1.1634475549e+00  2.2516510033e+00  2.8874040161e+00  1.1450256840e+01  -1.5258827625e+00  8.0869605252e+01  -4.9073563714e-01  3.8518597157e+00  -6.8014300866e-01  3.4169041384e+00  2.4651138075e+00  1.0165191682e+01  
-1.7508216150e+00  -7.3337413037e-01  2.4373050277e+00  -9.3181188080e-01  6.7152178354e-01  7.0798646989e-01  1.3208934050e+00  7.1098656062e+00  1.1345295850e+02  3.7410475163e+00  8.8320561407e+01  5.8705183157e+00  1.6890426902e+02  4.3421226344e-01  7.4670543218e-01  -2.1116402297e-01  5.1033513552e+00  1.7770040544e+00  5.6898521459e+01  -2.5715846660e-01  4.2621142080e+00  7.4806261204e-01  2.1856025280e+00  -2.4293373609e+00  2.6773302265e+00  
-1.6499487125e+00  4.9595487272e+00  9.7535274149e+01  -4.1244074664e+00  2.0705942934e+01  -7.0497811737e-01  8.9800930138e-01  -4.1438936128e+00  1.9942046962e+01  2.9960926772e+00  7.9944887519e+01  -5.4072817272e-01  1.1958858454e+00  1.2634044352e+00  7.4522478436e+01  6.5143334632e-02  6.0229741786e-01  3.8531645301e+00  1.0210456461e+01  -2.4934428049e+00  4.1299338438e+00  3.1086426681e+00  3.5608717487e+00  4.2058038075e-01  1.4722808692e+00  
-1.5505028943e+00  1.9909926585e-02  1.6192658184e+00  -7.5570683392e+01  2.2877532975e+03  1.8592050362e+00  3.5437610102e+00  -2.3649438192e+00  2.9610989171e+00  -3.5536071655e-01  1.5786001476e+00  -1.2903711487e+01  1.9548628865e+02  5.2651742279e-02  7.8647496600e-01  4.4076324351e+00  4.5831289764e+01  5.1471748406e-01  1.3494857583e+00  1.2218100157e+00  9.4311399100e+00  -1.1094464639e+00  1.7596895187e+01  -3.1505581394e-01  7.7750195975e+00  
-1.4505259035e+00  -5.1277068585e+00  1.1077866467e+02  -6.6771644677e-01  6.8234982908e-01  9.1632526042e-02  1.9235659035e+00  4.7854071066e+01  1.9048059896e+03  -2.1623626776e+00  7.7705961707e+01  2.9997793740e-01  1.0922590429e+00  -1.1448515927e+00  1.0621725831e+01  2.4571578901e+00  2.9308646592e+01  1.7005126635e+00  4.2352353312e+00  -5.7260809786e-01  1.3424130527e+00  9.8111834059e+00  2.4026870536e+02  7.7561639866e-02  4.3611296929e-01  
-1.3508116675e+00  1.1702331803e+00  2.2836969401e+00  5.9176302150e-01  2.6710610568e+00  7.1361902198e-01  2.0930025834e+00  -1.0458781185e+00  1.1791852391e+00  -1.7477512681e+00  3.4550222036e+00  -1.2637097383e+00  1.0238890375e+00  2.1384379784e+00  1.8330590926e+00  7.7693560854e-03  5.1368575840e-01  8.3226898871e-01  2.2800715551e+00  2.1976042254e+00  7.5315096725e+00  6.9238962559e-01  2.6051317630e+00  -1.0831717541e+03  4.2707733683e+04  
-1.2507382380e+00  1.9402010995e+00  5.9938397423e+00  5.8634560068e-01  1.5019636419e+00  -1.9607022431e+00  1.1129441306e+01  4.8402725221e+00  3.1435631811e+01  -3.2624621942e-01  7.4050879346e-01  2.9861601499e-01  2.1294987983e+00  1.9349649554e+01  6.6052220047e+02  3.6288470946e-01  9.5963171890e-01  2.1881932492e-01  7.2235168046e-01  -3.2731772304e+00  4.9938276942e+01  -5.1015858584e-01  6.1173932097e-01  2.2599662100e-01  6.8988663190e-01  
-1.1505184672e+00  -7.7348864528e-01  5.9613917594e-01  -2.0714176628e-01  1.2460071100e+00  -3.2493709943e-01  6.1544483575e-01  -2.3841846600e-01  1.8969964851e+00  -1.9541400981e+00  5.8735005242e+01  -4.6222927234e-02  2.4956374608e-01  -2.2073440415e-01  4.1356867101e-01  4.0004990356e+00  1.7628448567e+02  -1.2247455610e+00  1.4139174422e+00  2.3593196583e+00  6.1235228542e+00  1.7360942835e+00  4.1116014869e+01  -1.6798948427e+00  2.6316576285e+00  
-1.0510181785e+00  -1.1522224400e+00  4.0261955678e+00  7.3134671256e+00  1.4479364180e+02  -7.7569636654e-01  7.1259111797e+00  -6.6277708256e-01  1.2369547142e+00  -1.6801607164e-01  2.1626674095e+00  6.9541391602e+00  1.2010958805e+02  -4.0165327891e-02  1.3579142338e+00  -1.1439695115e+00  2.0955989048e+00  -1.8239238129e-01  1.2244300223e+00  1.0596763919e+00  1.4503920029e+00  6.0153015523e-01  7.5356110872e-01  -1.9810219635e+00  2.6026110476e+00  
-9.5116277825e-01  -2.1152044129e+00  3.4032166924e+00  -2.4433142009e-01  1.0706337312e+01  -8.4181591264e-02  6.6167782844e-01  1.1197668206e+00  4.3462260866e+00  8.2883577661e-01  9.2971377850e-01  -2.4569811767e+00  5.3677428799e+00  -1.5372671863e+00  6.5513533384e+00  2.3267732453e+01  3.7804927614e+02  -6.6209912432e+00  1.8272139658e+02  1.6760172284e-01  3.5748488975e+00  3.4817315694e-01  7.2027273883e-01  1.0207612457e+00  1.8186322327e+00  
-8.5043107402e-01  7.2428052097e-01  6.4808878624e-01  9.2848320372e+00  9.4864243256e+01  8.2155695249e-01  8.8709785186e-01  -8.8849751045e-01  6.8226537587e-01  3.1304565582e-01  1.1812051934e+00  -4.2185536067e+01  1.0005540062e+03  8.0571616043e-01  1.9167704306e+00  3.4643844856e+00  1.4803789733e+01  -7.6996350540e+01  2.6272568491e+03  -2.7861362853e-01  1.1298748064e+02  -4.8545463942e-01  1.0423937281e+00  9.1584187720e-02  7.6032082507e-01  
-7.5117366110e-01  -1.5287271132e+00  1.0746513595e+01  -9.4636625832e-01  1.1454987575e+00  8.0055709886e-01  2.0967698794e+00  3.6649261133e+00  6.1924416232e+02  1.6768497883e-01  1.3548827913e+02  -4.1862786640e-01  6.5798375343e+00  -1.2495704843e+00  2.0063282606e+00  -4.3743026912e-01  2.8919375462e+00  4.4313682247e+00  2.8846432023e+01  -4.7450335089e+00  5.9366988342e+01  -2.3457400494e-01  5.3798132025e+00  5.8459010056e-01  1.1573685146e+02  
-6.4987994027e-01  -6.0770822896e-02  1.2603208048e+00  9.1661218743e-01  4.7885332374e-01  1.6381124902e+00  1.2053877564e+01  -2.3164547411e+00  4.3525680719e+00  -8.7107835217e-01  5.3458816937e+00  -9.4154835215e+00  4.3210314728e+01  -5.2500516468e+00  2.0400454150e+01  -1.4250832150e+00  3.2345680741e+00  -1.4318099371e+00  1.0968742036e+01  -3.1111897507e-02  1.0147238952e+00  2.4196480229e+00  7.1470761479e+00  -5.2076247611e-01  1.2883571510e+01  
-5.5034765768e-01  2.7907253338e+00  2.9306412429e+00  -2.6602040159e+00  4.5140440217e+00  2.8007885078e+00  5.5226199365e+01  -2.2950545095e-01  6.5916893149e-01  -6.5442305715e+00  2.3299594348e+02  -5.8296714916e-01  1.0950505076e+00  -7.0651133139e-01  5.7919622286e-01  4.5425916317e-01  5.0146231614e-01  3.9245821035e-01  4.7597583427e+00  -1.1530612578e+00  1.5285461060e+02  -2.0313560060e+01  8.4085871343e+02  -8.0347065351e-01  6.8552304506e+00  
-4.5101217243e-01  4.3330847017e-01  6.5851376188e-01  2.4453658000e-01  4.9522639725e-01  1.2798810669e-01  4.6996932420e+00  -1.2168095036e+01  3.5958621940e+02  -1.6427779497e-01  6.1004397877e-01  2.5074013745e-01  1.2303707171e+00  -1.2037302688e+00  4.9590679923e+01  2.5102311744e-01  6.4566888883e+01  6.0523140830e-02  1.4080960285e+00  3.9123464624e-01  4.7352677167e+00  2.9914781568e-01  4.8149754696e-01  4.2399518054e-01  5.5284460195e-01  
-3.5045755397e-01  4.4821959959e-01  1.2285184897e+00  -2.5652490245e-01  7.1824960989e-01  9.3960495412e-01  3.5447410817e+00  7.7869114283e-01  6.8371800584e-01  -1.5522322541e+02  5.7461801403e+03  4.0425749252e+00  1.5388691345e+01  -3.0621748173e+00  4.0870584233e+01  -6.5907821583e+00  6.8136314053e+01  1.8063761302e+00  1.9635911961e+00  -5.6531911822e-01  1.5473408640e+00  5.7197235645e-01  7.2460811526e+01  -5.8356687049e-01  8.8910294340e-01  
-2.5029124787e-01  -3.8529174514e-01  6.3516828613e-01  1.6205493856e+01  5.9112157679e+02  3.1790978556e+00  4.1924637266e+01  -6.5508318956e+00  3.3230316846e+01  -7.4789576822e+00  4.6310554821e+01  4.7008297420e-02  7.5200941589e-01  1.5258970417e+00  2.5985781135e+00  9.7846040414e-01  6.4309674203e-01  9.2979181259e+00  1.4464051278e+02  -6.9312882436e-01  1.7843083696e+00  -7.1462521773e-01  1.3286921496e+00  -1.3443697378e-02  6.1722724433e-01  
-1.5144365438e-01  2.3729481753e+02  8.4631768700e+03  -2.1932368732e+01  8.0917413226e+02  4.5270302797e-01  8.0794617188e-01  2.7559880945e-02  5.0688746382e-01  -1.1546047576e+00  2.0980314695e+01  3.4751789385e-01  1.4286700557e+00  5.8657231749e-01  2.0168671531e+01  -6.7150823594e+00  1.1765396292e+02  -2.7962534899e-02  8.4226490306e-01  -3.8898245639e-01  1.1812993608e+01  2.8847437407e+00  8.5348086238e+01  6.4948524826e+00  1.5760485735e+02  
-5.0740951655e-02  1.0075293159e-02  3.5481612600e-01  -2.1260063928e+00  9.3601472415e+00  1.8270341824e+00  1.8946561349e+01  -6.3747853550e-01  6.9821904109e+00  3.9142592565e-01  1.6553379902e+00  -7.4626254944e-01  2.2374502713e+00  -4.5749823417e+00  1.7426061175e+01  -4.9170906620e+00  4.3868586604e+01  -5.8840377378e-01  8.4227540649e+00  4.4098748388e+00  2.9275552880e+01  8.0278870181e-01  1.0342439320e+00  6.2631249322e-03  9.5066643764e-01  
5.0443006698e-02  1.0000000000e+00  1.7414503398e-13  1.0000000022e+00  6.7802922063e-08  1.0000000000e+00  4.6968579923e-13  9.9999999990e-01  6.5746126536e-10  1.0000000000e+00  9.3703801059e-11  9.9999999988e-01  4.1516502326e-10  1.0000000000e+00  5.4367537927e-12  9.9999999982e-01  1.4241924916e-09  1.0000000000e+00  4.4292218101e-11  9.9999999869e-01  2.8968651009e-08  1.0000000000e+00  1.8228256741e-11  9.9999999997e-01  1.5578765843e-11  
1.4973311578e-01  -1.1728151106e+02  4.5285483717e+03  -3.6868881253e-01  2.5186212869e+00  7.8799215611e-01  4.2572977479e+00  -1.2134612376e+00  1.7080850343e+00  3.2319674735e+00  2.7835581347e+01  -1.4705609031e+00  1.4056981460e+01  -2.5605523934e-01  4.8348293227e-01  -2.0274234149e-01  8.3240389851e-01  4.1508809976e+00  2.9793184022e+02  2.9904190964e-01  8.3979040749e-01  1.3113821640e+00  2.0715181200e+00  2.2664355134e+01  7.9577873810e+02  
2.4855676835e-01  5.7135472644e-02  4.7998796531e-01  -8.5214505279e-01  1.4953084181e+00  2.3562060957e+00  3.7707291620e+00  3.0791439281e+01  2.8179705973e+02  4.5895078407e+00  2.3273100428e+02  2.5428715209e+00  4.6750339539e+01  -2.7177611612e-01  1.3632713055e+02  -9.5587649874e-02  5.7032885268e-01  -7.5936402614e+00  2.4289772204e+02  -6.1392341676e+00  3.2416286937e+01  2.1247868352e-01  5.7506009840e+00  1.1617564907e-01  9.6182321509e-01  
3.4988297205e-01  -2.9496974053e+00  1.0557025823e+01  3.2503825555e-02  1.3747851411e+00  5.0797201197e-01  1.1095304319e+00  -1.2444137226e-01  1.8168770923e+00  -1.2819768122e-01  4.6967035542e-01  5.0743865104e+00  2.9677867339e+02  6.9431754251e-01  9.8180251916e-01  1.0348951961e+00  7.8631515601e-01  2.1681493967e-01  1.3207907249e+00  -1.5710205872e+00  2.2929696788e+00  -1.5646482515e+00  4.1562073619e+00  2.0018924219e+02  9.2978682565e+03  
4.4918477140e-01  2.4451985064e+00  1.5224435854e+01  -2.9978491434e+00  7.2572745356e+01  1.8229142262e+00  1.3402411627e+01  1.3065281124e+00  1.0127483618e+00  6.8870091575e-01  4.7140151668e+01  2.5498638341e-01  7.0744119752e-01  -3.0213700291e-01  1.2813047901e+00  -2.2018419813e-01  4.0791853791e-01  5.6881968799e-01  5.6176873193e-01  -1.2704387980e+00  1.4547621786e+01  3.9080565887e-01  1.7405865820e+00  -1.7837326996e+00  2.0347509393e+00  
5.4881086067e-01  2.4505720186e+00  4.0099837886e+00  4.8620465537e+00  2.4920726604e+01  1.4985393381e+00  7.1319490310e+01  -2.7499599940e-02  9.0402354483e-01  -1.4544471650e+01  2.9772798652e+02  1.5621972336e+01  4.6829386888e+02  -5.6776776182e-01  3.2294137974e+00  5.7400207821e-01  2.6230097234e+00  5.8493802950e+00  1.9321065858e+02  8.1159839063e-01  3.2485425937e+01  4.2146051837e+00  3.1454011595e+01  2.4775150724e+00  3.8861398049e+00  
6.5014201352e-01  3.6708119919e-01  3.3861848470e-01  -3.9568335994e-01  5.0227108967e-01  2.8057857113e-01  7.1489263089e-01  -4.3901573278e+00  1.3731925608e+01  -4.0463932268e-02  8.2689307415e-01  -7.8719008375e+00  2.3418932939e+02  -1.4428836127e+00  1.3411619874e+00  2.2684190560e+00  2.5776456047e+00  -6.6448694923e-01  8.2269555046e+01  4.6111298573e-01  2.4338659458e+00  3.5329599997e-01  1.4929976785e+00  -2.4262573544e+00  3.3219444639e+01  
7.4881160575e-01  -3.6806134700e+01  1.3128493880e+03  1.1011238856e+00  7.8483286979e-01  -2.8642302785e+01  1.1447152905e+03  -4.6826679965e-01  8.7603104271e-01  -1.5702820005e+00  5.3859483991e+00  -1.0786192687e-01  1.2975562334e+00  -2.4445653253e-01  6.3357287726e-01  -7.7450605083e-01  1.9005878968e+00  -6.7979835005e-01  1.9235486721e+00  -7.1345037152e+01  2.1745815120e+03  4.5912450285e-01  7.2823601849e-01  -1.2190939875e+00  3.0826873566e+01  
8.4926312538e-01  -8.7600569500e-01  2.4114767363e+00  -1.0852883616e+00  9.9603335425e-01  1.2817927192e+00  5.0595752592e+00  -5.0368975427e-02  1.3708221346e+00  -1.9853751373e-01  9.2479530680e-01  -2.5881176360e+00  2.3503730214e+01  -8.6929396115e-01  1.8977805484e+00  -1.8084823703e+00  2.0748087486e+01  3.1783428752e-01  8.2486922816e-01  -2.4038584891e-01  8.0979095085e-01  1.9161218629e+01  7.4914045772e+02  1.7560989123e-01  7.1942423091e+00  
9.4845073053e-01  1.4127141999e+00  1.4548624611e+00  1.3512587459e-01  1.3004108871e+00  1.2634161382e+00  1.7875322058e+00  -1.1460549381e+00  1.0891956317e+00  -8.3953492238e+00  3.4636933133e+02  -5.1212020298e-02  5.3875360973e-01  1.3908226042e+00  2.9638857958e+00  3.3690041344e-01  1.7176278081e+00  -1.6055897030e-01  6.4227732392e-01  1.8651144007e-02  1.3697869897e+01  -2.7703086852e+00  2.1858800402e+01  -1.0369351086e+00  3.8572596637e+02  
1.0488616187e+00  -5.0078932174e-01  7.5774983324e-01  -7.9939468721e-01  4.8341162589e+01  -1.0014196123e+01  2.0150678967e+02  1.0857180428e+00  3.6379561745e+00  1.2465460777e+00  1.4795399313e+00  -4.6936436237e-01  2.0338843017e+00  -1.4126008640e+00  2.2481665979e+01  5.3879746488e-02  6.7289006883e-01  -8.6660188281e-02  9.0156430089e-01  -2.3728368881e+00  1.9074840767e+02  3.2107700558e+00  7.1883410041e+00  1.0553136885e+00  1.9432176728e+00  
1.1493757507e+00  -4.4892762128e+00  1.3623922682e+02  2.7405264640e-01  7.6704560788e+00  -4.8728991656e-01  5.0192802055e+01  -1.3717843595e+00  3.5025771900e+00  -1.3079778411e+01  3.0019680497e+02  9.2914539758e-02  7.2832007359e-01  -9.9698651849e+00  2.4245874404e+02  -9.2816413206e-01  1.3855996568e+00  -2.7805427962e+01  6.4792099151e+02  9.8115650893e-01  1.2108278619e+00  1.7316769410e+00  2.2710668576e+00  -5.2136213600e-01  5.4273637277e-01  
1.2489251445e+00  -1.3108580614e+00  9.2791868418e-01  -3.4956140460e+00  2.7693405086e+01  -3.3849543916e+00  6.7192743564e+00  -4.6458374266e+00  8.2705800807e+01  7.8309357835e-01  5.1986503390e+01  -7.4832927254e+01  2.2309450718e+03  -5.1688940295e+00  1.5812517494e+01  1.4352535224e-01  8.7114617399e-01  -8.4973106719e-01  1.1809739234e+00  4.8076187795e-01  1.1363740226e+00  4.5372175195e-01  3.3283516477e+00  -6.3430387966e-01  1.0773096116e+00  
1.3488617438e+00  6.3362993553e-01  1.8777559844e+00  2.0314662457e+00  7.3941582350e+00  -6.4422070349e-01  1.4264342677e+00  2.8261770042e-01  7.1052649720e-01  -4.7107067132e+00  5.0405687236e+01  1.6651269864e+01  5.0091668177e+02  3.2367566990e-01  2.4499791525e+00  2.6776660338e+00  7.5697826300e+00  3.5217924534e+00  7.8933124372e+01  -2.5769656824e-01  1.0313834018e+00  -2.0628883605e+00  3.5238466029e+00  -3.8313422943e+00  2.5509596231e+02  
1.4486529862e+00  9.3764914844e-01  2.0313168887e+00  2.2543275970e+00  1.0537709396e+01  1.6401274774e+00  3.9264345338e+00  -1.0018864393e+00  1.9598124168e+00  -6.2976458091e-01  1.3238002582e+00  -8.0444992768e-01  6.5177876517e-01  4.7615200194e-01  3.9424124442e-01  5.2624169447e+01  1.2272872448e+03  1.2469655269e+00  5.0100977499e+00  4.6968923137e-01  1.6228567755e+00  1.6085732604e+00  2.0786846170e+01  4.1184608717e-02  1.0927516802e+00  
1.5487637817e+00  -1.5450672933e-01  1.3698901455e+00  -1.5312626331e+00  1.3402609636e+00  -6.4290744371e+01  3.4577768857e+03  2.3877822766e-01  2.1040543714e+00  -2.9360134173e-01  7.5754025788e-01  4.3227914408e+00  3.5520106930e+01  -3.6201055146e+00  1.3500609859e+02  3.3741951636e-01  7.4147850362e-01  6.6210303471e-01  1.2887330733e+00  -1.8891503952e+00  2.9609682644e+00  2.1775338592e-01  8.1291182635e-01  2.8611120850e+01  3.9993196374e+02  
1.6484378520e+00  7.5619851248e+00  2.2692507160e+02  3.9216820636e-02  1.2857914101e+00  5.9472271153e-01  1.4698768901e+00  -4.4164952214e-01  6.1419103586e-01  -5.3672019326e+00  6.9230400143e+01  -2.4588200305e+00  9.1129111152e+01  9.9064997335e+00  2.9580601437e+02  3.3676087797e-01  7.5446385843e-01  3.3800900010e+00  4.2959236518e+01  1.0589749575e+00  2.5251962926e+00  -9.3721139890e-01  1.1061974669e+01  -2.8524147725e+00  5.6644123981e+01  
1.7480251087e+00  3.6889131947e-01  1.4284855423e+00  -2.3843573005e-01  5.2598886269e-01  -1.4992778108e+00  2.7122081141e+00  -2.1560601064e-01  1.3932094634e+00  1.8497886294e-01  6.4253610591e-01  -2.3857448957e+00  1.4109364241e+01  1.2707736262e+01  4.3894977396e+02  1.1945385148e+01  3.5466484126e+02  2.9659279373e-01  6.1319646065e-01  -4.2568113107e-01  6.4048039894e-01  3.3382421384e-01  4.2549565895e-01  2.3637254763e+00  7.5814463726e+00  
1.8489844835e+00  -1.6246852846e+00  4.4660657005e+00  -1.0880388342e+00  8.2702353776e-01  1.5942545980e+00  4.7186584894e+00  9.8741878068e-02  1.0774896302e+00  1.5432366229e-01  1.8604281755e+00  -1.3663824620e-01  6.7464868749e+00  2.6205418274e+00  8.1855568536e+00  -2.4059733308e+00  1.6040554317e+01  4.1262430384e+00  3.0134795177e+01  1.8075131214e-01  2.2666483642e+02  1.5624090761e+00  3.9696966785e+00  -4.2293844282e-01  4.3308208039e-01  
1.9488941802e+00  4.4565896414e+00  1.7963285753e+01  -1.2575854828e+00  6.5667940796e+00  1.3355227138e+00  1.8887829850e+00  -8.7802078494e-02  1.7910456631e+01  6.4331291620e+00  5.1336488713e+01  -1.8424803034e+00  1.0815857449e+01  -9.9257365202e-01  3.6960453166e+00  1.3325113658e+00  3.7793681584e+01  -8.8079039021e-01  2.9815410437e+01  -1.6602407953e+00  2.5048836693e+01  -1.7472155046e+00  7.5115922467e+00  4.0453604223e-01  1.0975984131e+00  
2.0476994490e+00  3.2901345183e-01  9.2415590386e-01  5.9427811122e+00  1.2337309669e+02  1.5095172463e+00  9.8200703118e+00  -2.1280156447e-01  5.0149753694e-01  7.3914983433e-01  7.9504100054e-01  -2.1665496710e-01  7.5748114625e+00  -4.0298526344e-01  2.6532932988e+00  5.2095102891e-01  1.1127442747e+00  2.3108161507e-02  5.0145222176e-01  -1.7865265277e+00  2.3627424760e+00  -4.5634825525e-01  1.0174564162e+00  -6.6477530053e-01  9.2074938099e-01  
2.1479377065e+00  -5.6155847719e+00  1.7356002892e+02  7.8499643686e-01  2.9073849008e+01  1.0852134362e+00  9.8673153655e-01  2.5134373364e+00  1.6770217181e+01  -5.7455160963e-01  9.2942043680e+00  2.9531322594e+00  9.5302661148e+00  -1.5031693932e+00  1.4802126949e+02  1.8888542303e-01  1.3375554290e+00  -8.5669516114e-01  6.3710427450e-01  -3.2822984611e-01  1.2342161925e+00  -1.0502366993e+00  2.3556333270e+00  1.2615721810e+01  7.0357390290e+02  
2.2485176395e+00  4.8095288229e-01  5.0191287908e+00  -1.2593819070e+00  9.8404455921e+00  4.2193055964e-01  1.8345473168e+00  -4.9471197886e+00  1.4118004592e+01  -6.0864412093e-01  4.3844472472e-01  1.8384304137e-01  2.6159871317e+00  1.2256601335e+00  1.5970940346e+00  1.1635374005e+00  1.8550017827e+00  4.9568598631e+00  8.3067790385e+01  3.2974250400e-01  1.3190902511e+00  -4.7034232061e+00  2.1751001734e+01  5.8226560336e+00  8.8178539179e+01  
2.3494532235e+00  -9.2934104640e+00  4.7375459088e+01  -4.2812341137e-01  1.3684172966e+00  2.2149029163e-01  3.1974159545e-01  -2.9582660380e-01  4.5916216216e-01  -4.6697683930e+00  3.5678715955e+01  -1.2104993409e+01  2.5892103311e+02  4.6450133719e-01  1.5427821518e+00  3.7335933409e-01  2.8340620708e+00  5.4523510671e-01  1.4403151734e+00  -1.1228222075e+00  6.9965118556e-01  -2.3786442616e-01  4.4476098960e-01  -1.4233008477e+00  1.9275031112e+01  
2.4475963865e+00  3.2147095460e-01  5.7933765578e-01  -1.1832203694e+00  5.5736310986e-01  -4.5309715737e-01  6.3662595239e-01  -2.2350643514e+00  3.1995510285e+01  9.1403609640e-01  5.5909744237e-01  -4.2651027947e-01  9.6558517479e+00  1.0295518618e+00  1.6623914104e+00  8.8337863318e-01  1.6295329094e+00  -5.9796964930e-01  1.1258137940e+00  -3.6266948514e+00  1.8907957239e+01  -3.5332959248e-01  3.5603310348e-01  7.3271527566e+00  1.5706747248e+02  
2.5459818335e+00  2.1635645470e-02  1.7628559939e-01  6.1391025960e-01  1.3275207293e+00  -9.9051031403e-02  1.5180071666e-01  2.3607764213e-03  8.1226591704e-01  -1.4462523327e-02  1.5716549771e-01  -1.6172261098e+00  3.8280525662e+00  1.5845172759e-01  2.1342633813e-01  -4.4079681528e-01  1.0920113987e+00  1.1153954904e-01  2.6127337304e-01  9.4377725449e-01  1.5435275181e+00  2.9238815373e-02  2.1380280135e-01  -1.1589190113e-01  3.1926323750e+01  
2.6450839608e+00  2.9874144937e-02  2.0361939151e-01  -3.5371656917e-01  1.1223512356e+00  3.0380020694e-01  2.4958975801e-01  -2.4992217550e-02  4.2925518271e-01  4.3731244022e-03  1.9311275185e-01  -1.0155802531e-01  3.9842093609e-01  2.9729974221e-01  2.3908434320e-01  5.7129859321e-01  7.2646226689e-01  2.6367988420e-01  1.2463378485e-01  -6.5832700623e-01  5.1989045678e-01  6.9440814689e-02  1.4273033227e-01  3.6056516890e-01  4.9951120914e-01  
2.7464319388e+00  -2.4908671465e-01  2.5779386017e-01  -7.0744804312e-01  2.4281444201e+00  -1.3768842428e-01  1.9012247654e-01  1.0612435500e+00  1.0434126202e+00  -3.1231589551e-01  2.8081745275e-01  2.1918361543e+00  5.2508308615e+00  -7.1898996271e-01  1.2285902010e+00  3.7492118788e+00  1.3290494594e+01  -5.1988716627e-02  1.9982925702e-01  9.3603507794e-01  2.4450940137e+00  1.0090737407e-01  1.9623577234e-01  -1.8125432294e-01  5.8011537642e-01  
2.8430004315e+00  3.1818754654e-01  2.9771372967e-01  2.2736950108e+00  2.2548125323e+01  5.9009488652e-02  2.7126620631e-01  4.0574095447e-01  5.9157044500e-01  8.6617329279e-02  4.4393422787e-01  8.9262916373e-01  4.4439406691e+00  1.1464348405e-01  6.9530012396e-01  7.0241926173e+00  1.8861963872e+02  7.5947650537e-02  1.7831876363e-01  4.3074168998e-01  6.5515540985e-01  -1.6397317119e-01  2.1314627688e-01  1.9901914097e-01  6.3932482081e-01  
2.9415427428e+00  1.8593031677e-01  2.9994378152e-01  -1.1428003299e+00  1.6562180949e+00  -1.4178503323e-01  2.1446613588e-01  3.4391000499e+00  7.5532028050e+00  5.5426839350e-01  8.4697320078e-01  -9.6072874846e-01  7.0717540749e+01  -4.0229842384e-01  3.1062085380e-01  5.7561470089e-02  6.0928846938e-01  -1.5242530750e+00  1.1858796412e+00  4.8517953458e+00  2.4193377412e+01  -2.5077210473e-01  4.3670680229e-01  1.9794189131e-01  4.8136152292e-01  
3.0312484875e+00  -6.5422529819e+00  3.0676551094e+02  1.5270150114e+00  5.0357172321e+01  -8.7340288351e-02  2.3076429339e-01  -6.8066945861e-01  1.1328831566e+00  1.3893400859e+00  2.3387999537e+00  -1.2596042124e+00  3.7826889665e+00  -4.6444723719e-01  1.0091693438e+00  2.3302189994e-01  3.6016838131e+00  1.3356799516e+00  3.4537537711e+00  3.4903634027e-01  2.1682150117e+00  2.5954914066e-01  4.1795914774e-01  -9.5681764246e-01  3.3860281939e+00  
3.1268140857e+00  -3.9740154986e-01  3.5767498093e-01  -5.9394595380e+00  1.8445926226e+01  7.7321446339e-01  3.3807298763e+00  5.5238425201e+00  7.6728132096e+01  5.2354006597e-01  7.0231271621e-01  4.3522842453e-01  1.5808810087e+00  1.1051466418e-02  8.6354033215e+00  -7.7504744703e-01  2.3691305427e+01  -1.2284690376e-01  4.7964320962e-01  3.1760908072e+00  8.7972218882e+00  3.5894171078e-01  1.9945044444e-01  -9.9144859673e-01  1.4984866846e+00  
3.2172814085e+00  1.3927766592e+00  1.8467066329e+00  -9.3331397805e-01  1.1575332399e+00  2.2567392269e-01  4.4579085514e-01  8.6440737525e-01  1.5447582802e+00  -7.2372999593e-01  1.3762473661e+00  -7.7839264694e-01  1.4778984180e+00  5.7600807284e+00  1.0843234768e+02  1.0286919095e+00  5.2097592428e-01  6.1359448766e-01  7.3803173461e-01  -5.6875082424e-01  1.9559584102e+00  3.1621340260e-01  8.5750224811e-01  2.8365373715e-01  5.0063390068e+00  
3.3096811467e+00  -2.5044009079e+00  7.7009732123e+00  -7.6553664893e-01  1.3147930571e+01  1.5566699277e+00  7.6454999691e+00  6.3747960778e-01  1.7754320796e+00  -4.7522552852e+00  5.7811918554e+01  -9.5320794930e-01  9.8178356695e-01  -8.2517743417e+01  1.0289373882e+03  1.4828347348e+00  6.8472942084e+00  -5.8989791188e-01  1.4570317112e+00  -1.2436938426e+01  6.8248455448e+01  -5.0364665653e-01  1.0536784640e+00  -9.6083483412e-01  5.8828376269e-01  
3.4046019283e+00  9.5927674991e-03  7.0732687635e-01  -4.7124168958e-01  8.8550361294e-01  -1.0455523207e+01  2.6205554700e+02  -1.2378727332e+00  4.9468797457e+00  6.4292929938e+00  1.9459350114e+01  4.0855575990e-01  1.4080424487e+00  -1.6673033931e+01  5.9188419387e+02  -2.5571804049e-01  1.3123136992e+01  -2.8959042267e+00  1.3704903472e+01  -2.7606591226e+00  2.0686011336e+01  1.3826074995e+00  1.6162585145e+00  -1.5055562143e+00  3.2132816249e+00  
3.5013584575e+00  1.3582603051e+11  5.2972151906e+12  0.0000000000e+00  0.0000000000e+00  -7.7195076958e+10  3.0106080013e+12  0.0000000000e+00  0.0000000000e+00  1.9622180105e+11  7.6526503058e+12  0.0000000000e+00  0.0000000000e+00  -9.4039419381e+10  3.6675373558e+12  0.0000000000e+00  0.0000000000e+00  1.7827333653e+11  6.9526601250e+12  0.0000000000e+00  0.0000000000e+00  -8.5901860663e+09  3.3501725664e+11  0.0000000000e+00  0.0000000000e+00  
3.6000556510e+00  8.9071187425e+10  3.4737763090e+12  0.0000000000e+00  0.0000000000e+00  1.0802934838e+11  4.2131445867e+12  0.0000000000e+00  0.0000000000e+00  7.4119293696e+09  2.8906524541e+11  0.0000000000e+00  0.0000000000e+00  3.2184159460e+10  1.2551822189e+12  0.0000000000e+00  0.0000000000e+00  7.3514129670e+10  2.8670510571e+12  0.0000000000e+00  0.0000000000e+00  -1.5942400283e+10  6.2175361103e+11  0.0000000000e+00  0.0000000000e+00  
3.7006626160e+00  -1.0302639425e+11  4.0180293755e+12  0.0000000000e+00  0.0000000000e+00  6.5343352126e+10  2.5483907335e+12  0.0000000000e+00  0.0000000000e+00  1.0390900649e+11  4.0524512522e+12  0.0000000000e+00  0.0000000000e+00  2.7916791887e+10  1.0887548837e+12  0.0000000000e+00  0.0000000000e+00  -9.0446225911e+10  3.5274028179e+12  0.0000000000e+00  0.0000000000e+00  -9.8145723809e+09  3.8276832285e+11  0.0000000000e+00  0.0000000000e+00  
3.8000000000e+00  0.0000000000e+00  0.0000000000e+00  0.0000000000e+00  0.0000000000e+00  0.0000000000e+00  0.0000000000e+00  0.0000000000e+00  0.0000000000e+00  0.0000000000e+00  0.0000000000e+00  0.0000000000e+00  0.0000000000e+00  0.0000000000e+00  0.0000000000e+00  0.0000000000e+00  0.0000000000e+00  0.0000000000e+00  0.0000000000e+00  0.0000000000e+00  0.0000000000e+00  0.0000000000e+00  0.0000000000e+00  0.0000000000e+00  0.0000000000e+00  
3.9000000000e+00  -1.2854027094e+12  1.2854027094e+12  0.0000000000e+00  0.0000000000e+00  2.2227617794e+12  2.2227617794e+12  0.0000000000e+00  0.0000000000e+00  -1.2115075695e+12  1.2115075695e+12  0.0000000000e+00  0.0000000000e+00  -4.5910207200e+11  4.5910207200e+11  0.0000000000e+00  0.0000000000e+00  9.2746494567e+10  9.2746494567e+10  0.0000000000e+00  0.0000000000e+00  -1.9727274688e+12  1.9727274688e+12  0.0000000000e+00  0.0000000000e+00  
4.0000000000e+00  0.0000000000e+00  0.0000000000e+00  0.0000000000e+00  0.0000000000e+00  0.0000000000e+00  0.0000000000e+00  0.0000000000e+00  0.0000000000e+00  0.0000000000e+00  0.0000000000e+00  0.0000000000e+00  0.0000000000e+00  0.0000000000e+00  0.0000000000e+00  0.0000000000e+00  0.0000000000e+00  0.0000000000e+00  0.0000000000e+00  0.0000000000e+00  0.0000000000e+00  0.0000000000e+00  0.0000000000e+00  0.0000000000e+00  0.0000000000e+00  
4.1000000000e+00  0.0000000000e+00  0.0000000000e+00  0.0000000000e+00  0.0000000000e+00  0.0000000000e+00  0.0000000000e+00  0.0000000000e+00  0.0000000000e+00  0.0000000000e+00  0.0000000000e+00  0.0000000000e+00  0.0000000000e+00  0.0000000000e+00  0.0000000000e+00  0.0000000000e+00  0.0000000000e+00  0.0000000000e+00  0.0000000000e+00  0.0000000000e+00  0.0000000000e+00  0.0000000000e+00  0.0000000000e+00  0.0000000000e+00  0.0000000000e+00  
4.2000000000e+00  0.0000000000e+00  0.0000000000e+00  0.0000000000e+00  0.0000000000e+00  0.0000000000e+00  0.0000000000e+00  0.0000000000e+00  0.0000000000e+00  0.0000000000e+00  0.0000000000e+00  0.0000000000e+00  0.0000000000e+00  0.0000000000e+00  0.0000000000e+00  0.0000000000e+00  0.0000000000e+00  0.0000000000e+00  0.0000000000e+00  0.0000000000e+00  0.0000000000e+00  0.0000000000e+00  0.0000000000e+00  0.0000000000e+00  0.0000000000e+00  
4.3000000000e+00  0.0000000000e+00  0.0000000000e+00  0.0000000000e+00  0.0000000000e+00  0.0000000000e+00  0.0000000000e+00  0.0000000000e+00  0.0000000000e+00  0.0000000000e+00  0.0000000000e+00  0.0000000000e+00  0.0000000000e+00  0.0000000000e+00  0.0000000000e+00  0.0000000000e+00  0.0000000000e+00  0.0000000000e+00  0.0000000000e+00  0.0000000000e+00  0.0000000000e+00  0.0000000000e+00  0.0000000000e+00  0.0000000000e+00  0.0000000000e+00  
4.4000000000e+00  0.0000000000e+00  0.0000000000e+00  0.0000000000e+00  0.0000000000e+00  0.0000000000e+00  0.0000000000e+00  0.0000000000e+00  0.0000000000e+00  0.0000000000e+00  0.0000000000e+00  0.0000000000e+00  0.0000000000e+00  0.0000000000e+00  0.0000000000e+00  0.0000000000e+00  0.0000000000e+00  0.0000000000e+00  0.0000000000e+00  0.0000000000e+00  0.0000000000e+00  0.0000000000e+00  0.0000000000e+00  0.0000000000e+00  0.0000000000e+00  
4.5000000000e+00  0.0000000000e+00  0.0000000000e+00  0.0000000000e+00  0.0000000000e+00  0.0000000000e+00  0.0000000000e+00  0.0000000000e+00  0.0000000000e+00  0.0000000000e+00  0.0000000000e+00  0.0000000000e+00  0.0000000000e+00  0.0000000000e+00  0.0000000000e+00  0.0000000000e+00  0.0000000000e+00  0.0000000000e+00  0.0000000000e+00  0.0000000000e+00  0.0000000000e+00  0.0000000000e+00  0.0000000000e+00  0.0000000000e+00  0.0000000000e+00  
4.6000000000e+00  0.0000000000e+00  0.0000000000e+00  0.0000000000e+00  0.0000000000e+00  0.0000000000e+00  0.0000000000e+00  0.0000000000e+00  0.0000000000e+00  0.0000000000e+00  0.0000000000e+00  0.0000000000e+00  0.0000000000e+00  0.0000000000e+00  0.0000000000e+00  0.0000000000e+00  0.0000000000e+00  0.0000000000e+00  0.0000000000e+00  0.0000000000e+00  0.0000000000e+00  0.0000000000e+00  0.0000000000e+00  0.0000000000e+00  0.0000000000e+00  
4.7000000000e+00  0.0000000000e+00  0.0000000000e+00  0.0000000000e+00  0.0000000000e+00  0.0000000000e+00  0.0000000000e+00  0.0000000000e+00  0.0000000000e+00  0.0000000000e+00  0.0000000000e+00  0.0000000000e+00  0.0000000000e+00  0.0000000000e+00  0.0000000000e+00  0.0000000000e+00  0.0000000000e+00  0.0000000000e+00  0.0000000000e+00  0.0000000000e+00  0.0000000000e+00  0.0000000000e+00  0.0000000000e+00  0.0000000000e+00  0.0000000000e+00  
4.8000000000e+00  0.0000000000e+00  0.0000000000e+00  0.0000000000e+00  0.0000000000e+00  0.0000000000e+00  0.0000000000e+00  0.0000000000e+00  0.0000000000e+00  0.0000000000e+00  0.0000000000e+00  0.0000000000e+00  0.0000000000e+00  0.0000000000e+00  0.0000000000e+00  0.0000000000e+00  0.0000000000e+00  0.0000000000e+00  0.0000000000e+00  0.0000000000e+00  0.0000000000e+00  0.0000000000e+00  0.0000000000e+00  0.0000000000e+00  0.0000000000e+00  
4.9000000000e+00  0.0000000000e+00  0.0000000000e+00  0.0000000000e+00  0.0000000000e+00  0.0000000000e+00  0.0000000000e+00  0.0000000000e+00  0.0000000000e+00  0.0000000000e+00  0.0000000000e+00  0.0000000000e+00  0.0000000000e+00  0.0000000000e+00  0.0000000000e+00  0.0000000000e+00  0.0000000000e+00  0.0000000000e+00  0.0000000000e+00  0.0000000000e+00  0.0000000000e+00  0.0000000000e+00  0.0000000000e+00  0.0000000000e+00  0.0000000000e+00  
5.0000000000e+00  0.0000000000e+00  0.0000000000e+00  0.0000000000e+00  0.0000000000e+00  0.0000000000e+00  0.0000000000e+00  0.0000000000e+00  0.0000000000e+00  0.0000000000e+00  0.0000000000e+00  0.0000000000e+00  0.0000000000e+00  0.0000000000e+00  0.0000000000e+00  0.0000000000e+00  0.0000000000e+00  0.0000000000e+00  0.0000000000e+00  0.0000000000e+00  0.0000000000e+00  0.0000000000e+00  0.0000000000e+00  0.0000000000e+00  0.0000000000e+00  
5.1000000000e+00  0.0000000000e+00  0.0000000000e+00  0.0000000000e+00  0.0000000000e+00  0.0000000000e+00  0.0000000000e+00  0.0000000000e+00  0.0000000000e+00  0.0000000000e+00  0.0000000000e+00  0.0000000000e+00  0.0000000000e+00  0.0000000000e+00  0.0000000000e+00  0.0000000000e+00  0.0000000000e+00  0.0000000000e+00  0.0000000000e+00  0.0000000000e+00  0.0000000000e+00  0.0000000000e+00  0.0000000000e+00  0.0000000000e+00  0.0000000000e+00  
5.2000000000e+00  0.0000000000e+00  0.0000000000e+00  0.0000000000e+00  0.0000000000e+00  0.0000000000e+00  0.0000000000e+00  0.0000000000e+00  0.0000000000e+00  0.0000000000e+00  0.0000000000e+00  0.0000000000e+00  0.0000000000e+00  0.0000000000e+00  0.0000000000e+00  0.0000000000e+00  0.0000000000e+00  0.0000000000e+00  0.0000000000e+00  0.0000000000e+00  0.0000000000e+00  0.0000000000e+00  0.0000000000e+00  0.0000000000e+00  0.0000000000e+00  
5.3000000000e+00  0.0000000000e+00  0.0000000000e+00  0.0000000000e+00  0.0000000000e+00  0.0000000000e+00  0.0000000000e+00  0.0000000000e+00  0.0000000000e+00  0.0000000000e+00  0.0000000000e+00  0.0000000000e+00  0.0000000000e+00  0.0000000000e+00  0.0000000000e+00  0.0000000000e+00  0.0000000000e+00  0.0000000000e+00  0.0000000000e+00  0.0000000000e+00  0.0000000000e+00  0.0000000000e+00  0.0000000000e+00  0.0000000000e+00  0.0000000000e+00  
5.4000000000e+00  0.0000000000e+00  0.0000000000e+00  0.0000000000e+00  0.0000000000e+00  0.0000000000e+00  0.0000000000e+00  0.0000000000e+00  0.0000000000e+00  0.0000000000e+00  0.0000000000e+00  0.0000000000e+00  0.0000000000e+00  0.0000000000e+00  0.0000000000e+00  0.0000000000e+00  0.0000000000e+00  0.0000000000e+00  0.0000000000e+00  0.0000000000e+00  0.0000000000e+00  0.0000000000e+00  0.0000000000e+00  0.0000000000e+00  0.0000000000e+00  
5.5000000000e+00  0.0000000000e+00  0.0000000000e+00  0.0000000000e+00  0.0000000000e+00  0.0000000000e+00  0.0000000000e+00  0.0000000000e+00  0.0000000000e+00  0.0000000000e+00  0.0000000000e+00  0.0000000000e+00  0.0000000000e+00  0.0000000000e+00  0.0000000000e+00  0.0000000000e+00  0.0000000000e+00  0.0000000000e+00  0.0000000000e+00  0.0000000000e+00  0.0000000000e+00  0.0000000000e+00  0.0000000000e+00  0.0000000000e+00  0.0000000000e+00  
5.6000000000e+00  0.0000000000e+00  0.0000000000e+00  0.0000000000e+00  0.0000000000e+00  0.0000000000e+00  0.0000000000e+00  0.0000000000e+00  0.0000000000e+00  0.0000000000e+00  0.0000000000e+00  0.0000000000e+00  0.0000000000e+00  0.0000000000e+00  0.0000000000e+00  0.0000000000e+00  0.0000000000e+00  0.0000000000e+00  0.0000000000e+00  0.0000000000e+00  0.0000000000e+00  0.0000000000e+00  0.0000000000e+00  0.0000000000e+00  0.0000000000e+00  
5.7000000000e+00  0.0000000000e+00  0.0000000000e+00  0.0000000000e+00  0.0000000000e+00  0.0000000000e+00  0.0000000000e+00  0.0000000000e+00  0.0000000000e+00  0.0000000000e+00  0.0000000000e+00  0.0000000000e+00  0.0000000000e+00  0.0000000000e+00  0.0000000000e+00  0.0000000000e+00  0.0000000000e+00  0.0000000000e+00  0.0000000000e+00  0.0000000000e+00  0.0000000000e+00  0.0000000000e+00  0.0000000000e+00  0.0000000000e+00  0.0000000000e+00  
5.8000000000e+00  0.0000000000e+00  0.0000000000e+00  0.0000000000e+00  0.0000000000e+00  0.0000000000e+00  0.0000000000e+00  0.0000000000e+00  0.0000000000e+00  0.0000000000e+00  0.0000000000e+00  0.0000000000e+00  0.0000000000e+00  0.0000000000e+00  0.0000000000e+00  0.0000000000e+00  0.0000000000e+00  0.0000000000e+00  0.0000000000e+00  0.0000000000e+00  0.0000000000e+00  0.0000000000e+00  0.0000000000e+00  0.0000000000e+00  0.0000000000e+00  
5.9000000000e+00  0.0000000000e+00  0.0000000000e+00  0.0000000000e+00  0.0000000000e+00  0.0000000000e+00  0.0000000000e+00  0.0000000000e+00  0.0000000000e+00  0.0000000000e+00  0.0000000000e+00  0.0000000000e+00  0.0000000000e+00  0.0000000000e+00  0.0000000000e+00  0.0000000000e+00  0.0000000000e+00  0.0000000000e+00  0.0000000000e+00  0.0000000000e+00  0.0000000000e+00  0.0000000000e+00  0.0000000000e+00  0.0000000000e+00  0.0000000000e+00  
6.0000000000e+00  0.0000000000e+00  0.0000000000e+00  0.0000000000e+00  0.0000000000e+00  0.0000000000e+00  0.0000000000e+00  0.0000000000e+00  0.0000000000e+00  0.0000000000e+00  0.0000000000e+00  0.0000000000e+00  0.0000000000e+00  0.0000000000e+00  0.0000000000e+00  0.0000000000e+00  0.0000000000e+00  0.0000000000e+00  0.0000000000e+00  0.0000000000e+00  0.0000000000e+00  0.0000000000e+00  0.0000000000e+00  0.0000000000e+00  0.0000000000e+00  
6.1000000000e+00  0.0000000000e+00  0.0000000000e+00  0.0000000000e+00  0.0000000000e+00  0.0000000000e+00  0.0000000000e+00  0.0000000000e+00  0.0000000000e+00  0.0000000000e+00  0.0000000000e+00  0.0000000000e+00  0.0000000000e+00  0.0000000000e+00  0.0000000000e+00  0.0000000000e+00  0.0000000000e+00  0.0000000000e+00  0.0000000000e+00  0.0000000000e+00  0.0000000000e+00  0.0000000000e+00  0.0000000000e+00  0.0000000000e+00  0.0000000000e+00  
6.2000000000e+00  0.0000000000e+00  0.0000000000e+00  0.0000000000e+00  0.0000000000e+00  0.0000000000e+00  0.0000000000e+00  0.0000000000e+00  0.0000000000e+00  0.0000000000e+00  0.0000000000e+00  0.0000000000e+00  0.0000000000e+00  0.0000000000e+00  0.0000000000e+00  0.0000000000e+00  0.0000000000e+00  0.0000000000e+00  0.0000000000e+00  0.0000000000e+00  0.0000000000e+00  0.0000000000e+00  0.0000000000e+00  0.0000000000e+00  0.0000000000e+00  
6.3000000000e+00  0.0000000000e+00  0.0000000000e+00  0.0000000000e+00  0.0000000000e+00  0.0000000000e+00  0.0000000000e+00  0.0000000000e+00  0.0000000000e+00  0.0000000000e+00  0.0000000000e+00  0.0000000000e+00  0.0000000000e+00  0.0000000000e+00  0.0000000000e+00  0.0000000000e+00  0.0000000000e+00  0.0000000000e+00  0.0000000000e+00  0.0000000000e+00  0.0000000000e+00  0.0000000000e+00  0.0000000000e+00  0.0000000000e+00  0.0000000000e+00  
6.4000000000e+00  0.0000000000e+00  0.0000000000e+00  0.0000000000e+00  0.0000000000e+00  0.0000000000e+00  0.0000000000e+00  0.0000000000e+00  0.0000000000e+00  0.0000000000e+00  0.0000000000e+00  0.0000000000e+00  0.0000000000e+00  0.0000000000e+00  0.0000000000e+00  0.0000000000e+00  0.0000000000e+00  0.0000000000e+00  0.0000000000e+00  0.0000000000e+00  0.0000000000e+00  0.0000000000e+00  0.0000000000e+00  0.0000000000e+00  0.0000000000e+00  
6.5000000000e+00  0.0000000000e+00  0.0000000000e+00  0.0000000000e+00  0.0000000000e+00  0.0000000000e+00  0.0000000000e+00  0.0000000000e+00  0.0000000000e+00  0.0000000000e+00  0.0000000000e+00  0.0000000000e+00  0.0000000000e+00  0.0000000000e+00  0.0000000000e+00  0.0000000000e+00  0.0000000000e+00  0.0000000000e+00  0.0000000000e+00  0.0000000000e+00  0.0000000000e+00  0.0000000000e+00  0.0000000000e+00  0.0000000000e+00  0.0000000000e+00  
6.6000000000e+00  0.0000000000e+00  0.0000000000e+00  0.0000000000e+00  0.0000000000e+00  0.0000000000e+00  0.0000000000e+00  0.0000000000e+00  0.0000000000e+00  0.0000000000e+00  0.0000000000e+00  0.0000000000e+00  0.0000000000e+00  0.0000000000e+00  0.0000000000e+00  0.0000000000e+00  0.0000000000e+00  0.0000000000e+00  0.0000000000e+00  0.0000000000e+00  0.0000000000e+00  0.0000000000e+00  0.0000000000e+00  0.0000000000e+00  0.0000000000e+00  
6.7000000000e+00  0.0000000000e+00  0.0000000000e+00  0.0000000000e+00  0.0000000000e+00  0.0000000000e+00  0.0000000000e+00  0.0000000000e+00  0.0000000000e+00  0.0000000000e+00  0.0000000000e+00  0.0000000000e+00  0.0000000000e+00  0.0000000000e+00  0.0000000000e+00  0.0000000000e+00  0.0000000000e+00  0.0000000000e+00  0.0000000000e+00  0.0000000000e+00  0.0000000000e+00  0.0000000000e+00  0.0000000000e+00  0.0000000000e+00  0.0000000000e+00  
6.8000000000e+00  0.0000000000e+00  0.0000000000e+00  0.0000000000e+00  0.0000000000e+00  0.0000000000e+00  0.0000000000e+00  0.0000000000e+00  0.0000000000e+00  0.0000000000e+00  0.0000000000e+00  0.0000000000e+00  0.0000000000e+00  0.0000000000e+00  0.0000000000e+00  0.0000000000e+00  0.0000000000e+00  0.0000000000e+00  0.0000000000e+00  0.0000000000e+00  0.0000000000e+00  0.0000000000e+00  0.0000000000e+00  0.0000000000e+00  0.0000000000e+00  
6.9000000000e+00  0.0000000000e+00  0.0000000000e+00  0.0000000000e+00  0.0000000000e+00  0.0000000000e+00  0.0000000000e+00  0.0000000000e+00  0.0000000000e+00  0.0000000000e+00  0.0000000000e+00  0.0000000000e+00  0.0000000000e+00  0.0000000000e+00  0.0000000000e+00  0.0000000000e+00  0.0000000000e+00  0.0000000000e+00  0.0000000000e+00  0.0000000000e+00  0.0000000000e+00  0.0000000000e+00  0.0000000000e+00  0.0000000000e+00  0.0000000000e+00  
