#pT  dN/(2pi dy pT dpT)  dN/(2pi dy pT dpT)_err  vn{SP}  vn{SP}_err
1.0763362988e-01  1.2687745113e+01  2.0469973663e-01  1.6520654381e-03  2.4634745060e-03  3.3086589530e-03  2.3516287020e-03  -4.5021679676e-03  2.6162773714e-03  3.6248586112e-03  2.8384551129e-03  -4.7156681692e-03  3.8523098070e-03  3.8254251898e-03  4.5673141268e-03  
2.0324058169e-01  1.2475677315e+01  2.0453636729e-01  -3.0484385233e-03  2.2248206636e-03  5.1873855984e-03  1.8079498046e-03  4.1920531315e-03  1.8139272864e-03  1.5772699102e-03  2.8230895061e-03  8.4685216271e-04  2.6376112688e-03  1.5813769686e-03  3.7075563728e-03  
3.0131159125e-01  1.0952350834e+01  1.7630837698e-01  -1.2915784150e-03  1.8809501877e-03  1.3803490987e-02  1.7026208407e-03  3.0236372406e-03  1.7460128864e-03  1.9384877911e-04  2.3063365493e-03  3.6677391546e-03  2.5725262891e-03  -7.9449722865e-05  2.9436783252e-03  
4.0030873005e-01  9.0337593926e+00  1.4699006569e-01  2.6274156435e-04  2.1755515177e-03  2.8404182773e-02  1.7584750410e-03  7.4888007120e-03  1.6494219240e-03  2.2345930093e-04  2.7047427531e-03  -3.1933992782e-03  2.3002639462e-03  3.3556769566e-03  3.2579989933e-03  
4.9945009248e-01  7.0755172181e+00  1.2038920116e-01  1.9284924484e-03  2.2770118416e-03  3.7153849106e-02  1.9301993335e-03  6.7424307628e-03  2.1374067501e-03  2.9986912776e-03  2.2051463246e-03  -7.5696086165e-04  2.8138862010e-03  -7.1262424780e-04  2.8843115955e-03  
5.9894939347e-01  5.3309214159e+00  9.1989423413e-02  1.1078293939e-03  2.2902056343e-03  4.6941247758e-02  2.1726527477e-03  8.5032369161e-03  1.6884794453e-03  4.5699336387e-03  2.1843911040e-03  2.4239850634e-04  2.7662415031e-03  1.9818704942e-03  2.3253928183e-03  
6.9841039089e-01  3.8954157329e+00  6.8337051799e-02  5.3598641762e-03  2.6595952438e-03  5.4210589694e-02  3.0202234416e-03  1.3500868786e-02  1.8059542944e-03  6.4628448604e-03  2.3355009631e-03  -2.7007935984e-03  2.5453331265e-03  1.2863908969e-03  3.2546867803e-03  
7.9831519667e-01  2.7758943903e+00  5.0779449644e-02  1.8027289028e-03  2.9319721682e-03  6.2061949347e-02  3.5502022376e-03  1.6727972424e-02  2.1776805375e-03  9.2958309513e-03  2.7875923790e-03  2.1176285471e-03  2.6204705692e-03  5.5855694945e-04  3.4667178246e-03  
8.9800364513e-01  1.9384528451e+00  3.7480175618e-02  5.4986333120e-03  2.6185161170e-03  7.5534014989e-02  3.6696748694e-03  1.8392466784e-02  2.3147507014e-03  6.0016611329e-03  3.2501760343e-03  -1.3655959915e-03  3.2640246663e-03  1.8585524195e-05  4.2820256492e-03  
9.9789098764e-01  1.3514069087e+00  2.5372073361e-02  2.3690315000e-03  2.6629767549e-03  8.0688377745e-02  3.5904886479e-03  1.6749460321e-02  2.6002948330e-03  8.9375048659e-03  4.1137798729e-03  -5.8442376322e-03  3.0206121881e-03  1.1040689403e-02  5.0323540700e-03  
1.0976965999e+00  9.2655524302e-01  1.8491726250e-02  2.8073259821e-03  3.4202229352e-03  8.2906330148e-02  4.3586363892e-03  2.1992056989e-02  2.9885127328e-03  8.1553660396e-04  3.9051823725e-03  7.7570472687e-03  4.4766675928e-03  1.1728885411e-02  6.6253006781e-03  
1.1974101878e+00  6.3810673044e-01  1.3491514058e-02  -5.1281983085e-03  4.1974153296e-03  9.6041763937e-02  4.9440075809e-03  1.6329701856e-02  4.8068209853e-03  1.0597600200e-02  4.2600959702e-03  1.1574346409e-03  4.7564749602e-03  3.7816032825e-03  5.8961410106e-03  
1.2974355487e+00  4.2892509517e-01  9.1510489875e-03  -2.1096663497e-03  5.2149487875e-03  1.0566424626e-01  6.0902542981e-03  2.2641553138e-02  4.6407978628e-03  1.2078000322e-02  5.5522839544e-03  2.5243967471e-03  6.5708307356e-03  -4.2365881786e-03  6.9676022431e-03  
1.3973299403e+00  2.8922860531e-01  6.1196215715e-03  1.2050625229e-02  4.8874326039e-03  1.0568983162e-01  6.9331693331e-03  3.0760783595e-02  4.9958642097e-03  1.6510940240e-02  6.6029970716e-03  6.2870014156e-03  5.5224168200e-03  7.2090803961e-03  8.5690199060e-03  
1.4974311207e+00  1.9572087174e-01  4.4255608817e-03  -2.9913587076e-03  6.8015636628e-03  1.0467874482e-01  6.3489725137e-03  2.8854399795e-02  5.7590413018e-03  1.4388937145e-02  7.9807331444e-03  -5.7835469410e-03  8.1660325868e-03  2.8912205472e-02  1.1215197590e-02  
1.5974020225e+00  1.3234334046e-01  3.2924269201e-03  -2.4991828219e-03  8.0406899539e-03  1.1019526248e-01  9.1173554820e-03  2.1803120158e-02  7.6056255166e-03  2.4105773184e-02  9.0397950714e-03  -3.9489200449e-03  8.5257917786e-03  1.6416959706e-02  1.1357092527e-02  
1.6969861065e+00  8.9742516261e-02  2.3507330929e-03  -5.8998354536e-03  9.1137908849e-03  1.2269454216e-01  9.4415347750e-03  3.9552090583e-02  6.7496567729e-03  3.3238617539e-02  9.7833070781e-03  2.4819102148e-02  1.0688648883e-02  1.5983108946e-02  1.2093565634e-02  
1.7971221951e+00  6.0267799343e-02  1.5999838670e-03  -1.3422873914e-02  1.1544187667e-02  1.2434310384e-01  8.7316103372e-03  3.4805981673e-02  9.1146610177e-03  3.5184818108e-03  1.1638988371e-02  1.0355327004e-02  1.4021166666e-02  7.3904721720e-03  2.0255289160e-02  
1.8964375354e+00  4.0892626063e-02  1.1689331162e-03  -1.2982745167e-02  1.6694463775e-02  1.2846806069e-01  1.1034801588e-02  3.2295518154e-02  1.0706894158e-02  1.7932879004e-02  1.4745776639e-02  2.3767661233e-02  1.5683186113e-02  2.3596904773e-02  1.9493568019e-02  
1.9973455692e+00  2.7105502350e-02  9.0044548993e-04  -1.7333948372e-02  1.2818587077e-02  1.2238379051e-01  1.3672310431e-02  3.0265563277e-02  1.1578543333e-02  1.6111379723e-02  1.8435598019e-02  3.1104973850e-02  1.9692905800e-02  4.0653173903e-02  2.1281532741e-02  
2.0967260851e+00  1.7693986935e-02  5.8294567975e-04  -1.1014717872e-03  1.8457525292e-02  1.4543053186e-01  1.7311344276e-02  2.2133385310e-02  1.7681213100e-02  -5.7369535052e-03  2.1215584232e-02  1.2805682731e-03  2.3934749395e-02  4.9546313947e-02  3.6067547445e-02  
2.1977263549e+00  1.2291901551e-02  4.2609407994e-04  -3.8156459800e-02  2.0839269144e-02  1.5809978310e-01  2.0298843463e-02  4.3416037381e-02  1.6648063094e-02  7.8509415573e-03  2.3754264816e-02  2.4709698664e-02  2.6222452368e-02  5.3636500186e-02  3.2031283261e-02  
2.2970516443e+00  8.2669496422e-03  3.2732444981e-04  -4.1403928327e-02  2.4345465576e-02  1.5416984070e-01  2.2178845491e-02  1.5956924958e-02  2.4006742889e-02  3.4034435561e-02  2.8804102491e-02  4.7300415243e-02  3.5629838102e-02  -3.8397710898e-03  4.2878005081e-02  
2.3958003869e+00  5.5481557423e-03  2.5777119495e-04  -3.1077205041e-02  3.3798920227e-02  1.1530695074e-01  2.8249481427e-02  4.9621041744e-02  1.9398995978e-02  1.4901598845e-02  3.6611220855e-02  -2.2119733363e-03  3.1480044624e-02  2.1672736744e-02  5.3836043884e-02  
2.4951790917e+00  3.6148037191e-03  1.9706480589e-04  -3.7880770365e-04  3.9443810649e-02  1.7073386586e-01  3.1918636441e-02  2.5228963841e-02  3.3009372045e-02  1.0871881009e-01  4.9021227740e-02  7.5067340276e-02  4.4597974072e-02  7.8211684631e-02  5.3703270835e-02  
2.5969990819e+00  2.3348545356e-03  1.3766836488e-04  3.3693908328e-02  5.3916477428e-02  1.7605057584e-01  4.0176348833e-02  3.5152572441e-02  3.5450975647e-02  1.1847564212e-01  5.3104231568e-02  6.0861669883e-02  5.8334495341e-02  -2.4281291512e-02  6.2943475625e-02  
2.6959466210e+00  1.6128533520e-03  1.1894002767e-04  2.2947839532e-03  5.6770908748e-02  1.3825366453e-01  4.9052731441e-02  4.6465689669e-02  4.3773760335e-02  -1.9569767982e-02  5.4269476563e-02  3.0584158390e-02  8.0193290811e-02  1.8950368107e-01  7.6584675892e-02  
2.7962816748e+00  9.4553812222e-04  9.1084439369e-05  -1.3054449175e-02  6.6321144011e-02  1.4346970553e-01  5.3198575208e-02  -1.0231789364e-02  5.9125606907e-02  -1.4470297007e-01  8.0039029814e-02  2.5900065517e-02  1.0282185926e-01  9.2421547751e-02  1.0610435162e-01  
2.9010826956e+00  7.3759595913e-04  6.9069848805e-05  -7.3513760603e-03  6.0297904750e-02  7.8377112286e-02  7.4383097863e-02  1.6724376703e-01  6.5569128256e-02  6.6102152113e-03  9.9272876531e-02  -2.2140041723e-03  7.4535637238e-02  1.4414125038e-01  9.1804619560e-02  
3.0000925127e+00  5.3801497998e-04  5.3546555157e-05  7.2092365859e-02  9.4569778912e-02  9.6689284852e-02  6.2431141041e-02  1.1309855205e-01  8.9481827890e-02  -5.4061639046e-02  8.3755599651e-02  1.0553764566e-01  9.6711803978e-02  1.3372500944e-01  1.2898485669e-01  
3.0940916518e+00  3.5230052016e-04  5.1017295492e-05  -1.0064905220e-01  9.6887332111e-02  1.9112746175e-01  8.1067076424e-02  1.6719686041e-01  9.4610746286e-02  -1.1339782965e-01  1.2794965360e-01  -1.5136105055e-01  1.7308562480e-01  7.5977583385e-02  1.6877141636e-01  
3.2030368154e+00  2.2955697657e-04  3.8965888576e-05  6.9871715104e-02  1.0854330740e-01  1.1354900484e-01  1.2230875117e-01  -4.1587478104e-02  1.1309383574e-01  -1.1805462175e-01  1.4206215719e-01  1.5212214150e-01  1.4697704708e-01  -4.4144110416e-01  1.9866398702e-01  
3.2915274288e+00  1.3401111434e-04  2.5753666305e-05  1.0985097794e-01  1.5709722921e-01  3.6092303471e-01  1.3678207569e-01  4.8763329276e-01  1.1768776411e-01  -1.5509315078e-01  2.0993463608e-01  3.6721291116e-01  1.8910709408e-01  1.5452238504e-01  3.1011177441e-01  
3.3959830568e+00  8.6997478919e-05  2.1823879791e-05  1.0282040430e-01  1.7185426831e-01  1.6406018704e-01  1.9236086457e-01  1.5099184887e-01  1.9325225546e-01  -8.1324361549e-02  2.4587030206e-01  9.9150623238e-02  2.5943142600e-01  -2.4902501432e-01  3.7242889489e-01  
3.4856670871e+00  6.4881914988e-05  1.6678752202e-05  9.8897560271e-02  2.4478164820e-01  -2.0419884456e-02  1.5576595658e-01  7.5301008360e-02  2.9122648020e-01  3.0225377751e-02  2.8007169557e-01  3.2234818901e-01  3.0215933279e-01  -5.6838632695e-02  2.5877882939e-01  
3.6087016186e+00  4.4879996932e-05  1.5496111808e-05  4.3523099573e-02  2.7951184666e-01  6.5262353273e-01  2.1501408396e-01  4.3417815737e-01  2.3785578439e-01  -7.4270363855e-02  4.6043326046e-01  -4.9624850237e-01  4.3594842205e-01  -3.7267500132e-01  4.9508016031e-01  
3.6909548089e+00  2.0579808724e-05  8.9388827361e-06  1.2748471948e-01  6.7015533260e-01  1.5980531367e-01  3.4659256215e-01  -4.5081081637e-01  3.8872735527e-01  -1.3032488193e-01  5.1127807296e-01  -3.8594747123e-01  2.6621268379e-01  -6.2373881581e-01  5.4876496506e-01  
3.7776384263e+00  2.2680547676e-05  1.1682130766e-05  -2.1451315219e-01  5.7488362046e-01  2.0990131670e-01  2.9242007554e-01  3.6868663713e-01  3.7244425252e-01  5.9173317736e-02  5.4184739119e-01  7.9692324229e-01  1.7519327778e-01  3.8405978507e-03  2.0444991583e-01  
3.8577450405e+00  7.6608712433e-06  5.3503789427e-06  -3.1892730669e-01  3.0605412533e-01  6.8854247005e-01  1.8171862461e-01  -2.0948914138e-01  1.4699515031e+00  5.2931540953e-02  9.8704186513e-02  -5.2880071035e-01  9.2279238699e-01  1.4492934125e+00  3.3013706329e-01  
4.0475522000e+00  5.2198702346e-06  5.1875487459e-06  nan  nan  nan  nan  nan  nan  nan  nan  nan  nan  nan  nan  
