#pT  dN/(2pi dy pT dpT)  dN/(2pi dy pT dpT)_err  vn{SP}  vn{SP}_err
1.0992506033e-01  1.2805935157e-02  1.4492301295e-03  1.5460776420e-02  7.6444560870e-02  -4.3810230812e-02  8.2800326208e-02  7.0259399688e-02  9.0489566579e-02  -1.4307762500e-01  1.1047648783e-01  -2.3926188811e-01  1.1389301770e-01  4.5164994639e-02  1.7861733060e-01  
2.0161908670e-01  1.3401919564e-02  1.1145377577e-03  4.1431222798e-02  7.7081631395e-02  8.4108915215e-02  5.2304312612e-02  2.0766486800e-02  5.4272599574e-02  -5.3724149355e-02  6.2931179271e-02  3.8113975580e-02  1.0732982606e-01  -1.4117002593e-01  1.0202322634e-01  
3.0370579427e-01  1.4443222378e-02  9.6337136796e-04  6.1583970670e-02  4.1753442951e-02  3.7389301156e-02  4.9070132248e-02  -4.0418085878e-02  4.6062420452e-02  9.2566235402e-02  6.1552005009e-02  1.4545514186e-01  6.5017469238e-02  2.4472818651e-02  8.2172676932e-02  
4.0035511754e-01  1.3892191627e-02  8.3179221049e-04  -5.2829500192e-02  5.1992885876e-02  3.3876853589e-03  3.5748090586e-02  5.2213527270e-02  3.7418337983e-02  8.4550577850e-02  5.3228251650e-02  3.8554574055e-02  5.6338861771e-02  3.1168051250e-02  7.3573516861e-02  
5.0265496642e-01  1.4401425185e-02  7.3331144431e-04  -5.5250843585e-02  3.4628473620e-02  1.3492878801e-02  3.2010030933e-02  4.4514949504e-02  3.9749173560e-02  5.0677329523e-03  3.4942151669e-02  -3.1814284694e-03  4.7899326022e-02  5.9869070900e-02  6.6670892685e-02  
6.0024111202e-01  1.3152952901e-02  7.2221221995e-04  -1.2801541819e-02  4.0562360037e-02  4.5698625036e-02  3.2970658593e-02  -2.3065710218e-02  3.1354619925e-02  -2.4506963812e-02  4.6551971033e-02  1.8829250945e-02  5.3157194149e-02  -7.8795809313e-02  5.7751680457e-02  
6.9994880386e-01  1.3377469260e-02  5.6842262570e-04  5.4075595922e-02  3.9003985387e-02  3.1479119989e-02  2.8540771339e-02  -4.2977057432e-02  2.8654577240e-02  -2.8785009211e-02  3.7655932966e-02  5.6287052361e-04  4.5564141327e-02  2.7694873260e-02  5.8803714777e-02  
7.9752678549e-01  1.1779724915e-02  6.1094227535e-04  1.8059513303e-02  3.3542201836e-02  8.2857029100e-02  3.1400032014e-02  -2.5332106401e-02  3.3219950641e-02  3.7897753055e-02  4.6182527144e-02  -3.1495737451e-02  4.7342689926e-02  -1.3536368762e-01  5.9192404870e-02  
9.0195879759e-01  1.1072005990e-02  4.7308590381e-04  -1.0840979668e-02  2.9277096835e-02  7.8821107027e-02  3.1378069906e-02  -1.4948105222e-02  3.0987174328e-02  -3.0600312501e-02  4.4885549185e-02  -7.2995189926e-03  4.4544963489e-02  -4.6153912073e-02  6.6284676791e-02  
1.0011423689e+00  1.0723678620e-02  3.9743759483e-04  5.0001805221e-03  3.1742139895e-02  4.6043895030e-02  2.9260202739e-02  -2.5628245697e-02  2.8966068032e-02  8.5526220267e-03  4.7775606051e-02  2.0671237818e-02  4.7649503349e-02  -1.8266849475e-02  5.7344546165e-02  
1.1003019023e+00  8.6723053553e-03  3.6323928668e-04  -1.5380234977e-02  3.4974329841e-02  -6.7680582094e-03  3.6256328303e-02  6.1370747450e-02  3.3818687285e-02  5.2603611024e-02  4.3156500764e-02  1.1729850008e-02  3.7879518370e-02  1.3899652972e-02  6.5626610050e-02  
1.1986796455e+00  8.0782830561e-03  3.2604882625e-04  -1.9928228007e-02  4.1217505147e-02  2.0184551342e-02  2.7339936099e-02  -5.3908297193e-02  2.4791187781e-02  9.0729196840e-02  3.9863954844e-02  4.5374586279e-02  3.8810084814e-02  3.2986873702e-02  5.4222822644e-02  
1.3014537682e+00  6.8132834145e-03  3.0640629186e-04  -4.8360705570e-02  3.6750068613e-02  8.0895762805e-02  3.0538273583e-02  4.3778102356e-03  3.1626537207e-02  -8.3330614649e-03  4.0932283153e-02  -3.2911697778e-02  5.2935880941e-02  -3.3838689135e-02  6.1000223959e-02  
1.4005811666e+00  5.5784263178e-03  2.6088851405e-04  -3.6741218447e-02  3.7781169448e-02  6.5049938302e-02  3.0501248724e-02  -2.1362603026e-02  2.9926516057e-02  2.8202607616e-02  4.4426116184e-02  -2.3829256953e-02  4.5669847061e-02  1.0223863094e-01  6.5465031193e-02  
1.5010874409e+00  4.2818969655e-03  2.5789830270e-04  4.4889128994e-02  4.2611214029e-02  1.4225258527e-01  3.2925757170e-02  3.0441033491e-02  3.4572292687e-02  -2.6671000411e-02  5.1465848071e-02  1.1495809783e-01  6.0915660087e-02  1.5288995640e-02  7.5649664510e-02  
1.5970949899e+00  4.0017432077e-03  2.0058433185e-04  1.1972631309e-02  6.0282699017e-02  9.1040976235e-02  3.2475094855e-02  2.4004643054e-02  3.4856010002e-02  2.9410174012e-02  5.2642832423e-02  7.1770133249e-02  5.4465702477e-02  -1.1687139040e-01  7.1813380522e-02  
1.6973825478e+00  3.1595579665e-03  2.0294584952e-04  4.5352790514e-02  4.8689833719e-02  3.7941206833e-02  3.9377733411e-02  1.1870424086e-02  3.9106832756e-02  -4.3947669644e-02  5.3991172195e-02  1.4019956157e-02  6.5173063009e-02  -9.0068273238e-02  7.5622071222e-02  
1.7964896029e+00  2.4910820810e-03  1.7166063695e-04  4.5636062752e-02  4.4444477204e-02  1.5977376671e-01  3.6460793795e-02  4.0281321935e-02  3.3100538621e-02  -7.8828082248e-02  5.7420597462e-02  8.2585098496e-02  6.6299873798e-02  2.0386293595e-02  8.2299492273e-02  
1.8987246184e+00  2.1820884248e-03  1.7201852769e-04  7.1074968457e-02  5.0569125271e-02  1.2164787472e-01  4.6585702086e-02  4.1412485240e-03  5.7002590025e-02  6.5417015814e-02  5.1297207737e-02  -1.0941611799e-01  6.0184782801e-02  2.4455752206e-02  7.6787752526e-02  
1.9977732485e+00  1.6390723256e-03  1.2256801151e-04  1.1888760499e-02  5.9557449385e-02  1.1996490539e-01  5.1529847850e-02  3.9952114706e-02  5.1093690576e-02  8.1419944243e-02  8.2773195693e-02  -1.1583465935e-01  6.4507246644e-02  1.8837580505e-01  8.2285783798e-02  
2.0981137504e+00  1.1518286640e-03  9.4655974836e-05  -1.0111780232e-01  6.3220334728e-02  1.9632180179e-01  5.8150856774e-02  1.2976551352e-01  6.0015254197e-02  -1.5919187505e-02  1.0195293619e-01  1.2232250378e-01  7.7457950327e-02  -6.3509440509e-02  1.1112684711e-01  
2.1963087303e+00  9.5962169488e-04  8.7329030705e-05  1.2233616938e-02  7.6296426159e-02  2.0625091219e-01  5.8422621709e-02  1.0558910044e-02  8.0783894002e-02  7.1219883697e-02  6.8387800402e-02  8.5098957982e-02  1.2636054969e-01  1.6590785411e-01  1.1368534160e-01  
2.3003927759e+00  6.2263778023e-04  7.0891438001e-05  -1.5789228514e-01  9.1383110501e-02  1.4589536614e-01  6.3470309921e-02  6.0330324144e-02  7.0736119435e-02  -8.1082530571e-02  1.0963788290e-01  1.2244301339e-01  1.4186176342e-01  1.6621728949e-01  1.2814937636e-01  
2.4000159105e+00  5.4028332418e-04  6.3405980738e-05  1.4430745099e-02  7.2934704323e-02  1.4033894892e-01  8.8535863209e-02  3.9659812886e-02  7.2718159444e-02  1.1899698151e-02  1.3716934596e-01  1.0926170612e-01  9.6364295652e-02  1.6869527233e-01  2.0337814438e-01  
2.4919525499e+00  3.3713898264e-04  5.2181337151e-05  3.6250308542e-02  1.4430623796e-01  9.1086072485e-02  1.1682590066e-01  9.2961095955e-03  8.5382380290e-02  1.2147745031e-01  1.2517368273e-01  -9.8428568026e-02  1.6348216434e-01  -1.2505746405e-01  2.1746949368e-01  
2.5991368109e+00  3.1643811927e-04  5.9034878990e-05  -7.3586335846e-02  1.0823657986e-01  2.4284909396e-01  1.0375450594e-01  -4.2267410026e-02  1.0772115340e-01  1.4754686308e-01  1.7655083559e-01  -1.6925512292e-01  1.6402082502e-01  -2.5088484350e-01  1.9068908143e-01  
2.6972866475e+00  1.7150958420e-04  3.5156522353e-05  1.6294417848e-01  1.4867487293e-01  6.2121778778e-02  1.3290307019e-01  3.6321707398e-02  1.1366412513e-01  1.2940963761e-02  1.3477611346e-01  2.8820163208e-01  1.7320586625e-01  -3.2192411110e-01  1.7608012485e-01  
2.7978883739e+00  1.6756736609e-04  3.5071810942e-05  6.7207086128e-02  1.9331407103e-01  2.4244235475e-01  1.1712448891e-01  1.6337825736e-01  1.0236295767e-01  -1.7659059451e-02  1.7543621473e-01  2.1951463055e-01  1.9084343516e-01  -4.1085247650e-02  2.6234191681e-01  
2.9061942112e+00  1.4743561327e-04  2.7471933876e-05  5.1894323195e-02  2.1791440764e-01  3.6916482994e-01  1.1492781646e-01  7.5790656509e-04  2.0374818830e-01  3.3754940973e-02  1.6569815358e-01  -1.0421660689e-01  1.8813669739e-01  4.2528411385e-01  2.3844328789e-01  
2.9968922909e+00  1.1757177550e-04  3.1315742245e-05  -6.8109559168e-02  2.2016370338e-01  2.5816639908e-01  1.9290518190e-01  2.3645857173e-02  2.7026037553e-01  7.3649720751e-02  1.5985196719e-01  -8.8234683444e-02  2.2090764766e-01  1.0537899403e-01  3.1309450660e-01  
3.1033326196e+00  5.7185470753e-05  1.8854189811e-05  -2.6097125308e-01  2.6577445029e-01  2.6736140716e-01  1.2408715560e-01  1.2202438705e-03  1.3579491207e-01  -2.2250741241e-01  1.8844778626e-01  -6.6854547328e-02  4.2315860338e-01  -9.4638081304e-02  1.5794273017e-01  
3.2042646187e+00  3.1301826129e-05  1.2416443365e-05  9.7542238298e-02  1.2558724892e-01  2.8047286089e-01  2.5138308963e-01  8.2220020587e-02  3.0789006618e-01  1.5134321695e-01  2.7325223486e-01  2.0102264958e-01  3.6917445439e-01  2.0349387701e-01  7.0945446116e-01  
3.3066921914e+00  4.4532341082e-05  1.5141188319e-05  2.0803865050e-01  3.0741939164e-01  2.3734301152e-01  2.7964969904e-01  -1.8994142337e-01  2.2818650701e-01  2.5172746441e-01  2.5054260297e-01  -6.7363306990e-03  4.8001033644e-01  7.3917091512e-02  5.8454689181e-01  
3.4124455387e+00  3.4751716482e-05  1.4208731016e-05  -1.0274775683e-01  2.6722049330e-01  5.9676858529e-02  2.3498026666e-01  -1.7453137440e-01  3.7704713150e-01  -5.0822107788e-01  3.8032966509e-01  2.7171645444e-02  4.3236847312e-01  3.5526123621e-02  6.7413004861e-01  
3.4823349528e+00  2.1187189262e-05  1.3596550714e-05  -6.0926647199e-01  9.1457056141e-01  1.3185682752e-01  2.7832678320e-01  2.2997029301e-01  2.9617304119e-02  8.0987746533e-02  2.7014657886e-01  -2.1222015858e-01  2.7450602090e-01  -1.9973906464e-01  6.3286906056e-01  
3.5932352947e+00  1.6560090957e-05  9.4111948310e-06  -4.5412880954e-02  6.4266963759e-01  -1.0888890743e-02  1.7986417980e-01  -5.2555805419e-01  2.4889333524e-01  -4.6765169254e-02  5.0503344993e-01  3.3240692328e-01  1.0282744975e+00  -7.8103636911e-01  6.1667162693e-01  
3.6764529737e+00  1.5023860277e-05  8.5682686195e-06  3.4181484810e-01  2.5925258830e-01  -5.3431837939e-02  7.6855705373e-01  1.7335315922e-01  3.4215278909e-01  -5.9229412377e-01  1.3788381483e+00  1.1901264052e+00  4.3921681465e-01  -4.7141650857e-01  3.8912967107e-01  
3.7500000000e+00  0.0000000000e+00  0.0000000000e+00  nan  nan  nan  nan  nan  nan  nan  nan  nan  nan  nan  nan  
3.8500000000e+00  0.0000000000e+00  0.0000000000e+00  nan  nan  nan  nan  nan  nan  nan  nan  nan  nan  nan  nan  
3.9500000000e+00  0.0000000000e+00  0.0000000000e+00  nan  nan  nan  nan  nan  nan  nan  nan  nan  nan  nan  nan  
