#y  dN/dy  dN/dy_err  vn{2}(y)  vn{2}(y)_err  Re{vn}(y)  Re{vn}(y)_err
-7.0000000000e+00  0.0000000000e+00  0.0000000000e+00  0.0000000000e+00  0.0000000000e+00  0.0000000000e+00  0.0000000000e+00  0.0000000000e+00  0.0000000000e+00  0.0000000000e+00  0.0000000000e+00  0.0000000000e+00  0.0000000000e+00  0.0000000000e+00  0.0000000000e+00  0.0000000000e+00  0.0000000000e+00  0.0000000000e+00  0.0000000000e+00  0.0000000000e+00  0.0000000000e+00  0.0000000000e+00  0.0000000000e+00  0.0000000000e+00  0.0000000000e+00  0.0000000000e+00  0.0000000000e+00  
-6.9000000000e+00  0.0000000000e+00  0.0000000000e+00  0.0000000000e+00  0.0000000000e+00  0.0000000000e+00  0.0000000000e+00  0.0000000000e+00  0.0000000000e+00  0.0000000000e+00  0.0000000000e+00  0.0000000000e+00  0.0000000000e+00  0.0000000000e+00  0.0000000000e+00  0.0000000000e+00  0.0000000000e+00  0.0000000000e+00  0.0000000000e+00  0.0000000000e+00  0.0000000000e+00  0.0000000000e+00  0.0000000000e+00  0.0000000000e+00  0.0000000000e+00  0.0000000000e+00  0.0000000000e+00  
-6.8000000000e+00  0.0000000000e+00  0.0000000000e+00  0.0000000000e+00  0.0000000000e+00  0.0000000000e+00  0.0000000000e+00  0.0000000000e+00  0.0000000000e+00  0.0000000000e+00  0.0000000000e+00  0.0000000000e+00  0.0000000000e+00  0.0000000000e+00  0.0000000000e+00  0.0000000000e+00  0.0000000000e+00  0.0000000000e+00  0.0000000000e+00  0.0000000000e+00  0.0000000000e+00  0.0000000000e+00  0.0000000000e+00  0.0000000000e+00  0.0000000000e+00  0.0000000000e+00  0.0000000000e+00  
-6.7000000000e+00  0.0000000000e+00  0.0000000000e+00  0.0000000000e+00  0.0000000000e+00  0.0000000000e+00  0.0000000000e+00  0.0000000000e+00  0.0000000000e+00  0.0000000000e+00  0.0000000000e+00  0.0000000000e+00  0.0000000000e+00  0.0000000000e+00  0.0000000000e+00  0.0000000000e+00  0.0000000000e+00  0.0000000000e+00  0.0000000000e+00  0.0000000000e+00  0.0000000000e+00  0.0000000000e+00  0.0000000000e+00  0.0000000000e+00  0.0000000000e+00  0.0000000000e+00  0.0000000000e+00  
-6.6000000000e+00  0.0000000000e+00  0.0000000000e+00  0.0000000000e+00  0.0000000000e+00  0.0000000000e+00  0.0000000000e+00  0.0000000000e+00  0.0000000000e+00  0.0000000000e+00  0.0000000000e+00  0.0000000000e+00  0.0000000000e+00  0.0000000000e+00  0.0000000000e+00  0.0000000000e+00  0.0000000000e+00  0.0000000000e+00  0.0000000000e+00  0.0000000000e+00  0.0000000000e+00  0.0000000000e+00  0.0000000000e+00  0.0000000000e+00  0.0000000000e+00  0.0000000000e+00  0.0000000000e+00  
-6.5000000000e+00  0.0000000000e+00  0.0000000000e+00  0.0000000000e+00  0.0000000000e+00  0.0000000000e+00  0.0000000000e+00  0.0000000000e+00  0.0000000000e+00  0.0000000000e+00  0.0000000000e+00  0.0000000000e+00  0.0000000000e+00  0.0000000000e+00  0.0000000000e+00  0.0000000000e+00  0.0000000000e+00  0.0000000000e+00  0.0000000000e+00  0.0000000000e+00  0.0000000000e+00  0.0000000000e+00  0.0000000000e+00  0.0000000000e+00  0.0000000000e+00  0.0000000000e+00  0.0000000000e+00  
-6.4000000000e+00  0.0000000000e+00  0.0000000000e+00  0.0000000000e+00  0.0000000000e+00  0.0000000000e+00  0.0000000000e+00  0.0000000000e+00  0.0000000000e+00  0.0000000000e+00  0.0000000000e+00  0.0000000000e+00  0.0000000000e+00  0.0000000000e+00  0.0000000000e+00  0.0000000000e+00  0.0000000000e+00  0.0000000000e+00  0.0000000000e+00  0.0000000000e+00  0.0000000000e+00  0.0000000000e+00  0.0000000000e+00  0.0000000000e+00  0.0000000000e+00  0.0000000000e+00  0.0000000000e+00  
-6.3000000000e+00  0.0000000000e+00  0.0000000000e+00  0.0000000000e+00  0.0000000000e+00  0.0000000000e+00  0.0000000000e+00  0.0000000000e+00  0.0000000000e+00  0.0000000000e+00  0.0000000000e+00  0.0000000000e+00  0.0000000000e+00  0.0000000000e+00  0.0000000000e+00  0.0000000000e+00  0.0000000000e+00  0.0000000000e+00  0.0000000000e+00  0.0000000000e+00  0.0000000000e+00  0.0000000000e+00  0.0000000000e+00  0.0000000000e+00  0.0000000000e+00  0.0000000000e+00  0.0000000000e+00  
-6.2000000000e+00  0.0000000000e+00  0.0000000000e+00  0.0000000000e+00  0.0000000000e+00  0.0000000000e+00  0.0000000000e+00  0.0000000000e+00  0.0000000000e+00  0.0000000000e+00  0.0000000000e+00  0.0000000000e+00  0.0000000000e+00  0.0000000000e+00  0.0000000000e+00  0.0000000000e+00  0.0000000000e+00  0.0000000000e+00  0.0000000000e+00  0.0000000000e+00  0.0000000000e+00  0.0000000000e+00  0.0000000000e+00  0.0000000000e+00  0.0000000000e+00  0.0000000000e+00  0.0000000000e+00  
-6.1000000000e+00  0.0000000000e+00  0.0000000000e+00  0.0000000000e+00  0.0000000000e+00  0.0000000000e+00  0.0000000000e+00  0.0000000000e+00  0.0000000000e+00  0.0000000000e+00  0.0000000000e+00  0.0000000000e+00  0.0000000000e+00  0.0000000000e+00  0.0000000000e+00  0.0000000000e+00  0.0000000000e+00  0.0000000000e+00  0.0000000000e+00  0.0000000000e+00  0.0000000000e+00  0.0000000000e+00  0.0000000000e+00  0.0000000000e+00  0.0000000000e+00  0.0000000000e+00  0.0000000000e+00  
-6.0000000000e+00  0.0000000000e+00  0.0000000000e+00  0.0000000000e+00  0.0000000000e+00  0.0000000000e+00  0.0000000000e+00  0.0000000000e+00  0.0000000000e+00  0.0000000000e+00  0.0000000000e+00  0.0000000000e+00  0.0000000000e+00  0.0000000000e+00  0.0000000000e+00  0.0000000000e+00  0.0000000000e+00  0.0000000000e+00  0.0000000000e+00  0.0000000000e+00  0.0000000000e+00  0.0000000000e+00  0.0000000000e+00  0.0000000000e+00  0.0000000000e+00  0.0000000000e+00  0.0000000000e+00  
-5.9000000000e+00  0.0000000000e+00  0.0000000000e+00  0.0000000000e+00  0.0000000000e+00  0.0000000000e+00  0.0000000000e+00  0.0000000000e+00  0.0000000000e+00  0.0000000000e+00  0.0000000000e+00  0.0000000000e+00  0.0000000000e+00  0.0000000000e+00  0.0000000000e+00  0.0000000000e+00  0.0000000000e+00  0.0000000000e+00  0.0000000000e+00  0.0000000000e+00  0.0000000000e+00  0.0000000000e+00  0.0000000000e+00  0.0000000000e+00  0.0000000000e+00  0.0000000000e+00  0.0000000000e+00  
-5.8000000000e+00  0.0000000000e+00  0.0000000000e+00  0.0000000000e+00  0.0000000000e+00  0.0000000000e+00  0.0000000000e+00  0.0000000000e+00  0.0000000000e+00  0.0000000000e+00  0.0000000000e+00  0.0000000000e+00  0.0000000000e+00  0.0000000000e+00  0.0000000000e+00  0.0000000000e+00  0.0000000000e+00  0.0000000000e+00  0.0000000000e+00  0.0000000000e+00  0.0000000000e+00  0.0000000000e+00  0.0000000000e+00  0.0000000000e+00  0.0000000000e+00  0.0000000000e+00  0.0000000000e+00  
-5.7000000000e+00  0.0000000000e+00  0.0000000000e+00  0.0000000000e+00  0.0000000000e+00  0.0000000000e+00  0.0000000000e+00  0.0000000000e+00  0.0000000000e+00  0.0000000000e+00  0.0000000000e+00  0.0000000000e+00  0.0000000000e+00  0.0000000000e+00  0.0000000000e+00  0.0000000000e+00  0.0000000000e+00  0.0000000000e+00  0.0000000000e+00  0.0000000000e+00  0.0000000000e+00  0.0000000000e+00  0.0000000000e+00  0.0000000000e+00  0.0000000000e+00  0.0000000000e+00  0.0000000000e+00  
-5.6000000000e+00  0.0000000000e+00  0.0000000000e+00  0.0000000000e+00  0.0000000000e+00  0.0000000000e+00  0.0000000000e+00  0.0000000000e+00  0.0000000000e+00  0.0000000000e+00  0.0000000000e+00  0.0000000000e+00  0.0000000000e+00  0.0000000000e+00  0.0000000000e+00  0.0000000000e+00  0.0000000000e+00  0.0000000000e+00  0.0000000000e+00  0.0000000000e+00  0.0000000000e+00  0.0000000000e+00  0.0000000000e+00  0.0000000000e+00  0.0000000000e+00  0.0000000000e+00  0.0000000000e+00  
-5.5000000000e+00  0.0000000000e+00  0.0000000000e+00  0.0000000000e+00  0.0000000000e+00  0.0000000000e+00  0.0000000000e+00  0.0000000000e+00  0.0000000000e+00  0.0000000000e+00  0.0000000000e+00  0.0000000000e+00  0.0000000000e+00  0.0000000000e+00  0.0000000000e+00  0.0000000000e+00  0.0000000000e+00  0.0000000000e+00  0.0000000000e+00  0.0000000000e+00  0.0000000000e+00  0.0000000000e+00  0.0000000000e+00  0.0000000000e+00  0.0000000000e+00  0.0000000000e+00  0.0000000000e+00  
-5.4000000000e+00  0.0000000000e+00  0.0000000000e+00  0.0000000000e+00  0.0000000000e+00  0.0000000000e+00  0.0000000000e+00  0.0000000000e+00  0.0000000000e+00  0.0000000000e+00  0.0000000000e+00  0.0000000000e+00  0.0000000000e+00  0.0000000000e+00  0.0000000000e+00  0.0000000000e+00  0.0000000000e+00  0.0000000000e+00  0.0000000000e+00  0.0000000000e+00  0.0000000000e+00  0.0000000000e+00  0.0000000000e+00  0.0000000000e+00  0.0000000000e+00  0.0000000000e+00  0.0000000000e+00  
-5.3000000000e+00  0.0000000000e+00  0.0000000000e+00  0.0000000000e+00  0.0000000000e+00  0.0000000000e+00  0.0000000000e+00  0.0000000000e+00  0.0000000000e+00  0.0000000000e+00  0.0000000000e+00  0.0000000000e+00  0.0000000000e+00  0.0000000000e+00  0.0000000000e+00  0.0000000000e+00  0.0000000000e+00  0.0000000000e+00  0.0000000000e+00  0.0000000000e+00  0.0000000000e+00  0.0000000000e+00  0.0000000000e+00  0.0000000000e+00  0.0000000000e+00  0.0000000000e+00  0.0000000000e+00  
-5.2000000000e+00  0.0000000000e+00  0.0000000000e+00  0.0000000000e+00  0.0000000000e+00  0.0000000000e+00  0.0000000000e+00  0.0000000000e+00  0.0000000000e+00  0.0000000000e+00  0.0000000000e+00  0.0000000000e+00  0.0000000000e+00  0.0000000000e+00  0.0000000000e+00  0.0000000000e+00  0.0000000000e+00  0.0000000000e+00  0.0000000000e+00  0.0000000000e+00  0.0000000000e+00  0.0000000000e+00  0.0000000000e+00  0.0000000000e+00  0.0000000000e+00  0.0000000000e+00  0.0000000000e+00  
-5.1000000000e+00  0.0000000000e+00  0.0000000000e+00  0.0000000000e+00  0.0000000000e+00  0.0000000000e+00  0.0000000000e+00  0.0000000000e+00  0.0000000000e+00  0.0000000000e+00  0.0000000000e+00  0.0000000000e+00  0.0000000000e+00  0.0000000000e+00  0.0000000000e+00  0.0000000000e+00  0.0000000000e+00  0.0000000000e+00  0.0000000000e+00  0.0000000000e+00  0.0000000000e+00  0.0000000000e+00  0.0000000000e+00  0.0000000000e+00  0.0000000000e+00  0.0000000000e+00  0.0000000000e+00  
-5.0000000000e+00  0.0000000000e+00  0.0000000000e+00  0.0000000000e+00  0.0000000000e+00  0.0000000000e+00  0.0000000000e+00  0.0000000000e+00  0.0000000000e+00  0.0000000000e+00  0.0000000000e+00  0.0000000000e+00  0.0000000000e+00  0.0000000000e+00  0.0000000000e+00  0.0000000000e+00  0.0000000000e+00  0.0000000000e+00  0.0000000000e+00  0.0000000000e+00  0.0000000000e+00  0.0000000000e+00  0.0000000000e+00  0.0000000000e+00  0.0000000000e+00  0.0000000000e+00  0.0000000000e+00  
-4.9000000000e+00  0.0000000000e+00  0.0000000000e+00  0.0000000000e+00  0.0000000000e+00  0.0000000000e+00  0.0000000000e+00  0.0000000000e+00  0.0000000000e+00  0.0000000000e+00  0.0000000000e+00  0.0000000000e+00  0.0000000000e+00  0.0000000000e+00  0.0000000000e+00  0.0000000000e+00  0.0000000000e+00  0.0000000000e+00  0.0000000000e+00  0.0000000000e+00  0.0000000000e+00  0.0000000000e+00  0.0000000000e+00  0.0000000000e+00  0.0000000000e+00  0.0000000000e+00  0.0000000000e+00  
-4.8000000000e+00  0.0000000000e+00  0.0000000000e+00  0.0000000000e+00  0.0000000000e+00  0.0000000000e+00  0.0000000000e+00  0.0000000000e+00  0.0000000000e+00  0.0000000000e+00  0.0000000000e+00  0.0000000000e+00  0.0000000000e+00  0.0000000000e+00  0.0000000000e+00  0.0000000000e+00  0.0000000000e+00  0.0000000000e+00  0.0000000000e+00  0.0000000000e+00  0.0000000000e+00  0.0000000000e+00  0.0000000000e+00  0.0000000000e+00  0.0000000000e+00  0.0000000000e+00  0.0000000000e+00  
-4.7000000000e+00  0.0000000000e+00  0.0000000000e+00  0.0000000000e+00  0.0000000000e+00  0.0000000000e+00  0.0000000000e+00  0.0000000000e+00  0.0000000000e+00  0.0000000000e+00  0.0000000000e+00  0.0000000000e+00  0.0000000000e+00  0.0000000000e+00  0.0000000000e+00  0.0000000000e+00  0.0000000000e+00  0.0000000000e+00  0.0000000000e+00  0.0000000000e+00  0.0000000000e+00  0.0000000000e+00  0.0000000000e+00  0.0000000000e+00  0.0000000000e+00  0.0000000000e+00  0.0000000000e+00  
-4.6000000000e+00  0.0000000000e+00  0.0000000000e+00  0.0000000000e+00  0.0000000000e+00  0.0000000000e+00  0.0000000000e+00  0.0000000000e+00  0.0000000000e+00  0.0000000000e+00  0.0000000000e+00  0.0000000000e+00  0.0000000000e+00  0.0000000000e+00  0.0000000000e+00  0.0000000000e+00  0.0000000000e+00  0.0000000000e+00  0.0000000000e+00  0.0000000000e+00  0.0000000000e+00  0.0000000000e+00  0.0000000000e+00  0.0000000000e+00  0.0000000000e+00  0.0000000000e+00  0.0000000000e+00  
-4.5000000000e+00  0.0000000000e+00  0.0000000000e+00  0.0000000000e+00  0.0000000000e+00  0.0000000000e+00  0.0000000000e+00  0.0000000000e+00  0.0000000000e+00  0.0000000000e+00  0.0000000000e+00  0.0000000000e+00  0.0000000000e+00  0.0000000000e+00  0.0000000000e+00  0.0000000000e+00  0.0000000000e+00  0.0000000000e+00  0.0000000000e+00  0.0000000000e+00  0.0000000000e+00  0.0000000000e+00  0.0000000000e+00  0.0000000000e+00  0.0000000000e+00  0.0000000000e+00  0.0000000000e+00  
-4.4000000000e+00  0.0000000000e+00  0.0000000000e+00  0.0000000000e+00  0.0000000000e+00  0.0000000000e+00  0.0000000000e+00  0.0000000000e+00  0.0000000000e+00  0.0000000000e+00  0.0000000000e+00  0.0000000000e+00  0.0000000000e+00  0.0000000000e+00  0.0000000000e+00  0.0000000000e+00  0.0000000000e+00  0.0000000000e+00  0.0000000000e+00  0.0000000000e+00  0.0000000000e+00  0.0000000000e+00  0.0000000000e+00  0.0000000000e+00  0.0000000000e+00  0.0000000000e+00  0.0000000000e+00  
-4.3000000000e+00  0.0000000000e+00  0.0000000000e+00  0.0000000000e+00  0.0000000000e+00  0.0000000000e+00  0.0000000000e+00  0.0000000000e+00  0.0000000000e+00  0.0000000000e+00  0.0000000000e+00  0.0000000000e+00  0.0000000000e+00  0.0000000000e+00  0.0000000000e+00  0.0000000000e+00  0.0000000000e+00  0.0000000000e+00  0.0000000000e+00  0.0000000000e+00  0.0000000000e+00  0.0000000000e+00  0.0000000000e+00  0.0000000000e+00  0.0000000000e+00  0.0000000000e+00  0.0000000000e+00  
-4.2000000000e+00  0.0000000000e+00  0.0000000000e+00  0.0000000000e+00  0.0000000000e+00  0.0000000000e+00  0.0000000000e+00  0.0000000000e+00  0.0000000000e+00  0.0000000000e+00  0.0000000000e+00  0.0000000000e+00  0.0000000000e+00  0.0000000000e+00  0.0000000000e+00  0.0000000000e+00  0.0000000000e+00  0.0000000000e+00  0.0000000000e+00  0.0000000000e+00  0.0000000000e+00  0.0000000000e+00  0.0000000000e+00  0.0000000000e+00  0.0000000000e+00  0.0000000000e+00  0.0000000000e+00  
-4.1000000000e+00  0.0000000000e+00  0.0000000000e+00  0.0000000000e+00  0.0000000000e+00  0.0000000000e+00  0.0000000000e+00  0.0000000000e+00  0.0000000000e+00  0.0000000000e+00  0.0000000000e+00  0.0000000000e+00  0.0000000000e+00  0.0000000000e+00  0.0000000000e+00  0.0000000000e+00  0.0000000000e+00  0.0000000000e+00  0.0000000000e+00  0.0000000000e+00  0.0000000000e+00  0.0000000000e+00  0.0000000000e+00  0.0000000000e+00  0.0000000000e+00  0.0000000000e+00  0.0000000000e+00  
-4.0000000000e+00  0.0000000000e+00  0.0000000000e+00  0.0000000000e+00  0.0000000000e+00  0.0000000000e+00  0.0000000000e+00  0.0000000000e+00  0.0000000000e+00  0.0000000000e+00  0.0000000000e+00  0.0000000000e+00  0.0000000000e+00  0.0000000000e+00  0.0000000000e+00  0.0000000000e+00  0.0000000000e+00  0.0000000000e+00  0.0000000000e+00  0.0000000000e+00  0.0000000000e+00  0.0000000000e+00  0.0000000000e+00  0.0000000000e+00  0.0000000000e+00  0.0000000000e+00  0.0000000000e+00  
-3.9000000000e+00  0.0000000000e+00  0.0000000000e+00  0.0000000000e+00  0.0000000000e+00  0.0000000000e+00  0.0000000000e+00  0.0000000000e+00  0.0000000000e+00  0.0000000000e+00  0.0000000000e+00  0.0000000000e+00  0.0000000000e+00  0.0000000000e+00  0.0000000000e+00  0.0000000000e+00  0.0000000000e+00  0.0000000000e+00  0.0000000000e+00  0.0000000000e+00  0.0000000000e+00  0.0000000000e+00  0.0000000000e+00  0.0000000000e+00  0.0000000000e+00  0.0000000000e+00  0.0000000000e+00  
-3.8000000000e+00  0.0000000000e+00  0.0000000000e+00  0.0000000000e+00  0.0000000000e+00  0.0000000000e+00  0.0000000000e+00  0.0000000000e+00  0.0000000000e+00  0.0000000000e+00  0.0000000000e+00  0.0000000000e+00  0.0000000000e+00  0.0000000000e+00  0.0000000000e+00  0.0000000000e+00  0.0000000000e+00  0.0000000000e+00  0.0000000000e+00  0.0000000000e+00  0.0000000000e+00  0.0000000000e+00  0.0000000000e+00  0.0000000000e+00  0.0000000000e+00  0.0000000000e+00  0.0000000000e+00  
-3.7000000000e+00  0.0000000000e+00  0.0000000000e+00  0.0000000000e+00  0.0000000000e+00  0.0000000000e+00  0.0000000000e+00  0.0000000000e+00  0.0000000000e+00  0.0000000000e+00  0.0000000000e+00  0.0000000000e+00  0.0000000000e+00  0.0000000000e+00  0.0000000000e+00  0.0000000000e+00  0.0000000000e+00  0.0000000000e+00  0.0000000000e+00  0.0000000000e+00  0.0000000000e+00  0.0000000000e+00  0.0000000000e+00  0.0000000000e+00  0.0000000000e+00  0.0000000000e+00  0.0000000000e+00  
-3.6000000000e+00  0.0000000000e+00  0.0000000000e+00  0.0000000000e+00  0.0000000000e+00  0.0000000000e+00  0.0000000000e+00  0.0000000000e+00  0.0000000000e+00  0.0000000000e+00  0.0000000000e+00  0.0000000000e+00  0.0000000000e+00  0.0000000000e+00  0.0000000000e+00  0.0000000000e+00  0.0000000000e+00  0.0000000000e+00  0.0000000000e+00  0.0000000000e+00  0.0000000000e+00  0.0000000000e+00  0.0000000000e+00  0.0000000000e+00  0.0000000000e+00  0.0000000000e+00  0.0000000000e+00  
-3.4991259647e+00  3.6528033840e-04  2.0848197466e-04  1.4415623545e-02  1.2973579679e-02  2.3330136279e-02  1.5313466750e-02  1.4534061925e-02  1.1394902614e-02  1.6881248849e-02  1.2050200011e-02  -3.9533340963e-03  5.6955527783e-03  -2.3510033216e-02  1.4481659594e-02  1.9455406860e-02  1.7887104303e-02  1.2514192790e-02  1.4322095741e-02  -6.8438107675e-03  1.2525840941e-02  7.8754904245e-03  5.7457604679e-03  1.3560232438e-02  8.0248968418e-03  -3.4381138366e-03  1.6295624545e-02  
-3.3991705106e+00  3.7964780358e-04  2.1558484515e-04  1.0958094186e-02  6.3763709108e-03  1.7945134123e-02  1.0572108660e-02  1.5930210287e-02  1.2846927987e-02  2.1905611690e-02  1.3033271293e-02  5.0962316831e-03  1.2866012900e-02  1.5093874120e-02  8.9506867503e-03  -1.4404165092e-02  2.2466278935e-02  -7.9510235708e-03  1.3222601972e-02  7.3572724734e-03  2.7139900379e-02  1.2153420983e-03  2.7047940088e-02  3.3931297046e-03  3.9125622199e-03  1.1507144605e-02  7.9548623181e-03  
-3.2975062105e+00  1.1158408390e-03  4.8145339130e-04  2.0269306401e-02  1.2740291848e-02  8.4766474710e-03  1.7457801279e-02  -1.7562036771e-02  2.3691024651e-02  -1.5050904729e-02  2.4218125136e-02  3.3962420315e-02  1.9940815001e-02  2.5135920014e-02  1.1028650866e-02  1.3719831448e-02  3.0556746972e-02  2.0644356137e-02  1.6787891586e-02  -1.4989307562e-02  1.7686479497e-02  -8.4329206285e-03  1.0022819169e-02  8.0505383048e-03  1.5768504921e-02  2.3467376208e-02  1.6704487490e-02  
-3.1953855859e+00  1.4170893215e-03  3.6269942681e-04  4.5670288844e-02  2.2705795970e-02  7.8370943368e-02  3.1780850207e-02  4.0896424636e-02  3.9552957624e-02  5.9139354771e-02  3.4343028037e-02  -2.0389982292e-03  1.8579016926e-02  1.6877251276e-02  2.2493505941e-02  -5.2141847235e-05  2.1142670427e-02  -2.6684226110e-03  2.7621981081e-02  -2.0202832571e-03  2.4372912561e-02  5.6404565280e-03  3.4041859383e-02  -4.0395149608e-02  3.5531635740e-02  -4.8501684903e-02  3.4789769176e-02  
-3.0897486002e+00  3.6170505388e-03  6.4616907767e-04  2.9581464096e-02  4.2277089991e-02  -3.1639225622e-02  4.6005140092e-02  -4.3125854225e-02  3.9050957959e-02  -6.7018290244e-02  4.9075776383e-02  -4.9519691192e-02  3.5324228280e-02  -8.1695770252e-02  4.2636065186e-02  6.8919307860e-02  4.6215040499e-02  5.7971677841e-02  4.1921869032e-02  -4.3857937149e-02  4.8081601471e-02  -5.7680240470e-02  3.9264622879e-02  3.6237881235e-02  5.3130696153e-02  1.8618435355e-02  5.2445645442e-02  
-2.9835360426e+00  6.8149100872e-03  8.6802838874e-04  8.1057798775e-02  5.8320128777e-02  4.0995689558e-02  4.9161519372e-02  -5.0214521007e-02  4.4915142803e-02  -4.6076430534e-02  4.9144119072e-02  -6.7463319010e-04  4.7905286975e-02  4.3473408789e-02  4.8101233050e-02  2.4043174700e-02  5.4372723030e-02  4.9981154501e-02  5.9244090304e-02  4.3814401350e-02  5.2656304631e-02  6.8355861875e-02  5.5459430720e-02  -6.0126299540e-02  4.3970927213e-02  -4.9882515580e-02  4.6083410953e-02  
-2.8770066307e+00  1.0054716265e-02  1.1438360668e-03  3.2306721518e-02  5.7908357948e-02  -7.2933422651e-02  5.5875806862e-02  2.0746562048e-02  5.2574436413e-02  -3.3170586843e-02  4.9066656686e-02  2.6683472925e-02  6.0082402463e-02  1.1695576857e-02  6.8679431057e-02  6.2566809188e-02  5.9663458517e-02  -7.5221094237e-03  5.3153908882e-02  7.3696496154e-02  5.8660062219e-02  -8.7863350111e-03  5.1209026938e-02  9.8944423922e-02  4.5127828435e-02  1.0543436970e-01  5.0441293519e-02  
-2.7741818410e+00  1.3963279945e-02  1.3732912176e-03  -1.1588201350e-02  5.3426214297e-02  -1.5731158400e-01  5.0185928168e-02  1.0558402217e-01  5.5698848493e-02  6.8503476254e-02  5.6247714339e-02  -6.7711854157e-02  5.3399775793e-02  -1.1572379448e-01  5.9154732429e-02  4.5505811724e-02  6.2814223154e-02  -2.0248295520e-02  5.4853553088e-02  6.4992778974e-02  4.7984427154e-02  5.7150105415e-02  5.1006887923e-02  6.0060281995e-02  6.0960474046e-02  6.1866875088e-02  5.4908009806e-02  
-2.6712785672e+00  1.8242038083e-02  1.5449379139e-03  4.6503713252e-02  6.0058833280e-02  -6.4033411432e-02  6.6221363961e-02  -1.6512071804e-02  4.9327205981e-02  -5.4143564182e-02  4.6091459915e-02  4.1519416955e-02  5.2836288056e-02  -1.8003478151e-02  5.7671025743e-02  2.0532866997e-02  5.5437368169e-02  5.8268428027e-02  4.6893168946e-02  2.4916581136e-02  6.9761578003e-02  1.4605905745e-02  6.4819901717e-02  1.3275550013e-01  6.6751256579e-02  1.1104385758e-01  6.6700516163e-02  
-2.5697714678e+00  2.2268651716e-02  1.5472657834e-03  1.3858802810e-01  5.2658992650e-02  5.8592891664e-02  5.7991370200e-02  6.7060633708e-03  4.5156714784e-02  -2.6296154753e-02  5.3453871362e-02  4.0853821093e-02  4.9382060103e-02  1.5224195494e-02  5.0500089241e-02  2.9341056926e-02  5.0881351870e-02  -6.5670128636e-02  5.0741396376e-02  9.2227135136e-02  5.6283546137e-02  7.0148598680e-02  5.2507531887e-02  3.4004146115e-02  5.2838291048e-02  -4.5739837366e-02  4.8543787984e-02  
-2.4644108542e+00  2.8340279941e-02  1.8919353999e-03  1.4607439988e-01  5.2109815270e-02  6.9066332867e-02  5.4487746813e-02  7.3348712415e-03  5.2705873521e-02  4.1509359038e-02  5.6465637147e-02  1.9681406212e-03  4.7994305234e-02  -1.0622323695e-02  5.5091481025e-02  1.2766742762e-01  4.6039635292e-02  2.5011354604e-02  4.8837612087e-02  -9.0068709260e-02  4.8909815357e-02  -1.5272565540e-01  4.9485775011e-02  1.3916258592e-01  5.5475730457e-02  4.1832619165e-02  5.8661452908e-02  
-2.3649478262e+00  3.0148911532e-02  1.7303351814e-03  5.9350226426e-02  4.7419622917e-02  1.5616072453e-02  4.3877759302e-02  -2.5612046165e-02  4.9698550822e-02  -6.3332171246e-02  4.5729497026e-02  1.8235704594e-01  4.2096796851e-02  1.4970279049e-01  4.6226943462e-02  9.4187006078e-02  5.2178511888e-02  -1.0392236954e-02  5.6120046183e-02  5.9580593308e-02  4.6260860810e-02  -5.2863506128e-03  4.6736237338e-02  -1.2058238561e-02  4.4566114808e-02  3.4360012943e-02  4.3730303142e-02  
-2.2622380715e+00  3.7188381110e-02  2.1883812725e-03  8.5082022445e-02  5.2122129860e-02  1.1598683740e-02  5.0593898462e-02  6.3240122843e-02  4.6014624301e-02  2.0451599515e-03  4.6054645715e-02  3.4579181138e-02  5.2504222077e-02  5.8833603194e-02  4.8444456207e-02  2.9963324200e-02  4.3193811272e-02  -2.4245944293e-02  3.9263727564e-02  5.2645047584e-02  3.7920247807e-02  3.5035162831e-02  4.1670263842e-02  2.3273246681e-02  4.2314806642e-02  -3.1258437487e-02  4.1641831750e-02  
-2.1585275602e+00  4.0896450024e-02  2.2630186402e-03  2.9004560011e-02  4.1274356009e-02  2.0621049170e-02  4.3798555199e-02  4.3973366798e-02  4.5243346561e-02  -2.4333620962e-02  4.4628353124e-02  1.7091689559e-01  4.1359685729e-02  3.0039060129e-02  4.2020198225e-02  4.8441337435e-02  3.4698074616e-02  6.0070154634e-02  3.7548184514e-02  6.6283682037e-03  4.0856579322e-02  -5.9802658511e-02  4.4487213935e-02  4.8408210380e-02  3.8848113822e-02  -2.1095248942e-02  3.4502392816e-02  
-2.0612413653e+00  4.2157790449e-02  2.6765432015e-03  1.2336557206e-01  3.4600340745e-02  6.4696466192e-02  4.1497085482e-02  1.4190837473e-04  4.3782284423e-02  -1.1215938553e-02  4.0310218989e-02  8.7318543942e-02  3.8629405372e-02  -2.7636603936e-02  3.8316389137e-02  6.4360265108e-03  4.0819847232e-02  -9.9796438794e-03  3.9819545875e-02  1.8477275618e-02  4.2725987571e-02  1.0808145332e-02  4.0471752689e-02  1.3510339439e-02  4.6265736340e-02  -7.2873652329e-02  4.2928998661e-02  
-1.9594685859e+00  4.2040767942e-02  2.0342215545e-03  7.2889354961e-02  3.9212949722e-02  -4.8969276205e-02  4.9682521198e-02  6.7113929530e-02  4.1170645582e-02  6.7450027828e-02  3.8323977124e-02  4.4453736478e-02  3.9115940538e-02  -1.8130354113e-03  4.4617524409e-02  1.0968765813e-01  4.1162000854e-02  5.2296689325e-02  4.1133187684e-02  2.3997446056e-02  3.6689986609e-02  -5.3233135148e-02  3.8836626863e-02  1.2876031668e-01  4.4800716208e-02  5.3064692145e-02  3.7920631175e-02  
-1.8588980873e+00  5.1029493187e-02  2.6939500770e-03  2.5564606925e-02  4.0077711427e-02  -2.7013052836e-02  3.6100262965e-02  1.0608178845e-01  3.5090132509e-02  4.9976175084e-02  3.7401524974e-02  -2.2206539376e-02  3.6334293362e-02  -7.5963116455e-02  3.7641532155e-02  -1.1101616959e-02  4.0103998534e-02  -6.7189396511e-02  3.6895205516e-02  6.7545742162e-02  3.3681681604e-02  4.1406499708e-02  3.2118190829e-02  1.1106632876e-01  3.5983147725e-02  2.7364383041e-02  4.2281548812e-02  
-1.7579087567e+00  5.5988279699e-02  2.8782000187e-03  8.2969597797e-02  3.6751809414e-02  1.7570840739e-02  3.5038526860e-02  5.2454691037e-02  2.9532865369e-02  7.1544799805e-03  2.9393149633e-02  1.4130435442e-03  3.4384226912e-02  -1.5938417881e-02  4.1625503590e-02  1.0660120377e-03  3.4712339306e-02  -8.0110065212e-02  3.3459910739e-02  6.5136835714e-03  4.1842184490e-02  1.6501871613e-02  3.8254421991e-02  1.6946358384e-02  3.5059989530e-02  -2.9918696144e-02  3.7495235684e-02  
-1.6575648704e+00  5.5510640237e-02  2.7752885589e-03  2.4234468311e-02  3.4019959239e-02  1.4982431100e-02  3.5193806708e-02  1.0273354754e-01  3.4520035439e-02  2.9572858124e-02  3.8751338899e-02  9.5378706664e-02  3.1734302262e-02  9.5075245759e-03  3.2456179254e-02  3.4288406540e-02  3.1490554181e-02  -1.5418358775e-02  3.0667876521e-02  4.9026301714e-02  3.4253296545e-02  9.6964543204e-03  3.1965029797e-02  7.9424868755e-02  3.8217946845e-02  -2.5840232626e-02  3.4028314115e-02  
-1.5567461067e+00  6.4060781785e-02  3.0259900514e-03  8.7995995972e-02  2.4361465573e-02  7.0684275329e-02  2.3675205620e-02  5.6365821694e-02  3.1334555966e-02  4.2496982986e-02  3.1294046622e-02  7.0663339073e-02  3.0792758671e-02  3.0015198942e-03  3.0359851305e-02  9.9726608515e-03  3.4099818661e-02  -1.3099048574e-02  3.3886885286e-02  8.6477044806e-02  3.2217366384e-02  -1.2151193595e-03  3.7768864761e-02  6.4252862574e-02  2.4531792700e-02  -1.3139508565e-02  2.4641387784e-02  
-1.4560864833e+00  6.9110487493e-02  2.7841685767e-03  2.1853979159e-02  2.8424033945e-02  -3.0409591952e-02  2.9383596713e-02  1.2306498932e-01  3.2117810274e-02  6.3812503259e-02  3.3825960839e-02  8.3007335133e-02  2.6899114784e-02  6.0925123934e-03  2.5433046772e-02  1.2087792983e-01  3.1950767392e-02  -9.1434386769e-03  3.2240359616e-02  1.1880694252e-01  2.8509436214e-02  6.5891782031e-02  3.2664607886e-02  4.6364567011e-02  3.2770640125e-02  2.2839169017e-02  3.1620632942e-02  
-1.3573083526e+00  6.8344744614e-02  3.4931915042e-03  5.4318652210e-02  2.8584553072e-02  9.5254978625e-03  2.6617677403e-02  4.9913049667e-02  2.8363200404e-02  5.7835121194e-02  2.7895786913e-02  5.1181650178e-02  2.7773237659e-02  4.0705948373e-02  3.2198533278e-02  1.1690645767e-02  2.7855918750e-02  4.3944970148e-03  2.8203239422e-02  4.9842674722e-02  3.1222066545e-02  -3.8263424426e-02  3.4267763656e-02  6.1048215486e-02  3.3364189325e-02  1.2752151931e-02  3.1754101002e-02  
-1.2569502752e+00  7.0000164948e-02  2.8514161872e-03  1.1172405914e-01  2.5903510714e-02  4.0229720903e-02  2.5634527060e-02  1.1921000435e-01  2.8295006300e-02  4.8729848476e-02  2.7452526744e-02  2.1723339283e-02  2.8780846199e-02  3.4028394889e-03  2.9223242561e-02  3.5535749331e-02  3.0976871975e-02  -1.1635324779e-02  3.2665380147e-02  4.0364412430e-02  2.7062381959e-02  -5.3521997923e-02  3.0805781676e-02  1.2917246181e-02  3.0679473363e-02  2.6302762397e-02  2.9676006615e-02  
-1.1557569027e+00  7.3348095473e-02  2.8512156016e-03  7.0023777978e-02  3.3275393846e-02  -1.5025254073e-02  3.0707453893e-02  9.1156562094e-02  2.9928057763e-02  5.3419301292e-02  3.4234271680e-02  8.9362877102e-02  2.9246525403e-02  7.6790984062e-02  3.0133346963e-02  7.8350691718e-02  2.4568836929e-02  3.7314635213e-02  3.2998135324e-02  4.0718819254e-02  2.9917619156e-02  -2.1798057812e-02  3.4589238371e-02  2.5298223372e-02  2.7890257032e-02  -6.7554155359e-02  2.8552744255e-02  
-1.0549728707e+00  8.4737196640e-02  3.6659029619e-03  9.1176304634e-02  2.3699987408e-02  3.1585724634e-02  2.9386541443e-02  1.1887361041e-01  2.5242825073e-02  5.4194869305e-02  2.5761701959e-02  4.8004378377e-02  3.2006799060e-02  1.0349322562e-02  2.9930035183e-02  1.1262575069e-01  2.7320893336e-02  5.5087852092e-02  2.7435054810e-02  2.8405618911e-02  2.8336421830e-02  -3.5662866376e-03  2.7038125891e-02  3.9141512564e-02  2.3331744539e-02  -7.4505592499e-03  2.8270432580e-02  
-9.5498276525e-01  8.3690804554e-02  3.1856657520e-03  7.4240269125e-02  3.1768436010e-02  -3.3286247165e-03  3.1307706381e-02  7.4375256682e-02  2.4011574778e-02  6.1080046484e-02  2.0365522690e-02  2.6822856110e-02  2.7201062040e-02  -2.6182901796e-02  2.9754856536e-02  5.1565254253e-02  2.6616074316e-02  2.0051628843e-02  2.5450301274e-02  2.1525785241e-02  2.8399250572e-02  -5.3195715772e-03  2.3021368262e-02  6.2807631752e-02  2.8181588782e-02  5.0070130414e-03  2.9665244888e-02  
-8.5491226751e-01  8.5268371532e-02  3.0902086569e-03  3.1070835451e-02  2.5601765752e-02  -4.2489125387e-02  2.7521534491e-02  1.0298566017e-01  2.3539380412e-02  6.3232974829e-02  2.5795743398e-02  8.2629874916e-02  2.5854805305e-02  5.8319875283e-02  2.8348072107e-02  9.4210728171e-03  2.7840072282e-02  -3.5330254377e-02  2.2682456776e-02  1.7735284516e-02  2.4346530755e-02  -3.2150699463e-02  2.0395467258e-02  7.7009202286e-02  2.4216285379e-02  -1.8747846242e-02  2.4028370338e-02  
-7.5386376122e-01  8.8496461507e-02  3.3940748170e-03  3.3438608325e-02  2.3763810972e-02  5.6171063353e-02  2.7648274048e-02  8.8908226326e-02  2.8694278318e-02  9.9839954488e-02  2.9829487199e-02  5.9125434339e-02  2.4089609665e-02  5.1444972186e-02  2.4145312358e-02  1.1023756881e-02  2.6671432477e-02  3.5686877781e-02  3.0547396572e-02  8.1741226321e-02  3.2165749290e-02  1.2503580557e-01  3.0638928693e-02  6.0128928834e-02  3.1812170200e-02  9.5805407199e-02  2.9729888097e-02  
-6.5514065858e-01  9.2158160551e-02  3.6123316077e-03  6.9153504367e-02  2.6040038461e-02  7.5725077453e-02  2.7063994897e-02  3.3650983329e-02  2.3584095971e-02  2.6397631982e-02  2.4311680240e-02  4.8160743025e-02  2.9182579023e-02  6.8817659542e-02  2.1778504033e-02  4.4951759835e-02  2.1584023996e-02  6.2947256974e-02  2.1395988395e-02  4.1470404744e-02  2.5998608916e-02  3.4120549455e-02  3.1935231184e-02  1.5866774238e-02  2.3377062250e-02  5.7133632420e-02  2.6610876798e-02  
-5.5438367773e-01  8.9412965356e-02  3.8083182965e-03  6.6414335541e-02  2.5867529239e-02  1.0161349547e-01  2.3681881655e-02  6.4412691349e-02  2.2578625866e-02  8.6494562716e-02  2.2563296761e-02  1.3064295151e-02  1.9763605764e-02  6.8735438342e-02  2.2595561784e-02  4.1723256239e-02  2.9746737321e-02  9.6647028918e-02  2.8785799844e-02  1.1850871086e-02  2.8781975673e-02  4.8348823297e-02  2.1052699069e-02  8.5840431696e-02  2.8037362500e-02  1.0719060215e-01  2.7063071789e-02  
-4.5386596730e-01  8.7895045163e-02  3.4609553227e-03  6.1291619736e-02  2.0883032588e-02  8.2458758580e-02  2.6622895120e-02  5.3339125908e-02  2.4009939567e-02  1.0419790722e-01  1.8813723975e-02  7.3057777918e-02  2.1273947059e-02  8.8343093056e-02  2.5392603028e-02  8.8845010735e-02  2.7155149808e-02  6.0245740931e-02  2.3592482913e-02  1.0351291400e-02  2.7020292571e-02  3.1897649211e-02  2.8102555296e-02  7.8636041106e-03  3.0399276363e-02  3.8607098532e-02  3.0026684954e-02  
-3.5451311465e-01  9.1594951636e-02  3.9260075231e-03  1.1059139247e-01  2.8114792111e-02  1.0519819369e-01  2.2381907942e-02  1.0618236096e-01  2.8353664696e-02  1.2532057379e-01  2.9344440902e-02  4.7982173130e-02  2.5472437764e-02  1.0086660894e-01  2.2525321049e-02  8.8699092471e-02  2.0438331176e-02  9.6849295208e-02  2.3809409684e-02  1.0557949846e-01  2.7299236979e-02  1.3668899504e-01  2.8754010330e-02  4.5916580605e-02  2.8972053320e-02  6.3467573577e-02  2.5861780919e-02  
-2.5611194653e-01  9.5846090933e-02  3.4206879691e-03  5.2578015371e-02  2.4321433133e-02  9.9383526432e-02  2.0612760769e-02  1.0721976667e-01  2.5267281638e-02  1.2052892091e-01  2.4517114925e-02  4.2578469105e-02  2.6913188811e-02  6.1254135395e-02  2.7014170320e-02  5.6899923883e-02  2.8571339606e-02  7.5015313124e-02  2.7422199296e-02  4.9484772630e-02  2.3592004420e-02  1.0950486702e-01  2.1921834498e-02  4.6601250044e-02  2.4909997716e-02  1.0583167410e-01  2.1306869552e-02  
-1.5504065660e-01  9.5579540007e-02  3.7602360571e-03  8.9260215192e-02  2.6056172907e-02  1.1317282193e-01  2.7269361740e-02  7.8792456584e-02  2.2577615988e-02  7.8875950776e-02  2.4126705471e-02  1.5905978376e-02  2.5171112692e-02  8.4256329808e-02  2.3531749177e-02  5.1505284184e-02  2.4115919582e-02  6.5058592913e-02  2.3225498204e-02  5.6246481880e-02  2.6892078947e-02  1.1357974755e-01  2.5232175647e-02  1.8660212137e-02  2.9415917018e-02  5.1643981802e-02  2.7009012895e-02  
-5.3201950086e-02  9.2534111594e-02  3.6906315258e-03  4.9520696911e-02  2.1865178417e-02  7.3282794134e-02  2.2851759081e-02  8.8111666925e-02  2.2258218895e-02  9.4680523407e-02  2.3452289920e-02  6.7443213361e-02  2.0527748864e-02  8.5108071887e-02  2.0559517500e-02  8.8494928403e-02  2.1706896093e-02  1.0594443323e-01  2.3765821119e-02  3.3498846463e-02  2.2953970734e-02  1.1052575482e-01  2.3837954992e-02  4.5334519271e-02  2.3478733354e-02  5.8561407741e-02  2.2455541097e-02  
4.4477458483e-02  9.2510132664e-02  3.5137462139e-03  7.4663516934e-03  3.0185607306e-02  7.9676079450e-02  3.1269531074e-02  1.0609529728e-01  2.2961355985e-02  1.0559258496e-01  2.5054964919e-02  5.8688735469e-02  2.5490271217e-02  1.1389634857e-01  2.7105744499e-02  5.2210547285e-02  2.4336892626e-02  8.1720498969e-02  2.5444115989e-02  6.0436663128e-02  2.3907519858e-02  1.2516854799e-01  1.9926236953e-02  8.4593203239e-02  2.5542994642e-02  7.6048583562e-02  2.3485317951e-02  
1.4548177664e-01  9.2338638054e-02  3.6949575559e-03  1.1096962377e-01  3.5832211061e-02  1.2876693786e-01  2.9754522180e-02  6.8189218638e-02  2.3229800794e-02  8.5690764665e-02  2.5431894509e-02  2.1480462945e-02  2.5808905017e-02  7.1202501737e-02  2.3006684757e-02  1.9376696748e-02  3.2621276412e-02  9.2522883500e-02  2.7520403554e-02  5.6318402328e-02  2.9515485538e-02  5.8473168173e-02  2.9290248048e-02  8.4206726603e-02  2.4549573159e-02  1.0837592207e-01  2.3963786332e-02  
2.4430752248e-01  9.5681464314e-02  3.6018532712e-03  2.5702760167e-02  2.9788333446e-02  6.2342866053e-02  2.3960194169e-02  7.8840550706e-02  2.2877054460e-02  9.4038195387e-02  2.6051642303e-02  4.0496246193e-02  2.8624897701e-02  6.0165419927e-02  2.4474048957e-02  1.4704382819e-02  2.3781214990e-02  4.5480219201e-02  2.2897936512e-02  4.6041522128e-02  2.4564579922e-02  2.7150206240e-02  2.5546361825e-02  1.2111600161e-02  2.5407046598e-02  6.8796185965e-02  2.2206757428e-02  
3.4571268379e-01  9.0138460579e-02  3.5459397860e-03  2.5159830362e-02  2.5757556238e-02  5.1000216972e-02  2.6671570426e-02  8.8101165081e-02  2.7216333110e-02  1.4724433767e-01  2.5519532859e-02  1.1000405352e-02  2.2541738726e-02  3.3567038201e-02  2.9373118517e-02  5.7277723740e-02  2.8851902093e-02  1.0117532462e-01  2.8849827413e-02  6.6033377986e-02  2.4824105126e-02  8.2899448334e-02  2.6217056333e-02  5.4807152579e-02  2.0468011148e-02  6.5246330208e-02  2.4115319374e-02  
4.4405851506e-01  8.4723014781e-02  2.9545790387e-03  3.5646896172e-02  2.4573532159e-02  5.7665163032e-02  2.3979998433e-02  9.9847312902e-02  2.5938156487e-02  1.1334689211e-01  2.6842081090e-02  6.6821994066e-02  2.4792479196e-02  7.7451889535e-02  2.8136186565e-02  6.7642755908e-02  2.6374023061e-02  6.9732909224e-02  2.5428250488e-02  9.5873665190e-02  2.6311114064e-02  8.5288263638e-02  2.5262971803e-02  6.2747490316e-02  2.8340021702e-02  1.0740525258e-01  2.9024464758e-02  
5.4486506210e-01  9.0314683825e-02  3.3051592130e-03  3.9000367461e-02  2.3432229013e-02  7.2635519139e-02  2.3273356130e-02  3.8814319502e-02  2.2094798715e-02  6.9258588625e-02  2.3537788912e-02  7.6314849422e-02  2.3657497546e-02  1.1006674275e-01  2.2792567291e-02  5.3794076992e-02  2.5315265421e-02  9.7053193832e-02  2.2891984766e-02  6.4872621719e-02  2.5935062098e-02  1.2423537520e-01  2.7908061133e-02  9.1130141888e-03  2.4195481043e-02  6.3821375437e-02  2.3909983626e-02  
6.4290135623e-01  8.3181403881e-02  3.8368198832e-03  -1.6132043151e-02  2.4021331476e-02  5.7848931333e-02  3.2059981184e-02  6.9856362189e-02  2.9553475833e-02  9.6003891860e-02  2.7655522673e-02  5.1774500123e-02  3.6062567978e-02  9.4879995238e-02  2.7548491918e-02  1.0785853315e-01  2.7977968776e-02  1.3486081249e-01  2.6118293746e-02  3.0607634207e-02  2.6805487640e-02  8.0332715558e-02  2.7722686872e-02  5.8520568987e-02  2.6825923761e-02  9.9455886342e-02  2.6895117005e-02  
7.4509270107e-01  8.5023517598e-02  3.2119718452e-03  5.0439328500e-02  2.7835471900e-02  8.8116790995e-02  2.7125181880e-02  4.7279295230e-02  2.3361911158e-02  7.7191390576e-02  2.5106941499e-02  7.2035042129e-02  3.2312361286e-02  3.8634535432e-02  3.1016169220e-02  2.7470236402e-02  2.4542438377e-02  7.5129019735e-02  2.5303033311e-02  5.1321863649e-02  3.1981139800e-02  8.3540849444e-02  3.0012100478e-02  8.5825189057e-02  2.2629004041e-02  1.0553240720e-01  2.7686200396e-02  
8.4408777993e-01  8.4320461269e-02  2.9414305494e-03  2.1668586942e-02  2.9708753929e-02  -4.0980015111e-02  3.3184569349e-02  6.0414088318e-02  2.5499654096e-02  4.5705505285e-02  2.6867450447e-02  2.3774266519e-02  2.9787829276e-02  -1.7540223464e-02  2.9081993025e-02  3.8391485791e-02  3.0663030086e-02  2.3466576501e-02  2.9295365160e-02  8.9405604393e-02  2.7987286953e-02  -1.3087479428e-02  2.8278074858e-02  4.7973150641e-02  2.5137301165e-02  4.0970913708e-02  2.4728801903e-02  
9.4283984181e-01  8.6000515012e-02  3.2558449424e-03  3.2686186903e-02  2.3850821478e-02  2.3431701248e-02  2.7566786352e-02  6.8447593176e-02  2.3706754864e-02  4.9562939936e-02  2.3407916698e-02  -4.3359075464e-03  2.9529127442e-02  -3.3189271110e-02  2.5572365489e-02  1.8598698767e-02  2.4954691096e-02  -4.0854946352e-02  2.5939442940e-02  2.8214006721e-02  2.6170883222e-02  -6.6303125722e-02  3.1676613220e-02  3.1654394905e-02  2.8257117532e-02  -2.1836341618e-02  2.8004540330e-02  
1.0426650690e+00  7.6805190083e-02  2.8136945005e-03  6.3016704927e-02  2.6822649278e-02  2.7364162323e-02  2.6468403770e-02  5.2612005508e-02  2.9182274131e-02  -1.4986086503e-02  2.8112626983e-02  1.1387134974e-01  2.8052807011e-02  4.4671003885e-02  2.3259587857e-02  1.0481639608e-01  2.5179007141e-02  2.4436643102e-02  2.4941749719e-02  3.9583652798e-02  3.2452375952e-02  -5.2933341159e-02  3.2067545609e-02  9.0057525528e-02  2.6852814243e-02  2.6128076040e-02  2.5732486535e-02  
1.1419719332e+00  7.5780597746e-02  3.1323835976e-03  6.0393099370e-02  2.8118343198e-02  8.4239125617e-03  2.7811292697e-02  8.4549545610e-02  2.8506841326e-02  2.2447284539e-02  2.7525274975e-02  4.5314369732e-02  3.3417613573e-02  -1.9403254067e-02  2.9598685233e-02  2.8946366214e-02  2.7863185014e-02  -1.5251786401e-02  2.7146846081e-02  7.8870430181e-02  2.6232039233e-02  2.4491486298e-02  2.9266309751e-02  5.9747886467e-02  2.9929301572e-02  -9.1817975273e-03  2.7120489547e-02  
1.2415680694e+00  7.2695700655e-02  3.4306674267e-03  3.5189060282e-02  3.2498010001e-02  1.3299224123e-02  3.0480653389e-02  5.0006635274e-02  2.8246441422e-02  9.5912053420e-03  2.6419010656e-02  4.3437316310e-02  2.4559690045e-02  -4.6163530500e-02  2.7591988559e-02  3.5550054321e-02  2.9602016779e-02  3.0976423222e-02  3.1752924317e-02  2.5680388669e-02  3.2327712514e-02  2.4464160383e-02  2.8790269215e-02  6.1393937130e-02  3.2818548623e-02  -4.9865951749e-02  3.8010541511e-02  
1.3432039604e+00  7.0971291870e-02  3.0535956755e-03  6.1895492533e-02  2.4263751813e-02  -1.0625809553e-02  2.8820548882e-02  6.6575202876e-02  3.6182852286e-02  6.3635450877e-03  3.6569879084e-02  6.4858980441e-02  2.7007527648e-02  1.4297852343e-02  2.1334189009e-02  8.2957956384e-02  2.7827271612e-02  -1.0733253895e-02  2.9214586933e-02  6.0286299412e-02  2.8877069326e-02  -9.1853955213e-03  2.9680803398e-02  5.9904761514e-02  3.8849567528e-02  1.9085409499e-02  3.0196527628e-02  
1.4411430154e+00  6.7706389344e-02  3.1350171905e-03  3.6256528386e-02  3.0926191268e-02  5.3134852014e-03  3.3326741469e-02  9.0202561209e-02  3.4380054494e-02  4.0242047664e-02  3.4915156078e-02  3.5796464890e-02  3.9519416654e-02  -3.3506226386e-03  3.6236982300e-02  5.1347750215e-02  3.9641236780e-02  8.3037431297e-03  3.4570485116e-02  8.6406718825e-02  3.4329642013e-02  2.9820012516e-02  3.0811758681e-02  2.5869720390e-02  3.3398930139e-02  -2.7275135355e-02  3.3545018544e-02  
1.5416002141e+00  5.6651158116e-02  2.6349356473e-03  5.1257792642e-02  3.2693425587e-02  -3.7009879688e-03  3.0565926998e-02  8.3672551240e-02  3.2427794511e-02  6.3534911896e-02  2.8791498134e-02  3.5183058044e-02  3.2938617726e-02  -3.6668519710e-02  3.0164230202e-02  1.2162856320e-01  3.3609121947e-02  4.2561437375e-02  3.3958133403e-02  7.4523082866e-02  3.0485259934e-02  2.8407565374e-03  3.2566589360e-02  1.0742160555e-02  4.2154768791e-02  -4.1949550234e-02  3.9477366395e-02  
1.6407466974e+00  5.4187196457e-02  2.4762190479e-03  8.5455628792e-02  3.2761026884e-02  3.2440895756e-04  3.5242590273e-02  6.0560688983e-02  3.4750801003e-02  4.5979868748e-02  3.0063447447e-02  5.6317517650e-02  3.5235890527e-02  -8.1242031349e-03  3.7845699587e-02  5.5493668902e-02  2.9842503388e-02  1.4489933205e-03  3.1538208005e-02  2.2795637849e-02  4.2167952386e-02  5.1141353145e-03  4.1325053747e-02  8.4194871342e-02  3.9876841360e-02  9.8708617421e-03  4.3361656880e-02  
1.7384600905e+00  5.6014284459e-02  2.8791939382e-03  6.3428150892e-02  3.5036134418e-02  2.0530795799e-02  4.2724190952e-02  8.9103077154e-02  3.6870837920e-02  2.6747058576e-02  3.7359608151e-02  1.4769129150e-02  3.6700480662e-02  -5.2129353949e-02  3.3073122544e-02  -1.3130413775e-03  3.1901489340e-02  -4.2078720427e-02  3.4430973760e-02  4.6812961568e-02  3.5740616661e-02  2.2880877858e-02  3.6793734073e-02  4.6359747758e-02  3.0832110480e-02  2.0551072453e-03  3.6012207000e-02  
1.8395609664e+00  5.0052026304e-02  2.9187183406e-03  1.2969750653e-01  4.3789022410e-02  6.2808039932e-02  3.5121673489e-02  3.9122417080e-02  3.7366256145e-02  -1.4123266350e-02  4.0329837034e-02  5.0418892122e-02  3.9161283864e-02  -1.8620628273e-03  4.1214195085e-02  5.2943301163e-02  4.0754239602e-02  2.1708367394e-02  3.6778814688e-02  8.5087694898e-02  3.0844934854e-02  1.2879228431e-02  3.1530587744e-02  1.3800576196e-02  3.3291703399e-02  -3.4249998977e-03  3.7148168309e-02  
1.9407763402e+00  4.7252814380e-02  2.3714506451e-03  7.2197972774e-02  4.3347031729e-02  5.8843163992e-02  4.0259209771e-02  2.0142296040e-02  3.5745933225e-02  1.9281556124e-02  3.8845992184e-02  1.1881335370e-03  3.8647783404e-02  -2.2325169630e-02  3.8041371365e-02  5.4342064365e-02  4.1835744025e-02  -2.0133076689e-02  3.8528359659e-02  -2.2897506254e-02  4.0271389044e-02  -7.6283581799e-02  3.7548055542e-02  7.3415926014e-02  3.7358670662e-02  8.9517091801e-03  4.2628206383e-02  
2.0393503125e+00  3.9870896544e-02  2.1003559806e-03  6.6195342278e-02  4.4988045386e-02  -2.5654595992e-02  4.2259603515e-02  1.3208556296e-01  4.5336233371e-02  8.1579024548e-02  4.9585376330e-02  2.5511021110e-02  4.5417138507e-02  -5.8305983202e-03  4.5953538604e-02  4.9084715307e-02  3.8418137393e-02  -1.2305987473e-02  4.2365023147e-02  8.1879825121e-02  3.3646553160e-02  -1.9888277517e-02  3.4277896739e-02  7.7467227991e-02  4.2331838406e-02  -1.8100827802e-02  4.2020398279e-02  
2.1377312309e+00  3.6662820932e-02  2.2573445305e-03  7.0625742347e-02  3.7583823976e-02  6.1766376406e-02  4.1594099405e-02  9.8972591532e-03  4.1173423990e-02  5.4278518036e-04  4.3604458878e-02  5.0850220931e-02  4.4213454000e-02  6.4783729654e-02  3.4564367620e-02  9.8945097979e-02  4.4865033510e-02  5.9291021576e-02  4.2327556807e-02  4.5509421699e-02  4.8506044632e-02  -1.5934997114e-02  4.3836551681e-02  5.3787236287e-03  4.5498585190e-02  -5.9027571245e-02  5.0006312795e-02  
2.2377771469e+00  3.3011133641e-02  1.6597748027e-03  -4.2496663218e-02  4.6325770550e-02  -4.2103565339e-02  5.3123821994e-02  -2.0791329232e-02  4.8424947643e-02  4.6282383160e-03  4.2751658431e-02  2.0470979900e-02  3.7101377009e-02  8.1519452108e-03  3.6613644394e-02  3.5987560454e-02  5.1326159737e-02  -3.3948964737e-02  4.7414688707e-02  5.6625631366e-02  4.2712181594e-02  3.1558473935e-02  4.4622491471e-02  7.8253720157e-02  4.8789715689e-02  1.4105865183e-02  4.6203158400e-02  
2.3383129757e+00  3.0914989811e-02  1.9723183170e-03  4.2010408886e-02  5.5543790591e-02  -6.7623675024e-02  5.0568183971e-02  2.8349824854e-02  4.2524424477e-02  -1.9982710747e-03  4.6829572771e-02  2.4645461385e-02  5.2095914619e-02  2.8528755499e-02  5.4025115799e-02  6.4182884475e-02  4.5888217391e-02  4.5189932373e-02  4.8550537570e-02  -3.6155289825e-02  5.5021517059e-02  -1.2211227527e-01  5.6608951012e-02  4.9659710020e-02  5.5432264477e-02  -1.3251841310e-02  4.6163250502e-02  
2.4317865765e+00  2.3260691886e-02  1.6442087936e-03  3.8991137742e-02  5.6860078829e-02  -3.5946409500e-02  5.5118575107e-02  4.8063053631e-02  5.4246099828e-02  8.4471332610e-02  5.2801695756e-02  7.3511738420e-02  4.8402537896e-02  5.3499443711e-05  4.8524923885e-02  2.1783648862e-02  4.7928966432e-02  -5.1393245063e-03  5.0834076546e-02  4.7082464305e-02  5.3524395794e-02  2.2757374482e-02  5.6388574648e-02  9.8061298333e-02  4.7591967476e-02  4.5248095617e-02  5.3803754102e-02  
2.5294092869e+00  2.1073334490e-02  1.5671782367e-03  8.8598276761e-02  5.3138614433e-02  5.5600579601e-02  5.1393615828e-02  6.6834814650e-03  5.5528740230e-02  2.2772439205e-02  4.4701893034e-02  9.2837037139e-02  4.7439566715e-02  -5.0056528189e-02  5.0177187073e-02  5.7032947863e-02  5.2326066881e-02  4.3346558295e-02  5.1869276876e-02  6.1611906908e-02  5.4253331958e-02  4.8586625114e-04  5.7964817318e-02  2.5124858890e-02  5.4356661134e-02  1.1222329309e-02  5.4518931384e-02  
2.6260042948e+00  1.5905971220e-02  1.3588599564e-03  2.7335301575e-02  6.5736987125e-02  -4.3325005248e-02  6.5163576617e-02  -3.3216870400e-02  5.4041668221e-02  -3.8268934303e-02  4.7708188555e-02  1.1758774902e-01  5.3349398267e-02  -3.5261361439e-02  5.1817656659e-02  -3.4449831293e-03  5.4487097565e-02  -1.8008187373e-02  5.2756967302e-02  -8.4508135671e-02  5.4540094609e-02  -1.3961274850e-01  6.0148787897e-02  7.0651041196e-02  6.4322409419e-02  -7.5916177573e-03  6.4038037057e-02  
2.7221269452e+00  1.2806208563e-02  1.2092920756e-03  3.4086985660e-02  5.5388889079e-02  -2.6077328573e-02  5.8970359090e-02  -4.3039687924e-02  5.6889356247e-02  -6.7589591514e-02  5.6596753564e-02  6.7987595057e-02  5.5395437473e-02  -2.6441217184e-05  5.1533094644e-02  2.2884459083e-02  5.1102268564e-02  -9.1215805480e-02  6.2479608551e-02  1.0053670910e-01  5.6298555225e-02  3.9878308326e-02  5.0235116121e-02  2.9143211119e-03  4.5783114784e-02  -9.4258268309e-03  5.6528799179e-02  
2.8188843640e+00  9.8413003558e-03  1.1029031602e-03  -2.6305846655e-02  4.5764340717e-02  -1.0934257404e-02  3.9510648795e-02  2.2921891988e-03  6.6367780419e-02  3.1548722611e-02  6.1269290538e-02  4.7749812494e-02  4.1103790255e-02  -9.7414510349e-02  4.1223155938e-02  4.7186451090e-02  4.6823511528e-02  1.6931544367e-02  4.7941652748e-02  -2.2964476052e-02  4.8234808211e-02  -5.5926878954e-02  5.0390245929e-02  -4.3827901643e-02  4.5486303234e-02  -4.3008678228e-02  4.5617646700e-02  
2.9153372759e+00  7.7810258526e-03  1.0157928405e-03  8.5036800802e-02  4.9772304979e-02  7.1098911095e-02  5.4945512771e-02  7.6367244670e-02  5.9349299813e-02  9.8595712008e-02  5.4155335559e-02  1.7727612689e-02  4.5149338403e-02  3.4445081036e-02  5.9717067256e-02  1.7647297920e-02  4.8022265756e-02  -9.6552621475e-02  4.3818272479e-02  -6.2602475644e-02  6.3053682074e-02  -1.7902525694e-02  6.8505455575e-02  1.0660865165e-01  4.8059243800e-02  -3.8046417506e-02  4.6452608449e-02  
3.0077269910e+00  4.0684746267e-03  7.8208434342e-04  2.3335463162e-02  4.6957110587e-02  1.4985334841e-02  4.6033898807e-02  -3.7563156921e-02  3.5478966731e-02  -5.0432814176e-02  3.5946538235e-02  -3.3001172119e-02  3.7200551303e-02  -3.8209716986e-02  3.3844910238e-02  -5.6885908475e-03  3.9051155052e-02  1.0526438418e-03  3.6319038669e-02  -9.0896469603e-03  3.6757745433e-02  -1.5222077853e-02  4.3151793950e-02  -4.9954477951e-02  4.5200960481e-02  -4.8276839978e-02  4.3740141696e-02  
3.1051684200e+00  2.4820942610e-03  4.9304951671e-04  -2.1999324494e-02  3.1211151239e-02  5.9155727946e-03  2.8872809273e-02  -3.5439367391e-02  4.5773568441e-02  -2.4959229826e-02  3.9895406138e-02  2.7425949496e-02  3.8194546176e-02  -1.4480243645e-02  4.0385701020e-02  -2.7626659492e-02  3.4827314316e-02  3.7013092027e-03  3.6736900475e-02  3.7702025665e-02  4.2718571968e-02  2.6709151548e-02  4.4365614662e-02  -3.5525089987e-02  3.8716913870e-02  -3.6614740886e-02  2.5927594945e-02  
3.2010283874e+00  3.0742509605e-04  1.7458448287e-04  -7.9984766696e-03  9.4478804609e-03  -1.0409543000e-02  1.4451453658e-02  -1.2077272874e-02  7.8903150693e-03  -3.3234968746e-03  7.7492992459e-03  5.5171518425e-03  4.7186915301e-03  1.0029534007e-02  9.9228843689e-03  9.1208037304e-03  1.1013672170e-02  1.2869714221e-02  1.2219153311e-02  9.7040992556e-03  1.1305299256e-02  1.6819425961e-02  1.0726620763e-02  6.0878217819e-03  8.7846290380e-03  -5.9025280226e-03  6.0417359244e-03  
3.3006697993e+00  3.8062151519e-04  1.8633828096e-04  1.6426816724e-02  1.1838214848e-02  1.6351029375e-02  1.2177224785e-02  -4.3758717412e-02  2.9014088292e-02  -2.9236098870e-02  3.1287108234e-02  1.6643910547e-02  1.1498774130e-02  -1.1437055515e-02  1.2440372913e-02  -6.4742300185e-03  2.0679577788e-02  2.1827115195e-03  1.7065447141e-02  1.5745317424e-02  1.5283944737e-02  9.0686606388e-03  1.1629512388e-02  8.2245158465e-03  1.3986103724e-02  1.3081294924e-02  1.0553857512e-02  
3.4004784735e+00  8.8183421481e-05  8.7637388854e-05  2.5733393964e-03  2.5772187276e-03  -5.5131218681e-03  5.5203862362e-03  -5.2896965245e-03  5.2969210323e-03  -9.0646817196e-04  9.0738452090e-04  1.1619138994e-02  1.1645414043e-02  1.7135483613e-02  1.7167268177e-02  1.0808073078e-02  1.0822609070e-02  -4.8650942717e-03  4.8720001796e-03  -1.7266980172e-02  1.7285085216e-02  -1.4734725254e-02  1.4754926271e-02  -5.0526140811e-03  5.0610006572e-03  3.8748752747e-03  3.8813953440e-03  
3.5000000000e+00  0.0000000000e+00  0.0000000000e+00  0.0000000000e+00  0.0000000000e+00  0.0000000000e+00  0.0000000000e+00  0.0000000000e+00  0.0000000000e+00  0.0000000000e+00  0.0000000000e+00  0.0000000000e+00  0.0000000000e+00  0.0000000000e+00  0.0000000000e+00  0.0000000000e+00  0.0000000000e+00  0.0000000000e+00  0.0000000000e+00  0.0000000000e+00  0.0000000000e+00  0.0000000000e+00  0.0000000000e+00  0.0000000000e+00  0.0000000000e+00  0.0000000000e+00  0.0000000000e+00  
3.6000000000e+00  0.0000000000e+00  0.0000000000e+00  0.0000000000e+00  0.0000000000e+00  0.0000000000e+00  0.0000000000e+00  0.0000000000e+00  0.0000000000e+00  0.0000000000e+00  0.0000000000e+00  0.0000000000e+00  0.0000000000e+00  0.0000000000e+00  0.0000000000e+00  0.0000000000e+00  0.0000000000e+00  0.0000000000e+00  0.0000000000e+00  0.0000000000e+00  0.0000000000e+00  0.0000000000e+00  0.0000000000e+00  0.0000000000e+00  0.0000000000e+00  0.0000000000e+00  0.0000000000e+00  
3.7000000000e+00  0.0000000000e+00  0.0000000000e+00  0.0000000000e+00  0.0000000000e+00  0.0000000000e+00  0.0000000000e+00  0.0000000000e+00  0.0000000000e+00  0.0000000000e+00  0.0000000000e+00  0.0000000000e+00  0.0000000000e+00  0.0000000000e+00  0.0000000000e+00  0.0000000000e+00  0.0000000000e+00  0.0000000000e+00  0.0000000000e+00  0.0000000000e+00  0.0000000000e+00  0.0000000000e+00  0.0000000000e+00  0.0000000000e+00  0.0000000000e+00  0.0000000000e+00  0.0000000000e+00  
3.8000000000e+00  0.0000000000e+00  0.0000000000e+00  0.0000000000e+00  0.0000000000e+00  0.0000000000e+00  0.0000000000e+00  0.0000000000e+00  0.0000000000e+00  0.0000000000e+00  0.0000000000e+00  0.0000000000e+00  0.0000000000e+00  0.0000000000e+00  0.0000000000e+00  0.0000000000e+00  0.0000000000e+00  0.0000000000e+00  0.0000000000e+00  0.0000000000e+00  0.0000000000e+00  0.0000000000e+00  0.0000000000e+00  0.0000000000e+00  0.0000000000e+00  0.0000000000e+00  0.0000000000e+00  
3.9000000000e+00  0.0000000000e+00  0.0000000000e+00  0.0000000000e+00  0.0000000000e+00  0.0000000000e+00  0.0000000000e+00  0.0000000000e+00  0.0000000000e+00  0.0000000000e+00  0.0000000000e+00  0.0000000000e+00  0.0000000000e+00  0.0000000000e+00  0.0000000000e+00  0.0000000000e+00  0.0000000000e+00  0.0000000000e+00  0.0000000000e+00  0.0000000000e+00  0.0000000000e+00  0.0000000000e+00  0.0000000000e+00  0.0000000000e+00  0.0000000000e+00  0.0000000000e+00  0.0000000000e+00  
4.0000000000e+00  0.0000000000e+00  0.0000000000e+00  0.0000000000e+00  0.0000000000e+00  0.0000000000e+00  0.0000000000e+00  0.0000000000e+00  0.0000000000e+00  0.0000000000e+00  0.0000000000e+00  0.0000000000e+00  0.0000000000e+00  0.0000000000e+00  0.0000000000e+00  0.0000000000e+00  0.0000000000e+00  0.0000000000e+00  0.0000000000e+00  0.0000000000e+00  0.0000000000e+00  0.0000000000e+00  0.0000000000e+00  0.0000000000e+00  0.0000000000e+00  0.0000000000e+00  0.0000000000e+00  
4.1000000000e+00  0.0000000000e+00  0.0000000000e+00  0.0000000000e+00  0.0000000000e+00  0.0000000000e+00  0.0000000000e+00  0.0000000000e+00  0.0000000000e+00  0.0000000000e+00  0.0000000000e+00  0.0000000000e+00  0.0000000000e+00  0.0000000000e+00  0.0000000000e+00  0.0000000000e+00  0.0000000000e+00  0.0000000000e+00  0.0000000000e+00  0.0000000000e+00  0.0000000000e+00  0.0000000000e+00  0.0000000000e+00  0.0000000000e+00  0.0000000000e+00  0.0000000000e+00  0.0000000000e+00  
4.2000000000e+00  0.0000000000e+00  0.0000000000e+00  0.0000000000e+00  0.0000000000e+00  0.0000000000e+00  0.0000000000e+00  0.0000000000e+00  0.0000000000e+00  0.0000000000e+00  0.0000000000e+00  0.0000000000e+00  0.0000000000e+00  0.0000000000e+00  0.0000000000e+00  0.0000000000e+00  0.0000000000e+00  0.0000000000e+00  0.0000000000e+00  0.0000000000e+00  0.0000000000e+00  0.0000000000e+00  0.0000000000e+00  0.0000000000e+00  0.0000000000e+00  0.0000000000e+00  0.0000000000e+00  
4.3000000000e+00  0.0000000000e+00  0.0000000000e+00  0.0000000000e+00  0.0000000000e+00  0.0000000000e+00  0.0000000000e+00  0.0000000000e+00  0.0000000000e+00  0.0000000000e+00  0.0000000000e+00  0.0000000000e+00  0.0000000000e+00  0.0000000000e+00  0.0000000000e+00  0.0000000000e+00  0.0000000000e+00  0.0000000000e+00  0.0000000000e+00  0.0000000000e+00  0.0000000000e+00  0.0000000000e+00  0.0000000000e+00  0.0000000000e+00  0.0000000000e+00  0.0000000000e+00  0.0000000000e+00  
4.4000000000e+00  0.0000000000e+00  0.0000000000e+00  0.0000000000e+00  0.0000000000e+00  0.0000000000e+00  0.0000000000e+00  0.0000000000e+00  0.0000000000e+00  0.0000000000e+00  0.0000000000e+00  0.0000000000e+00  0.0000000000e+00  0.0000000000e+00  0.0000000000e+00  0.0000000000e+00  0.0000000000e+00  0.0000000000e+00  0.0000000000e+00  0.0000000000e+00  0.0000000000e+00  0.0000000000e+00  0.0000000000e+00  0.0000000000e+00  0.0000000000e+00  0.0000000000e+00  0.0000000000e+00  
4.5000000000e+00  0.0000000000e+00  0.0000000000e+00  0.0000000000e+00  0.0000000000e+00  0.0000000000e+00  0.0000000000e+00  0.0000000000e+00  0.0000000000e+00  0.0000000000e+00  0.0000000000e+00  0.0000000000e+00  0.0000000000e+00  0.0000000000e+00  0.0000000000e+00  0.0000000000e+00  0.0000000000e+00  0.0000000000e+00  0.0000000000e+00  0.0000000000e+00  0.0000000000e+00  0.0000000000e+00  0.0000000000e+00  0.0000000000e+00  0.0000000000e+00  0.0000000000e+00  0.0000000000e+00  
4.6000000000e+00  0.0000000000e+00  0.0000000000e+00  0.0000000000e+00  0.0000000000e+00  0.0000000000e+00  0.0000000000e+00  0.0000000000e+00  0.0000000000e+00  0.0000000000e+00  0.0000000000e+00  0.0000000000e+00  0.0000000000e+00  0.0000000000e+00  0.0000000000e+00  0.0000000000e+00  0.0000000000e+00  0.0000000000e+00  0.0000000000e+00  0.0000000000e+00  0.0000000000e+00  0.0000000000e+00  0.0000000000e+00  0.0000000000e+00  0.0000000000e+00  0.0000000000e+00  0.0000000000e+00  
4.7000000000e+00  0.0000000000e+00  0.0000000000e+00  0.0000000000e+00  0.0000000000e+00  0.0000000000e+00  0.0000000000e+00  0.0000000000e+00  0.0000000000e+00  0.0000000000e+00  0.0000000000e+00  0.0000000000e+00  0.0000000000e+00  0.0000000000e+00  0.0000000000e+00  0.0000000000e+00  0.0000000000e+00  0.0000000000e+00  0.0000000000e+00  0.0000000000e+00  0.0000000000e+00  0.0000000000e+00  0.0000000000e+00  0.0000000000e+00  0.0000000000e+00  0.0000000000e+00  0.0000000000e+00  
4.8000000000e+00  0.0000000000e+00  0.0000000000e+00  0.0000000000e+00  0.0000000000e+00  0.0000000000e+00  0.0000000000e+00  0.0000000000e+00  0.0000000000e+00  0.0000000000e+00  0.0000000000e+00  0.0000000000e+00  0.0000000000e+00  0.0000000000e+00  0.0000000000e+00  0.0000000000e+00  0.0000000000e+00  0.0000000000e+00  0.0000000000e+00  0.0000000000e+00  0.0000000000e+00  0.0000000000e+00  0.0000000000e+00  0.0000000000e+00  0.0000000000e+00  0.0000000000e+00  0.0000000000e+00  
4.9000000000e+00  0.0000000000e+00  0.0000000000e+00  0.0000000000e+00  0.0000000000e+00  0.0000000000e+00  0.0000000000e+00  0.0000000000e+00  0.0000000000e+00  0.0000000000e+00  0.0000000000e+00  0.0000000000e+00  0.0000000000e+00  0.0000000000e+00  0.0000000000e+00  0.0000000000e+00  0.0000000000e+00  0.0000000000e+00  0.0000000000e+00  0.0000000000e+00  0.0000000000e+00  0.0000000000e+00  0.0000000000e+00  0.0000000000e+00  0.0000000000e+00  0.0000000000e+00  0.0000000000e+00  
5.0000000000e+00  0.0000000000e+00  0.0000000000e+00  0.0000000000e+00  0.0000000000e+00  0.0000000000e+00  0.0000000000e+00  0.0000000000e+00  0.0000000000e+00  0.0000000000e+00  0.0000000000e+00  0.0000000000e+00  0.0000000000e+00  0.0000000000e+00  0.0000000000e+00  0.0000000000e+00  0.0000000000e+00  0.0000000000e+00  0.0000000000e+00  0.0000000000e+00  0.0000000000e+00  0.0000000000e+00  0.0000000000e+00  0.0000000000e+00  0.0000000000e+00  0.0000000000e+00  0.0000000000e+00  
5.1000000000e+00  0.0000000000e+00  0.0000000000e+00  0.0000000000e+00  0.0000000000e+00  0.0000000000e+00  0.0000000000e+00  0.0000000000e+00  0.0000000000e+00  0.0000000000e+00  0.0000000000e+00  0.0000000000e+00  0.0000000000e+00  0.0000000000e+00  0.0000000000e+00  0.0000000000e+00  0.0000000000e+00  0.0000000000e+00  0.0000000000e+00  0.0000000000e+00  0.0000000000e+00  0.0000000000e+00  0.0000000000e+00  0.0000000000e+00  0.0000000000e+00  0.0000000000e+00  0.0000000000e+00  
5.2000000000e+00  0.0000000000e+00  0.0000000000e+00  0.0000000000e+00  0.0000000000e+00  0.0000000000e+00  0.0000000000e+00  0.0000000000e+00  0.0000000000e+00  0.0000000000e+00  0.0000000000e+00  0.0000000000e+00  0.0000000000e+00  0.0000000000e+00  0.0000000000e+00  0.0000000000e+00  0.0000000000e+00  0.0000000000e+00  0.0000000000e+00  0.0000000000e+00  0.0000000000e+00  0.0000000000e+00  0.0000000000e+00  0.0000000000e+00  0.0000000000e+00  0.0000000000e+00  0.0000000000e+00  
5.3000000000e+00  0.0000000000e+00  0.0000000000e+00  0.0000000000e+00  0.0000000000e+00  0.0000000000e+00  0.0000000000e+00  0.0000000000e+00  0.0000000000e+00  0.0000000000e+00  0.0000000000e+00  0.0000000000e+00  0.0000000000e+00  0.0000000000e+00  0.0000000000e+00  0.0000000000e+00  0.0000000000e+00  0.0000000000e+00  0.0000000000e+00  0.0000000000e+00  0.0000000000e+00  0.0000000000e+00  0.0000000000e+00  0.0000000000e+00  0.0000000000e+00  0.0000000000e+00  0.0000000000e+00  
5.4000000000e+00  0.0000000000e+00  0.0000000000e+00  0.0000000000e+00  0.0000000000e+00  0.0000000000e+00  0.0000000000e+00  0.0000000000e+00  0.0000000000e+00  0.0000000000e+00  0.0000000000e+00  0.0000000000e+00  0.0000000000e+00  0.0000000000e+00  0.0000000000e+00  0.0000000000e+00  0.0000000000e+00  0.0000000000e+00  0.0000000000e+00  0.0000000000e+00  0.0000000000e+00  0.0000000000e+00  0.0000000000e+00  0.0000000000e+00  0.0000000000e+00  0.0000000000e+00  0.0000000000e+00  
5.5000000000e+00  0.0000000000e+00  0.0000000000e+00  0.0000000000e+00  0.0000000000e+00  0.0000000000e+00  0.0000000000e+00  0.0000000000e+00  0.0000000000e+00  0.0000000000e+00  0.0000000000e+00  0.0000000000e+00  0.0000000000e+00  0.0000000000e+00  0.0000000000e+00  0.0000000000e+00  0.0000000000e+00  0.0000000000e+00  0.0000000000e+00  0.0000000000e+00  0.0000000000e+00  0.0000000000e+00  0.0000000000e+00  0.0000000000e+00  0.0000000000e+00  0.0000000000e+00  0.0000000000e+00  
5.6000000000e+00  0.0000000000e+00  0.0000000000e+00  0.0000000000e+00  0.0000000000e+00  0.0000000000e+00  0.0000000000e+00  0.0000000000e+00  0.0000000000e+00  0.0000000000e+00  0.0000000000e+00  0.0000000000e+00  0.0000000000e+00  0.0000000000e+00  0.0000000000e+00  0.0000000000e+00  0.0000000000e+00  0.0000000000e+00  0.0000000000e+00  0.0000000000e+00  0.0000000000e+00  0.0000000000e+00  0.0000000000e+00  0.0000000000e+00  0.0000000000e+00  0.0000000000e+00  0.0000000000e+00  
5.7000000000e+00  0.0000000000e+00  0.0000000000e+00  0.0000000000e+00  0.0000000000e+00  0.0000000000e+00  0.0000000000e+00  0.0000000000e+00  0.0000000000e+00  0.0000000000e+00  0.0000000000e+00  0.0000000000e+00  0.0000000000e+00  0.0000000000e+00  0.0000000000e+00  0.0000000000e+00  0.0000000000e+00  0.0000000000e+00  0.0000000000e+00  0.0000000000e+00  0.0000000000e+00  0.0000000000e+00  0.0000000000e+00  0.0000000000e+00  0.0000000000e+00  0.0000000000e+00  0.0000000000e+00  
5.8000000000e+00  0.0000000000e+00  0.0000000000e+00  0.0000000000e+00  0.0000000000e+00  0.0000000000e+00  0.0000000000e+00  0.0000000000e+00  0.0000000000e+00  0.0000000000e+00  0.0000000000e+00  0.0000000000e+00  0.0000000000e+00  0.0000000000e+00  0.0000000000e+00  0.0000000000e+00  0.0000000000e+00  0.0000000000e+00  0.0000000000e+00  0.0000000000e+00  0.0000000000e+00  0.0000000000e+00  0.0000000000e+00  0.0000000000e+00  0.0000000000e+00  0.0000000000e+00  0.0000000000e+00  
5.9000000000e+00  0.0000000000e+00  0.0000000000e+00  0.0000000000e+00  0.0000000000e+00  0.0000000000e+00  0.0000000000e+00  0.0000000000e+00  0.0000000000e+00  0.0000000000e+00  0.0000000000e+00  0.0000000000e+00  0.0000000000e+00  0.0000000000e+00  0.0000000000e+00  0.0000000000e+00  0.0000000000e+00  0.0000000000e+00  0.0000000000e+00  0.0000000000e+00  0.0000000000e+00  0.0000000000e+00  0.0000000000e+00  0.0000000000e+00  0.0000000000e+00  0.0000000000e+00  0.0000000000e+00  
6.0000000000e+00  0.0000000000e+00  0.0000000000e+00  0.0000000000e+00  0.0000000000e+00  0.0000000000e+00  0.0000000000e+00  0.0000000000e+00  0.0000000000e+00  0.0000000000e+00  0.0000000000e+00  0.0000000000e+00  0.0000000000e+00  0.0000000000e+00  0.0000000000e+00  0.0000000000e+00  0.0000000000e+00  0.0000000000e+00  0.0000000000e+00  0.0000000000e+00  0.0000000000e+00  0.0000000000e+00  0.0000000000e+00  0.0000000000e+00  0.0000000000e+00  0.0000000000e+00  0.0000000000e+00  
6.1000000000e+00  0.0000000000e+00  0.0000000000e+00  0.0000000000e+00  0.0000000000e+00  0.0000000000e+00  0.0000000000e+00  0.0000000000e+00  0.0000000000e+00  0.0000000000e+00  0.0000000000e+00  0.0000000000e+00  0.0000000000e+00  0.0000000000e+00  0.0000000000e+00  0.0000000000e+00  0.0000000000e+00  0.0000000000e+00  0.0000000000e+00  0.0000000000e+00  0.0000000000e+00  0.0000000000e+00  0.0000000000e+00  0.0000000000e+00  0.0000000000e+00  0.0000000000e+00  0.0000000000e+00  
6.2000000000e+00  0.0000000000e+00  0.0000000000e+00  0.0000000000e+00  0.0000000000e+00  0.0000000000e+00  0.0000000000e+00  0.0000000000e+00  0.0000000000e+00  0.0000000000e+00  0.0000000000e+00  0.0000000000e+00  0.0000000000e+00  0.0000000000e+00  0.0000000000e+00  0.0000000000e+00  0.0000000000e+00  0.0000000000e+00  0.0000000000e+00  0.0000000000e+00  0.0000000000e+00  0.0000000000e+00  0.0000000000e+00  0.0000000000e+00  0.0000000000e+00  0.0000000000e+00  0.0000000000e+00  
6.3000000000e+00  0.0000000000e+00  0.0000000000e+00  0.0000000000e+00  0.0000000000e+00  0.0000000000e+00  0.0000000000e+00  0.0000000000e+00  0.0000000000e+00  0.0000000000e+00  0.0000000000e+00  0.0000000000e+00  0.0000000000e+00  0.0000000000e+00  0.0000000000e+00  0.0000000000e+00  0.0000000000e+00  0.0000000000e+00  0.0000000000e+00  0.0000000000e+00  0.0000000000e+00  0.0000000000e+00  0.0000000000e+00  0.0000000000e+00  0.0000000000e+00  0.0000000000e+00  0.0000000000e+00  
6.4000000000e+00  0.0000000000e+00  0.0000000000e+00  0.0000000000e+00  0.0000000000e+00  0.0000000000e+00  0.0000000000e+00  0.0000000000e+00  0.0000000000e+00  0.0000000000e+00  0.0000000000e+00  0.0000000000e+00  0.0000000000e+00  0.0000000000e+00  0.0000000000e+00  0.0000000000e+00  0.0000000000e+00  0.0000000000e+00  0.0000000000e+00  0.0000000000e+00  0.0000000000e+00  0.0000000000e+00  0.0000000000e+00  0.0000000000e+00  0.0000000000e+00  0.0000000000e+00  0.0000000000e+00  
6.5000000000e+00  0.0000000000e+00  0.0000000000e+00  0.0000000000e+00  0.0000000000e+00  0.0000000000e+00  0.0000000000e+00  0.0000000000e+00  0.0000000000e+00  0.0000000000e+00  0.0000000000e+00  0.0000000000e+00  0.0000000000e+00  0.0000000000e+00  0.0000000000e+00  0.0000000000e+00  0.0000000000e+00  0.0000000000e+00  0.0000000000e+00  0.0000000000e+00  0.0000000000e+00  0.0000000000e+00  0.0000000000e+00  0.0000000000e+00  0.0000000000e+00  0.0000000000e+00  0.0000000000e+00  
6.6000000000e+00  0.0000000000e+00  0.0000000000e+00  0.0000000000e+00  0.0000000000e+00  0.0000000000e+00  0.0000000000e+00  0.0000000000e+00  0.0000000000e+00  0.0000000000e+00  0.0000000000e+00  0.0000000000e+00  0.0000000000e+00  0.0000000000e+00  0.0000000000e+00  0.0000000000e+00  0.0000000000e+00  0.0000000000e+00  0.0000000000e+00  0.0000000000e+00  0.0000000000e+00  0.0000000000e+00  0.0000000000e+00  0.0000000000e+00  0.0000000000e+00  0.0000000000e+00  0.0000000000e+00  
6.7000000000e+00  0.0000000000e+00  0.0000000000e+00  0.0000000000e+00  0.0000000000e+00  0.0000000000e+00  0.0000000000e+00  0.0000000000e+00  0.0000000000e+00  0.0000000000e+00  0.0000000000e+00  0.0000000000e+00  0.0000000000e+00  0.0000000000e+00  0.0000000000e+00  0.0000000000e+00  0.0000000000e+00  0.0000000000e+00  0.0000000000e+00  0.0000000000e+00  0.0000000000e+00  0.0000000000e+00  0.0000000000e+00  0.0000000000e+00  0.0000000000e+00  0.0000000000e+00  0.0000000000e+00  
6.8000000000e+00  0.0000000000e+00  0.0000000000e+00  0.0000000000e+00  0.0000000000e+00  0.0000000000e+00  0.0000000000e+00  0.0000000000e+00  0.0000000000e+00  0.0000000000e+00  0.0000000000e+00  0.0000000000e+00  0.0000000000e+00  0.0000000000e+00  0.0000000000e+00  0.0000000000e+00  0.0000000000e+00  0.0000000000e+00  0.0000000000e+00  0.0000000000e+00  0.0000000000e+00  0.0000000000e+00  0.0000000000e+00  0.0000000000e+00  0.0000000000e+00  0.0000000000e+00  0.0000000000e+00  
6.9000000000e+00  0.0000000000e+00  0.0000000000e+00  0.0000000000e+00  0.0000000000e+00  0.0000000000e+00  0.0000000000e+00  0.0000000000e+00  0.0000000000e+00  0.0000000000e+00  0.0000000000e+00  0.0000000000e+00  0.0000000000e+00  0.0000000000e+00  0.0000000000e+00  0.0000000000e+00  0.0000000000e+00  0.0000000000e+00  0.0000000000e+00  0.0000000000e+00  0.0000000000e+00  0.0000000000e+00  0.0000000000e+00  0.0000000000e+00  0.0000000000e+00  0.0000000000e+00  0.0000000000e+00  
7.0000000000e+00  0.0000000000e+00  0.0000000000e+00  0.0000000000e+00  0.0000000000e+00  0.0000000000e+00  0.0000000000e+00  0.0000000000e+00  0.0000000000e+00  0.0000000000e+00  0.0000000000e+00  0.0000000000e+00  0.0000000000e+00  0.0000000000e+00  0.0000000000e+00  0.0000000000e+00  0.0000000000e+00  0.0000000000e+00  0.0000000000e+00  0.0000000000e+00  0.0000000000e+00  0.0000000000e+00  0.0000000000e+00  0.0000000000e+00  0.0000000000e+00  0.0000000000e+00  0.0000000000e+00  
