#pT  dN/(2pi dy pT dpT)  dN/(2pi dy pT dpT)_err  vn{SP}  vn{SP}_err
1.0751384497e-01  3.9339113962e-01  6.0641081307e-03  2.2721698100e-03  1.9432322507e-03  1.9089946762e-03  1.3938438437e-03  -7.6697502581e-04  1.6799194112e-03  -2.8480905770e-04  1.7811591194e-03  -2.1761466514e-03  2.6022661956e-03  -1.4107447293e-03  2.3020426910e-03  
2.0235782862e-01  3.5480586015e-01  5.3403776612e-03  5.2849496479e-03  2.4065269411e-03  6.0933996724e-03  1.3971298976e-03  -1.1798674672e-03  1.0904371303e-03  -4.8490573244e-04  1.2908559994e-03  -5.2010754948e-04  1.6490772614e-03  -3.2211896154e-03  1.4963642852e-03  
3.0043458939e-01  2.8090097404e-01  4.3054137240e-03  9.4352709546e-03  3.8813123319e-03  1.2324034700e-02  1.4301340667e-03  1.4390146364e-03  1.0820676587e-03  8.9639988315e-04  1.0255345928e-03  1.1858441035e-03  1.3173548690e-03  2.4714325145e-04  1.2951979062e-03  
3.9934146404e-01  2.0713120228e-01  3.0767147840e-03  1.0268007096e-02  5.1330768977e-03  2.1747775259e-02  1.6906150520e-03  2.6274980948e-03  1.0819089594e-03  8.2823147154e-04  1.1336316306e-03  -1.8419193344e-05  1.2060189569e-03  4.9935020730e-04  1.2160513844e-03  
4.9853971601e-01  1.4528655385e-01  2.1690471032e-03  1.2110827300e-02  5.8310104154e-03  3.6861884827e-02  2.4658143680e-03  3.7921770405e-03  1.4528499234e-03  5.1765397085e-04  1.2029249283e-03  1.7315410775e-03  1.3894718892e-03  1.4541347546e-03  1.9774209063e-03  
5.9810596704e-01  9.9219884284e-02  1.5096118071e-03  1.3095957844e-02  6.6541252793e-03  5.3913283462e-02  3.6752790972e-03  7.0494834734e-03  1.8565710991e-03  3.1789118577e-03  1.2912705918e-03  2.5835212615e-04  1.2761286985e-03  2.6654498837e-03  1.6236891255e-03  
6.9784909487e-01  6.6674545918e-02  1.0462798456e-03  1.1024592104e-02  7.7170008503e-03  7.1644858431e-02  4.7337617753e-03  1.1525423529e-02  2.3600479296e-03  6.2030985721e-03  1.9709665170e-03  2.6344754415e-03  1.9549230927e-03  5.6114877343e-04  1.3598808911e-03  
7.9764336348e-01  4.4262715645e-02  7.1739966736e-04  1.1362380388e-02  8.3020784478e-03  8.9538327558e-02  5.7466635979e-03  1.5937140201e-02  2.3076767927e-03  9.9643908951e-03  1.8418828296e-03  -3.4207781913e-04  2.0335042168e-03  -8.9758630004e-04  1.8288683834e-03  
8.9753615856e-01  2.9155120185e-02  5.2524606803e-04  1.5644151703e-02  8.9200544270e-03  1.0582052539e-01  6.6810210018e-03  1.9852321851e-02  3.3547970248e-03  1.0317289368e-02  2.4196610698e-03  1.6862792737e-03  2.3374217561e-03  2.0575900756e-04  2.6015690569e-03  
9.9735856056e-01  1.9283800552e-02  3.7753308975e-04  1.3298287050e-02  9.4178104402e-03  1.2336831210e-01  8.1984422496e-03  2.5567901604e-02  4.4061646576e-03  1.3043618805e-02  2.5729149142e-03  1.0993915080e-02  3.3533369601e-03  4.4137728813e-03  2.3798817319e-03  
1.0973095894e+00  1.2842807397e-02  2.7022653186e-04  1.7836404927e-02  8.8555159215e-03  1.3362825319e-01  9.8083543494e-03  2.6825883011e-02  3.5858132972e-03  1.7297996818e-02  3.6779110022e-03  -1.8751499807e-04  4.0212727781e-03  1.5495895909e-03  2.9286796579e-03  
1.1973549128e+00  8.5873103783e-03  2.0007810477e-04  1.1522830260e-02  9.7330936228e-03  1.4520628806e-01  1.0161788338e-02  3.3297576141e-02  4.4076563301e-03  2.5259670961e-02  4.2173312420e-03  1.0094869822e-02  3.0420959911e-03  8.6598557245e-04  3.3302196996e-03  
1.2975229025e+00  5.7896320136e-03  1.4229163567e-04  1.2923980747e-02  9.8940935306e-03  1.6090416467e-01  1.1779460710e-02  4.1979103308e-02  5.4638568583e-03  3.7378350972e-02  4.6109750739e-03  1.7040472118e-02  4.0834617486e-03  8.4546299463e-03  3.9281537060e-03  
1.3975065947e+00  4.0235384456e-03  1.0491800775e-04  1.3698574342e-02  9.3083195142e-03  1.5357205515e-01  1.1487530386e-02  5.2240192309e-02  8.8553989848e-03  3.9930932798e-02  6.6692651997e-03  1.4749786372e-02  5.3566163283e-03  6.4869694197e-03  5.0245526730e-03  
1.4976806641e+00  2.8068227828e-03  8.1864642343e-05  1.0557576440e-02  9.3146374955e-03  1.6232040315e-01  1.3317624698e-02  5.3717147928e-02  1.0128738944e-02  3.3199345880e-02  5.3174653813e-03  1.0454411598e-02  4.8586649660e-03  7.1074298668e-03  4.3559401884e-03  
1.5982054472e+00  2.0466909284e-03  6.2147672873e-05  -4.7368030126e-03  1.1314909569e-02  1.4509535570e-01  1.2748215728e-02  5.3283349512e-02  8.6647697645e-03  4.8985903154e-02  7.3814763602e-03  3.4834662799e-03  5.6594946199e-03  1.3263775833e-02  6.7744196903e-03  
1.6979211569e+00  1.5291116598e-03  5.0395303632e-05  1.0404997487e-02  9.9425281904e-03  1.4543679292e-01  1.4000571809e-02  4.2345944810e-02  8.4804903350e-03  4.1256187572e-02  7.1737020143e-03  5.3738118942e-03  6.7696298458e-03  8.8785371867e-03  6.5022982146e-03  
1.7979733944e+00  1.1594523819e-03  4.3300105671e-05  1.6755070790e-03  1.3833852001e-02  1.3688470678e-01  1.3714036320e-02  5.3540313507e-02  1.0233322502e-02  5.6648760260e-02  9.3372007262e-03  1.4284278018e-02  7.0741378544e-03  2.7603603554e-02  6.8013588389e-03  
1.8988157511e+00  9.0357545631e-04  3.5958685917e-05  1.1241543704e-03  1.5834368180e-02  1.3196488130e-01  1.4218971780e-02  4.5133719284e-02  9.3107891240e-03  3.6917597478e-02  8.9757541820e-03  2.0051839623e-02  9.6072444256e-03  1.2442599536e-02  8.3372938557e-03  
1.9982162714e+00  7.2386943552e-04  3.3784978279e-05  1.5584221399e-03  1.7843750828e-02  1.2444928227e-01  1.4347741707e-02  4.1696327104e-02  9.6073937756e-03  5.5654276989e-02  1.1390829187e-02  2.0532209996e-02  8.9536153903e-03  1.6289684515e-02  9.1703121431e-03  
2.0980997086e+00  5.8355861213e-04  3.0495672222e-05  4.4619299172e-03  1.6978591992e-02  1.3083300932e-01  1.8204158845e-02  4.5125126768e-02  1.0847513765e-02  4.9272043668e-02  1.3283859580e-02  1.9028034757e-02  9.9611459106e-03  1.4588582386e-02  8.3938913639e-03  
2.1990249157e+00  4.6951254931e-04  2.8146187433e-05  1.9461482073e-03  1.8335626940e-02  1.1341148758e-01  1.8329996975e-02  4.2434397960e-02  1.2112709265e-02  5.0662118880e-02  1.0191006424e-02  1.0713543934e-02  1.2702506402e-02  8.2176572309e-03  8.5088542895e-03  
2.2986152172e+00  3.9224294246e-04  2.4569993476e-05  9.6408096028e-03  1.9852043406e-02  1.2931661963e-01  1.9582221488e-02  4.0816971406e-02  1.3368966868e-02  3.8776143929e-02  1.3092572816e-02  3.4655178234e-02  9.9438225887e-03  2.0410743850e-02  1.3474353434e-02  
2.3986501694e+00  3.1803002369e-04  2.3000836940e-05  -7.2988862127e-03  2.4253892104e-02  8.5469480773e-02  1.6286219303e-02  4.1778105477e-02  1.0904315188e-02  5.0172213750e-02  1.5280061015e-02  2.3164924413e-03  1.0530922962e-02  2.1341735044e-02  1.1958537551e-02  
2.4993882179e+00  2.8070768649e-04  2.2359951646e-05  3.3439344845e-03  2.5092868885e-02  1.0862438701e-01  2.0542372008e-02  3.2576064734e-02  1.5410583909e-02  1.7298714791e-02  1.1519106951e-02  -2.6119016931e-03  1.3197329498e-02  1.0994403238e-02  1.3219938449e-02  
2.5989372730e+00  2.2716872930e-04  1.9940278095e-05  1.3829246800e-03  2.9406567211e-02  9.7785806414e-02  2.0333006405e-02  2.6769900206e-02  1.2401900033e-02  3.6038177558e-02  1.6038256813e-02  5.5006746249e-03  1.6764405301e-02  5.4812655804e-02  1.0934136717e-02  
2.6990406513e+00  2.1440161653e-04  2.0118727472e-05  -1.7520309812e-03  2.9382020296e-02  9.0021382051e-02  1.8279035538e-02  4.0258792842e-02  1.6806218774e-02  2.6029130901e-02  1.4192239517e-02  -5.6432989162e-04  1.3281630474e-02  3.9884289888e-03  1.2450670014e-02  
2.7989144325e+00  1.8184930736e-04  1.8699592446e-05  6.0083632560e-03  3.4626853598e-02  7.0659711200e-02  1.8569932317e-02  2.7737096237e-02  1.1928835469e-02  3.3590365383e-02  1.4938803383e-02  1.4457056743e-03  1.3654463884e-02  7.7540643560e-04  1.1999270154e-02  
2.8986082077e+00  1.6106687493e-04  1.7376274995e-05  1.1000097347e-02  3.1632887611e-02  6.1896009407e-02  1.7920084130e-02  2.5809117619e-02  1.2769072894e-02  2.5043848811e-02  1.4685303154e-02  -1.6575477605e-02  1.3830875203e-02  5.5557832186e-03  1.4434573779e-02  
2.9996409416e+00  1.3658448068e-04  1.5712519213e-05  2.0137184281e-02  4.0824180221e-02  7.1794630732e-02  2.2391402832e-02  3.8982456231e-02  1.7464383740e-02  3.9893248416e-02  1.4584186093e-02  1.8496144433e-02  1.4103786647e-02  4.7845532301e-03  1.3612489989e-02  
3.1003980637e+00  1.2516685348e-04  1.5811618563e-05  6.7812579811e-03  3.4207939190e-02  6.0653515710e-02  2.0886888531e-02  7.1073320313e-03  1.0028466225e-02  1.7090725414e-02  1.6281530160e-02  3.8403597980e-03  1.6056807834e-02  1.3556895487e-02  1.2979161697e-02  
3.1986861229e+00  1.1164369513e-04  1.4488137452e-05  1.1940349339e-02  3.4971889711e-02  4.9444201769e-02  2.0920434165e-02  2.2073105706e-02  1.6511368861e-02  5.1858284472e-03  1.6291111047e-02  -5.9176769475e-03  2.2270842901e-02  1.8159585512e-02  1.3988540114e-02  
3.3001351357e+00  1.0296627336e-04  1.4133302275e-05  -2.7101817338e-02  4.0938987462e-02  3.7534452447e-02  1.7464353136e-02  3.5483440438e-02  1.5902076929e-02  1.1033846111e-02  1.5211871112e-02  -5.2765652833e-03  1.2575667175e-02  6.6319545913e-04  1.6820921735e-02  
3.3988027573e+00  9.4233593335e-05  1.3354285368e-05  -1.4429592006e-02  4.0436036439e-02  6.1674259210e-02  2.2104528245e-02  1.6045231213e-02  1.1736308315e-02  7.8121723571e-03  1.2158736636e-02  -1.0090356212e-02  2.0512195144e-02  4.5583734907e-03  1.4828517913e-02  
3.4993801117e+00  8.5078172328e-05  1.2369349609e-05  5.2169569408e-03  3.9778901522e-02  5.5091944481e-02  2.1313175126e-02  1.6599161787e-02  1.7924310475e-02  1.0283733006e-02  1.6001737325e-02  2.7263125583e-03  1.4666058652e-02  -1.3286716605e-03  1.5481480455e-02  
3.5982367992e+00  7.4184122183e-05  1.0970596186e-05  -2.0681524364e-02  3.6972216510e-02  5.2202593444e-02  2.2488958212e-02  8.0021070174e-04  1.7588228091e-02  5.4326931773e-02  2.1755105017e-02  -2.7567152982e-02  2.6045448148e-02  5.6097603249e-03  1.7225816900e-02  
3.6996595860e+00  6.9274150708e-05  1.0582778737e-05  -3.6249773006e-02  5.0561803826e-02  3.5996347008e-02  1.8571494430e-02  2.0768009687e-02  1.5063709297e-02  1.2848037705e-02  1.4902139776e-02  3.5264229150e-02  1.9580629517e-02  1.6410569882e-02  1.4053927160e-02  
3.7994260788e+00  6.3101867158e-05  1.0458959674e-05  -3.4737991571e-02  5.5738613002e-02  3.6936809485e-02  1.6708360017e-02  3.5035100530e-02  2.1177378646e-02  7.5851034045e-03  1.2554907087e-02  -4.0697176785e-02  1.5784106709e-02  8.3601959171e-03  1.5034448817e-02  
3.8987417221e+00  5.9101676166e-05  9.7307269044e-06  4.0573960988e-03  4.7678732433e-02  4.1625032494e-02  2.2958408117e-02  2.2341863550e-02  1.8654514196e-02  3.5822487639e-02  2.0013132971e-02  3.8404871124e-03  1.4330228056e-02  2.3844447584e-02  2.1546513564e-02  
3.9992904663e+00  5.4750127855e-05  9.3026318974e-06  -1.7497069137e-05  4.9252822754e-02  6.0931574381e-02  2.3487801338e-02  7.8848681970e-03  1.7611831453e-02  3.9131648892e-02  2.5791631044e-02  -4.0816771142e-02  2.4617431729e-02  -3.1651622528e-02  2.0419882522e-02  
