#pT  dN/(2pi dy pT dpT)  dN/(2pi dy pT dpT)_err  vn[2]  vn[2]_err
1.1018183659e-01  2.8204909794e+02  3.0185655460e+00  3.5898402155e-03  9.3952328928e-04  4.2162121985e-03  8.6521755588e-04  0.0000000000e+00  0.0000000000e+00  0.0000000000e+00  0.0000000000e+00  0.0000000000e+00  0.0000000000e+00  0.0000000000e+00  0.0000000000e+00  
2.0133846830e-01  2.7062508306e+02  2.9060334802e+00  5.0232841781e-03  6.2388975499e-04  1.3447466500e-02  5.8871524697e-04  0.0000000000e+00  0.0000000000e+00  4.8369117379e-04  3.3858085273e-03  2.8061692423e-03  6.6123192517e-04  0.0000000000e+00  0.0000000000e+00  
2.9911718039e-01  1.8311565450e+02  1.9848756672e+00  6.4958654962e-03  5.7022595233e-04  2.5424273474e-02  9.5043461213e-04  4.8591375965e-03  5.1155906477e-04  2.5747357435e-03  7.2115020578e-04  0.0000000000e+00  0.0000000000e+00  0.0000000000e+00  0.0000000000e+00  
3.9841467101e-01  1.1807480266e+02  1.2818612386e+00  6.1167489777e-03  6.9861672362e-04  3.4496203120e-02  1.1572031464e-03  6.5431182319e-03  7.9387793039e-04  1.8940401228e-03  1.0423192015e-03  2.4680302129e-03  7.8401664909e-04  0.0000000000e+00  0.0000000000e+00  
4.9814881269e-01  7.6882233584e+01  8.5123465300e-01  7.3900005695e-03  6.3186000131e-04  4.3420448599e-02  1.5416411909e-03  9.8492776133e-03  7.7329693874e-04  2.5756337610e-03  1.0003154072e-03  0.0000000000e+00  0.0000000000e+00  2.3680803810e-03  9.3198754052e-04  
5.9801422377e-01  5.0718404282e+01  5.6846305363e-01  6.2298303503e-03  7.4649433486e-04  5.1512910486e-02  1.8069446388e-03  1.3132126223e-02  9.4247399993e-04  3.4507451932e-03  8.9242089437e-04  0.0000000000e+00  0.0000000000e+00  1.9410421517e-03  1.4796203295e-03  
6.9793661964e-01  3.4007058535e+01  3.8824905180e-01  5.2446207883e-03  1.2782243774e-03  5.8787669034e-02  1.9002896235e-03  1.5969693855e-02  1.1041199204e-03  6.1570729288e-03  9.8627834967e-04  0.0000000000e+00  0.0000000000e+00  0.0000000000e+00  0.0000000000e+00  
7.9779280004e-01  2.3065507775e+01  2.6936717162e-01  6.4695412268e-03  1.4871804077e-03  6.3335686887e-02  2.2473155176e-03  1.7175934726e-02  1.0497524314e-03  4.3200656451e-03  1.2415286098e-03  2.0205692905e-03  2.0841819465e-03  1.7922272829e-03  2.6439323128e-03  
8.9781469905e-01  1.5779811657e+01  1.8847957060e-01  7.0384297931e-03  1.2316144131e-03  7.2614307868e-02  2.3455865819e-03  2.1020397971e-02  1.6134458874e-03  5.8353344085e-03  1.3000356397e-03  4.2870216840e-03  1.6534636455e-03  2.4719782714e-03  2.5115780622e-03  
9.9771229070e-01  1.0834535754e+01  1.3540379160e-01  8.6029791189e-03  1.4724309191e-03  7.8213629826e-02  2.6683761087e-03  2.1632595088e-02  1.6494220211e-03  6.1320773682e-03  1.5351610707e-03  5.0233049692e-03  1.6379945361e-03  1.6037230319e-03  5.2060577892e-03  
1.0976569140e+00  7.4956871223e+00  9.8921580456e-02  8.5029288763e-03  1.5486443148e-03  8.3415393192e-02  2.9794830056e-03  2.3618940943e-02  1.8569863007e-03  1.0348818842e-02  1.3366574161e-03  0.0000000000e+00  0.0000000000e+00  3.9265814139e-03  2.7496965678e-03  
1.1977419901e+00  5.2113320521e+00  7.0769656088e-02  1.1386473028e-02  1.6310687131e-03  9.0063204045e-02  3.1792231942e-03  2.9141844557e-02  2.0759373100e-03  8.0535056300e-03  2.3070614118e-03  5.2948674380e-03  2.7852396473e-03  0.0000000000e+00  0.0000000000e+00  
1.2974949559e+00  3.5934109884e+00  5.0767658494e-02  1.7964861315e-02  2.3289259282e-03  9.5495902694e-02  3.1182640911e-03  3.1049842411e-02  2.0621534872e-03  6.3576081012e-03  3.2675044447e-03  9.6223708458e-03  2.0778869527e-03  0.0000000000e+00  0.0000000000e+00  
1.3974964297e+00  2.4832617140e+00  3.6990242127e-02  1.7058702239e-02  2.0881728420e-03  1.0065139364e-01  3.4381139451e-03  3.1307760809e-02  2.2674964894e-03  6.4057872186e-03  3.8375038755e-03  0.0000000000e+00  0.0000000000e+00  0.0000000000e+00  0.0000000000e+00  
1.4974653512e+00  1.7119075371e+00  2.6634808861e-02  2.4977273040e-02  2.5886621599e-03  1.0487525642e-01  4.0285900466e-03  3.3137830567e-02  2.5885389170e-03  1.1337789349e-02  3.8790212220e-03  1.0737770662e-02  3.8722345440e-03  1.2685920629e-02  3.5505920959e-03  
1.5975206247e+00  1.1861492344e+00  1.9717397473e-02  2.7234155978e-02  3.3484189728e-03  1.0947685796e-01  4.0483560600e-03  3.1223146519e-02  3.0970013070e-03  0.0000000000e+00  0.0000000000e+00  0.0000000000e+00  0.0000000000e+00  9.8063909163e-03  5.2103291278e-03  
1.6972965260e+00  8.1593391750e-01  1.4229445331e-02  3.5436088266e-02  3.6862159839e-03  1.1639356959e-01  4.0142037563e-03  4.1440247864e-02  3.4256689555e-03  0.0000000000e+00  0.0000000000e+00  0.0000000000e+00  0.0000000000e+00  1.4626161363e-02  4.9128465008e-03  
1.7972786634e+00  5.6293174216e-01  1.0090912377e-02  3.7737124033e-02  3.7140259907e-03  1.2115070703e-01  4.9981291403e-03  4.1043516481e-02  5.0216188251e-03  5.0737237401e-03  1.5545341074e-02  0.0000000000e+00  0.0000000000e+00  1.6835607109e-02  5.9778494392e-03  
1.8973506269e+00  3.8724867204e-01  7.4575262158e-03  4.3913899231e-02  4.4970149843e-03  1.2404773021e-01  4.4050881483e-03  4.8647397856e-02  5.3335104030e-03  2.4404517172e-02  5.7655204730e-03  6.0590090680e-03  1.7928282919e-02  2.0266878869e-02  6.5357269220e-03  
1.9971340456e+00  2.6965371084e-01  5.3335807575e-03  3.9117458898e-02  6.2737926404e-03  1.3220836289e-01  5.6214776234e-03  3.7688613170e-02  6.0433098592e-03  0.0000000000e+00  0.0000000000e+00  0.0000000000e+00  0.0000000000e+00  1.0257824489e-02  1.6299192691e-02  
2.0972308344e+00  1.8102072501e-01  3.6766632919e-03  6.4531549190e-02  6.3192903021e-03  1.3509224027e-01  6.5086691873e-03  5.7438577300e-02  8.0078916779e-03  2.8173963508e-02  9.2634307984e-03  1.4857091638e-02  1.6372618183e-02  2.7459807413e-02  1.0247088888e-02  
2.1968888289e+00  1.2403808637e-01  2.5076849741e-03  6.9930393401e-02  7.4702920632e-03  1.2929697440e-01  6.7444609292e-03  3.6844663026e-02  1.1636415404e-02  0.0000000000e+00  0.0000000000e+00  2.5058644131e-02  1.3201301560e-02  0.0000000000e+00  0.0000000000e+00  
2.2970191294e+00  8.5141101932e-02  2.0753280342e-03  6.7110550438e-02  1.0045488954e-02  1.5251378724e-01  8.3256072919e-03  4.7818657420e-02  1.2319138577e-02  0.0000000000e+00  0.0000000000e+00  4.0701149806e-02  1.7427996479e-02  0.0000000000e+00  0.0000000000e+00  
2.3967455959e+00  5.8429078328e-02  1.4571197541e-03  6.5154195433e-02  1.4050731010e-02  1.3954605745e-01  1.0102140162e-02  2.9878859848e-02  2.1642960963e-02  0.0000000000e+00  0.0000000000e+00  0.0000000000e+00  0.0000000000e+00  0.0000000000e+00  0.0000000000e+00  
2.4973040440e+00  3.9802264370e-02  1.1208570850e-03  3.2421426321e-02  2.7962755511e-02  1.5132985727e-01  1.2515571962e-02  6.3630941149e-02  1.8517149219e-02  1.9484598193e-02  4.8436057950e-02  0.0000000000e+00  0.0000000000e+00  4.0393405949e-02  2.1465889948e-02  
2.5971839705e+00  2.6628135743e-02  7.0557025771e-04  8.5205550319e-02  2.0844788762e-02  1.5375039075e-01  1.2590117549e-02  8.9067006508e-02  2.0850749508e-02  0.0000000000e+00  0.0000000000e+00  5.0998428029e-02  2.4807310059e-02  0.0000000000e+00  0.0000000000e+00  
2.6979255468e+00  1.8115974972e-02  5.4486904385e-04  9.6837275338e-02  2.8576166303e-02  1.5196777512e-01  2.0657182805e-02  0.0000000000e+00  0.0000000000e+00  0.0000000000e+00  0.0000000000e+00  4.0998540510e-02  5.4631537069e-02  6.3517933974e-02  3.4903873500e-02  
2.7963937516e+00  1.2306071232e-02  4.1134043769e-04  1.4464811047e-01  2.2705321368e-02  1.5247341372e-01  2.3826044884e-02  4.4301252239e-02  6.1847010739e-02  0.0000000000e+00  0.0000000000e+00  2.7429628305e-02  1.0331800209e-01  5.4052748892e-02  5.2463366378e-02  
2.8964672042e+00  8.7670353945e-03  3.3870262584e-04  4.4781109842e-02  8.1018379113e-02  1.9300317545e-01  3.4527886316e-02  6.9422220558e-02  6.5758896308e-02  0.0000000000e+00  0.0000000000e+00  0.0000000000e+00  0.0000000000e+00  0.0000000000e+00  0.0000000000e+00  
2.9990700061e+00  5.8276595800e-03  2.6272813565e-04  0.0000000000e+00  0.0000000000e+00  1.7148608247e-01  4.5639546269e-02  0.0000000000e+00  0.0000000000e+00  1.4181023645e-01  6.0570889307e-02  0.0000000000e+00  0.0000000000e+00  1.4203298003e-01  5.2986507021e-02  
3.0968709690e+00  3.8803668303e-03  1.9751214003e-04  1.1068142622e+01  5.5022214911e+00  3.2656658519e+01  1.6233980046e+01  0.0000000000e+00  0.0000000000e+00  0.0000000000e+00  0.0000000000e+00  0.0000000000e+00  0.0000000000e+00  0.0000000000e+00  0.0000000000e+00  
3.1969464703e+00  2.5361613085e-03  1.4049458668e-04  8.1988174234e+01  8.8752393978e+01  7.4557776182e+01  7.0118216177e+01  0.0000000000e+00  0.0000000000e+00  0.0000000000e+00  0.0000000000e+00  0.0000000000e+00  0.0000000000e+00  0.0000000000e+00  0.0000000000e+00  
3.2973399173e+00  1.7161740021e-03  1.0833769986e-04  1.7152298966e+02  6.3292265786e+01  1.5121096365e+02  7.0064341816e+01  1.2393948463e+02  6.5418651671e+01  1.8447990487e+02  5.1330600016e+01  0.0000000000e+00  0.0000000000e+00  0.0000000000e+00  0.0000000000e+00  
3.3951924389e+00  1.0923490703e-03  8.1627759102e-05  1.9640036932e+02  8.0858174484e+01  0.0000000000e+00  0.0000000000e+00  6.2939783871e+01  2.4977637344e+02  1.7367235621e+02  7.4677057070e+01  0.0000000000e+00  0.0000000000e+00  0.0000000000e+00  0.0000000000e+00  
3.4978038239e+00  8.5727091737e-04  7.7551341517e-05  1.1377710237e+02  1.7098630379e+02  0.0000000000e+00  0.0000000000e+00  0.0000000000e+00  0.0000000000e+00  0.0000000000e+00  0.0000000000e+00  0.0000000000e+00  0.0000000000e+00  1.3572361099e+02  1.0539940174e+02  
3.5981579653e+00  5.2874503973e-04  5.4595944464e-05  0.0000000000e+00  0.0000000000e+00  0.0000000000e+00  0.0000000000e+00  0.0000000000e+00  0.0000000000e+00  0.0000000000e+00  0.0000000000e+00  0.0000000000e+00  0.0000000000e+00  0.0000000000e+00  0.0000000000e+00  
3.6948210367e+00  4.2034685895e-04  4.4495518024e-05  1.4298384811e+02  1.2953199878e+02  1.8423582822e+02  1.0356288213e+02  2.0388131379e+02  1.0129636203e+02  0.0000000000e+00  0.0000000000e+00  0.0000000000e+00  0.0000000000e+00  1.6058910820e+02  1.2463757302e+02  
3.8020782315e+00  3.0239799041e-04  4.5495697602e-05  1.4440858797e+02  1.1509762529e+02  0.0000000000e+00  0.0000000000e+00  1.0413965353e+02  1.4188183430e+02  1.4177989454e+02  8.8209526180e+01  0.0000000000e+00  0.0000000000e+00  0.0000000000e+00  0.0000000000e+00  
3.8994349793e+00  1.5027101979e-04  2.7185072071e-05  1.3151461414e+02  1.0369930694e+02  0.0000000000e+00  0.0000000000e+00  0.0000000000e+00  0.0000000000e+00  1.8783443979e+02  8.6418119203e+01  0.0000000000e+00  0.0000000000e+00  1.2463158333e+02  9.3957184167e+01  
3.9985727508e+00  9.1938470517e-05  2.2930065980e-05  1.2414051620e+02  1.1964967101e+02  1.5075106658e+02  8.5123426666e+01  0.0000000000e+00  0.0000000000e+00  8.5830026812e+01  1.1552215601e+02  1.1880904509e+01  6.0016058066e+02  0.0000000000e+00  0.0000000000e+00  
