#pT  dN/(2pi dy pT dpT)  dN/(2pi dy pT dpT)_err  vn{SP}  vn{SP}_err
1.0808221829e-01  1.4738382213e+00  3.2974911144e-02  -4.7243782128e-03  4.1667010298e-03  1.6265338555e-03  2.6517732382e-03  4.0415781428e-03  3.3884102426e-03  2.2887854342e-03  3.5790978078e-03  2.2972497875e-03  4.4182031328e-03  2.9893858290e-03  7.1122561645e-03  
2.0384448974e-01  1.4992791873e+00  3.4231185242e-02  -3.4902773111e-03  2.6341852884e-03  5.2206944762e-03  1.7580124280e-03  -8.4106693195e-04  2.4271092314e-03  -1.0486520310e-03  2.1204061937e-03  2.5156494486e-03  3.1909592730e-03  4.0678950111e-03  6.4768410354e-03  
3.0209190664e-01  1.4117748054e+00  3.1278099797e-02  -5.0897652086e-03  3.7989394860e-03  1.1855637640e-02  1.3336939984e-03  3.3627034340e-03  2.4423084587e-03  1.1813252543e-04  1.8863773082e-03  1.3161809618e-03  2.9246500136e-03  -5.6028586706e-04  5.4424807325e-03  
4.0093974973e-01  1.2705859184e+00  2.7855333302e-02  -3.4785631809e-03  4.7383375570e-03  1.7224596227e-02  2.1981650674e-03  2.7769671017e-03  2.2779706430e-03  4.3541278501e-03  1.9180596547e-03  1.9747348994e-03  2.2496663108e-03  -1.1708537130e-03  3.9003770046e-03  
5.0022434277e-01  1.1033470269e+00  2.3594647724e-02  -8.0887430154e-03  5.5220617997e-03  2.3639286886e-02  2.0842603609e-03  2.5463510190e-03  1.9269444693e-03  1.5387859572e-03  2.2950877263e-03  4.6009595852e-04  2.4736460898e-03  9.4291306645e-03  4.3259928695e-03  
5.9982392842e-01  9.2238443799e-01  1.9822747202e-02  -8.4267756802e-03  6.2698698305e-03  3.5925670407e-02  2.4667240737e-03  3.0559978979e-03  1.7764698504e-03  1.0747573818e-03  1.9625705508e-03  3.7425419645e-03  1.9681225839e-03  3.9681855506e-03  3.8304435926e-03  
6.9920125491e-01  7.4350847584e-01  1.5869928187e-02  -7.4504170255e-03  6.6592743959e-03  4.1163342312e-02  3.2463606216e-03  1.1191176914e-03  2.1716902498e-03  1.4306711319e-03  2.3828309535e-03  -3.2917215415e-03  2.4112027136e-03  -3.7488212764e-03  3.4557327714e-03  
7.9885770308e-01  5.7829525912e-01  1.2784447843e-02  -5.2765382695e-03  6.6740589309e-03  5.0987691089e-02  3.8930616311e-03  2.5246378242e-03  2.3238405145e-03  7.5255178875e-03  2.1330513741e-03  5.8909504575e-04  2.1807282516e-03  5.0532149241e-03  4.3120790226e-03  
8.9846889594e-01  4.3869462911e-01  1.0194539042e-02  -9.3745157897e-03  7.0196898234e-03  6.2103563210e-02  4.1477508801e-03  5.0865619448e-03  2.3262844962e-03  4.7277644912e-03  2.5766680568e-03  6.8830930454e-03  2.9447782017e-03  2.1493687851e-03  3.8536036588e-03  
9.9844313421e-01  3.2270516487e-01  7.8565207802e-03  -6.8388752060e-03  7.8967501542e-03  7.1695550402e-02  4.9090058379e-03  5.2516664990e-03  3.1059571499e-03  5.2235323114e-03  2.5180322717e-03  3.7880527718e-03  3.2967241680e-03  -7.6909511672e-04  5.3766192878e-03  
1.0980505259e+00  2.3091658567e-01  5.8057979412e-03  -9.2437308110e-03  8.3554188134e-03  8.3447464359e-02  5.9375409387e-03  4.7063450538e-03  3.3425954026e-03  1.2957329318e-02  2.9102097060e-03  1.0177033762e-02  3.5387280625e-03  2.6765259781e-03  6.2487912272e-03  
1.1977981945e+00  1.6371252795e-01  4.3519843972e-03  -9.2784501991e-03  8.8814784301e-03  8.3797519357e-02  6.1445608165e-03  3.3937236668e-03  3.8795382410e-03  8.9690143076e-03  3.4620211222e-03  1.6864082956e-02  4.1354731939e-03  1.4858536897e-02  8.1210175301e-03  
1.2975652116e+00  1.1197162206e-01  3.1270718121e-03  -1.5735257802e-02  8.8895753333e-03  9.3229519693e-02  7.1109258205e-03  -5.8377819277e-04  4.2377404901e-03  1.1822760858e-02  3.5580005161e-03  2.1388799719e-02  4.3610651519e-03  1.2369167048e-02  9.4848834209e-03  
1.3972690732e+00  7.6121466407e-02  2.1861969931e-03  -1.5733295355e-02  1.1051039976e-02  1.0508075631e-01  8.1736379818e-03  2.2902928628e-03  4.6565856884e-03  1.1292265862e-02  4.4904929712e-03  2.1749979043e-02  5.4192039368e-03  1.2692650343e-02  8.8733614405e-03  
1.4969542657e+00  5.2050494415e-02  1.5585902946e-03  -1.2424428139e-02  1.1163735529e-02  1.0440929471e-01  9.5436972473e-03  6.5731641021e-04  4.9399225846e-03  1.5353485870e-02  4.7836032746e-03  1.8139251687e-02  8.6522307247e-03  9.7532219838e-03  1.0960176479e-02  
1.5968542450e+00  3.4345701468e-02  1.0924046964e-03  -2.2883221492e-02  1.1558862913e-02  1.0822564050e-01  9.8768388458e-03  9.2149221229e-03  5.7169528871e-03  2.4771980067e-02  6.2908979830e-03  2.3306001506e-02  9.7224540327e-03  4.6288667906e-02  1.7089839887e-02  
1.6971573511e+00  2.2784440515e-02  7.9324542350e-04  -7.2171212777e-03  1.1389111194e-02  1.2183805111e-01  9.4509033358e-03  5.0842925393e-04  7.5816543236e-03  2.0376386153e-02  6.7388488576e-03  3.1031016988e-02  1.1478226516e-02  4.7775639303e-02  2.2369544165e-02  
1.7970804595e+00  1.4987501962e-02  5.4957017578e-04  -2.1842549194e-02  1.2649671593e-02  1.1730815366e-01  1.0705216113e-02  7.1065150864e-03  9.6103940196e-03  2.3395270412e-02  9.8114126315e-03  2.3483352812e-02  1.1257765103e-02  1.1338848019e-02  1.9774415998e-02  
1.8970009911e+00  9.4715891172e-03  3.5966529229e-04  -1.5080130617e-02  1.5897297512e-02  1.3101638253e-01  1.2807234579e-02  5.8465881106e-03  1.2150707774e-02  2.6993175866e-02  1.0258521150e-02  1.3774560481e-02  1.4461342841e-02  1.7159536164e-02  2.1939559259e-02  
1.9955959830e+00  6.1465845415e-03  2.4432339457e-04  -2.1888023353e-02  1.5910189812e-02  1.2218023976e-01  1.3180392652e-02  2.0527873958e-02  1.2147138623e-02  3.1347752509e-02  1.4936841360e-02  2.1089275663e-02  1.9609082163e-02  3.5207594668e-02  2.7032919502e-02  
2.0969535861e+00  3.9168400559e-03  1.6306041046e-04  -1.3889962876e-02  1.6935151871e-02  1.3833389606e-01  1.6695573275e-02  -3.5895900797e-03  1.7435967842e-02  3.3761994469e-02  1.8764018412e-02  4.0761865815e-02  1.7085702674e-02  -2.9138231937e-03  3.5344181717e-02  
2.1967366089e+00  2.6525667938e-03  1.2522746335e-04  -4.2101388501e-02  2.2088166389e-02  1.5890293299e-01  2.1362791506e-02  3.4000964110e-02  1.8451314144e-02  6.3791238252e-02  1.9661500721e-02  6.7608384484e-02  2.6495344897e-02  3.2127065381e-02  4.1433755721e-02  
2.2958720220e+00  1.6283625372e-03  9.2361727969e-05  -6.4901026737e-02  2.0806184119e-02  1.6543157042e-01  2.3133467198e-02  2.9299981260e-02  2.5373716748e-02  1.5140693934e-02  2.0486592862e-02  4.9968729882e-02  3.4314204199e-02  4.8929101532e-02  5.2568381907e-02  
2.3965244154e+00  1.0582783421e-03  4.9443113130e-05  -5.2680451805e-02  2.2527426347e-02  1.3674906534e-01  2.2905643892e-02  3.0561946123e-02  2.8056095572e-02  9.8064256803e-02  3.0898807523e-02  3.6320189295e-02  3.3722755524e-02  7.2100488804e-02  6.8536039779e-02  
2.4962392549e+00  6.9366984246e-04  4.0450376216e-05  -5.2283577368e-02  2.5467207593e-02  2.2153334421e-01  3.5979250000e-02  2.5192749911e-02  2.7875880641e-02  3.9197327794e-02  3.4566055328e-02  9.4113685850e-02  5.6657689863e-02  4.5432240910e-02  7.1287308829e-02  
2.5967484928e+00  4.5827381681e-04  3.3409605742e-05  -5.3360249806e-02  3.4969966705e-02  1.2340442499e-01  4.3909288462e-02  -9.2533801193e-03  3.7941161364e-02  1.1486301572e-01  4.4391842587e-02  4.2649571657e-02  4.6772011116e-02  6.6570847649e-02  8.2219198196e-02  
2.6959789732e+00  3.2753103610e-04  2.6034057413e-05  -4.7191032756e-02  3.7078118907e-02  2.0288073835e-01  5.5290311919e-02  8.5243700729e-03  4.4597260703e-02  -1.0934524356e-02  4.9562227453e-02  1.1090197117e-01  6.8908290629e-02  4.2219008128e-02  1.0405189981e-01  
2.7946648632e+00  1.6167708241e-04  1.5083665784e-05  7.1803915993e-03  5.6691302037e-02  1.8051425493e-01  5.5872860030e-02  -5.8290918187e-02  6.2784213757e-02  -1.0145160790e-02  6.3292057199e-02  6.1040145153e-03  5.6685696606e-02  -2.8283630218e-01  1.6117879304e-01  
2.8991640668e+00  1.0228993153e-04  1.0018595077e-05  4.1531617676e-02  6.5323327679e-02  2.4002058383e-01  4.9705614030e-02  9.3271554281e-02  8.2396961561e-02  7.3595317777e-02  7.5893544292e-02  -7.2977786832e-02  1.2908126578e-01  -1.6030734184e-01  2.1954396262e-01  
3.0010230879e+00  6.8427125426e-05  8.7171844509e-06  -6.7342109033e-02  9.1949458404e-02  1.1092141826e-01  1.0178143894e-01  1.8066001111e-01  9.6678496779e-02  2.2795069523e-02  8.2113475678e-02  2.9672231186e-01  1.3392205973e-01  1.9639606714e-01  1.7252786979e-01  
3.0973186852e+00  3.0123121119e-05  5.6611384402e-06  2.5584875240e-02  1.3288496747e-01  1.9355011761e-01  1.3335753089e-01  9.3978900830e-02  1.4178088098e-01  -4.0822602774e-02  1.2360315981e-01  2.2769575243e-01  1.8251069467e-01  2.1777357272e-01  3.0175082074e-01  
3.2086352865e+00  2.5918650607e-05  5.3012752009e-06  -1.2757218857e-01  1.2010418705e-01  2.1885403709e-01  1.5481212763e-01  7.4497798924e-02  1.2935165339e-01  5.3093972560e-02  1.2939510671e-01  1.8268212726e-01  1.7326953567e-01  -3.4419464539e-01  5.0642214599e-01  
3.2902504721e+00  2.5103176458e-05  4.8263012717e-06  7.2781061555e-03  1.5333230317e-01  2.7521233137e-01  1.2773931960e-01  -3.0979079722e-03  1.6329249856e-01  5.9606876238e-02  2.0115417254e-01  4.5960116465e-01  1.9882474342e-01  -4.6341499118e-01  3.2541930616e-01  
3.4019673834e+00  7.0938414142e-06  2.2784128276e-06  -3.3237639665e-01  2.3157630192e-01  -7.0746720401e-02  2.3960073826e-01  4.8193981186e-01  2.5184991802e-01  6.1743139461e-01  3.9428008817e-01  6.3782906529e-02  4.3308600087e-01  4.0748297598e-01  3.9015485013e-01  
3.5085450246e+00  5.1999794096e-06  1.9184908083e-06  -2.2453866060e-01  3.8519440591e-01  5.9464541881e-01  2.9363973011e-01  7.6446991493e-01  3.0124739987e-01  -3.2046136803e-01  2.4777845888e-01  -5.1514679914e-01  1.4458720659e-01  -5.3307716982e-01  7.9518002603e-01  
3.5894900383e+00  5.0849458603e-06  2.0188974296e-06  1.0981031402e-01  4.1305880459e-01  -6.6580395755e-01  2.2954304072e-01  3.5135320787e-01  2.4386640863e-01  1.5626982525e-01  2.7181552453e-01  5.7948876490e-01  3.4931006735e-01  3.3020988335e-01  6.7316748053e-01  
3.6975177966e+00  1.5400475569e-06  1.0999050510e-06  5.6685971172e-01  7.8949955551e-01  -2.2332045021e-01  5.7763684310e-01  2.1763748393e-02  1.0177019730e-01  -8.2165582798e-01  4.1052732164e-01  1.3767210468e+00  4.1612721663e-01  -1.2396408427e-01  2.0271679664e-01  
3.8088654742e+00  2.9166426856e-06  1.4369106883e-06  5.1875049907e-03  4.7611948725e-01  -4.1604189271e-01  2.1747295818e-01  2.7623114631e-01  8.9785178681e-01  3.5129338374e-02  2.7801151538e-01  -1.7492286852e-01  3.4435226393e-01  3.0585673181e-01  1.6017711014e+00  
3.8805484532e+00  2.7265098458e-06  1.3530422749e-06  4.0250129361e-01  5.3068903813e-01  6.0936583788e-01  3.1353634423e-01  -4.5373666275e-01  6.5516616911e-01  2.8757895372e-01  4.3360507136e-01  1.3455954933e-01  5.0282303986e-01  2.4085830593e+00  9.3533735412e-01  
3.9500000000e+00  0.0000000000e+00  0.0000000000e+00  nan  nan  nan  nan  nan  nan  nan  nan  nan  nan  nan  nan  
