#pT  dN/(2pi dy pT dpT)  dN/(2pi dy pT dpT)_err  vn[2]  vn[2]_err
1.0501629448e-01  7.0920995461e-03  9.3717797278e-04  0.0000000000e+00  0.0000000000e+00  0.0000000000e+00  0.0000000000e+00  2.2612426943e+02  8.0417588794e+01  1.2373956812e+02  1.5398848068e+02  0.0000000000e+00  0.0000000000e+00  0.0000000000e+00  0.0000000000e+00  
2.0405043441e-01  6.7127480276e-03  6.8675250642e-04  2.3204151107e+02  7.6055908284e+01  0.0000000000e+00  0.0000000000e+00  1.1454249050e+02  1.8236621014e+02  2.4905090449e+02  7.1675011500e+01  0.0000000000e+00  0.0000000000e+00  0.0000000000e+00  0.0000000000e+00  
3.0367279591e-01  5.1834822853e-03  4.7547490775e-04  2.0378645975e+02  6.9969476847e+01  7.3044203293e+01  1.9478888718e+02  2.5362389364e+02  7.1252595230e+01  1.6431702063e+02  9.3229581649e+01  0.0000000000e+00  0.0000000000e+00  0.0000000000e+00  0.0000000000e+00  
4.0037666024e-01  5.9757006653e-03  4.2799556222e-04  1.3797416913e+02  1.2613123709e+02  0.0000000000e+00  0.0000000000e+00  0.0000000000e+00  0.0000000000e+00  0.0000000000e+00  0.0000000000e+00  1.0936093119e+02  1.4932721454e+02  1.6946472336e+02  9.9870181747e+01  
5.0143872612e-01  5.6733629613e-03  4.1014266632e-04  0.0000000000e+00  0.0000000000e+00  1.4154498131e+02  9.4980417643e+01  1.8449816084e+02  6.6509249577e+01  1.2599671449e+02  9.5528012660e+01  1.6620331167e+02  9.4555923149e+01  0.0000000000e+00  0.0000000000e+00  
5.9738669067e-01  5.4617895941e-03  3.1686362240e-04  0.0000000000e+00  0.0000000000e+00  1.7571873060e+02  5.9323111486e+01  0.0000000000e+00  0.0000000000e+00  0.0000000000e+00  0.0000000000e+00  8.3118381210e+01  1.3074062388e+02  1.2595522395e+02  7.0055231049e+01  
7.0032834819e-01  4.9816756510e-03  3.0740782167e-04  0.0000000000e+00  0.0000000000e+00  6.5558514995e+01  1.2210713929e+02  0.0000000000e+00  0.0000000000e+00  0.0000000000e+00  0.0000000000e+00  0.0000000000e+00  0.0000000000e+00  0.0000000000e+00  0.0000000000e+00  
8.0366223508e-01  4.7227281868e-03  2.8888508474e-04  1.2827180978e+02  8.5456851162e+01  1.7281079425e+02  5.5593081325e+01  0.0000000000e+00  0.0000000000e+00  2.2213991854e+02  5.4859334501e+01  0.0000000000e+00  0.0000000000e+00  9.3887594362e+00  1.0688496377e+03  
9.0091789362e-01  4.2647200552e-03  2.7458122192e-04  0.0000000000e+00  0.0000000000e+00  0.0000000000e+00  0.0000000000e+00  0.0000000000e+00  0.0000000000e+00  0.0000000000e+00  0.0000000000e+00  1.1478093906e+02  8.0118509001e+01  4.7870220356e+01  1.8298421391e+02  
1.0008930958e+00  3.7423661160e-03  2.2504345309e-04  0.0000000000e+00  0.0000000000e+00  5.7112396379e+01  1.6181077270e+02  1.7462730503e+02  4.6764792657e+01  1.4328540636e+01  6.0133738242e+02  0.0000000000e+00  0.0000000000e+00  1.1460138765e+02  6.6717205123e+01  
1.1024793344e+00  3.2665856356e-03  1.8895380409e-04  1.7501693871e+02  5.2076422000e+01  0.0000000000e+00  0.0000000000e+00  8.5959566578e+01  9.5374902857e+01  1.2470828920e+02  5.2215216615e+01  1.7555055845e+02  7.4941800878e+01  0.0000000000e+00  0.0000000000e+00  
1.1999742606e+00  2.8559742686e-03  1.7980178114e-04  0.0000000000e+00  0.0000000000e+00  0.0000000000e+00  0.0000000000e+00  1.5455981150e+02  7.1595813588e+01  4.4667395166e+01  1.9617017937e+02  0.0000000000e+00  0.0000000000e+00  0.0000000000e+00  0.0000000000e+00  
1.2990017179e+00  2.5973282384e-03  1.6809629379e-04  0.0000000000e+00  0.0000000000e+00  0.0000000000e+00  0.0000000000e+00  0.0000000000e+00  0.0000000000e+00  0.0000000000e+00  0.0000000000e+00  0.0000000000e+00  0.0000000000e+00  0.0000000000e+00  0.0000000000e+00  
1.3970255342e+00  2.3437398791e-03  1.3736042675e-04  7.5569986195e+01  1.5550756240e+02  0.0000000000e+00  0.0000000000e+00  0.0000000000e+00  0.0000000000e+00  0.0000000000e+00  0.0000000000e+00  0.0000000000e+00  0.0000000000e+00  5.5861486342e+01  1.7678404135e+02  
1.5005482852e+00  1.9021970380e-03  1.4067839278e-04  8.1041640837e+01  1.9377643249e+02  0.0000000000e+00  0.0000000000e+00  0.0000000000e+00  0.0000000000e+00  0.0000000000e+00  0.0000000000e+00  6.2754139054e+01  2.1823477143e+02  0.0000000000e+00  0.0000000000e+00  
1.5969930362e+00  1.3776311082e-03  9.7516519207e-05  0.0000000000e+00  0.0000000000e+00  0.0000000000e+00  0.0000000000e+00  1.4552763678e+02  1.0936396167e+02  0.0000000000e+00  0.0000000000e+00  2.2666389417e+02  7.0973342810e+01  1.3603461820e+02  9.8294648600e+01  
1.6947429168e+00  1.0508853358e-03  8.8350542467e-05  1.5069323706e+02  1.1318280865e+02  1.2837035281e+02  1.3540105226e+02  2.1336134656e+02  8.2610857556e+01  2.5881813187e+02  7.4449458685e+01  4.9055070455e+01  4.0876129002e+02  1.9321030390e+02  1.0623056241e+02  
1.7990917068e+00  8.6060945029e-04  8.5876710696e-05  0.0000000000e+00  0.0000000000e+00  8.8273921047e+01  2.0098364642e+02  2.0115277070e+02  8.4095868775e+01  0.0000000000e+00  0.0000000000e+00  1.1390962367e+02  1.6766180748e+02  1.6072605679e+02  1.2268707092e+02  
1.9002478192e+00  8.6340177006e-04  7.4350540666e-05  0.0000000000e+00  0.0000000000e+00  0.0000000000e+00  0.0000000000e+00  0.0000000000e+00  0.0000000000e+00  0.0000000000e+00  0.0000000000e+00  0.0000000000e+00  0.0000000000e+00  1.4595241225e+02  1.1453319576e+02  
2.0024851273e+00  5.4718074840e-04  5.5420393285e-05  0.0000000000e+00  0.0000000000e+00  2.0802046805e+02  9.3416807955e+01  2.5859753121e+02  7.0958216476e+01  6.9583699711e+01  2.7493041422e+02  0.0000000000e+00  0.0000000000e+00  0.0000000000e+00  0.0000000000e+00  
2.0994100926e+00  4.3559730901e-04  5.2566591167e-05  0.0000000000e+00  0.0000000000e+00  0.0000000000e+00  0.0000000000e+00  2.3949834107e+02  6.9652447682e+01  1.7718001132e+02  1.0011486391e+02  0.0000000000e+00  0.0000000000e+00  2.1621568869e+02  8.3349477228e+01  
2.1925933442e+00  3.0304606129e-04  4.2622216673e-05  1.1141361901e+02  1.6787717422e+02  8.0766713166e+01  2.1882172101e+02  0.0000000000e+00  0.0000000000e+00  0.0000000000e+00  0.0000000000e+00  0.0000000000e+00  0.0000000000e+00  9.0951835891e+01  2.1456588609e+02  
2.3020759644e+00  3.1578166146e-04  4.3018859549e-05  4.1432864324e+01  4.3369712455e+02  1.2554219385e+02  1.6167412345e+02  1.4528973697e+02  1.4047147108e+02  0.0000000000e+00  0.0000000000e+00  0.0000000000e+00  0.0000000000e+00  0.0000000000e+00  0.0000000000e+00  
2.3920705930e+00  1.6706725683e-04  2.8423458737e-05  0.0000000000e+00  0.0000000000e+00  2.1327964111e+02  7.1578686975e+01  0.0000000000e+00  0.0000000000e+00  0.0000000000e+00  0.0000000000e+00  1.8972923097e+02  7.7905485287e+01  0.0000000000e+00  0.0000000000e+00  
2.4970865473e+00  1.4791475683e-04  2.8951855690e-05  0.0000000000e+00  0.0000000000e+00  6.0788217434e+01  2.3397927906e+02  0.0000000000e+00  0.0000000000e+00  7.8834087260e+01  1.8636529808e+02  9.0645567426e+01  1.6025445910e+02  1.3138230361e+02  1.0346680973e+02  
2.6020226435e+00  1.0136787486e-04  2.2993452313e-05  0.0000000000e+00  0.0000000000e+00  0.0000000000e+00  0.0000000000e+00  2.3276973034e+02  4.9525271617e+01  0.0000000000e+00  0.0000000000e+00  0.0000000000e+00  0.0000000000e+00  1.2610376969e+02  1.0712579998e+02  
2.7037935903e+00  8.3947945426e-05  1.9160721910e-05  0.0000000000e+00  0.0000000000e+00  0.0000000000e+00  0.0000000000e+00  1.4308430476e+02  9.1335829429e+01  1.6414344160e+02  9.8488156993e+01  0.0000000000e+00  0.0000000000e+00  1.9238893971e+02  7.2124231813e+01  
2.7950928619e+00  7.9744051326e-05  1.7879272458e-05  8.3698516437e+01  1.2243453357e+02  5.4418450668e+01  2.6885365108e+02  0.0000000000e+00  0.0000000000e+00  0.0000000000e+00  0.0000000000e+00  7.5281391343e+01  1.1889197351e+02  8.4487049563e+01  1.4645345469e+02  
2.9009568432e+00  4.8059541786e-05  1.3668834049e-05  1.2810110305e+02  7.1489692905e+01  7.3523492718e+01  1.4619632413e+02  0.0000000000e+00  0.0000000000e+00  0.0000000000e+00  0.0000000000e+00  0.0000000000e+00  0.0000000000e+00  0.0000000000e+00  0.0000000000e+00  
2.9888302390e+00  2.4203354059e-05  1.1765172999e-05  0.0000000000e+00  0.0000000000e+00  7.7691857766e+01  6.6408819930e+01  0.0000000000e+00  0.0000000000e+00  7.6145497003e+01  7.4755355832e+01  0.0000000000e+00  0.0000000000e+00  3.8976092533e+01  1.5103902427e+02  
3.1136268510e+00  1.7613131807e-05  7.6829289137e-06  0.0000000000e+00  0.0000000000e+00  2.6696931928e+01  1.1623364664e+02  8.6284124543e+01  1.0996421528e+02  0.0000000000e+00  0.0000000000e+00  0.0000000000e+00  0.0000000000e+00  0.0000000000e+00  0.0000000000e+00  
3.1834392807e+00  1.4100673576e-05  6.9349417077e-06  0.0000000000e+00  0.0000000000e+00  0.0000000000e+00  0.0000000000e+00  0.0000000000e+00  0.0000000000e+00  1.1925888554e+02  3.9159512025e+01  6.6492356660e+01  8.8489999242e+01  1.6952700143e+02  5.0931896351e+01  
3.2984949019e+00  1.9300705708e-05  8.4501739142e-06  0.0000000000e+00  0.0000000000e+00  0.0000000000e+00  0.0000000000e+00  1.6088827220e+02  6.3270372929e+01  1.2961186310e+02  5.1419846470e+01  2.6761289013e+01  2.7653927448e+02  1.7017582168e+02  6.1074512259e+01  
3.3500000000e+00  0.0000000000e+00  0.0000000000e+00  0.0000000000e+00  0.0000000000e+00  0.0000000000e+00  0.0000000000e+00  0.0000000000e+00  0.0000000000e+00  0.0000000000e+00  0.0000000000e+00  0.0000000000e+00  0.0000000000e+00  0.0000000000e+00  0.0000000000e+00  
3.4500000000e+00  0.0000000000e+00  0.0000000000e+00  0.0000000000e+00  0.0000000000e+00  0.0000000000e+00  0.0000000000e+00  0.0000000000e+00  0.0000000000e+00  0.0000000000e+00  0.0000000000e+00  0.0000000000e+00  0.0000000000e+00  0.0000000000e+00  0.0000000000e+00  
3.5500000000e+00  0.0000000000e+00  0.0000000000e+00  0.0000000000e+00  0.0000000000e+00  0.0000000000e+00  0.0000000000e+00  0.0000000000e+00  0.0000000000e+00  0.0000000000e+00  0.0000000000e+00  0.0000000000e+00  0.0000000000e+00  0.0000000000e+00  0.0000000000e+00  
3.6538030700e+00  2.7815267241e-06  2.7654947363e-06  0.0000000000e+00  0.0000000000e+00  7.5459930937e+01  3.7512499879e+01  0.0000000000e+00  0.0000000000e+00  2.2241452306e+01  1.1056629215e+01  0.0000000000e+00  0.0000000000e+00  6.7621250060e+01  3.3615749487e+01  
3.7500000000e+00  0.0000000000e+00  0.0000000000e+00  0.0000000000e+00  0.0000000000e+00  0.0000000000e+00  0.0000000000e+00  0.0000000000e+00  0.0000000000e+00  0.0000000000e+00  0.0000000000e+00  0.0000000000e+00  0.0000000000e+00  0.0000000000e+00  0.0000000000e+00  
3.9315976900e+00  2.7696349195e-06  2.7536714729e-06  5.2205128875e+01  2.5952116127e+01  5.9722431691e+01  2.9689103658e+01  7.9265439331e+01  3.9404287102e+01  0.0000000000e+00  0.0000000000e+00  5.3902591652e+01  2.6795955651e+01  9.2896355922e+01  4.6180462890e+01  
3.9500000000e+00  0.0000000000e+00  0.0000000000e+00  0.0000000000e+00  0.0000000000e+00  0.0000000000e+00  0.0000000000e+00  0.0000000000e+00  0.0000000000e+00  0.0000000000e+00  0.0000000000e+00  0.0000000000e+00  0.0000000000e+00  0.0000000000e+00  0.0000000000e+00  
