#pT  vn{4}  vn{4}_err
1.0733293742e-01  0.0000000000e+00  0.0000000000e+00  1.8053774252e-02  2.5390228529e-02  0.0000000000e+00  0.0000000000e+00  
2.0260962844e-01  0.0000000000e+00  0.0000000000e+00  1.1043329065e-02  1.7407363634e-02  0.0000000000e+00  0.0000000000e+00  
3.0049973726e-01  0.0000000000e+00  0.0000000000e+00  2.3887889450e-02  2.9552461565e-02  0.0000000000e+00  0.0000000000e+00  
3.9919084311e-01  0.0000000000e+00  0.0000000000e+00  4.3535849037e-03  1.5257200113e-02  0.0000000000e+00  0.0000000000e+00  
4.9835285544e-01  0.0000000000e+00  0.0000000000e+00  2.2165052855e-02  2.0569731406e-02  0.0000000000e+00  0.0000000000e+00  
5.9782832861e-01  0.0000000000e+00  0.0000000000e+00  2.6314779726e-02  2.2890611691e-02  0.0000000000e+00  0.0000000000e+00  
6.9729673862e-01  0.0000000000e+00  0.0000000000e+00  1.8369975862e-02  1.4829764390e-02  0.0000000000e+00  0.0000000000e+00  
7.9707562923e-01  0.0000000000e+00  0.0000000000e+00  2.0743329989e-02  1.4616420625e-02  0.0000000000e+00  0.0000000000e+00  
8.9659595490e-01  0.0000000000e+00  0.0000000000e+00  3.3814694438e-02  2.5108127505e-02  0.0000000000e+00  0.0000000000e+00  
9.9670964479e-01  0.0000000000e+00  0.0000000000e+00  6.3524687367e-02  7.0321004524e-02  0.0000000000e+00  0.0000000000e+00  
1.0966821909e+00  0.0000000000e+00  0.0000000000e+00  7.2769074467e-02  8.6289028272e-02  0.0000000000e+00  0.0000000000e+00  
1.1958696842e+00  0.0000000000e+00  0.0000000000e+00  9.2713734387e-02  1.0683430353e-01  0.0000000000e+00  0.0000000000e+00  
1.2956329584e+00  0.0000000000e+00  0.0000000000e+00  1.5145764829e-01  1.9406012432e-01  0.0000000000e+00  0.0000000000e+00  
1.3956482410e+00  0.0000000000e+00  0.0000000000e+00  1.0802811222e-01  1.2061706279e-01  0.0000000000e+00  0.0000000000e+00  
1.4958624840e+00  0.0000000000e+00  0.0000000000e+00  1.8471309493e-01  2.1115775816e-01  0.0000000000e+00  0.0000000000e+00  
1.5963425636e+00  0.0000000000e+00  0.0000000000e+00  3.1516190184e-01  4.3026966916e-01  0.0000000000e+00  0.0000000000e+00  
1.6967486143e+00  0.0000000000e+00  0.0000000000e+00  2.5029022903e-01  3.4363855881e-01  0.0000000000e+00  0.0000000000e+00  
1.7961006165e+00  0.0000000000e+00  0.0000000000e+00  3.4006537002e-01  4.3210679192e-01  0.0000000000e+00  0.0000000000e+00  
1.8960120678e+00  0.0000000000e+00  0.0000000000e+00  2.3107933036e-01  2.8743981743e-01  0.0000000000e+00  0.0000000000e+00  
1.9950683117e+00  0.0000000000e+00  0.0000000000e+00  7.4035521939e-02  2.2395173464e-01  0.0000000000e+00  0.0000000000e+00  
2.0981948376e+00  0.0000000000e+00  0.0000000000e+00  1.7531886318e-01  2.6366984286e-01  0.0000000000e+00  0.0000000000e+00  
2.1956155300e+00  0.0000000000e+00  0.0000000000e+00  7.2178890010e-01  1.0301450859e+00  0.0000000000e+00  0.0000000000e+00  
2.2955625057e+00  0.0000000000e+00  0.0000000000e+00  2.8693434804e-01  4.3001948905e-01  0.0000000000e+00  0.0000000000e+00  
2.3976798058e+00  0.0000000000e+00  0.0000000000e+00  3.9641586665e-01  6.3915847721e-01  0.0000000000e+00  0.0000000000e+00  
2.4873013496e+00  0.0000000000e+00  0.0000000000e+00  5.7939465435e-01  7.5640793161e-01  0.0000000000e+00  0.0000000000e+00  
2.5955319405e+00  0.0000000000e+00  0.0000000000e+00  7.7305177407e-01  1.1784536023e+00  0.0000000000e+00  0.0000000000e+00  
2.6971604824e+00  0.0000000000e+00  0.0000000000e+00  1.5733522265e+00  2.5222471677e+00  0.0000000000e+00  0.0000000000e+00  
2.7938997746e+00  0.0000000000e+00  0.0000000000e+00  1.5720701220e-01  2.0596764975e+00  0.0000000000e+00  0.0000000000e+00  
2.8951296806e+00  0.0000000000e+00  0.0000000000e+00  1.1562619706e+00  1.8588016209e+00  0.0000000000e+00  0.0000000000e+00  
3.0075945854e+00  0.0000000000e+00  0.0000000000e+00  1.7385187690e-01  2.0538269983e+00  0.0000000000e+00  0.0000000000e+00  
3.0786116123e+00  0.0000000000e+00  0.0000000000e+00  4.4957857073e-01  5.3246481085e+00  0.0000000000e+00  0.0000000000e+00  
3.1780893803e+00  0.0000000000e+00  0.0000000000e+00  3.8093311127e-01  6.2336782686e+00  0.0000000000e+00  0.0000000000e+00  
3.2916791439e+00  0.0000000000e+00  0.0000000000e+00  5.9133702371e-01  9.8630242011e+00  4.0376942183e+00  1.0896688058e+02  
3.4040498734e+00  0.0000000000e+00  0.0000000000e+00  1.2528636064e+00  8.5684081246e+00  0.0000000000e+00  0.0000000000e+00  
3.4946043491e+00  0.0000000000e+00  0.0000000000e+00  1.8621027646e+00  2.5781031142e+00  0.0000000000e+00  0.0000000000e+00  
3.5499992371e+00  0.0000000000e+00  0.0000000000e+00  0.0000000000e+00  0.0000000000e+00  0.0000000000e+00  0.0000000000e+00  
3.6500000954e+00  0.0000000000e+00  0.0000000000e+00  0.0000000000e+00  0.0000000000e+00  0.0000000000e+00  0.0000000000e+00  
3.8221673965e+00  0.0000000000e+00  0.0000000000e+00  1.8727220051e+00  2.6348789292e+00  0.0000000000e+00  0.0000000000e+00  
3.8499999046e+00  0.0000000000e+00  0.0000000000e+00  0.0000000000e+00  0.0000000000e+00  0.0000000000e+00  0.0000000000e+00  
4.0085864067e+00  0.0000000000e+00  0.0000000000e+00  1.2042771074e+00  1.6943911444e+00  0.0000000000e+00  0.0000000000e+00  
