#pT  dN/(2pi dy pT dpT)  dN/(2pi dy pT dpT)_err  vn{SP}  vn{SP}_err
1.0815790442e-01  2.1485633136e+01  2.3619972785e-01  -3.8634373237e-04  4.2023216877e-03  -1.4967200587e-03  3.0384595272e-03  -1.8513020125e-03  4.0624338143e-03  -6.3444116640e-03  5.7510702719e-03  nan  nan  1.1561739420e-02  1.0737752730e-01  
2.0350977782e-01  2.1318695554e+01  2.0045941971e-01  5.4071216296e-03  2.6960569663e-03  1.2400520409e-03  2.3492779847e-03  3.2457536134e-03  3.4722763055e-03  -8.0437128427e-03  3.5549622545e-03  nan  nan  -6.6294387085e-03  2.9032151462e-02  
3.0162794676e-01  1.8950467936e+01  1.8474991716e-01  6.2458900394e-03  2.9453966744e-03  8.2771579077e-03  2.5651912252e-03  -9.5737514883e-04  2.2356185364e-03  -3.2921453758e-03  2.9201504943e-03  nan  nan  -5.6214250144e-03  2.4367232416e-02  
4.0043480253e-01  1.5885768027e+01  1.5382615467e-01  6.2769267715e-03  2.9889605348e-03  1.1173961006e-02  2.5417700294e-03  1.3760460751e-03  1.6071952122e-03  -6.2403488599e-03  3.4636338304e-03  nan  nan  6.2926980849e-03  5.7624970379e-02  
4.9950667893e-01  1.2615927295e+01  1.1937200320e-01  9.0079911351e-03  2.3288664957e-03  1.2925984445e-02  2.9155184289e-03  5.2124435182e-03  2.2824804516e-03  -3.3058654078e-03  3.2014179842e-03  nan  nan  -1.5142883278e-03  2.6988934435e-02  
5.9890518828e-01  9.6702244451e+00  9.3084569536e-02  6.6694264099e-03  2.6244684767e-03  2.1280629140e-02  2.6829905757e-03  6.5126610420e-03  3.0368599781e-03  6.8537566638e-03  2.9091722996e-03  nan  nan  7.0461740764e-03  2.2190542995e-02  
6.9853533442e-01  7.1205451916e+00  7.1341307834e-02  7.4390080909e-03  2.9763666990e-03  2.0622083573e-02  2.9673370130e-03  1.4222972680e-02  3.0408459655e-03  9.1467875025e-03  3.0398723876e-03  nan  nan  -1.0746438880e-02  8.4246007163e-02  
7.9831709734e-01  5.1410074780e+00  5.0006608990e-02  2.8300448158e-03  3.6322946501e-03  3.0856197638e-02  4.1253057640e-03  1.9069390285e-02  3.4567068227e-03  2.5491197970e-03  4.5818374210e-03  nan  nan  -6.0058094253e-03  1.2421996006e-02  
8.9770218340e-01  3.6328172655e+00  3.7125996005e-02  5.4551115673e-03  3.9485768005e-03  3.5417970419e-02  4.9646405128e-03  1.4483343933e-02  3.3136636237e-03  5.1178702941e-03  5.0285664229e-03  nan  nan  -1.1102052480e-04  1.4003960506e-02  
9.9781871921e-01  2.5496652162e+00  2.5470254744e-02  -5.1522221025e-03  3.3931255055e-03  3.5890824293e-02  5.6941300375e-03  1.9786668521e-02  4.5572010043e-03  5.8824842277e-03  5.1419979313e-03  nan  nan  -1.0387253239e-02  1.1137032711e-01  
1.0977681728e+00  1.7885456125e+00  1.9026566465e-02  7.9320048886e-03  5.4959097615e-03  4.5306026786e-02  7.6972682766e-03  2.5528494623e-02  5.0623385051e-03  1.0434238044e-02  5.5899717238e-03  nan  nan  -3.3543607218e-02  2.1324419383e-01  
1.1973774536e+00  1.2077571042e+00  1.2442486939e-02  -4.1507970999e-03  5.1042546222e-03  4.3700047584e-02  6.7730262695e-03  3.2408879831e-02  6.6882914883e-03  5.3091586212e-03  5.6500325010e-03  nan  nan  2.4347994872e-03  2.4069117073e-02  
1.2973952090e+00  8.3915334790e-01  9.4816494717e-03  -1.0424079937e-02  6.2507917537e-03  3.6689180690e-02  5.1360892705e-03  2.1755234297e-02  8.6226596298e-03  1.7359317557e-02  7.6687591910e-03  nan  nan  -3.6762842467e-02  3.2942450930e-01  
1.3979258865e+00  5.6993677582e-01  7.0167862574e-03  -1.3477036207e-02  5.5313854241e-03  4.7298362021e-02  8.2037738783e-03  2.4523553838e-02  7.5229497005e-03  2.1677627980e-02  1.0853942784e-02  nan  nan  2.3614678343e-02  2.4652548713e-01  
1.4976361285e+00  3.8825377624e-01  5.3029099960e-03  -1.7297205213e-02  9.0116244413e-03  5.1071338072e-02  1.1683497119e-02  2.1429067855e-02  7.8924787864e-03  3.8080555799e-02  1.2350385476e-02  nan  nan  -3.4777587728e-02  2.1859945092e-01  
1.5971582816e+00  2.6022178319e-01  4.2607567962e-03  -1.1858683430e-02  8.2624569181e-03  6.0474656076e-02  1.0422228545e-02  3.5515961094e-02  8.1724632665e-03  2.2233915824e-03  1.1264302465e-02  nan  nan  2.2258021524e-02  1.4400386698e-01  
1.6975160890e+00  1.8211450756e-01  3.5890100154e-03  -4.0768909011e-02  1.1334516535e-02  5.8894475285e-02  1.1315737352e-02  4.3798588371e-02  1.0921491918e-02  2.0271087563e-02  1.4057072046e-02  nan  nan  4.1796699674e-02  3.0494971752e-01  
1.7973767637e+00  1.2086046555e-01  2.4871819618e-03  -1.9693398192e-02  1.5657659126e-02  4.3883691527e-02  1.7435659203e-02  3.3790334921e-02  1.3496049109e-02  2.4569742251e-02  2.3117791612e-02  nan  nan  1.6071414370e-02  2.3537985305e-01  
1.8963992671e+00  8.2487916203e-02  1.9857989181e-03  -2.0600905419e-02  2.3598126649e-02  6.0479336962e-02  1.7453580571e-02  2.8315618032e-02  1.1600347061e-02  5.0272835353e-03  2.0033494016e-02  nan  nan  9.3761626714e-02  6.0561555339e-01  
1.9980398399e+00  5.7085331786e-02  1.4342944348e-03  -6.7575541883e-02  2.1150192681e-02  6.6813183941e-02  1.5033628152e-02  4.4496306700e-02  1.7008824781e-02  1.2896148155e-03  2.0744255520e-02  nan  nan  -6.5842432328e-02  2.1485243545e-01  
2.0975584388e+00  3.8404072833e-02  1.2359303244e-03  -3.5706444723e-02  2.1468694550e-02  6.4815602334e-02  2.2004040343e-02  5.3945910358e-02  2.2732514121e-02  3.5596768004e-02  2.4106884076e-02  nan  nan  -1.7487222518e-01  1.0564495764e+00  
2.1970424280e+00  2.5175988464e-02  1.0911259419e-03  -6.8933951670e-02  2.6417808393e-02  2.3954053527e-02  2.0857212873e-02  2.4434658608e-02  2.2002733918e-02  2.8874704546e-02  3.3925101284e-02  nan  nan  5.2857719302e-02  1.9792889006e-01  
2.2976265510e+00  1.6338512968e-02  7.5568221435e-04  -3.1376082978e-02  3.7031300280e-02  9.6308558334e-02  3.3724121435e-02  4.5405194745e-02  2.7788064978e-02  -1.8170554956e-02  4.4481324229e-02  nan  nan  -2.3960398272e-02  2.8474135810e-01  
2.3974750697e+00  1.1339304077e-02  6.4659030347e-04  -6.0860759967e-02  3.3650640563e-02  8.7087519192e-02  4.4407694593e-02  -2.4123666942e-02  4.4614562915e-02  -3.1669376425e-02  5.3543043418e-02  nan  nan  -2.3962106194e-03  2.1874267771e-01  
2.4951841447e+00  7.9463452813e-03  4.6371726392e-04  -9.1050528792e-02  5.1644095293e-02  3.8426609331e-02  3.5755155468e-02  6.1303593419e-02  3.7004105833e-02  4.7919609493e-02  7.4033089828e-02  nan  nan  -9.4608095917e-02  8.0708728524e-01  
2.5981844347e+00  5.8765482666e-03  4.1436884716e-04  2.6622134274e-02  4.7638802784e-02  1.0777370047e-01  5.4273005403e-02  4.8671096196e-02  4.7692800295e-02  7.5212144029e-02  8.7525381722e-02  nan  nan  6.7167890858e-02  1.7179958226e-01  
2.6991034998e+00  3.6461008148e-03  3.3459207645e-04  -8.1375919638e-02  6.5397295104e-02  -2.7425086634e-02  4.6758608015e-02  2.6210217597e-03  5.1981455067e-02  8.4531309844e-02  1.0151795799e-01  nan  nan  -2.9318359151e-01  1.6332646016e+00  
2.7939266994e+00  2.6196025977e-03  2.2705828880e-04  -4.6647758364e-02  7.4390687871e-02  -2.1302036250e-02  6.3043827007e-02  2.1217473905e-02  5.1533534110e-02  -4.0678288141e-02  1.0289179789e-01  nan  nan  1.2908686600e-01  1.2446251284e+00  
2.8992745838e+00  1.3560456475e-03  1.6012212731e-04  4.2493575602e-02  1.1099953926e-01  5.2147894988e-03  1.0701631850e-01  9.0743823872e-02  9.2894541625e-02  5.8003804768e-02  1.0681093212e-01  nan  nan  1.9515567478e-01  1.3591794818e+00  
2.9997642161e+00  8.6323057933e-04  1.2777413243e-04  5.9439157935e-02  1.0643411966e-01  5.0344629496e-02  9.5091225840e-02  2.1535476070e-01  1.0798193730e-01  -2.1319985445e-02  1.8263110430e-01  nan  nan  2.0029740787e-01  5.5021675172e-01  
3.1005246348e+00  7.5435605142e-04  1.2137348603e-04  -1.2730342122e-01  1.0716176347e-01  4.3900690157e-02  1.1192477525e-01  1.1074660588e-01  9.5310747326e-02  3.2944567922e-01  1.7197733517e-01  nan  nan  -2.2823627598e-02  5.0429344511e-01  
3.1969165999e+00  3.6577955090e-04  8.6060958373e-05  -7.0101458156e-02  1.7896353494e-01  2.0309938341e-01  1.2034045826e-01  -1.4352748550e-01  1.1234319726e-01  1.7685306068e-01  3.1144165302e-01  nan  nan  3.4899403852e-01  2.4374907487e+00  
3.2911128455e+00  4.8974713311e-04  9.4951562592e-05  -2.0751879276e-01  1.4828461153e-01  1.2884901171e-01  1.5512222572e-01  -1.2888055945e-01  9.2850021257e-02  6.2259664645e-02  1.6737315516e-01  nan  nan  1.0433021400e+00  7.1789803843e+00  
3.3857834149e+00  2.4909278543e-04  7.4126267846e-05  1.4816296188e-01  2.3936321013e-01  -9.1185514946e-02  1.4916731031e-01  -5.0381893963e-02  2.2569649446e-01  3.3841368009e-01  2.7398872260e-01  nan  nan  1.3572824766e+00  9.3349975817e+00  
3.4971511880e+00  1.8672594051e-04  5.9046367328e-05  2.2671316470e-01  1.9471842189e-01  1.1880345259e-01  2.1643320733e-01  3.3052610303e-01  2.9008845727e-01  1.3211552582e-01  3.8607275650e-01  nan  nan  8.7671695424e-01  2.5798091317e+00  
3.6100057608e+00  7.0863200736e-05  3.3624140592e-05  -2.8898009568e-01  4.3409987825e-01  -8.3411892218e-03  2.0811232059e-01  1.7037487182e-01  2.1902168738e-01  -8.5634602792e-03  1.0399904035e+00  nan  nan  4.3640846172e-01  3.5229167857e+00  
3.7150443114e+00  5.2497727238e-05  2.9270728115e-05  2.7855119494e-01  6.2767082145e-01  9.4665264390e-02  2.7408033177e-01  1.0633855684e+00  6.7537228453e-01  2.5158956591e-01  1.0424645776e+00  nan  nan  1.8378545580e+00  1.2627380784e+01  
3.7885608849e+00  5.0584163363e-05  2.8099882479e-05  -2.2628979154e-01  7.7553102625e-01  5.8602442032e-01  3.8924080546e-01  -4.5072144140e-01  3.1346298274e-01  -7.9708501779e-01  3.3278885854e-01  nan  nan  3.4573162092e-01  2.9845166408e+00  
3.8887493142e+00  6.7771871038e-05  3.2179383348e-05  1.4018462080e-01  2.0825247330e-01  -4.8888636466e-01  5.4379579937e-01  -1.6580668848e-01  1.2198520133e-01  8.2463107504e-02  9.5555247843e-01  nan  nan  6.5168932618e-01  4.7193865364e+00  
3.9500000000e+00  0.0000000000e+00  0.0000000000e+00  nan  nan  nan  nan  nan  nan  nan  nan  nan  nan  nan  nan  
