#eta  rn(eta)  rn_err(eta)  rnn(eta)  rnn_err(eta)
-7.0000000000e+00  0.0000000000e+00  0.0000000000e+00  0.0000000000e+00  0.0000000000e+00  0.0000000000e+00  0.0000000000e+00  0.0000000000e+00  0.0000000000e+00  0.0000000000e+00  0.0000000000e+00  0.0000000000e+00  0.0000000000e+00  0.0000000000e+00  0.0000000000e+00  0.0000000000e+00  0.0000000000e+00  0.0000000000e+00  0.0000000000e+00  0.0000000000e+00  0.0000000000e+00  0.0000000000e+00  0.0000000000e+00  0.0000000000e+00  0.0000000000e+00  
-6.9000000000e+00  0.0000000000e+00  0.0000000000e+00  0.0000000000e+00  0.0000000000e+00  0.0000000000e+00  0.0000000000e+00  0.0000000000e+00  0.0000000000e+00  0.0000000000e+00  0.0000000000e+00  0.0000000000e+00  0.0000000000e+00  0.0000000000e+00  0.0000000000e+00  0.0000000000e+00  0.0000000000e+00  0.0000000000e+00  0.0000000000e+00  0.0000000000e+00  0.0000000000e+00  0.0000000000e+00  0.0000000000e+00  0.0000000000e+00  0.0000000000e+00  
-6.8000000000e+00  0.0000000000e+00  0.0000000000e+00  0.0000000000e+00  0.0000000000e+00  0.0000000000e+00  0.0000000000e+00  0.0000000000e+00  0.0000000000e+00  0.0000000000e+00  0.0000000000e+00  0.0000000000e+00  0.0000000000e+00  0.0000000000e+00  0.0000000000e+00  0.0000000000e+00  0.0000000000e+00  0.0000000000e+00  0.0000000000e+00  0.0000000000e+00  0.0000000000e+00  0.0000000000e+00  0.0000000000e+00  0.0000000000e+00  0.0000000000e+00  
-6.7000000000e+00  0.0000000000e+00  0.0000000000e+00  0.0000000000e+00  0.0000000000e+00  0.0000000000e+00  0.0000000000e+00  0.0000000000e+00  0.0000000000e+00  0.0000000000e+00  0.0000000000e+00  0.0000000000e+00  0.0000000000e+00  0.0000000000e+00  0.0000000000e+00  0.0000000000e+00  0.0000000000e+00  0.0000000000e+00  0.0000000000e+00  0.0000000000e+00  0.0000000000e+00  0.0000000000e+00  0.0000000000e+00  0.0000000000e+00  0.0000000000e+00  
-6.6000000000e+00  0.0000000000e+00  0.0000000000e+00  0.0000000000e+00  0.0000000000e+00  0.0000000000e+00  0.0000000000e+00  0.0000000000e+00  0.0000000000e+00  0.0000000000e+00  0.0000000000e+00  0.0000000000e+00  0.0000000000e+00  0.0000000000e+00  0.0000000000e+00  0.0000000000e+00  0.0000000000e+00  0.0000000000e+00  0.0000000000e+00  0.0000000000e+00  0.0000000000e+00  0.0000000000e+00  0.0000000000e+00  0.0000000000e+00  0.0000000000e+00  
-6.5000000000e+00  0.0000000000e+00  0.0000000000e+00  0.0000000000e+00  0.0000000000e+00  0.0000000000e+00  0.0000000000e+00  0.0000000000e+00  0.0000000000e+00  0.0000000000e+00  0.0000000000e+00  0.0000000000e+00  0.0000000000e+00  0.0000000000e+00  0.0000000000e+00  0.0000000000e+00  0.0000000000e+00  0.0000000000e+00  0.0000000000e+00  0.0000000000e+00  0.0000000000e+00  0.0000000000e+00  0.0000000000e+00  0.0000000000e+00  0.0000000000e+00  
-6.4000000000e+00  0.0000000000e+00  0.0000000000e+00  0.0000000000e+00  0.0000000000e+00  0.0000000000e+00  0.0000000000e+00  0.0000000000e+00  0.0000000000e+00  0.0000000000e+00  0.0000000000e+00  0.0000000000e+00  0.0000000000e+00  0.0000000000e+00  0.0000000000e+00  0.0000000000e+00  0.0000000000e+00  0.0000000000e+00  0.0000000000e+00  0.0000000000e+00  0.0000000000e+00  0.0000000000e+00  0.0000000000e+00  0.0000000000e+00  0.0000000000e+00  
-6.3000000000e+00  0.0000000000e+00  0.0000000000e+00  0.0000000000e+00  0.0000000000e+00  0.0000000000e+00  0.0000000000e+00  0.0000000000e+00  0.0000000000e+00  0.0000000000e+00  0.0000000000e+00  0.0000000000e+00  0.0000000000e+00  0.0000000000e+00  0.0000000000e+00  0.0000000000e+00  0.0000000000e+00  0.0000000000e+00  0.0000000000e+00  0.0000000000e+00  0.0000000000e+00  0.0000000000e+00  0.0000000000e+00  0.0000000000e+00  0.0000000000e+00  
-6.2000000000e+00  0.0000000000e+00  0.0000000000e+00  0.0000000000e+00  0.0000000000e+00  0.0000000000e+00  0.0000000000e+00  0.0000000000e+00  0.0000000000e+00  0.0000000000e+00  0.0000000000e+00  0.0000000000e+00  0.0000000000e+00  0.0000000000e+00  0.0000000000e+00  0.0000000000e+00  0.0000000000e+00  0.0000000000e+00  0.0000000000e+00  0.0000000000e+00  0.0000000000e+00  0.0000000000e+00  0.0000000000e+00  0.0000000000e+00  0.0000000000e+00  
-6.1000000000e+00  0.0000000000e+00  0.0000000000e+00  0.0000000000e+00  0.0000000000e+00  0.0000000000e+00  0.0000000000e+00  0.0000000000e+00  0.0000000000e+00  0.0000000000e+00  0.0000000000e+00  0.0000000000e+00  0.0000000000e+00  0.0000000000e+00  0.0000000000e+00  0.0000000000e+00  0.0000000000e+00  0.0000000000e+00  0.0000000000e+00  0.0000000000e+00  0.0000000000e+00  0.0000000000e+00  0.0000000000e+00  0.0000000000e+00  0.0000000000e+00  
-6.0000000000e+00  0.0000000000e+00  0.0000000000e+00  0.0000000000e+00  0.0000000000e+00  0.0000000000e+00  0.0000000000e+00  0.0000000000e+00  0.0000000000e+00  0.0000000000e+00  0.0000000000e+00  0.0000000000e+00  0.0000000000e+00  0.0000000000e+00  0.0000000000e+00  0.0000000000e+00  0.0000000000e+00  0.0000000000e+00  0.0000000000e+00  0.0000000000e+00  0.0000000000e+00  0.0000000000e+00  0.0000000000e+00  0.0000000000e+00  0.0000000000e+00  
-5.9000000000e+00  0.0000000000e+00  0.0000000000e+00  0.0000000000e+00  0.0000000000e+00  0.0000000000e+00  0.0000000000e+00  0.0000000000e+00  0.0000000000e+00  0.0000000000e+00  0.0000000000e+00  0.0000000000e+00  0.0000000000e+00  0.0000000000e+00  0.0000000000e+00  0.0000000000e+00  0.0000000000e+00  0.0000000000e+00  0.0000000000e+00  0.0000000000e+00  0.0000000000e+00  0.0000000000e+00  0.0000000000e+00  0.0000000000e+00  0.0000000000e+00  
-5.8000000000e+00  0.0000000000e+00  0.0000000000e+00  0.0000000000e+00  0.0000000000e+00  0.0000000000e+00  0.0000000000e+00  0.0000000000e+00  0.0000000000e+00  0.0000000000e+00  0.0000000000e+00  0.0000000000e+00  0.0000000000e+00  0.0000000000e+00  0.0000000000e+00  0.0000000000e+00  0.0000000000e+00  0.0000000000e+00  0.0000000000e+00  0.0000000000e+00  0.0000000000e+00  0.0000000000e+00  0.0000000000e+00  0.0000000000e+00  0.0000000000e+00  
-5.7000000000e+00  0.0000000000e+00  0.0000000000e+00  0.0000000000e+00  0.0000000000e+00  0.0000000000e+00  0.0000000000e+00  0.0000000000e+00  0.0000000000e+00  0.0000000000e+00  0.0000000000e+00  0.0000000000e+00  0.0000000000e+00  0.0000000000e+00  0.0000000000e+00  0.0000000000e+00  0.0000000000e+00  0.0000000000e+00  0.0000000000e+00  0.0000000000e+00  0.0000000000e+00  0.0000000000e+00  0.0000000000e+00  0.0000000000e+00  0.0000000000e+00  
-5.6000000000e+00  0.0000000000e+00  0.0000000000e+00  0.0000000000e+00  0.0000000000e+00  0.0000000000e+00  0.0000000000e+00  0.0000000000e+00  0.0000000000e+00  0.0000000000e+00  0.0000000000e+00  0.0000000000e+00  0.0000000000e+00  0.0000000000e+00  0.0000000000e+00  0.0000000000e+00  0.0000000000e+00  0.0000000000e+00  0.0000000000e+00  0.0000000000e+00  0.0000000000e+00  0.0000000000e+00  0.0000000000e+00  0.0000000000e+00  0.0000000000e+00  
-5.5000000000e+00  0.0000000000e+00  0.0000000000e+00  0.0000000000e+00  0.0000000000e+00  0.0000000000e+00  0.0000000000e+00  0.0000000000e+00  0.0000000000e+00  0.0000000000e+00  0.0000000000e+00  0.0000000000e+00  0.0000000000e+00  0.0000000000e+00  0.0000000000e+00  0.0000000000e+00  0.0000000000e+00  0.0000000000e+00  0.0000000000e+00  0.0000000000e+00  0.0000000000e+00  0.0000000000e+00  0.0000000000e+00  0.0000000000e+00  0.0000000000e+00  
-5.4000000000e+00  0.0000000000e+00  0.0000000000e+00  0.0000000000e+00  0.0000000000e+00  0.0000000000e+00  0.0000000000e+00  0.0000000000e+00  0.0000000000e+00  0.0000000000e+00  0.0000000000e+00  0.0000000000e+00  0.0000000000e+00  0.0000000000e+00  0.0000000000e+00  0.0000000000e+00  0.0000000000e+00  0.0000000000e+00  0.0000000000e+00  0.0000000000e+00  0.0000000000e+00  0.0000000000e+00  0.0000000000e+00  0.0000000000e+00  0.0000000000e+00  
-5.3000000000e+00  0.0000000000e+00  0.0000000000e+00  0.0000000000e+00  0.0000000000e+00  0.0000000000e+00  0.0000000000e+00  0.0000000000e+00  0.0000000000e+00  0.0000000000e+00  0.0000000000e+00  0.0000000000e+00  0.0000000000e+00  0.0000000000e+00  0.0000000000e+00  0.0000000000e+00  0.0000000000e+00  0.0000000000e+00  0.0000000000e+00  0.0000000000e+00  0.0000000000e+00  0.0000000000e+00  0.0000000000e+00  0.0000000000e+00  0.0000000000e+00  
-5.2000000000e+00  0.0000000000e+00  0.0000000000e+00  0.0000000000e+00  0.0000000000e+00  0.0000000000e+00  0.0000000000e+00  0.0000000000e+00  0.0000000000e+00  0.0000000000e+00  0.0000000000e+00  0.0000000000e+00  0.0000000000e+00  0.0000000000e+00  0.0000000000e+00  0.0000000000e+00  0.0000000000e+00  0.0000000000e+00  0.0000000000e+00  0.0000000000e+00  0.0000000000e+00  0.0000000000e+00  0.0000000000e+00  0.0000000000e+00  0.0000000000e+00  
-5.1000000000e+00  0.0000000000e+00  0.0000000000e+00  0.0000000000e+00  0.0000000000e+00  0.0000000000e+00  0.0000000000e+00  0.0000000000e+00  0.0000000000e+00  0.0000000000e+00  0.0000000000e+00  0.0000000000e+00  0.0000000000e+00  0.0000000000e+00  0.0000000000e+00  0.0000000000e+00  0.0000000000e+00  0.0000000000e+00  0.0000000000e+00  0.0000000000e+00  0.0000000000e+00  0.0000000000e+00  0.0000000000e+00  0.0000000000e+00  0.0000000000e+00  
-5.0000000000e+00  0.0000000000e+00  0.0000000000e+00  0.0000000000e+00  0.0000000000e+00  0.0000000000e+00  0.0000000000e+00  0.0000000000e+00  0.0000000000e+00  0.0000000000e+00  0.0000000000e+00  0.0000000000e+00  0.0000000000e+00  0.0000000000e+00  0.0000000000e+00  0.0000000000e+00  0.0000000000e+00  0.0000000000e+00  0.0000000000e+00  0.0000000000e+00  0.0000000000e+00  0.0000000000e+00  0.0000000000e+00  0.0000000000e+00  0.0000000000e+00  
-4.9000000000e+00  0.0000000000e+00  0.0000000000e+00  0.0000000000e+00  0.0000000000e+00  0.0000000000e+00  0.0000000000e+00  0.0000000000e+00  0.0000000000e+00  0.0000000000e+00  0.0000000000e+00  0.0000000000e+00  0.0000000000e+00  0.0000000000e+00  0.0000000000e+00  0.0000000000e+00  0.0000000000e+00  0.0000000000e+00  0.0000000000e+00  0.0000000000e+00  0.0000000000e+00  0.0000000000e+00  0.0000000000e+00  0.0000000000e+00  0.0000000000e+00  
-4.8000000000e+00  0.0000000000e+00  0.0000000000e+00  0.0000000000e+00  0.0000000000e+00  0.0000000000e+00  0.0000000000e+00  0.0000000000e+00  0.0000000000e+00  0.0000000000e+00  0.0000000000e+00  0.0000000000e+00  0.0000000000e+00  0.0000000000e+00  0.0000000000e+00  0.0000000000e+00  0.0000000000e+00  0.0000000000e+00  0.0000000000e+00  0.0000000000e+00  0.0000000000e+00  0.0000000000e+00  0.0000000000e+00  0.0000000000e+00  0.0000000000e+00  
-4.7000000000e+00  0.0000000000e+00  0.0000000000e+00  0.0000000000e+00  0.0000000000e+00  0.0000000000e+00  0.0000000000e+00  0.0000000000e+00  0.0000000000e+00  0.0000000000e+00  0.0000000000e+00  0.0000000000e+00  0.0000000000e+00  0.0000000000e+00  0.0000000000e+00  0.0000000000e+00  0.0000000000e+00  0.0000000000e+00  0.0000000000e+00  0.0000000000e+00  0.0000000000e+00  0.0000000000e+00  0.0000000000e+00  0.0000000000e+00  0.0000000000e+00  
-4.6000000000e+00  0.0000000000e+00  0.0000000000e+00  0.0000000000e+00  0.0000000000e+00  0.0000000000e+00  0.0000000000e+00  0.0000000000e+00  0.0000000000e+00  0.0000000000e+00  0.0000000000e+00  0.0000000000e+00  0.0000000000e+00  0.0000000000e+00  0.0000000000e+00  0.0000000000e+00  0.0000000000e+00  0.0000000000e+00  0.0000000000e+00  0.0000000000e+00  0.0000000000e+00  0.0000000000e+00  0.0000000000e+00  0.0000000000e+00  0.0000000000e+00  
-4.5000000000e+00  0.0000000000e+00  0.0000000000e+00  0.0000000000e+00  0.0000000000e+00  0.0000000000e+00  0.0000000000e+00  0.0000000000e+00  0.0000000000e+00  0.0000000000e+00  0.0000000000e+00  0.0000000000e+00  0.0000000000e+00  0.0000000000e+00  0.0000000000e+00  0.0000000000e+00  0.0000000000e+00  0.0000000000e+00  0.0000000000e+00  0.0000000000e+00  0.0000000000e+00  0.0000000000e+00  0.0000000000e+00  0.0000000000e+00  0.0000000000e+00  
-4.4000000000e+00  0.0000000000e+00  0.0000000000e+00  0.0000000000e+00  0.0000000000e+00  0.0000000000e+00  0.0000000000e+00  0.0000000000e+00  0.0000000000e+00  0.0000000000e+00  0.0000000000e+00  0.0000000000e+00  0.0000000000e+00  0.0000000000e+00  0.0000000000e+00  0.0000000000e+00  0.0000000000e+00  0.0000000000e+00  0.0000000000e+00  0.0000000000e+00  0.0000000000e+00  0.0000000000e+00  0.0000000000e+00  0.0000000000e+00  0.0000000000e+00  
-4.3000000000e+00  0.0000000000e+00  0.0000000000e+00  0.0000000000e+00  0.0000000000e+00  0.0000000000e+00  0.0000000000e+00  0.0000000000e+00  0.0000000000e+00  0.0000000000e+00  0.0000000000e+00  0.0000000000e+00  0.0000000000e+00  0.0000000000e+00  0.0000000000e+00  0.0000000000e+00  0.0000000000e+00  0.0000000000e+00  0.0000000000e+00  0.0000000000e+00  0.0000000000e+00  0.0000000000e+00  0.0000000000e+00  0.0000000000e+00  0.0000000000e+00  
-4.2000000000e+00  0.0000000000e+00  0.0000000000e+00  0.0000000000e+00  0.0000000000e+00  0.0000000000e+00  0.0000000000e+00  0.0000000000e+00  0.0000000000e+00  0.0000000000e+00  0.0000000000e+00  0.0000000000e+00  0.0000000000e+00  0.0000000000e+00  0.0000000000e+00  0.0000000000e+00  0.0000000000e+00  0.0000000000e+00  0.0000000000e+00  0.0000000000e+00  0.0000000000e+00  0.0000000000e+00  0.0000000000e+00  0.0000000000e+00  0.0000000000e+00  
-4.1000000000e+00  0.0000000000e+00  0.0000000000e+00  0.0000000000e+00  0.0000000000e+00  0.0000000000e+00  0.0000000000e+00  0.0000000000e+00  0.0000000000e+00  0.0000000000e+00  0.0000000000e+00  0.0000000000e+00  0.0000000000e+00  0.0000000000e+00  0.0000000000e+00  0.0000000000e+00  0.0000000000e+00  0.0000000000e+00  0.0000000000e+00  0.0000000000e+00  0.0000000000e+00  0.0000000000e+00  0.0000000000e+00  0.0000000000e+00  0.0000000000e+00  
-4.0000000000e+00  0.0000000000e+00  0.0000000000e+00  0.0000000000e+00  0.0000000000e+00  0.0000000000e+00  0.0000000000e+00  0.0000000000e+00  0.0000000000e+00  0.0000000000e+00  0.0000000000e+00  0.0000000000e+00  0.0000000000e+00  0.0000000000e+00  0.0000000000e+00  0.0000000000e+00  0.0000000000e+00  0.0000000000e+00  0.0000000000e+00  0.0000000000e+00  0.0000000000e+00  0.0000000000e+00  0.0000000000e+00  0.0000000000e+00  0.0000000000e+00  
-3.9000000000e+00  0.0000000000e+00  0.0000000000e+00  0.0000000000e+00  0.0000000000e+00  0.0000000000e+00  0.0000000000e+00  0.0000000000e+00  0.0000000000e+00  0.0000000000e+00  0.0000000000e+00  0.0000000000e+00  0.0000000000e+00  0.0000000000e+00  0.0000000000e+00  0.0000000000e+00  0.0000000000e+00  0.0000000000e+00  0.0000000000e+00  0.0000000000e+00  0.0000000000e+00  0.0000000000e+00  0.0000000000e+00  0.0000000000e+00  0.0000000000e+00  
-3.8000000000e+00  0.0000000000e+00  0.0000000000e+00  0.0000000000e+00  0.0000000000e+00  0.0000000000e+00  0.0000000000e+00  0.0000000000e+00  0.0000000000e+00  0.0000000000e+00  0.0000000000e+00  0.0000000000e+00  0.0000000000e+00  0.0000000000e+00  0.0000000000e+00  0.0000000000e+00  0.0000000000e+00  0.0000000000e+00  0.0000000000e+00  0.0000000000e+00  0.0000000000e+00  0.0000000000e+00  0.0000000000e+00  0.0000000000e+00  0.0000000000e+00  
-3.7000000000e+00  0.0000000000e+00  0.0000000000e+00  0.0000000000e+00  0.0000000000e+00  0.0000000000e+00  0.0000000000e+00  0.0000000000e+00  0.0000000000e+00  0.0000000000e+00  0.0000000000e+00  0.0000000000e+00  0.0000000000e+00  0.0000000000e+00  0.0000000000e+00  0.0000000000e+00  0.0000000000e+00  0.0000000000e+00  0.0000000000e+00  0.0000000000e+00  0.0000000000e+00  0.0000000000e+00  0.0000000000e+00  0.0000000000e+00  0.0000000000e+00  
-3.6000000000e+00  0.0000000000e+00  0.0000000000e+00  0.0000000000e+00  0.0000000000e+00  0.0000000000e+00  0.0000000000e+00  0.0000000000e+00  0.0000000000e+00  0.0000000000e+00  0.0000000000e+00  0.0000000000e+00  0.0000000000e+00  0.0000000000e+00  0.0000000000e+00  0.0000000000e+00  0.0000000000e+00  0.0000000000e+00  0.0000000000e+00  0.0000000000e+00  0.0000000000e+00  0.0000000000e+00  0.0000000000e+00  0.0000000000e+00  0.0000000000e+00  
-3.5000000000e+00  0.0000000000e+00  0.0000000000e+00  0.0000000000e+00  0.0000000000e+00  0.0000000000e+00  0.0000000000e+00  0.0000000000e+00  0.0000000000e+00  0.0000000000e+00  0.0000000000e+00  0.0000000000e+00  0.0000000000e+00  0.0000000000e+00  0.0000000000e+00  0.0000000000e+00  0.0000000000e+00  0.0000000000e+00  0.0000000000e+00  0.0000000000e+00  0.0000000000e+00  0.0000000000e+00  0.0000000000e+00  0.0000000000e+00  0.0000000000e+00  
-3.4000000000e+00  1.0021538121e+13  1.0021538121e+13  0.0000000000e+00  0.0000000000e+00  3.8837378742e+12  3.8837378742e+12  0.0000000000e+00  0.0000000000e+00  9.2734733518e+12  9.2734733518e+12  0.0000000000e+00  0.0000000000e+00  7.2963809866e+12  7.2963809866e+12  0.0000000000e+00  0.0000000000e+00  1.6906788210e+12  1.6906788210e+12  0.0000000000e+00  0.0000000000e+00  1.2253916810e+12  1.2253916810e+12  0.0000000000e+00  0.0000000000e+00  
-3.2968797497e+00  0.0000000000e+00  0.0000000000e+00  0.0000000000e+00  0.0000000000e+00  0.0000000000e+00  0.0000000000e+00  0.0000000000e+00  0.0000000000e+00  0.0000000000e+00  0.0000000000e+00  0.0000000000e+00  0.0000000000e+00  0.0000000000e+00  0.0000000000e+00  0.0000000000e+00  0.0000000000e+00  0.0000000000e+00  0.0000000000e+00  0.0000000000e+00  0.0000000000e+00  0.0000000000e+00  0.0000000000e+00  0.0000000000e+00  0.0000000000e+00  
-3.1980547250e+00  -3.5993788358e+00  8.6403229610e+00  -2.1912138041e-01  2.1912138041e-01  4.0467433667e-01  5.0955692832e-01  -1.0299818549e+00  1.0299818549e+00  -5.7811684918e-01  7.2876476044e-01  8.0721775373e-01  8.0721775373e-01  -9.0517379094e-01  1.0878932692e+00  1.5437210609e+00  1.5437210609e+00  -2.7021117505e-01  3.6121381337e-01  -1.7266317701e+00  1.7266317701e+00  -1.8403237339e-01  2.0399177338e-01  -7.9519053353e-01  7.9519053353e-01  
-3.0938765217e+00  -3.1439218956e+00  1.7894887043e+01  7.1514129404e-02  3.1155818559e-01  1.2832296608e+00  2.0300983694e+00  1.2016296312e+00  9.3992247448e-01  -3.1617784361e-01  7.5992511796e-01  -5.1532902283e-01  4.5164427547e-01  -1.8793237371e+02  7.2549002400e+02  -1.1853960581e+00  1.4828314994e+00  2.0082762321e-01  6.4338565343e-01  1.6464491141e+00  8.5364281910e+00  -4.7071158276e+00  4.8476345024e+01  5.9653961259e-01  4.9056338380e+01  
-2.9894507333e+00  -6.0485470572e-01  1.6460565206e+02  -9.6407893994e-01  9.6407893994e-01  -8.7347973095e-01  6.7513894346e-01  1.9090620136e+00  1.9090620136e+00  1.5984829216e+00  1.8476346779e+00  -5.5824639951e-01  5.5824639951e-01  1.9421467461e+00  2.1409296891e+00  4.1090389184e-02  4.1090389184e-02  -1.6618738417e+00  4.4149871883e+00  4.7176364344e-01  4.7176364344e-01  -7.5542295079e-01  1.0029974420e+00  -1.7770204119e+02  1.7770204119e+02  
-2.8813639155e+00  2.4863414202e+00  4.6516594954e+01  1.3740226987e-01  2.3744718635e+00  -2.1744086210e+00  2.0608756564e+02  4.3721025520e+00  1.9769792064e+01  8.8279404017e+00  1.1387983858e+02  5.6107834561e+01  1.5029732511e+02  -9.5245635760e+00  2.1205414108e+02  -8.9889054581e-01  7.8489187007e-01  2.3679066607e+00  2.2832157402e+00  1.7529188367e+00  7.2925157536e+01  1.6792778307e+00  1.8680172102e+00  -1.2868028973e+00  6.9736175367e+00  
-2.7757790182e+00  -2.8619203429e+00  1.7977739540e+03  -1.4010497277e+01  4.3747970495e+01  3.2412419567e+00  4.9135139605e+00  3.6162592418e-02  1.2693592851e+02  -5.2840520364e+00  2.7989963071e+01  -2.9179881948e-01  1.5467463462e+00  1.9927146717e+00  1.5010897890e+00  1.0796515460e-01  1.7942561126e+00  4.3979217592e+00  1.0638026935e+01  -1.1020627211e-01  1.6057382443e+00  2.9780020440e+00  6.0349216267e+00  -1.2143576184e+01  3.7158750645e+02  
-2.6730791490e+00  3.8725703525e+00  3.2983204664e+00  -1.7915506361e+00  1.0015074608e+01  -4.0779572385e+01  8.9013295983e+02  5.2916017137e-01  8.1944595659e-01  -1.7284615569e+01  1.2741049082e+02  -2.3409625439e+00  1.9123249205e+01  -2.1449344141e+00  2.1408681888e+00  2.5090047883e+00  1.1196936466e+01  4.8894496018e+00  1.1483688322e+01  8.3669523728e-01  6.3970822900e-01  -4.6275995185e+00  7.1343049814e+00  -9.7088270658e-01  9.5362583107e+00  
-2.5662097963e+00  -5.1812193147e+00  9.8385325994e+00  2.5518536655e+01  8.7340039965e+02  2.5462558496e+01  8.5358813980e+02  -2.9013892121e+00  4.3409282365e+00  -8.8729771503e+00  3.8030727573e+01  2.2572599317e+00  1.6696251552e+01  -2.8727845714e+00  2.1197587141e+00  -1.4386598303e+00  5.1651546371e-01  -1.5079008314e+01  8.2366845413e+01  3.4500548371e+00  4.0484175836e+00  2.1560022894e+00  1.0098851492e+00  4.5148369928e+00  2.3137769198e+01  
-2.4632421702e+00  -1.3210676212e+01  1.6426626503e+02  9.8447214036e+00  1.0917505658e+02  6.0814384515e+00  8.8246836589e+00  -3.4353674113e+00  1.6685981113e+01  -9.0405364398e+00  1.6794204261e+01  4.1766779841e+00  1.5622523076e+01  -4.7874470003e+01  1.7854584156e+03  -1.6109151331e+00  2.6033084931e+00  -1.8521648841e+00  8.6350085081e+02  -4.9031202043e+01  1.6653469932e+03  6.4928015513e+00  1.2919380793e+01  1.9510194930e+00  3.6025479031e+00  
-2.3652577732e+00  9.9917357618e-01  8.8842305663e-01  4.9025268568e-01  7.5040492240e-01  4.2548583746e+00  5.7733005659e+00  1.0077458498e+01  1.5615343884e+03  -3.6611317213e+00  3.5790824154e+00  1.0273520502e+00  4.5995950046e+01  2.0521450196e+00  2.2948833912e+01  1.3441590616e+00  7.2415308253e+00  2.5702024499e+01  1.4971457215e+03  1.0815745783e+00  1.4558577575e+01  4.3532884604e+00  2.3731127911e+01  6.7845747132e+00  5.1948007647e+01  
-2.2620378388e+00  1.3700251931e+00  3.0650816047e+00  -2.4846702302e-01  8.8141432385e-01  -1.5780441419e-01  1.5528253484e+00  -7.9385154307e-01  5.6483644588e+00  4.3778901003e-01  4.0899191305e+02  2.5235280484e+00  4.3656718001e+00  3.6183358223e-01  1.7143581071e+00  -2.6914418488e-01  7.0174294877e-01  -1.4940825889e+00  1.2973912485e+01  5.5275110625e-01  5.3813522186e-01  6.0271801298e+00  1.2769600824e+02  -1.6976472691e+00  6.0785647933e+01  
-2.1613957630e+00  4.7431031068e+00  4.8615074889e+02  -1.7376512500e-01  8.8414883661e-01  1.9547571080e-01  1.5667100009e+00  3.4289139105e+00  2.2534311728e+01  -1.7219693074e-01  6.5204701610e-01  1.6386686926e+00  3.6352483404e+00  -1.6271732901e+00  3.3624778326e+00  -8.0525087627e-03  8.3657226314e-01  1.8749561903e-01  8.1379454031e-01  1.6286007191e+00  1.4826758359e+00  -2.5531539328e+00  4.9397285566e+00  1.1141942192e-01  8.4687987880e+00  
-2.0605434025e+00  -5.1683529586e-01  7.3355002875e-01  -8.9327292438e+00  2.1085481809e+02  -1.6252225056e+00  4.0565536274e+01  8.3083990079e-01  1.4286985541e+00  2.6527668696e-01  1.5690060435e+00  -7.0579029387e-01  1.6404042011e+00  -7.0207574206e-01  1.4310736806e+00  2.6667120018e-01  9.7237221844e-01  1.1031368718e-02  1.1290797338e+00  -4.4591060245e-01  6.7445293397e-01  8.0483948218e+00  9.7612689496e+01  -1.1107470696e+00  1.0007754677e+00  
-1.9591419735e+00  3.8379934938e-01  2.0891921666e+00  -5.6191660501e+00  1.2616284182e+02  3.0251787864e-01  2.0455580345e+00  3.4418062772e+00  1.1948577392e+01  -6.9240067172e-01  6.7344781150e-01  4.9364281088e+00  1.3319538794e+02  2.1596096309e+00  2.5326680195e+00  9.7651087375e+01  3.9203950068e+03  1.7146092601e+00  2.2159681503e+01  2.7689804339e-01  1.4446853145e+00  -7.5851540083e-01  9.1436037499e-01  6.6273664585e-01  5.8818187624e-01  
-1.8563583497e+00  2.0354664192e+00  1.9858886538e+01  6.0983782973e+00  9.5311729112e+01  1.6393155165e+00  1.5823448604e+00  4.1877804595e+00  5.9066732518e+01  -2.4030124000e+00  4.4873680867e+00  3.7282544345e-01  2.0533398809e+00  6.4061042742e+00  5.0962831302e+02  -4.2190126227e+00  4.6790409507e+01  9.6533289395e-02  5.2463047389e-01  3.2502523086e-01  4.9535126760e-01  -1.0979736008e+01  1.2301143938e+02  4.1797205346e+00  2.3374191289e+01  
-1.7581826465e+00  -1.1903626267e+00  1.2896849659e+00  1.5265915084e+00  1.6459400002e+00  -9.2828015108e-01  7.7066881928e-01  6.0776367226e-01  2.0816676830e+00  -9.4268902853e-01  1.5105660477e+00  6.0641696654e-01  5.5214938660e-01  1.4035817570e+00  2.1927778135e+00  9.1293067310e-01  4.4407920398e+00  2.8403724639e+00  2.0158088757e+01  1.6782642520e+00  1.2732040030e+02  -4.9246609436e-01  2.8467003238e+00  9.5260028532e-01  1.1227392055e+00  
-1.6586802093e+00  7.1348423596e-01  1.2451129700e+01  -3.3354729462e+00  5.2838697973e+01  -1.0615827855e+00  2.7986588347e+01  1.0533402366e+00  1.3851923209e+01  8.1508720413e-01  1.9011400733e+00  7.3678676372e-01  2.4186303422e+00  8.7739631509e-02  1.2735682819e+00  6.6439493380e-01  4.1016998006e+01  1.4777557647e+00  2.2699294990e+00  -1.4577190262e+00  1.1806434125e+02  -2.0836709671e+00  8.6909326466e+01  -3.2820686007e-01  9.1815700151e-01  
-1.5576105495e+00  4.8544885486e+00  8.6110422722e+01  -1.0344773627e+00  1.6434719552e+00  6.0745662053e+00  3.2373033053e+02  9.5089328958e+00  1.4946259741e+02  -1.0968742080e+00  1.6088169683e+00  4.1261771334e-01  1.5782819281e+00  4.7805544462e-01  2.9268685098e+00  -1.2880660787e+00  1.2959555816e+00  -1.5894522458e+01  2.6484720319e+02  6.5498141427e-01  1.6826829055e+01  -3.5715130248e+00  8.8359887523e+01  3.9346015594e-01  1.5338692256e+01  
-1.4595978435e+00  7.8660915196e-01  6.3828220681e+00  8.7165803892e-01  5.9341780024e+00  -2.2452905731e+00  7.0803929456e+01  8.9607046295e-01  5.3041201550e+00  7.2746462317e-01  7.6445322672e+00  8.4067874297e-01  4.5811731583e+02  1.2065119337e+00  1.6612344924e+00  -1.2345477239e+00  3.6426485833e+00  1.2172887097e+00  5.8179212786e+00  5.1483854800e+00  1.7875882614e+01  1.4609498480e+01  5.2962216486e+02  7.7004119209e-01  8.3453419076e-01  
-1.3568624195e+00  5.1494255672e-01  4.9666548225e-01  2.7968878186e-01  3.3626553384e-01  3.4321344764e-01  6.4681370203e-01  -1.2717570999e+00  3.4154188603e+00  2.2603419917e-01  9.5944991674e+01  -4.4600342565e-01  5.6818768211e-01  -1.9739824954e-01  4.8315082248e-01  1.2359958425e-01  1.0107848440e+00  -8.2324739094e-01  1.1549638726e+00  -1.2761206433e+00  5.0119195478e+00  -3.4664610710e-01  4.6077427964e+00  -2.1887860041e+00  2.7643871784e+00  
-1.2572939840e+00  -2.4049379565e-01  3.7904340583e-01  -6.2500608705e-01  1.1703552545e+00  6.9338350552e-01  1.2087667764e+00  8.2957985374e-02  4.8388087199e+00  -6.9911642586e-01  1.3268058547e+00  -8.6107854245e-01  6.8470232686e-01  -2.3533566042e+01  8.7717970673e+02  -8.9984253194e-01  9.4398558186e-01  -1.3586218588e+00  2.2239841276e+00  -2.2311777327e+00  1.0247255931e+01  -7.4634040068e+00  3.4483058077e+02  -3.0060657901e-01  1.0160180413e+00  
-1.1562691455e+00  9.0068993971e-01  1.7579474803e+00  3.1693482981e-01  1.0284542832e+00  -8.5092978651e-01  8.4519663510e-01  1.2051285559e+00  1.1344463978e+01  1.0553365033e+01  1.9781324948e+02  4.8491065368e+00  1.0685636026e+02  1.4997249478e+00  6.3094190479e+00  -2.6029746173e-01  1.3851862483e+00  5.4924004254e-01  8.1076076657e-01  -2.7462284761e-01  1.5515767342e+01  -4.7299460815e+01  1.9750346138e+03  -2.4110535943e+00  4.7509417191e+00  
-1.0553574592e+00  -1.7579484103e+01  1.6441849245e+02  -3.0826845102e-01  1.6357883412e+01  8.2815410835e-01  3.9955803414e+00  -7.4957370664e-01  3.8083769594e+00  -5.5161604508e-01  6.4266791180e+00  1.3835998179e+00  2.2955878665e+01  7.5041055859e-01  7.4145206632e-01  -9.4234908707e-01  8.2091864611e-01  3.6355571497e-01  4.3841605607e+00  -6.2131861312e-01  2.2615111874e+00  -4.6501605338e+00  2.0828792188e+02  3.2858824804e+00  6.7438683722e+00  
-9.5609529123e-01  -2.2251846693e+00  3.1332383183e+00  -6.5727581513e+00  1.6206491935e+01  -1.0826362876e+01  3.6475619988e+02  -2.0776633377e-01  1.3608900536e+00  -1.0274028671e+00  7.9998330668e-01  7.7151253128e-02  3.2206239908e+00  5.7867984222e-01  5.3780462498e+00  -5.7091553129e-01  8.2510644971e-01  3.3017631087e+00  4.0603302217e+01  -3.1257423162e-01  6.5747375318e-01  -6.3839058282e+00  7.8110279297e+01  1.2533558527e+00  1.3890590123e+00  
-8.5358910435e-01  -3.1485862539e+00  3.2622232992e+01  6.7313448408e-02  7.9875556783e-01  2.8359798775e+00  1.6563673243e+01  -3.6166307238e+00  5.0386024262e+00  7.0884220462e-01  1.0648283126e+00  3.7016586097e+01  1.0253343310e+03  3.7876404859e-02  6.3566975909e+00  -1.3576542607e+00  6.0243121320e+00  8.4282569370e-01  7.7744684819e-01  -1.0501159182e+00  2.2807181991e+00  1.0058366828e+00  4.7463222937e+00  1.1151153750e+00  7.4513425075e-01  
-7.5468266925e-01  2.2920123892e+00  8.9857213344e+00  -1.4007123083e+01  8.5901124885e+02  9.2110425470e+00  1.5413481858e+02  -9.4218037975e+00  3.5576805481e+02  -1.1049237204e+00  1.4032776725e+00  -9.9539076277e-01  1.8879093075e+00  -7.8052621639e-01  8.6155266684e-01  3.7309062559e-01  1.7145774872e+00  2.4036202796e-01  2.3681224478e+00  1.2770999224e+00  1.1327888372e+00  -1.8148275672e+00  1.3453618327e+01  3.4095207175e+00  2.1737527618e+01  
-6.5409881450e-01  -1.9481891746e-01  6.1395307845e-01  1.4657473001e+00  2.4668210297e+00  -4.3973497665e-01  3.3777430841e-01  -3.2192678065e-01  8.7449598766e-01  2.7717877836e+00  1.3252585254e+02  1.4521664274e+00  7.3131969656e+00  1.8034520415e+00  6.5198026458e+00  2.4354050025e+00  3.5545702803e+00  1.7965200914e+01  3.2748987812e+02  4.5869157010e-01  6.1523593158e-01  -3.7594734894e-01  7.5961102063e-01  4.3478346854e-01  1.0646591714e+00  
-5.5480488517e-01  -3.8461438107e-01  2.5808551226e-01  2.3092303963e+00  2.5020169001e+01  1.6603318742e+00  1.7448525808e+01  -9.4910722767e-01  1.4810813565e+00  3.5980737994e-01  1.0662566282e+00  1.3602463617e+00  2.4244165799e+00  -2.7327101528e-01  4.9886097246e-01  -2.0124105320e+00  2.5697676452e+01  4.5682918724e+00  9.4087042911e+00  8.2094196342e-02  4.5784371825e-01  7.2920618071e-01  5.9224653546e-01  4.3255092801e-01  6.1811114649e-01  
-4.5285919953e-01  2.6334116761e-01  1.6897092127e+00  1.5768392435e+00  3.1143141455e+01  -1.2526830449e+00  4.0413533301e+00  2.1270935178e+00  3.8061635155e+00  3.7990871738e-01  1.2972458221e+02  1.2254233244e-02  1.1290043393e+00  8.2007811681e-01  8.8461414049e-01  -1.8059213351e+00  1.9724990967e+00  -2.6467197472e-01  9.3479971601e-01  -8.4018431502e-01  3.4532436372e+00  4.9519502413e+00  1.9973949815e+02  -5.7501479003e-01  3.0541498855e+00  
-3.5420688770e-01  1.5978053249e+00  1.3065283408e+01  -5.1549495318e-01  1.0234682320e+00  1.2649140428e+00  7.5609585602e-01  -8.7698423686e-02  2.9134309293e+00  1.1233136711e-01  6.2128016444e-01  -5.0945588879e-01  1.0976513039e+00  -2.4888238678e-01  3.8832812414e-01  2.5568871235e+00  8.1833905444e+00  -7.8796123297e-01  2.2174733309e+00  3.5315602460e-01  9.3466539703e-01  -4.2188987501e-01  1.2375401945e+00  4.5697324707e-02  1.2106286356e+00  
-2.5364470700e-01  7.3547953098e-01  4.5679222697e+00  -1.1457487782e+00  4.7951850488e+00  2.2630510389e-01  2.4921479557e+00  6.1756171586e+00  2.1366593846e+02  2.2281047810e+00  3.8094594037e+00  1.0759372809e+01  1.8432329374e+02  -3.0211397998e-01  6.2508606088e-01  -4.1760866469e-01  4.4221360284e-01  9.0646550245e-02  1.7267838801e+00  3.4070185730e+00  5.4882025747e+01  9.6048049351e-01  1.5065967544e+00  -6.6965751895e-01  4.7023377416e-01  
-1.5463739355e-01  3.0088929987e-01  4.5233446244e+00  1.1802567065e+00  2.4044112975e+01  1.3308082750e+00  1.3777086622e+00  -5.2330357585e+00  4.5981407340e+01  -7.2323339318e-01  1.0706713836e+00  4.2790662480e-01  7.8820868759e-01  -5.2733099708e-01  3.7271312561e+01  -3.3435394448e+00  2.5264243098e+01  -5.2411785463e-02  9.7925890307e-01  7.9847886508e-01  1.4852775084e+00  1.0522119687e-01  1.1442087834e+00  4.9084919232e+00  2.3652441043e+01  
-5.3658145858e-02  8.1640001332e-01  4.2414144928e-01  -2.1373952942e+00  6.6255378096e-01  5.3423744781e-01  4.7977546068e+00  1.7813685009e+00  1.0345752124e+01  3.9504467714e+01  1.5205910465e+03  -4.4037935637e+00  1.6887233279e+01  -2.0343504148e-01  5.3254671862e+01  -6.9163416382e-01  7.0630017125e+00  4.1532072684e-01  1.2090648886e+00  2.7737014643e-01  2.3937754165e+00  -1.3086520174e+00  3.3655475811e+00  2.2916498966e+00  9.8878595441e+00  
4.5054440980e-02  1.0000000000e+00  3.5828009118e-12  1.0000000000e+00  8.9333892578e-11  1.0000000000e+00  4.1418925826e-13  1.0000000000e+00  1.9733785210e-11  1.0000000000e+00  2.2519503262e-12  1.0000000000e+00  1.3570204958e-11  1.0000000000e+00  1.0322330353e-10  1.0000000000e+00  4.7164769670e-13  1.0000000000e+00  6.1419380039e-14  1.0000000000e+00  1.4342516797e-10  1.0000000000e+00  8.2243756614e-13  1.0000000000e+00  1.0727786662e-11  
1.4303059302e-01  1.2335991722e+00  6.6210173346e-01  -4.6898590447e-01  1.4228187104e-01  2.3970142258e+00  2.8775786520e+01  5.0610151874e-01  1.0389252879e+00  -2.5107363991e-02  3.3867049768e-01  -2.5275132473e-01  1.1154830625e+00  5.9513244511e-01  3.3027261832e+00  -9.9793102187e-01  5.7989385571e+00  6.9785801910e+00  1.7879708333e+02  2.9520704721e+00  4.4981113174e+00  -8.9565149327e-01  2.3240338023e+00  4.0938461913e-01  9.1502312177e-01  
2.4617554085e-01  1.0842146530e+00  6.0365490512e+01  5.9242196033e-01  1.2011897905e+00  7.6927366982e-01  7.0102063236e-01  -1.4906752592e-01  6.4221884535e-01  -1.4990846544e+00  3.6776062439e+00  2.5524592789e+00  5.8676565507e+00  7.7765847676e+01  2.9918984324e+03  -2.7208953155e-01  8.8067613390e-01  2.1037095078e+00  4.5172336096e+02  1.3402243190e+00  2.1444793829e+00  5.3896251103e+00  2.2027230915e+02  2.5581314948e-01  6.3078600384e-01  
3.4526303737e-01  1.1794883371e+01  3.7298389252e+02  -7.7640431536e-01  1.2584004727e+00  7.8607581809e+01  2.5024637106e+03  -1.1278335432e-01  8.1136104325e+00  4.6951828668e-01  5.2205100526e-01  1.2424057193e-01  1.0615748831e+00  -3.6350076231e+00  6.9770777577e+00  -2.4937431151e+00  4.0312491482e+00  2.9760284544e+01  9.1388638136e+02  7.8485271072e-01  7.5754471633e+00  1.0977449566e+00  1.5771472479e+00  -1.5113413106e+00  1.0242549577e+00  
4.4538103638e-01  1.0489999928e+00  4.9848604496e+00  -2.1765863594e+00  6.1543520173e+00  7.9848448925e-01  5.2372474157e-01  1.4278885535e+00  3.5245757005e+02  7.1319068516e+01  2.3409483348e+03  4.8950666618e-01  1.0996600007e+02  -4.4470481013e+00  1.2340990096e+01  4.3888544247e-01  7.1978223995e-01  -1.3686517897e+00  6.7909455249e+00  2.7240812129e+00  8.4458606841e+00  -3.2852150120e+00  1.6870338092e+01  -2.1909640414e+02  9.2569820564e+03  
5.4481904400e-01  1.0371535050e+01  2.8358211768e+02  3.6610211911e-01  7.8169987487e-01  -6.8083447448e-01  9.6644250214e+00  5.0893885792e-01  9.4518253461e-01  -2.2848382855e-01  1.4023814933e+00  -1.7111806570e+00  3.6720361819e+02  1.2578849677e+00  1.4461510289e+00  -5.6998657152e-01  6.2122596652e-01  -9.3655023629e+00  1.4898062704e+02  -1.3796597002e+00  2.8070431907e+00  4.1526590022e-02  1.2146261874e+00  -2.6064296809e+00  3.7211448311e+01  
6.4511264407e-01  -2.6302096387e+00  1.7692793503e+00  6.4253426005e-01  1.4909122326e+00  7.9994360848e-01  8.9307514468e+00  -9.1760185243e-01  5.1144470923e+00  8.7008554214e+00  2.1130990406e+02  7.8335284780e-01  1.1696857144e+00  -4.0265534257e+00  1.0054223544e+01  -3.0509817498e-01  1.9883668729e+00  2.3429202040e-01  3.5358582933e-01  1.2759937849e+01  5.9611443446e+01  1.3939695666e+00  1.1088065154e+00  2.5929476083e+00  9.6992661526e+00  
7.4460960655e-01  -5.0762377815e+00  5.3069720071e+01  6.0488523756e-01  2.7356841254e+00  -2.3153744084e+00  2.1458085408e+00  -3.2871623564e+00  1.4842161619e+01  1.5141590085e-01  9.2117992094e-01  6.8924236217e-01  2.4941835272e+00  8.1425979456e-01  6.3107370122e+00  4.2911544361e-01  5.5171038105e-01  4.5349102444e-02  5.5045297655e-01  2.2584727833e+00  2.5239198663e+00  -3.0303192597e+00  8.0584023634e+00  2.7534070443e+00  9.0295823623e+00  
8.4526761030e-01  5.4876757373e-01  1.5674118140e+00  1.5432094412e-01  3.3757430252e+00  1.3820584593e-01  9.0251692970e-01  -1.0992081724e+00  2.9486206168e+02  -9.3472619883e-01  9.4445147882e-01  -7.2122516074e-01  1.2247370575e+01  -1.3319193964e+00  1.9030341038e+00  1.0063324520e+01  2.7660131813e+02  2.1353604091e+00  4.4399253467e+01  7.9974240765e-01  7.7895396688e-01  -1.1192958893e+00  7.4952367618e+00  3.2307692086e-01  1.9149524131e+00  
9.4420102935e-01  -2.4741085329e-01  6.2907287314e-01  8.2370589932e+00  7.8543842764e+01  3.1906135954e-01  1.0070097820e+00  -2.8896625271e-01  3.7114465992e-01  1.5087755315e+00  2.8255623374e+00  7.3960954804e-02  7.0742727230e-01  4.0927741126e+00  7.0913678872e+01  -6.7770899193e-01  1.2746232531e+00  1.2171135681e+00  1.3291746140e+00  -1.1209176332e+00  4.7824013875e+00  1.0284642046e+00  2.8908979816e+00  9.0525029640e-01  5.1532357637e-01  
1.0421121120e+00  -4.7240759349e-01  6.6744635189e-01  -1.4696423824e-01  5.4933912610e-01  -2.4092042311e-01  2.9120011268e+00  -3.1244086239e+00  6.6625543144e+01  -9.8813709986e-01  7.5954130215e-01  -1.4968524450e+01  1.1752784125e+03  -2.3281636592e+00  2.1058513059e+02  -1.8170826174e+00  1.9614851478e+00  3.0488526879e-01  1.3040245676e+00  -2.5516952543e+00  3.5310834421e+01  -2.6656469811e-01  7.5102265199e-01  8.1906191991e-01  8.0828561262e-01  
1.1455472830e+00  -9.6871152681e-02  3.9014123159e-01  -1.2426595996e+00  2.9054254229e+00  1.6881353366e+00  7.6135928155e+00  7.9205850766e-01  5.7107735960e+01  -2.4738130218e+00  1.0374084102e+02  5.2684965089e-01  1.0460783359e+00  1.3610151434e+00  1.1612171374e+00  -1.0817715567e+00  9.6165257237e-01  7.9484512744e+00  1.8318038336e+02  -1.5061322871e+00  2.1936078087e+01  -1.9985740407e-01  1.3898982458e+00  3.3144924202e-01  6.0518560709e-01  
1.2451456600e+00  1.2124446676e+00  2.2414256449e+00  3.5137338843e+00  6.0605194795e+00  -1.2088172656e+00  1.3645404200e+00  6.5274347589e-01  8.0183199296e-01  1.6252343822e-01  1.1197029292e+00  5.1557389707e-01  4.1360713378e+00  8.9282951553e-01  2.5362788783e+00  -2.5490646976e+00  3.2105044223e+01  1.9391357609e+00  3.4325263350e+00  -1.0365010205e+00  7.5996858778e+00  1.3595792992e-01  1.9658582483e+00  -4.4208960683e-01  6.1499493390e-01  
1.3448742585e+00  -4.5295019005e+00  1.0482636926e+01  -1.8313646295e+00  5.6173246642e+00  1.5314050617e+00  2.2377247063e+00  4.4367309601e+00  6.6517762078e+01  -1.5766703334e+00  3.4945877150e+00  -1.1799959045e+00  9.7605633803e-01  3.2154153991e-03  4.9423745610e-01  -1.1621208853e+00  2.2404396641e+00  -7.8684141750e-01  1.3068316864e+00  -5.7210670309e-01  2.4456069889e+00  -2.2093272809e+00  3.7542452239e+01  -3.6589779205e+00  3.2315702584e+01  
1.4411976398e+00  1.9913468857e+00  2.0529624668e+00  -1.9325581401e+00  2.1275770742e+02  6.2944346401e+00  1.2499943173e+02  -5.9480873015e-01  1.1538434412e+01  2.5027018271e-01  3.6790484071e+00  -2.3732680487e+00  4.5938467154e+00  -5.8991411070e+00  1.9659593450e+01  -2.4975086037e+00  5.5025126046e+02  -1.2772778876e+00  1.8369065187e+00  -8.8446753158e-01  1.4217954026e+00  2.6339828760e+00  1.4167950312e+02  -4.7663912005e-01  7.0077551320e-01  
1.5410792600e+00  1.2784213314e+00  5.0507496085e+00  1.1545867406e+00  2.5918772148e+01  -2.6034199343e-01  1.3936712356e+00  1.6136076227e+00  9.0783424613e+00  1.0932669998e+00  1.4314508205e+01  2.4601159678e-01  9.2574593714e-01  8.6780760287e-01  1.1458391306e+00  -8.8427763170e-01  1.1169002452e+00  1.0980972327e+00  3.3044000571e+00  2.0396939023e-01  6.5395908628e-01  -7.5189243267e-02  7.5459033085e-01  1.3494008369e+00  2.0629390674e+00  
1.6409494683e+00  4.5770121069e-01  1.0232689434e+01  -1.0090034334e+00  1.2075924027e+00  -3.5076393142e-02  8.7879105300e-01  6.9647144572e-02  3.3641599505e+00  -9.8512629247e-01  2.2795577510e+00  5.3453529595e-01  4.9116538905e+01  3.0198587886e+00  4.7592762608e+01  -7.9792072872e-01  9.4372270641e-01  -1.6433197385e-01  2.0604302399e+00  3.4997321253e+00  2.0800705968e+01  -1.2374764782e-01  6.5274627835e-01  1.3824306609e+00  1.0690627506e+01  
1.7419537813e+00  2.2367661197e+00  3.1548496277e+01  -5.3752192863e-01  1.1127931381e+00  -1.4009831961e+00  1.2218099435e+01  -8.6658874760e-02  3.1098378825e+01  1.5086457645e+00  7.5449727296e+00  1.3326355955e+00  3.5796749065e+00  4.3700365754e+00  7.8111318947e+01  -2.7275791018e+00  2.2171383892e+01  7.2137872465e-01  1.2172722479e+00  6.3678013195e-01  9.4307628183e-01  8.4191067597e-01  2.4820209066e+01  -2.8165680796e+00  2.2599833287e+01  
1.8406757160e+00  -8.6588146288e-01  9.6712780848e-01  6.6680862772e-01  4.4465741324e-01  -1.0976569582e+00  9.7231039150e-01  1.6204679924e+00  8.1798788809e+00  -1.1296933979e+00  1.7689059608e+00  1.6929423708e+00  2.0300099280e+00  7.4634999238e-01  9.3396361940e-01  1.2845061461e+00  5.8682183615e+00  4.5868979253e-01  9.4109654057e-01  -7.2600008040e-01  5.1658954832e+00  -3.0555503037e+00  1.4535062125e+01  1.0891445708e+00  1.4184997648e+00  
1.9401226360e+00  6.8136528759e-01  1.2273136585e+00  3.1550710283e-01  2.0128177581e+00  6.2383834676e-01  5.7152960067e-01  4.6880009693e-01  2.3527739443e+00  -4.4753227383e-01  6.9983461802e-01  9.7871891123e+00  2.5522868915e+02  -1.0828807246e-01  1.0369167313e+00  -4.3480031252e-01  1.9369024113e+00  1.1277427767e+01  1.5208985512e+02  3.3165812604e+00  6.7995079210e+00  -1.4494463053e-01  5.8880439766e-01  3.0548643522e-01  3.2512312450e+00  
2.0392959030e+00  6.1276598491e+00  8.1641756012e+01  -1.5592911433e-01  6.8493367239e-01  2.7933311016e+00  5.6349496761e+01  2.9180348747e-01  9.1083687184e-01  -1.4784138734e+00  1.4092761919e+00  2.5704862319e+00  3.1006027888e+01  4.7912396635e-01  5.6285644313e-01  -5.4664477033e-02  1.1770305178e+00  7.7960084311e-01  4.1769279417e+00  3.5437060240e+00  4.4871905326e+01  -1.3635407565e+00  1.5021487707e+00  1.5706258291e+00  3.0278590298e+00  
2.1338716745e+00  -2.0654570389e+00  3.9087077965e+00  -1.3726877941e-01  1.6525185911e+00  -4.7184404771e-01  2.2134568987e+00  1.2553297849e+00  1.3803683817e+00  -6.6917476940e+00  2.7084851128e+02  -1.9571224840e+00  1.4907633860e+01  -1.8700705901e+00  1.3031683486e+01  3.8974691401e+00  4.4420224195e+01  6.0615353734e+00  4.7106689264e+02  -2.3787247482e+00  3.8682280499e+00  2.5131731360e-01  9.9581258473e-01  -9.2951490906e-01  1.3809673571e+00  
2.2348965040e+00  -1.1093399869e-01  9.9740875772e-01  -6.0439076051e+00  2.1559320867e+01  -1.2443786045e+00  2.2192439690e+02  3.5385663841e-01  1.1500635462e+00  -5.0331072015e+00  1.1168161907e+02  6.7574473350e-01  1.4065116997e+00  -6.5695584518e-01  8.9293921611e-01  7.3684675681e+01  2.5444044945e+03  -3.3577604019e+01  1.5641528132e+03  6.2845626549e-01  6.6426767524e-01  -4.2575449235e-01  7.8141798860e-01  3.6482992988e+00  1.6550386296e+01  
2.3345028640e+00  7.9819837338e-01  1.3194676076e+00  9.0897605323e+00  5.7552822820e+02  -6.5144596998e+00  5.6877847109e+01  -1.0756172038e+00  1.6909141246e+01  1.4540608094e-01  9.8916607655e-01  4.2153517838e-01  6.4525281778e-01  1.7395725523e+00  2.2844380300e+01  -3.5837952503e+00  1.0098324774e+01  -7.7262857816e-01  2.9965797235e+00  1.8583130520e+00  2.0740128376e+00  4.0312508786e-01  3.8306007977e+00  -3.7665420640e-01  7.8730493407e-01  
2.4310480258e+00  1.0268930193e+00  1.1940974417e+00  3.1803269711e+00  4.4552939869e+01  2.4542612478e-01  3.2406929452e-01  -2.2610536564e-02  1.0490380554e+00  -2.7977055430e-01  2.7232628183e-01  4.5845498687e-01  7.6522500712e-01  4.9691131481e-01  2.1398366362e+00  7.5912001883e-01  4.8218268356e+00  -4.3245512636e-02  3.3738401322e-01  4.8113235697e-01  7.9693352996e+00  2.7557850238e-01  4.9182279865e-01  2.1360615024e-01  8.2317420226e-01  
2.5280896760e+00  -5.3956599951e-02  2.3472736603e-01  1.7812054271e-01  3.9816228463e-01  1.7145661631e-01  2.0468627351e-01  -3.2878958595e-01  3.6021269880e-01  -1.1854654354e-01  1.7673320786e-01  2.1387793476e-01  1.0824981642e+00  1.4183116576e-02  1.9459252493e-01  -6.4604105763e-01  7.1512590964e-01  4.0140583649e-02  2.1185492692e-01  -4.3543192215e+00  1.7195355557e+02  1.6463195439e-01  2.2733206971e-01  5.3359170019e-01  5.2810677066e-01  
2.6293632230e+00  -2.0557930109e-01  2.9594188790e-01  3.1987233696e-01  4.6315185773e-01  9.2614768395e-03  2.0647773611e-01  -3.5900008987e-01  4.4947723881e-01  -1.4359672974e-01  3.4051387512e-01  5.5821056622e-01  9.2942303884e-01  -3.5268980812e-01  2.4822726983e-01  -6.9744052012e-01  2.5715732546e-01  -8.8916471285e-02  2.0195968369e-01  2.9776172035e-01  2.8444004587e-01  4.6636589765e-01  2.1328096196e-01  2.6029307930e-01  3.9614154619e-01  
2.7199513925e+00  2.6267473192e-01  2.0643357179e-01  -4.8808134501e-01  8.3361299118e-01  -3.4225456675e-02  4.5901814954e-01  9.8007549468e-01  3.6598911779e+01  -4.3957006386e-02  2.8172838950e-01  -3.2830242710e-01  8.2745142601e-01  -4.7845603478e-01  4.9551286941e-01  4.1614381880e-01  1.0967019710e+00  2.2655007640e-01  4.0882835669e-01  1.2146411370e+00  1.0336144671e+00  -2.2968599200e-01  3.5579446147e-01  -9.5543194828e-01  4.8348835162e+00  
2.8151817725e+00  1.5270324251e-02  3.3123246533e-01  -6.4932184627e-02  4.3127065435e-01  3.2365922480e-01  4.1846738900e-01  -3.0874755093e-01  1.1627474087e+00  -2.3315745799e-01  4.6593344922e-01  -7.9210613287e+00  1.6835481700e+02  5.0843189852e-01  3.4837777534e-01  8.0155749750e+00  1.2952445842e+02  2.5417091837e-01  5.2925478869e-01  -7.3597484530e+01  2.4017382667e+03  3.5694805630e-01  4.4798210703e-01  -4.2592750052e-01  1.9859359461e+00  
2.9054527053e+00  5.1137111505e-01  1.6467974082e+00  1.5352789218e+01  3.5596656137e+01  -6.5098062729e-02  1.4707320423e+00  6.0729466065e-01  1.2107338023e+01  2.3507279070e-01  5.4786071436e-01  2.0062149805e-02  8.2630156112e-01  -1.9341896461e-01  2.6155062494e+00  -1.1264402657e+00  6.6255565856e-01  4.3211640682e-01  4.1020073173e-01  8.0305761577e+01  2.2554509231e+02  6.1521661877e-01  7.1382652813e-01  -6.4763872930e-01  2.7009804459e+00  
3.0047745613e+00  -2.2136654251e-01  4.5451455456e-01  -9.8604477353e-01  9.8604477353e-01  -1.1668724797e+00  1.1474202755e+00  4.9795396547e-01  4.9795396547e-01  6.4371238310e-01  6.3487616801e-01  -1.7028770823e+00  1.7028770823e+00  5.2870422094e-01  5.1168933561e-01  2.3134971921e+01  2.3134971921e+01  -6.5050719260e-01  8.2947044078e-01  2.0150450617e+00  2.0150450617e+00  -1.3923531758e+00  2.2796922287e+00  -5.3495446282e-03  5.3495446282e-03  
3.1045334187e+00  -3.7412374209e-01  4.7363203898e-01  1.1877821205e+01  3.2333902977e+01  8.0774132465e-01  7.6298589001e-01  8.6045789444e-01  1.5333138566e+00  1.6653997381e+00  1.7620704619e+02  -2.0397298566e+00  4.9568755427e+00  -1.4620719050e-02  1.0081350561e+00  -9.5363414434e-01  4.4546596947e+00  4.3571809358e+00  2.1577869385e+01  4.8018637819e-01  1.5702340571e+00  -1.7548358014e-01  3.4668920560e-01  5.2963223753e-01  6.7319607034e-01  
3.2005488283e+00  1.1568027907e+11  4.5115308836e+12  -4.3383489015e+00  4.3383489015e+00  3.0006189211e+11  1.1702413792e+13  -9.2295315249e-01  9.2295315249e-01  -3.1141823496e+10  1.2145311163e+12  1.1776562094e+00  1.1776562094e+00  6.1596655887e+10  2.4022695796e+12  6.1580101748e-01  6.1580101748e-01  -4.3454860879e+11  1.6947395743e+13  -5.5056614646e-01  5.5056614646e-01  5.1280813722e+10  1.9999517354e+12  -1.1954682053e+00  1.1954682053e+00  
3.3000000000e+00  -4.2299381172e+12  1.3068087010e+13  0.0000000000e+00  0.0000000000e+00  2.3737127081e+13  1.5315430754e+13  0.0000000000e+00  0.0000000000e+00  -1.7509889866e+13  1.4610520787e+13  0.0000000000e+00  0.0000000000e+00  4.5175426671e+11  1.5398561402e+13  0.0000000000e+00  0.0000000000e+00  -1.5866936322e+13  1.4283547304e+13  0.0000000000e+00  0.0000000000e+00  2.9328279774e+11  1.8265793557e+13  0.0000000000e+00  0.0000000000e+00  
3.4003255928e+00  0.0000000000e+00  0.0000000000e+00  0.0000000000e+00  0.0000000000e+00  0.0000000000e+00  0.0000000000e+00  0.0000000000e+00  0.0000000000e+00  0.0000000000e+00  0.0000000000e+00  0.0000000000e+00  0.0000000000e+00  0.0000000000e+00  0.0000000000e+00  0.0000000000e+00  0.0000000000e+00  0.0000000000e+00  0.0000000000e+00  0.0000000000e+00  0.0000000000e+00  0.0000000000e+00  0.0000000000e+00  0.0000000000e+00  0.0000000000e+00  
3.5000000000e+00  0.0000000000e+00  0.0000000000e+00  0.0000000000e+00  0.0000000000e+00  0.0000000000e+00  0.0000000000e+00  0.0000000000e+00  0.0000000000e+00  0.0000000000e+00  0.0000000000e+00  0.0000000000e+00  0.0000000000e+00  0.0000000000e+00  0.0000000000e+00  0.0000000000e+00  0.0000000000e+00  0.0000000000e+00  0.0000000000e+00  0.0000000000e+00  0.0000000000e+00  0.0000000000e+00  0.0000000000e+00  0.0000000000e+00  0.0000000000e+00  
3.6000000000e+00  0.0000000000e+00  0.0000000000e+00  0.0000000000e+00  0.0000000000e+00  0.0000000000e+00  0.0000000000e+00  0.0000000000e+00  0.0000000000e+00  0.0000000000e+00  0.0000000000e+00  0.0000000000e+00  0.0000000000e+00  0.0000000000e+00  0.0000000000e+00  0.0000000000e+00  0.0000000000e+00  0.0000000000e+00  0.0000000000e+00  0.0000000000e+00  0.0000000000e+00  0.0000000000e+00  0.0000000000e+00  0.0000000000e+00  0.0000000000e+00  
3.7000000000e+00  0.0000000000e+00  0.0000000000e+00  0.0000000000e+00  0.0000000000e+00  0.0000000000e+00  0.0000000000e+00  0.0000000000e+00  0.0000000000e+00  0.0000000000e+00  0.0000000000e+00  0.0000000000e+00  0.0000000000e+00  0.0000000000e+00  0.0000000000e+00  0.0000000000e+00  0.0000000000e+00  0.0000000000e+00  0.0000000000e+00  0.0000000000e+00  0.0000000000e+00  0.0000000000e+00  0.0000000000e+00  0.0000000000e+00  0.0000000000e+00  
3.8000000000e+00  0.0000000000e+00  0.0000000000e+00  0.0000000000e+00  0.0000000000e+00  0.0000000000e+00  0.0000000000e+00  0.0000000000e+00  0.0000000000e+00  0.0000000000e+00  0.0000000000e+00  0.0000000000e+00  0.0000000000e+00  0.0000000000e+00  0.0000000000e+00  0.0000000000e+00  0.0000000000e+00  0.0000000000e+00  0.0000000000e+00  0.0000000000e+00  0.0000000000e+00  0.0000000000e+00  0.0000000000e+00  0.0000000000e+00  0.0000000000e+00  
3.9000000000e+00  0.0000000000e+00  0.0000000000e+00  0.0000000000e+00  0.0000000000e+00  0.0000000000e+00  0.0000000000e+00  0.0000000000e+00  0.0000000000e+00  0.0000000000e+00  0.0000000000e+00  0.0000000000e+00  0.0000000000e+00  0.0000000000e+00  0.0000000000e+00  0.0000000000e+00  0.0000000000e+00  0.0000000000e+00  0.0000000000e+00  0.0000000000e+00  0.0000000000e+00  0.0000000000e+00  0.0000000000e+00  0.0000000000e+00  0.0000000000e+00  
4.0000000000e+00  0.0000000000e+00  0.0000000000e+00  0.0000000000e+00  0.0000000000e+00  0.0000000000e+00  0.0000000000e+00  0.0000000000e+00  0.0000000000e+00  0.0000000000e+00  0.0000000000e+00  0.0000000000e+00  0.0000000000e+00  0.0000000000e+00  0.0000000000e+00  0.0000000000e+00  0.0000000000e+00  0.0000000000e+00  0.0000000000e+00  0.0000000000e+00  0.0000000000e+00  0.0000000000e+00  0.0000000000e+00  0.0000000000e+00  0.0000000000e+00  
4.1000000000e+00  0.0000000000e+00  0.0000000000e+00  0.0000000000e+00  0.0000000000e+00  0.0000000000e+00  0.0000000000e+00  0.0000000000e+00  0.0000000000e+00  0.0000000000e+00  0.0000000000e+00  0.0000000000e+00  0.0000000000e+00  0.0000000000e+00  0.0000000000e+00  0.0000000000e+00  0.0000000000e+00  0.0000000000e+00  0.0000000000e+00  0.0000000000e+00  0.0000000000e+00  0.0000000000e+00  0.0000000000e+00  0.0000000000e+00  0.0000000000e+00  
4.2000000000e+00  0.0000000000e+00  0.0000000000e+00  0.0000000000e+00  0.0000000000e+00  0.0000000000e+00  0.0000000000e+00  0.0000000000e+00  0.0000000000e+00  0.0000000000e+00  0.0000000000e+00  0.0000000000e+00  0.0000000000e+00  0.0000000000e+00  0.0000000000e+00  0.0000000000e+00  0.0000000000e+00  0.0000000000e+00  0.0000000000e+00  0.0000000000e+00  0.0000000000e+00  0.0000000000e+00  0.0000000000e+00  0.0000000000e+00  0.0000000000e+00  
4.3000000000e+00  0.0000000000e+00  0.0000000000e+00  0.0000000000e+00  0.0000000000e+00  0.0000000000e+00  0.0000000000e+00  0.0000000000e+00  0.0000000000e+00  0.0000000000e+00  0.0000000000e+00  0.0000000000e+00  0.0000000000e+00  0.0000000000e+00  0.0000000000e+00  0.0000000000e+00  0.0000000000e+00  0.0000000000e+00  0.0000000000e+00  0.0000000000e+00  0.0000000000e+00  0.0000000000e+00  0.0000000000e+00  0.0000000000e+00  0.0000000000e+00  
4.4000000000e+00  0.0000000000e+00  0.0000000000e+00  0.0000000000e+00  0.0000000000e+00  0.0000000000e+00  0.0000000000e+00  0.0000000000e+00  0.0000000000e+00  0.0000000000e+00  0.0000000000e+00  0.0000000000e+00  0.0000000000e+00  0.0000000000e+00  0.0000000000e+00  0.0000000000e+00  0.0000000000e+00  0.0000000000e+00  0.0000000000e+00  0.0000000000e+00  0.0000000000e+00  0.0000000000e+00  0.0000000000e+00  0.0000000000e+00  0.0000000000e+00  
4.5000000000e+00  0.0000000000e+00  0.0000000000e+00  0.0000000000e+00  0.0000000000e+00  0.0000000000e+00  0.0000000000e+00  0.0000000000e+00  0.0000000000e+00  0.0000000000e+00  0.0000000000e+00  0.0000000000e+00  0.0000000000e+00  0.0000000000e+00  0.0000000000e+00  0.0000000000e+00  0.0000000000e+00  0.0000000000e+00  0.0000000000e+00  0.0000000000e+00  0.0000000000e+00  0.0000000000e+00  0.0000000000e+00  0.0000000000e+00  0.0000000000e+00  
4.6000000000e+00  0.0000000000e+00  0.0000000000e+00  0.0000000000e+00  0.0000000000e+00  0.0000000000e+00  0.0000000000e+00  0.0000000000e+00  0.0000000000e+00  0.0000000000e+00  0.0000000000e+00  0.0000000000e+00  0.0000000000e+00  0.0000000000e+00  0.0000000000e+00  0.0000000000e+00  0.0000000000e+00  0.0000000000e+00  0.0000000000e+00  0.0000000000e+00  0.0000000000e+00  0.0000000000e+00  0.0000000000e+00  0.0000000000e+00  0.0000000000e+00  
4.7000000000e+00  0.0000000000e+00  0.0000000000e+00  0.0000000000e+00  0.0000000000e+00  0.0000000000e+00  0.0000000000e+00  0.0000000000e+00  0.0000000000e+00  0.0000000000e+00  0.0000000000e+00  0.0000000000e+00  0.0000000000e+00  0.0000000000e+00  0.0000000000e+00  0.0000000000e+00  0.0000000000e+00  0.0000000000e+00  0.0000000000e+00  0.0000000000e+00  0.0000000000e+00  0.0000000000e+00  0.0000000000e+00  0.0000000000e+00  0.0000000000e+00  
4.8000000000e+00  0.0000000000e+00  0.0000000000e+00  0.0000000000e+00  0.0000000000e+00  0.0000000000e+00  0.0000000000e+00  0.0000000000e+00  0.0000000000e+00  0.0000000000e+00  0.0000000000e+00  0.0000000000e+00  0.0000000000e+00  0.0000000000e+00  0.0000000000e+00  0.0000000000e+00  0.0000000000e+00  0.0000000000e+00  0.0000000000e+00  0.0000000000e+00  0.0000000000e+00  0.0000000000e+00  0.0000000000e+00  0.0000000000e+00  0.0000000000e+00  
4.9000000000e+00  0.0000000000e+00  0.0000000000e+00  0.0000000000e+00  0.0000000000e+00  0.0000000000e+00  0.0000000000e+00  0.0000000000e+00  0.0000000000e+00  0.0000000000e+00  0.0000000000e+00  0.0000000000e+00  0.0000000000e+00  0.0000000000e+00  0.0000000000e+00  0.0000000000e+00  0.0000000000e+00  0.0000000000e+00  0.0000000000e+00  0.0000000000e+00  0.0000000000e+00  0.0000000000e+00  0.0000000000e+00  0.0000000000e+00  0.0000000000e+00  
5.0000000000e+00  0.0000000000e+00  0.0000000000e+00  0.0000000000e+00  0.0000000000e+00  0.0000000000e+00  0.0000000000e+00  0.0000000000e+00  0.0000000000e+00  0.0000000000e+00  0.0000000000e+00  0.0000000000e+00  0.0000000000e+00  0.0000000000e+00  0.0000000000e+00  0.0000000000e+00  0.0000000000e+00  0.0000000000e+00  0.0000000000e+00  0.0000000000e+00  0.0000000000e+00  0.0000000000e+00  0.0000000000e+00  0.0000000000e+00  0.0000000000e+00  
5.1000000000e+00  0.0000000000e+00  0.0000000000e+00  0.0000000000e+00  0.0000000000e+00  0.0000000000e+00  0.0000000000e+00  0.0000000000e+00  0.0000000000e+00  0.0000000000e+00  0.0000000000e+00  0.0000000000e+00  0.0000000000e+00  0.0000000000e+00  0.0000000000e+00  0.0000000000e+00  0.0000000000e+00  0.0000000000e+00  0.0000000000e+00  0.0000000000e+00  0.0000000000e+00  0.0000000000e+00  0.0000000000e+00  0.0000000000e+00  0.0000000000e+00  
5.2000000000e+00  0.0000000000e+00  0.0000000000e+00  0.0000000000e+00  0.0000000000e+00  0.0000000000e+00  0.0000000000e+00  0.0000000000e+00  0.0000000000e+00  0.0000000000e+00  0.0000000000e+00  0.0000000000e+00  0.0000000000e+00  0.0000000000e+00  0.0000000000e+00  0.0000000000e+00  0.0000000000e+00  0.0000000000e+00  0.0000000000e+00  0.0000000000e+00  0.0000000000e+00  0.0000000000e+00  0.0000000000e+00  0.0000000000e+00  0.0000000000e+00  
5.3000000000e+00  0.0000000000e+00  0.0000000000e+00  0.0000000000e+00  0.0000000000e+00  0.0000000000e+00  0.0000000000e+00  0.0000000000e+00  0.0000000000e+00  0.0000000000e+00  0.0000000000e+00  0.0000000000e+00  0.0000000000e+00  0.0000000000e+00  0.0000000000e+00  0.0000000000e+00  0.0000000000e+00  0.0000000000e+00  0.0000000000e+00  0.0000000000e+00  0.0000000000e+00  0.0000000000e+00  0.0000000000e+00  0.0000000000e+00  0.0000000000e+00  
5.4000000000e+00  0.0000000000e+00  0.0000000000e+00  0.0000000000e+00  0.0000000000e+00  0.0000000000e+00  0.0000000000e+00  0.0000000000e+00  0.0000000000e+00  0.0000000000e+00  0.0000000000e+00  0.0000000000e+00  0.0000000000e+00  0.0000000000e+00  0.0000000000e+00  0.0000000000e+00  0.0000000000e+00  0.0000000000e+00  0.0000000000e+00  0.0000000000e+00  0.0000000000e+00  0.0000000000e+00  0.0000000000e+00  0.0000000000e+00  0.0000000000e+00  
5.5000000000e+00  0.0000000000e+00  0.0000000000e+00  0.0000000000e+00  0.0000000000e+00  0.0000000000e+00  0.0000000000e+00  0.0000000000e+00  0.0000000000e+00  0.0000000000e+00  0.0000000000e+00  0.0000000000e+00  0.0000000000e+00  0.0000000000e+00  0.0000000000e+00  0.0000000000e+00  0.0000000000e+00  0.0000000000e+00  0.0000000000e+00  0.0000000000e+00  0.0000000000e+00  0.0000000000e+00  0.0000000000e+00  0.0000000000e+00  0.0000000000e+00  
5.6000000000e+00  0.0000000000e+00  0.0000000000e+00  0.0000000000e+00  0.0000000000e+00  0.0000000000e+00  0.0000000000e+00  0.0000000000e+00  0.0000000000e+00  0.0000000000e+00  0.0000000000e+00  0.0000000000e+00  0.0000000000e+00  0.0000000000e+00  0.0000000000e+00  0.0000000000e+00  0.0000000000e+00  0.0000000000e+00  0.0000000000e+00  0.0000000000e+00  0.0000000000e+00  0.0000000000e+00  0.0000000000e+00  0.0000000000e+00  0.0000000000e+00  
5.7000000000e+00  0.0000000000e+00  0.0000000000e+00  0.0000000000e+00  0.0000000000e+00  0.0000000000e+00  0.0000000000e+00  0.0000000000e+00  0.0000000000e+00  0.0000000000e+00  0.0000000000e+00  0.0000000000e+00  0.0000000000e+00  0.0000000000e+00  0.0000000000e+00  0.0000000000e+00  0.0000000000e+00  0.0000000000e+00  0.0000000000e+00  0.0000000000e+00  0.0000000000e+00  0.0000000000e+00  0.0000000000e+00  0.0000000000e+00  0.0000000000e+00  
5.8000000000e+00  0.0000000000e+00  0.0000000000e+00  0.0000000000e+00  0.0000000000e+00  0.0000000000e+00  0.0000000000e+00  0.0000000000e+00  0.0000000000e+00  0.0000000000e+00  0.0000000000e+00  0.0000000000e+00  0.0000000000e+00  0.0000000000e+00  0.0000000000e+00  0.0000000000e+00  0.0000000000e+00  0.0000000000e+00  0.0000000000e+00  0.0000000000e+00  0.0000000000e+00  0.0000000000e+00  0.0000000000e+00  0.0000000000e+00  0.0000000000e+00  
5.9000000000e+00  0.0000000000e+00  0.0000000000e+00  0.0000000000e+00  0.0000000000e+00  0.0000000000e+00  0.0000000000e+00  0.0000000000e+00  0.0000000000e+00  0.0000000000e+00  0.0000000000e+00  0.0000000000e+00  0.0000000000e+00  0.0000000000e+00  0.0000000000e+00  0.0000000000e+00  0.0000000000e+00  0.0000000000e+00  0.0000000000e+00  0.0000000000e+00  0.0000000000e+00  0.0000000000e+00  0.0000000000e+00  0.0000000000e+00  0.0000000000e+00  
6.0000000000e+00  0.0000000000e+00  0.0000000000e+00  0.0000000000e+00  0.0000000000e+00  0.0000000000e+00  0.0000000000e+00  0.0000000000e+00  0.0000000000e+00  0.0000000000e+00  0.0000000000e+00  0.0000000000e+00  0.0000000000e+00  0.0000000000e+00  0.0000000000e+00  0.0000000000e+00  0.0000000000e+00  0.0000000000e+00  0.0000000000e+00  0.0000000000e+00  0.0000000000e+00  0.0000000000e+00  0.0000000000e+00  0.0000000000e+00  0.0000000000e+00  
6.1000000000e+00  0.0000000000e+00  0.0000000000e+00  0.0000000000e+00  0.0000000000e+00  0.0000000000e+00  0.0000000000e+00  0.0000000000e+00  0.0000000000e+00  0.0000000000e+00  0.0000000000e+00  0.0000000000e+00  0.0000000000e+00  0.0000000000e+00  0.0000000000e+00  0.0000000000e+00  0.0000000000e+00  0.0000000000e+00  0.0000000000e+00  0.0000000000e+00  0.0000000000e+00  0.0000000000e+00  0.0000000000e+00  0.0000000000e+00  0.0000000000e+00  
6.2000000000e+00  0.0000000000e+00  0.0000000000e+00  0.0000000000e+00  0.0000000000e+00  0.0000000000e+00  0.0000000000e+00  0.0000000000e+00  0.0000000000e+00  0.0000000000e+00  0.0000000000e+00  0.0000000000e+00  0.0000000000e+00  0.0000000000e+00  0.0000000000e+00  0.0000000000e+00  0.0000000000e+00  0.0000000000e+00  0.0000000000e+00  0.0000000000e+00  0.0000000000e+00  0.0000000000e+00  0.0000000000e+00  0.0000000000e+00  0.0000000000e+00  
6.3000000000e+00  0.0000000000e+00  0.0000000000e+00  0.0000000000e+00  0.0000000000e+00  0.0000000000e+00  0.0000000000e+00  0.0000000000e+00  0.0000000000e+00  0.0000000000e+00  0.0000000000e+00  0.0000000000e+00  0.0000000000e+00  0.0000000000e+00  0.0000000000e+00  0.0000000000e+00  0.0000000000e+00  0.0000000000e+00  0.0000000000e+00  0.0000000000e+00  0.0000000000e+00  0.0000000000e+00  0.0000000000e+00  0.0000000000e+00  0.0000000000e+00  
6.4000000000e+00  0.0000000000e+00  0.0000000000e+00  0.0000000000e+00  0.0000000000e+00  0.0000000000e+00  0.0000000000e+00  0.0000000000e+00  0.0000000000e+00  0.0000000000e+00  0.0000000000e+00  0.0000000000e+00  0.0000000000e+00  0.0000000000e+00  0.0000000000e+00  0.0000000000e+00  0.0000000000e+00  0.0000000000e+00  0.0000000000e+00  0.0000000000e+00  0.0000000000e+00  0.0000000000e+00  0.0000000000e+00  0.0000000000e+00  0.0000000000e+00  
6.5000000000e+00  0.0000000000e+00  0.0000000000e+00  0.0000000000e+00  0.0000000000e+00  0.0000000000e+00  0.0000000000e+00  0.0000000000e+00  0.0000000000e+00  0.0000000000e+00  0.0000000000e+00  0.0000000000e+00  0.0000000000e+00  0.0000000000e+00  0.0000000000e+00  0.0000000000e+00  0.0000000000e+00  0.0000000000e+00  0.0000000000e+00  0.0000000000e+00  0.0000000000e+00  0.0000000000e+00  0.0000000000e+00  0.0000000000e+00  0.0000000000e+00  
6.6000000000e+00  0.0000000000e+00  0.0000000000e+00  0.0000000000e+00  0.0000000000e+00  0.0000000000e+00  0.0000000000e+00  0.0000000000e+00  0.0000000000e+00  0.0000000000e+00  0.0000000000e+00  0.0000000000e+00  0.0000000000e+00  0.0000000000e+00  0.0000000000e+00  0.0000000000e+00  0.0000000000e+00  0.0000000000e+00  0.0000000000e+00  0.0000000000e+00  0.0000000000e+00  0.0000000000e+00  0.0000000000e+00  0.0000000000e+00  0.0000000000e+00  
6.7000000000e+00  0.0000000000e+00  0.0000000000e+00  0.0000000000e+00  0.0000000000e+00  0.0000000000e+00  0.0000000000e+00  0.0000000000e+00  0.0000000000e+00  0.0000000000e+00  0.0000000000e+00  0.0000000000e+00  0.0000000000e+00  0.0000000000e+00  0.0000000000e+00  0.0000000000e+00  0.0000000000e+00  0.0000000000e+00  0.0000000000e+00  0.0000000000e+00  0.0000000000e+00  0.0000000000e+00  0.0000000000e+00  0.0000000000e+00  0.0000000000e+00  
6.8000000000e+00  0.0000000000e+00  0.0000000000e+00  0.0000000000e+00  0.0000000000e+00  0.0000000000e+00  0.0000000000e+00  0.0000000000e+00  0.0000000000e+00  0.0000000000e+00  0.0000000000e+00  0.0000000000e+00  0.0000000000e+00  0.0000000000e+00  0.0000000000e+00  0.0000000000e+00  0.0000000000e+00  0.0000000000e+00  0.0000000000e+00  0.0000000000e+00  0.0000000000e+00  0.0000000000e+00  0.0000000000e+00  0.0000000000e+00  0.0000000000e+00  
6.9000000000e+00  0.0000000000e+00  0.0000000000e+00  0.0000000000e+00  0.0000000000e+00  0.0000000000e+00  0.0000000000e+00  0.0000000000e+00  0.0000000000e+00  0.0000000000e+00  0.0000000000e+00  0.0000000000e+00  0.0000000000e+00  0.0000000000e+00  0.0000000000e+00  0.0000000000e+00  0.0000000000e+00  0.0000000000e+00  0.0000000000e+00  0.0000000000e+00  0.0000000000e+00  0.0000000000e+00  0.0000000000e+00  0.0000000000e+00  0.0000000000e+00  
