#pT  dN/(2pi dy pT dpT)  dN/(2pi dy pT dpT)_err  vn{SP}  vn{SP}_err
1.0620857933e-01  2.4915984365e-02  3.5012697402e-03  -4.8319167586e-03  1.2859299083e-01  -1.1478073276e-01  1.0781116307e-01  8.3506838744e-02  1.1655073466e-01  -1.2535354903e-02  1.5848468845e-01  nan  nan  nan  nan  
2.0445863827e-01  2.5302162270e-02  3.4578859957e-03  -5.8958955427e-02  7.4653833575e-02  -2.8064032248e-02  7.7005185792e-02  5.7766468735e-02  9.7892548839e-02  3.0887982017e-03  9.3074796154e-02  nan  nan  nan  nan  
3.0032455146e-01  2.3691133936e-02  2.0900552562e-03  -7.4732579727e-02  6.4269222806e-02  -2.8406586476e-02  5.2193965208e-02  -5.7057301552e-02  6.3703906182e-02  -1.2006886566e-01  1.3219284867e-01  nan  nan  nan  nan  
4.0270714101e-01  2.7768053430e-02  1.4813419742e-03  -1.2993316362e-01  5.4977004675e-02  -4.2439925554e-02  5.2138049884e-02  5.4574437884e-02  6.2427984637e-02  3.3448979406e-02  1.0241713506e-01  nan  nan  nan  nan  
4.9912401081e-01  2.4762053108e-02  1.5231425588e-03  -6.7952119963e-02  5.9065837246e-02  -2.7058262463e-02  4.5735544098e-02  -3.9220146571e-02  5.3075903946e-02  1.0505713607e-01  6.7013399883e-02  nan  nan  nan  nan  
5.9854129507e-01  2.2175324535e-02  1.7259788937e-03  5.0731065794e-02  4.2484956953e-02  9.8000775285e-02  5.5883815095e-02  4.0849362103e-02  5.5767028511e-02  7.2876666803e-03  7.8063048284e-02  nan  nan  nan  nan  
7.0058975176e-01  2.2523814101e-02  1.4942695669e-03  1.2530583454e-02  6.4847545176e-02  8.0919032816e-02  4.3995465026e-02  7.0207700234e-02  5.1643078943e-02  -2.4995050320e-02  5.7383561515e-02  nan  nan  nan  nan  
8.0337366787e-01  2.0634226227e-02  1.1303804516e-03  5.9124663955e-02  5.5920618244e-02  -5.6445689503e-03  4.5956687478e-02  -1.5513480040e-02  4.5613580076e-02  -2.6906371406e-02  7.0499150142e-02  nan  nan  nan  nan  
9.0017899490e-01  1.9239977717e-02  1.1829645385e-03  9.2505134829e-02  4.7383322703e-02  5.2583554267e-02  5.5293538217e-02  -6.0940943238e-02  4.6574473826e-02  -7.4066343330e-02  4.8474768949e-02  nan  nan  nan  nan  
1.0053727992e+00  1.8059036861e-02  1.3854178293e-03  3.4780861001e-02  4.5095410312e-02  4.0906072634e-02  4.0513485654e-02  2.0919226637e-02  4.1170500493e-02  2.4239354718e-02  5.5280610817e-02  nan  nan  nan  nan  
1.1036724365e+00  1.5531079554e-02  1.0006670526e-03  1.4608719914e-03  4.3181366731e-02  5.1851818094e-02  2.8639850198e-02  9.3437612527e-02  3.9032391349e-02  3.8215285668e-02  7.7346494250e-02  nan  nan  nan  nan  
1.1979088838e+00  1.4512951939e-02  5.9072400360e-04  -1.9339657429e-02  4.5239619127e-02  -5.2450904485e-03  3.9829386103e-02  3.5805783088e-02  3.8489822929e-02  -7.7902661514e-03  6.6149746589e-02  nan  nan  nan  nan  
1.2982219239e+00  1.2336153351e-02  7.3848559034e-04  -9.2542847063e-03  4.4224255409e-02  6.3813270411e-02  3.7977014872e-02  -1.7549294323e-02  4.5019328293e-02  2.4298391120e-02  5.2541193774e-02  nan  nan  nan  nan  
1.3975858012e+00  1.0551769672e-02  7.0307818117e-04  1.0061443080e-01  5.2999483531e-02  1.0235990315e-02  4.8318250787e-02  -1.6333941365e-02  4.9738665535e-02  2.2504303387e-02  5.8134781330e-02  nan  nan  nan  nan  
1.4985608135e+00  8.3764070442e-03  5.7516267459e-04  5.1443462170e-02  6.1229296105e-02  9.7012351764e-02  6.0903377627e-02  -3.5685910836e-02  4.9725723899e-02  -1.8608494726e-02  1.0169222821e-01  nan  nan  nan  nan  
1.5983216712e+00  6.7274251125e-03  4.6817117883e-04  -1.3385564695e-02  6.9672954077e-02  2.0946704085e-02  3.7061301310e-02  1.6277400133e-02  5.3250873276e-02  1.3545952429e-01  7.9873921770e-02  nan  nan  nan  nan  
1.6982140515e+00  5.5304368732e-03  4.3366623215e-04  -1.8599447976e-02  4.3266186137e-02  5.6901440093e-02  8.9629548491e-02  2.5259367958e-02  8.5155625662e-02  -1.2065750093e-01  1.0552768402e-01  nan  nan  nan  nan  
1.7988244466e+00  5.6152581901e-03  4.6996298819e-04  4.8714296131e-02  5.0173249817e-02  8.9190165422e-03  5.9031668211e-02  1.5955000803e-01  4.7905092052e-02  8.7660269281e-03  7.1700335820e-02  nan  nan  nan  nan  
1.8957572594e+00  4.1448032792e-03  3.9517881769e-04  3.7364478008e-02  7.2434961381e-02  -3.8113376128e-02  6.4386285623e-02  -7.5148594919e-02  7.0328345524e-02  1.1543352520e-01  8.5278142321e-02  nan  nan  nan  nan  
2.0004879744e+00  3.2889601788e-03  2.8105593769e-04  -1.5422930132e-01  9.4349714838e-02  2.9530879855e-02  5.9458535976e-02  8.3004422628e-02  6.9361643210e-02  1.2248712169e-01  1.1312188449e-01  nan  nan  nan  nan  
2.1031343762e+00  2.0536494914e-03  2.4492641756e-04  -7.1824059983e-02  9.1890094963e-02  -2.0816610236e-02  9.1102983622e-02  6.3742479684e-02  9.4802132905e-02  -6.5479178242e-02  1.2652129177e-01  nan  nan  nan  nan  
2.1979507323e+00  1.9429117882e-03  2.6168831218e-04  1.9099341210e-01  8.7148146122e-02  -2.6728613788e-02  6.3651539720e-02  1.6780940885e-01  8.6312172595e-02  9.6261851114e-04  1.0634235542e-01  nan  nan  nan  nan  
2.2967462718e+00  1.3551085966e-03  1.9865549366e-04  -1.9588498999e-03  9.0356034775e-02  8.3856603176e-02  9.5228033219e-02  1.4646124950e-01  1.3996045622e-01  -3.2257315820e-01  1.8398419718e-01  nan  nan  nan  nan  
2.4016279495e+00  1.0685270935e-03  2.0794598425e-04  1.7743832349e-01  1.0290669484e-01  3.3909845248e-02  9.2082847032e-02  1.5904301944e-01  1.0580114987e-01  4.8413617091e-02  1.9662827285e-01  nan  nan  nan  nan  
2.4869413318e+00  6.5548802040e-04  1.2830354266e-04  -4.4681435545e-03  1.6335752921e-01  2.8277534176e-01  1.8755062441e-01  1.2191714056e-01  1.6096424580e-01  9.2086230713e-02  2.3217799186e-01  nan  nan  nan  nan  
2.6013289510e+00  8.8161985582e-04  1.5245766265e-04  -2.3585276461e-01  1.3305259342e-01  2.3831410862e-02  1.3403942628e-01  2.3413957402e-01  1.3556248334e-01  1.8271543916e-01  1.9177049406e-01  nan  nan  nan  nan  
2.6782749790e+00  4.5828406241e-04  1.1346605778e-04  -1.3544757129e-01  1.8714569604e-01  9.3291546249e-02  1.3121324294e-01  -8.1368562693e-02  1.1320180666e-01  1.9682759349e-01  3.1176270601e-01  nan  nan  nan  nan  
2.7993797191e+00  2.7575735295e-04  8.1114854499e-05  3.5872766857e-01  3.0375450636e-01  5.2008257184e-01  2.2526627566e-01  -1.7350442956e-02  1.6408673270e-01  5.4738480986e-04  3.8934327254e-01  nan  nan  nan  nan  
2.8978023239e+00  2.2733537862e-04  7.0805443401e-05  -4.3142293841e-02  3.2206858465e-01  -1.9396970304e-02  3.2937549907e-01  -9.5476499723e-02  2.8105709937e-01  -2.5030958335e-01  3.0323375248e-01  nan  nan  nan  nan  
2.9914488037e+00  1.4907045576e-04  6.0062007742e-05  -4.3995204156e-01  3.4635367399e-01  3.6360890951e-01  2.1850134110e-01  4.8530766273e-01  2.2340319398e-01  3.3069512723e-01  5.1105097382e-01  nan  nan  nan  nan  
3.1245167008e+00  7.9377028126e-05  3.7676659462e-05  -7.0765681613e-02  2.8868544244e-01  -2.2134951217e-01  6.2466759950e-01  1.5492999886e-01  4.0078710779e-01  8.7287840293e-01  4.6893836561e-01  nan  nan  nan  nan  
3.1959679507e+00  1.4081746504e-04  5.7184482211e-05  -3.6229681416e-01  4.2683714271e-01  2.2354069385e-01  2.1704872717e-01  2.1679249143e-01  3.5799347098e-01  2.2916083595e-02  3.4567688408e-01  nan  nan  nan  nan  
3.2985440499e+00  5.6650329499e-05  3.1487877575e-05  1.2177767687e-01  7.6133868254e-02  4.0452752872e-01  2.1877105129e-01  -2.6142252591e-01  9.4613577059e-01  -4.9170790457e-01  4.4825874813e-01  nan  nan  nan  nan  
3.4191569606e+00  3.5882595708e-05  2.4758083264e-05  9.2415572229e-01  2.3480080197e-01  1.0686072901e+00  9.6961374809e-01  2.7014151193e-01  1.3179219561e+00  -1.6448924510e+00  1.8497045721e+00  nan  nan  nan  nan  
3.5387545800e+00  1.8739519250e-05  1.8503792643e-05  nan  nan  nan  nan  nan  nan  nan  nan  nan  nan  nan  nan  
3.6051258361e+00  3.5319739041e-05  2.4343270185e-05  4.6584121939e-01  3.1220338438e-02  -1.9980888053e-01  4.9426989014e-01  -1.7126704152e-01  7.5525669519e-01  -8.1061148121e-01  1.1115455919e+00  nan  nan  nan  nan  
3.7110952766e+00  3.5162109871e-05  2.4237239337e-05  -2.3883165680e-01  5.3178679519e-01  1.0215413553e-01  9.6264047649e-01  7.6177491719e-01  7.6803465335e-01  -8.3292502826e-01  1.6467846449e-01  nan  nan  nan  nan  
3.8157196265e+00  3.4197989539e-05  2.3572671274e-05  5.1358220783e-01  4.2220694091e-01  -7.0687188414e-01  3.7019123571e-01  6.3303223031e-02  1.2537423424e-01  3.8036674533e-02  8.5379207134e-01  nan  nan  nan  nan  
3.8500000000e+00  0.0000000000e+00  0.0000000000e+00  nan  nan  nan  nan  nan  nan  nan  nan  nan  nan  nan  nan  
4.0272954500e+00  1.5935106125e-05  1.5734656559e-05  nan  nan  nan  nan  nan  nan  nan  nan  nan  nan  nan  nan  
