#pT  vn{4}  vn{4}_err
1.1072165519e-01  2.7413148229e-01  1.5903628038e-01  0.0000000000e+00  0.0000000000e+00  6.8573979616e-02  9.6630189852e-01  
2.0109996200e-01  6.3717637033e-02  7.3589150808e-02  0.0000000000e+00  0.0000000000e+00  0.0000000000e+00  0.0000000000e+00  
3.0147990584e-01  1.5510867968e-02  6.1277290880e-02  0.0000000000e+00  0.0000000000e+00  1.7199104291e-01  2.0839269716e+00  
4.0427780151e-01  2.0527385835e-02  9.6524007738e-02  0.0000000000e+00  0.0000000000e+00  0.0000000000e+00  0.0000000000e+00  
5.0204080343e-01  6.8991882898e-02  7.8781875639e-02  0.0000000000e+00  0.0000000000e+00  0.0000000000e+00  0.0000000000e+00  
6.0081803799e-01  3.6783244586e-02  6.0882973663e-02  0.0000000000e+00  0.0000000000e+00  0.0000000000e+00  0.0000000000e+00  
6.9818097353e-01  3.0175529062e-02  6.6392193727e-02  0.0000000000e+00  0.0000000000e+00  0.0000000000e+00  0.0000000000e+00  
8.0317491293e-01  3.6031657742e-02  5.2909686070e-02  0.0000000000e+00  0.0000000000e+00  0.0000000000e+00  0.0000000000e+00  
8.9864873886e-01  2.2667154076e-02  6.6193124384e-02  0.0000000000e+00  0.0000000000e+00  0.0000000000e+00  0.0000000000e+00  
1.0018820763e+00  6.6362386092e-02  5.8316205144e-02  0.0000000000e+00  0.0000000000e+00  0.0000000000e+00  0.0000000000e+00  
1.0993679762e+00  2.2136957191e-02  1.5702394783e-01  0.0000000000e+00  0.0000000000e+00  0.0000000000e+00  0.0000000000e+00  
1.1997356415e+00  3.6866942260e-02  6.0533227768e-02  0.0000000000e+00  0.0000000000e+00  0.0000000000e+00  0.0000000000e+00  
1.2984766960e+00  7.7560232382e-02  5.3766247317e-02  0.0000000000e+00  0.0000000000e+00  8.8975773135e-02  1.0680118295e+00  
1.4009115696e+00  1.0469957697e-01  6.4274295215e-02  0.0000000000e+00  0.0000000000e+00  5.2515859500e-02  8.8700169826e-01  
1.4986317158e+00  5.0961068545e-02  4.7092910375e-02  0.0000000000e+00  0.0000000000e+00  0.0000000000e+00  0.0000000000e+00  
1.5989104509e+00  2.3722223862e-02  6.9541110670e-02  0.0000000000e+00  0.0000000000e+00  6.6514703519e-02  8.0690692234e-01  
1.6975708008e+00  4.2302987919e-02  4.9963921900e-02  0.0000000000e+00  0.0000000000e+00  0.0000000000e+00  0.0000000000e+00  
1.7999422550e+00  5.6920179100e-02  1.5680659654e-01  0.0000000000e+00  0.0000000000e+00  9.8214806429e-02  1.6781168828e+00  
1.8971084356e+00  1.7319503787e-01  1.0438382671e-01  0.0000000000e+00  0.0000000000e+00  0.0000000000e+00  0.0000000000e+00  
2.0004053116e+00  1.6861694287e-01  1.2672379983e-01  0.0000000000e+00  0.0000000000e+00  0.0000000000e+00  0.0000000000e+00  
2.0965597630e+00  1.5842226054e-01  1.3427534909e-01  0.0000000000e+00  0.0000000000e+00  5.9999102705e-02  1.9600122895e+00  
2.1962699890e+00  2.1796243420e-02  7.0291977579e-02  0.0000000000e+00  0.0000000000e+00  0.0000000000e+00  0.0000000000e+00  
2.3003277779e+00  3.7983088919e-02  9.4233341179e-02  0.0000000000e+00  0.0000000000e+00  0.0000000000e+00  0.0000000000e+00  
2.3988976479e+00  4.8030528182e-02  1.6637121019e-01  0.0000000000e+00  0.0000000000e+00  0.0000000000e+00  0.0000000000e+00  
2.4993400574e+00  4.7601374220e-02  1.7275481606e-01  0.0000000000e+00  0.0000000000e+00  7.4167564394e-02  1.1263633626e+00  
2.5953016281e+00  2.3327894869e-01  1.5677194977e-01  0.0000000000e+00  0.0000000000e+00  0.0000000000e+00  0.0000000000e+00  
2.7017509937e+00  2.8663040745e-01  2.4404207412e-01  0.0000000000e+00  0.0000000000e+00  1.7153401239e-01  2.4436910696e+00  
2.8033084869e+00  2.8770076289e-01  2.6605736291e-01  0.0000000000e+00  0.0000000000e+00  0.0000000000e+00  0.0000000000e+00  
2.8986454010e+00  4.8332222360e-01  2.6546105194e-01  0.0000000000e+00  0.0000000000e+00  3.9736142688e-02  6.5554740505e-01  
2.9969775677e+00  2.3869485993e-01  2.2222891325e-01  0.0000000000e+00  0.0000000000e+00  3.1498612499e-01  4.3415999125e+00  
3.0925693512e+00  4.7406727652e-01  5.8335066506e-01  0.0000000000e+00  0.0000000000e+00  0.0000000000e+00  0.0000000000e+00  
3.1900746822e+00  1.3426768801e-01  7.1945043521e-01  0.0000000000e+00  0.0000000000e+00  0.0000000000e+00  0.0000000000e+00  
3.3081276417e+00  2.8749841622e-01  3.3308696139e+00  0.0000000000e+00  0.0000000000e+00  4.7537665343e-01  8.4685630662e+00  
3.3972611427e+00  5.4253594738e-01  3.8248226338e-01  0.0000000000e+00  0.0000000000e+00  2.3462885635e-01  3.4082696558e+00  
3.4876828194e+00  2.6527477420e-01  2.4395729065e+00  0.0000000000e+00  0.0000000000e+00  8.7520270846e-02  2.8277668510e+00  
3.6163933277e+00  1.2492574147e+00  3.3677111710e-01  0.0000000000e+00  0.0000000000e+00  0.0000000000e+00  0.0000000000e+00  
3.6890165806e+00  4.9833257238e-01  1.2285393089e+00  0.0000000000e+00  0.0000000000e+00  0.0000000000e+00  0.0000000000e+00  
3.7943518162e+00  7.4733926551e-01  2.7861085109e-01  0.0000000000e+00  0.0000000000e+00  1.1586129149e+00  1.8473288564e+01  
3.9050779343e+00  1.1779533982e+00  7.7114547981e-01  0.0000000000e+00  0.0000000000e+00  4.7056670396e-01  8.6077912537e+00  
4.0160813332e+00  4.3725816280e-02  1.4303593600e-01  0.0000000000e+00  0.0000000000e+00  9.6632846310e-01  1.6387970565e+01  
