#pT  dN/(2pi dy pT dpT)  dN/(2pi dy pT dpT)_err  vn{SP}  vn{SP}_err
1.0737526417e-01  1.1653316369e+00  2.8180214701e-02  7.9965436864e-04  3.0241092116e-03  8.1203995095e-04  2.5902969127e-03  -6.2141488360e-03  3.4754271763e-03  2.1614905142e-03  2.9643432681e-03  1.2528950403e-02  9.7027148947e-03  nan  nan  
2.0254385471e-01  1.0654563020e+00  2.4943727846e-02  4.3425226992e-03  2.4892455899e-03  -1.6637367448e-04  2.1610754052e-03  7.8556982730e-04  2.6300580219e-03  -7.8251275855e-04  2.4006375135e-03  -1.1658728336e-02  9.0782374939e-03  nan  nan  
3.0087608099e-01  8.6528853893e-01  2.0255236862e-02  9.7562199781e-03  2.8121634811e-03  3.4423714577e-03  2.0818501933e-03  1.1088629500e-03  2.0064830945e-03  2.9238521999e-03  2.1878653704e-03  -4.0156069506e-03  8.1979897017e-03  nan  nan  
3.9941346645e-01  6.6688551310e-01  1.6481707269e-02  5.7473614848e-03  1.9703660112e-03  1.2736461584e-02  2.2139339206e-03  5.1691112109e-03  2.3855817896e-03  -1.1388054478e-03  2.9534997573e-03  -4.2128210351e-03  6.7919936560e-03  nan  nan  
4.9881842732e-01  4.8016510044e-01  1.2780058271e-02  9.1101546120e-03  2.2793423964e-03  1.8563380461e-02  2.9930164386e-03  7.0359556725e-03  2.8083978973e-03  3.0902834710e-03  3.7526775819e-03  1.4775863671e-04  5.7021431134e-03  nan  nan  
5.9842681885e-01  3.3840277966e-01  9.6915253885e-03  1.0077094215e-02  2.5739022943e-03  3.0595826110e-02  4.2207576910e-03  1.7322117377e-04  4.0407288103e-03  1.3212308389e-03  3.0625842348e-03  1.2029237396e-02  7.1236563679e-03  nan  nan  
6.9815814495e-01  2.3190777033e-01  7.1558202899e-03  1.2763000129e-02  3.2295742588e-03  4.2380895521e-02  5.0474943650e-03  5.8868620410e-03  2.4727349067e-03  -4.7877440307e-04  2.8760487807e-03  -4.2962491821e-03  9.2264050919e-03  nan  nan  
7.9776668549e-01  1.5627145237e-01  5.4323152648e-03  1.0766521547e-02  3.9659428948e-03  4.3021210178e-02  6.0001852889e-03  3.6377283441e-03  4.2341958594e-03  -5.6247401506e-03  2.8200614032e-03  9.4323204228e-03  8.5793120084e-03  nan  nan  
8.9729964733e-01  1.0292901013e-01  3.8837120026e-03  1.5963456804e-02  5.5264725260e-03  4.8682366062e-02  4.2477852066e-03  1.0590985426e-02  4.2751845675e-03  5.8203956597e-03  4.8563160350e-03  -1.7727669623e-03  6.8113323689e-03  nan  nan  
9.9715781212e-01  6.7031283362e-02  2.9692770886e-03  1.9907314356e-02  5.4745810629e-03  6.1199584633e-02  6.2551646021e-03  -1.7065436298e-03  3.9697954462e-03  -4.3959561503e-03  5.9715479567e-03  -1.0967361304e-02  1.3821644441e-02  nan  nan  
1.0974715948e+00  4.2510263941e-02  2.1866046416e-03  1.2224911644e-02  6.9723817310e-03  7.0425286137e-02  7.9732852799e-03  -7.1663513848e-03  5.6807470097e-03  9.7377633853e-03  5.8879532923e-03  3.9815395993e-03  1.8376515445e-02  nan  nan  
1.1970356703e+00  2.7532137249e-02  1.5783272105e-03  2.8184936962e-02  6.9198656313e-03  8.5060637960e-02  1.0196958680e-02  1.2192506378e-02  7.1713563256e-03  2.0471110393e-03  8.5021434534e-03  9.7721597046e-03  1.4870340275e-02  nan  nan  
1.2969204187e+00  1.7079249261e-02  1.0904352504e-03  3.4595857066e-02  7.6024966841e-03  8.6643336919e-02  1.0380982908e-02  -3.6144027183e-03  1.2823868569e-02  7.8322738626e-04  1.0616735240e-02  2.9625000067e-02  2.4778360992e-02  nan  nan  
1.3968455791e+00  1.0791980262e-02  7.6972857382e-04  3.5629392836e-02  1.0589508004e-02  1.0630421410e-01  1.5303500584e-02  -6.6961338054e-03  1.2382114694e-02  2.1581354424e-02  1.2866686489e-02  -5.1745697330e-03  2.0306422962e-02  nan  nan  
1.4971498251e+00  6.4330339110e-03  5.0177378410e-04  3.3800833899e-02  1.3085147427e-02  1.0602921727e-01  1.9418759929e-02  1.9498472954e-02  1.2159780447e-02  1.4397938671e-02  1.3016161656e-02  -9.4963568908e-05  3.4325832226e-02  nan  nan  
1.5968068838e+00  4.1416170281e-03  3.4604590605e-04  3.7397002819e-02  1.1038112804e-02  9.3709878998e-02  1.4511454809e-02  -1.0357025383e-02  1.4557970614e-02  -6.2578424648e-03  1.3575628445e-02  4.0049648511e-02  5.1264992056e-02  nan  nan  
1.6974431276e+00  2.4685557956e-03  2.4341735374e-04  1.2381410149e-02  1.8725488660e-02  8.8106883289e-02  1.5675656958e-02  1.5660421114e-02  1.8728822291e-02  2.1031660427e-02  2.2915424150e-02  3.5422548344e-02  5.1488695860e-02  nan  nan  
1.7970712185e+00  1.7071356343e-03  1.7211732721e-04  2.7672380074e-02  2.2309471403e-02  1.1301022239e-01  3.2385087202e-02  3.5685721669e-02  2.0884071023e-02  5.8912869917e-02  3.8019966267e-02  -1.4625071011e-02  4.6549131583e-02  nan  nan  
1.8983340263e+00  1.0695172080e-03  1.1929268015e-04  4.8019205157e-02  2.5767873362e-02  1.3634264666e-01  2.3118763867e-02  9.3744178893e-03  4.8195643959e-02  4.4258141501e-02  2.2444458513e-02  1.8318559344e-01  9.8925836320e-02  nan  nan  
1.9961705208e+00  7.0763697739e-04  8.2675369507e-05  2.3550868283e-02  3.1968000789e-02  1.0827730025e-01  4.0367835955e-02  4.8031724636e-02  2.6696663245e-02  7.2913671311e-03  3.9346722059e-02  6.2545641016e-02  6.7637380102e-02  nan  nan  
2.0986967087e+00  4.5555557978e-04  4.7249908782e-05  2.9949643839e-02  3.0580195058e-02  1.7346142800e-01  3.8382596821e-02  5.8751672783e-02  4.1092173924e-02  7.1780202680e-02  3.5768076654e-02  -1.0056024626e-01  9.7692126873e-02  nan  nan  
2.1980285645e+00  2.9823327056e-04  3.5962189775e-05  7.0881841522e-02  3.9859449313e-02  1.5044540168e-01  4.7932521389e-02  3.8345323314e-02  5.8401429582e-02  4.2131968189e-02  4.7461368287e-02  -7.3727511353e-02  1.1152356602e-01  nan  nan  
2.2936232090e+00  1.9571315834e-04  2.4787646822e-05  4.6256799330e-02  5.6827010777e-02  1.8946912566e-01  6.7964522195e-02  4.2372851790e-02  5.6049822626e-02  1.7846248261e-01  5.8050101669e-02  3.1950417888e-02  1.7029304412e-01  nan  nan  
2.3966553211e+00  1.4466682773e-04  2.2764753284e-05  8.6997890746e-03  5.3245964808e-02  2.0203873043e-01  7.2795118751e-02  4.7264964756e-02  5.9794243349e-02  7.1154759815e-02  7.0574289617e-02  8.3337892485e-02  1.4295517900e-01  nan  nan  
2.4980969429e+00  9.7156932465e-05  1.7209426060e-05  -4.3749209861e-02  5.3323243424e-02  2.1951965651e-01  4.5283156650e-02  -2.5248276521e-02  7.0707292714e-02  -4.7645027847e-02  7.5574084269e-02  -1.5904112876e-01  2.2789881758e-01  nan  nan  
2.5923833847e+00  5.9335208401e-05  9.5189163161e-06  1.9156586292e-01  8.5440266655e-02  1.8701196699e-01  9.1717551011e-02  -5.2793323162e-02  1.2247576951e-01  1.1943490279e-01  1.2397337823e-01  -8.9220427984e-02  3.6114339718e-01  nan  nan  
2.6989364624e+00  4.4572120677e-05  8.3628027525e-06  1.8485719775e-01  8.5601258180e-02  1.4539265650e-01  1.5753869234e-01  -2.3274640911e-01  1.3902117813e-01  -3.5725178337e-02  1.7404536695e-01  7.3856886081e-02  3.4204477769e-01  nan  nan  
2.7951002121e+00  2.2021425545e-05  5.8236030412e-06  2.6739261872e-02  1.6005334001e-01  7.0380945589e-02  1.6835569060e-01  1.3199865082e-01  2.1887933661e-01  -7.8780802102e-02  2.0396539703e-01  2.1398883868e-02  3.1380282643e-01  nan  nan  
2.8926889896e+00  2.4430287140e-05  5.3138210732e-06  9.6550974979e-02  1.3879490927e-01  1.2208405346e-01  1.4772503168e-01  3.7149576896e-01  1.1952224908e-01  -5.7916172017e-02  2.3258921759e-01  1.6765464559e-01  3.9495134878e-01  nan  nan  
2.9932312965e+00  1.0888320746e-05  2.9898239215e-06  -6.5188189690e-02  2.1162546716e-01  3.9497236947e-01  1.2371624118e-01  1.4838603257e-01  1.8316931492e-01  -1.7496937680e-01  3.0354736713e-01  1.1679244180e-01  5.7497115137e-01  nan  nan  
3.0996787548e+00  8.3192455773e-06  2.4268648315e-06  6.0757002069e-01  1.8599649452e-01  2.6441207081e-01  2.1258138959e-01  1.5724813605e-01  1.1587206338e-01  4.0749801997e-01  2.9144415735e-01  2.4581435243e-01  5.4892211955e-01  nan  nan  
3.2052109241e+00  9.1334000112e-06  4.5012403160e-06  4.6326072332e-01  4.6901343580e-01  3.4916570418e-01  2.5553630943e-01  3.4359609121e-02  4.3126511909e-01  1.3344336493e-01  3.4503399419e-01  -4.7080902203e-03  6.0870267164e-01  nan  nan  
3.3190934658e+00  6.2413698752e-06  2.5940948966e-06  5.3448132718e-01  3.2056289312e-01  4.1571142234e-01  2.2405847658e-01  1.8368160153e-01  4.3072891963e-01  -2.4837991879e-01  3.3065134271e-01  -4.8450375253e-01  4.8626988812e-01  nan  nan  
3.3962337971e+00  2.1654473887e-06  1.2221242416e-06  8.9191722203e-01  4.3321741241e-01  1.4293473214e-01  6.5573191338e-01  1.5727734732e+00  6.6576564986e-01  -8.6052764512e-01  1.1044052827e+00  -1.6828406085e-01  2.1279885459e+00  nan  nan  
3.5123879910e+00  1.8845687215e-06  1.0572973833e-06  2.3768131608e-01  5.3643198005e-01  6.5259821228e-01  1.8099523602e-01  1.6027170114e-02  3.1282757874e-01  3.4751906840e-01  3.7329591008e-01  -1.2923903381e+00  6.9679535100e-01  nan  nan  
3.6057188511e+00  1.3640805514e-06  9.4623730585e-07  1.0186071663e-02  6.6337822921e-01  -1.1948053576e-01  5.0843027113e-01  -3.7355545892e-01  7.7068908544e-01  -4.4613968978e-01  2.4514359105e-01  -8.4818214710e-01  5.4067621703e+00  nan  nan  
3.7372391224e+00  2.2815194561e-06  1.0974639239e-06  6.2500573947e-01  4.4785545873e-01  1.3406237462e-01  3.2828831155e-01  1.0413644508e-01  4.2034397241e-01  -5.7230084014e-01  3.4087386961e-01  1.6274757193e-01  2.9043548465e+00  nan  nan  
3.7500000000e+00  0.0000000000e+00  0.0000000000e+00  nan  nan  nan  nan  nan  nan  nan  nan  nan  nan  nan  nan  
3.9266350269e+00  6.0378585499e-07  5.9759326126e-07  nan  nan  nan  nan  nan  nan  nan  nan  nan  nan  nan  nan  
3.9662332535e+00  5.4595205345e-07  5.4035231708e-07  nan  nan  nan  nan  nan  nan  nan  nan  nan  nan  nan  nan  
