#eta  rn(eta)  rn_err(eta)  rnn(eta)  rnn_err(eta)
-6.9889574051e+00  -3.5223098399e-02  1.1617960702e-01  1.3975844712e-01  9.3540424146e-01  -1.0752205861e-03  1.1398347844e-02  -3.4967640696e-01  1.4094076238e+00  -2.3792839303e-02  4.8040640390e-02  1.2576476747e-01  4.3486918747e+00  3.2096865414e-03  3.2894751560e-01  4.2797837843e-01  8.4773974469e-01  1.3899259116e+00  4.1073272580e+01  -7.3860919949e-01  3.4458301499e-01  -1.5294890429e-02  1.9746209870e-02  -1.2810114441e-02  1.8071224591e+00  
-6.8502216339e+00  8.5645715595e-02  6.3876578590e-01  -5.7074867990e-01  9.6867818898e-01  -1.0836819212e-02  4.4906479800e-01  -4.0871655531e-01  6.0232790514e-01  -9.3205897413e-02  3.1113749889e+00  2.0726692783e-01  1.3844446337e+00  -4.5484764377e+00  1.9996704052e+02  -2.7929595238e+00  4.6895519691e+00  6.1642451765e-02  2.3614031886e-01  -5.4634395298e-01  3.2683224009e-01  1.6187736463e-03  2.5379129966e-02  1.6142874306e-01  2.4984645312e+00  
-6.7493720055e+00  -8.7460307309e-02  2.5037133152e-01  8.0714297192e-01  1.2294188587e+00  -3.5565616603e-02  4.7554524470e-02  7.9092051909e-02  2.1274916453e+00  -1.4614412119e-01  2.5459408575e-01  1.3850237204e+00  9.6349383108e-01  3.0680795091e-02  2.7411174637e+00  2.2379235377e+00  1.2842631450e+01  9.9470073932e-02  1.4244329653e+00  5.1602798100e-01  7.6122974066e-01  -1.2521189534e-01  3.1146212799e-01  -4.8764496683e+00  1.5929676458e+01  
-6.6490526199e+00  2.0011155698e-01  5.6556745092e-01  -1.8571715787e+00  6.7024241901e-01  -1.8719722083e-01  3.4436053195e+01  -7.6216984929e+00  9.2018285516e+00  8.4131018833e-03  1.5735607935e-02  1.7754251679e-01  1.7808130171e+00  1.7903828642e-01  8.9722123367e+00  9.5255033274e-01  3.0383677093e+00  8.4123571209e-01  1.0664579824e+01  -4.9384963783e-01  2.5274943398e-01  6.4669656369e-01  4.2362881985e+01  -2.1535658768e+00  3.3461684229e+00  
-6.5476970673e+00  1.3828286454e-02  7.9137560683e-02  -6.7733575934e-01  3.7080983471e-01  -2.2634941957e-02  4.5573823591e-02  2.8290116665e-01  4.7934784855e-01  -2.8287751409e-02  3.2484011916e-01  -1.1793327156e+00  2.3101594246e+01  1.2643381219e-01  1.8825928576e+00  -9.6775748047e-02  3.5621198440e+00  -8.4707418780e+00  4.2050608773e+02  -4.8165092488e-01  1.4836148715e+00  2.9808263215e-03  2.0514532274e-02  3.9877709705e-01  8.8859073075e-01  
-6.4482383728e+00  -4.0461077167e-01  4.2319379171e+00  -1.0058676838e+00  5.0886033007e+00  1.1662027150e-02  2.0438241172e-01  1.1198757919e+02  2.2860811034e+04  -2.6962690367e-02  7.2908990127e-02  3.1448702110e-01  1.9793955455e+00  -2.0992256783e-01  4.5513138753e+00  7.0869561413e-01  1.5754207044e+00  7.6233509721e-01  1.6083615557e+01  -6.6169777820e-01  1.1614551679e+02  7.2337435895e-02  2.0490589518e-01  1.4010511921e+00  3.1547370242e+00  
-6.3485918045e+00  6.9312489013e-02  1.8019654815e-01  -9.7625212430e-01  3.4644595258e+00  -1.4245284889e-02  2.1067565642e-01  9.8586578125e-01  5.4336379616e+00  -5.1069474663e-01  7.8729959188e+00  -2.0216279520e-01  5.9190101043e-01  1.5429812989e-01  8.1587267200e-01  1.6384459411e+00  5.2438124387e+00  5.6207526819e-02  8.4541223937e-02  -1.0081338154e+00  5.5342355009e+00  3.8665050006e-01  3.8567894946e+00  -6.0875463409e-01  3.3672217652e+00  
-6.2478451729e+00  4.1459599105e-01  2.2661522271e+00  -4.3810943261e-01  6.5606440562e-01  -3.5384269576e-02  4.0387690227e-02  -6.4368158799e+00  1.7078648447e+01  1.3246712764e-01  1.2674294364e-01  -2.3821334220e+00  2.7154835881e+00  -3.2139427151e-03  4.6046147538e-01  -2.4220740059e+02  1.1382516965e+04  6.1343502668e-02  3.3479095327e-01  -1.2070814367e+00  2.5506962289e+00  -3.9415940368e-02  7.6781259575e-02  1.4261695192e-01  6.7218309746e-01  
-6.1483650208e+00  -2.0040412466e-02  1.0091823324e-01  -4.6663205074e+00  6.0715484810e+01  2.6047815943e-01  7.5327607448e-01  -4.5442800342e+00  7.4337192260e+00  -2.5726928880e-02  2.1984684541e-01  -8.4364760580e-01  1.9839817652e+00  -3.0430892750e-02  7.4442116043e-02  7.5620917829e-01  4.4003609556e+00  2.5045730250e-01  6.1176416029e+00  -3.8326032471e-01  8.3209896297e-01  -3.9496547255e-01  1.0535011537e+01  -1.1912432057e+00  3.9998856709e+00  
-6.0483279228e+00  1.5712705252e-01  5.2485792682e-01  -1.4152635968e+00  1.2728883130e+00  4.4356891199e-01  2.8865863415e+01  1.9813909380e-01  1.5584693073e+00  4.2746517071e-02  1.2363170207e-01  4.2148463550e+00  5.2218207316e+00  1.5299522270e-01  4.1538755817e-01  2.9372894531e-01  4.0226991608e-01  -1.4931763488e-02  1.3811294916e-01  1.6982644684e+00  1.5735693789e+01  -2.3565960902e-01  2.6761310397e+00  -3.1288641813e-01  9.6186093632e-01  
-5.9481539726e+00  6.2174149882e-01  6.9233213935e+00  -2.1178230412e+00  6.4524796900e+00  -2.0325106135e-01  2.4202107896e-01  -8.1689878971e+00  8.5488644174e+02  -1.9351678036e-01  2.6992792137e-01  8.9444534831e-02  8.0597341659e-01  7.3575635955e-02  7.2191335375e-01  2.3565170324e+00  3.1867251198e+00  -3.6335423150e-02  1.2313112272e-01  -1.1906663598e+00  1.6193664781e+00  -3.1140310067e-01  5.5165647753e-01  1.0404590572e+00  1.4027020080e+00  
-5.8481316566e+00  4.1256175853e-01  6.1879038346e+00  -1.3606199392e+00  5.3833046899e+01  -3.7754139465e-03  2.0134679804e-01  3.9365266283e-01  1.2231778634e+00  -7.1482347082e-01  2.1675734429e+01  6.1491350747e-01  1.1699625452e+00  -2.9783542676e-01  1.0489135928e+00  -5.8056866243e-01  1.9772254029e+00  3.0262170833e+00  1.1076463776e+02  -4.6872956014e-02  1.6284416380e+00  -1.3980023209e-01  6.2644708491e-01  -7.7813702230e-01  2.0807879443e+00  
-5.7484192848e+00  -3.6095778916e-02  7.1393184073e-02  -1.7767821142e+00  1.7856676438e+00  -4.9552258418e+00  2.2177602620e+02  1.0033497415e+00  2.5829722719e+00  -3.8323207539e-01  6.4440108705e+00  2.8717316123e+01  4.2384185596e+02  3.0758422028e-01  2.3715185042e+00  2.9777852930e+00  3.6552194448e+01  2.7093556493e-03  1.5134515539e-01  -3.1209100626e-01  9.8139805838e+02  9.6383298927e-02  3.4724100572e-01  -2.2553299004e+00  1.1724240527e+01  
-5.6482663155e+00  7.2691592183e-02  1.0829532106e-01  7.6648947884e-02  2.9432953690e+01  -3.7751712559e-01  4.5877071141e+00  -2.2503324892e+00  1.4813654051e+02  8.4679427747e-01  6.1003371196e+00  -5.7680365385e-01  1.5853509064e+00  1.2910941133e-01  5.2631525343e-01  7.4781295518e-01  1.7797693112e+00  -2.0458176040e-01  7.8949738079e-01  3.4120427502e+00  9.5589394434e+00  2.1274444157e-01  4.2080461927e-01  -7.2504845809e-01  1.4596773781e+00  
-5.5486660004e+00  6.6799875001e-02  3.4113647727e-01  -2.5792164551e+00  7.8619293172e+00  -1.4721247651e-02  1.7899276448e-01  1.5495257882e-01  8.6463589584e-01  1.5130800662e-02  8.5808768123e-02  6.1050491445e-01  1.3361557500e+00  2.9518331762e-01  5.3467054086e-01  -2.9088821178e-01  9.1895291123e-01  -7.4306688694e-02  3.6633527484e+01  -1.5509492811e+00  2.1216605930e+00  5.0902800995e-01  9.7782673414e-01  5.2899607890e+00  4.6899233602e+01  
-5.4483742714e+00  -4.2175276352e-01  8.6083223154e-01  -8.1996553172e-01  3.1176354164e+00  2.0888667360e-01  1.0515819356e+00  2.6086117645e-01  1.4283089585e+00  -5.1477621633e-02  2.3266272319e+00  -1.2075729349e+00  1.5451274469e+00  -5.0972335284e-02  4.9195711219e+00  6.6534475571e-01  1.4366887089e+01  2.1501230329e-01  6.6299797089e-01  -1.0668968013e+00  1.6816252835e+00  -3.1136603822e-02  1.3547302436e-01  8.3638729582e-02  4.0884772235e-01  
-5.3483886719e+00  -8.0058996684e-02  5.9846977842e-01  -1.3088398549e+00  1.8027661666e+00  5.1322008137e-02  2.1269492715e-01  9.7945663596e-01  1.0867400728e+01  -9.1425667370e-03  1.9093931110e-01  1.2199967609e+00  6.0002070522e-01  6.0051487632e-02  2.0019696058e-01  -9.8676043075e-01  1.3300149952e+01  6.4946937254e-01  1.7405533474e+00  -1.2705452468e+00  2.2152659383e+01  1.4811263759e-01  2.2692452129e-01  -4.5129432059e-01  3.7834014293e-01  
-5.2485637665e+00  4.0856436783e-01  4.0227459180e+00  5.4010930168e-01  1.0819598638e+00  -4.3172100200e-01  1.8625572638e+00  -2.2812070640e+00  1.1733240677e+01  6.4707422050e-01  3.8413821033e+00  -1.0634099502e+00  8.7308462926e-01  -2.3551434441e-01  2.6489079540e-01  -2.2326397224e+00  7.3692168711e+01  1.1184828330e-01  9.6497610129e-02  -8.8914646319e-01  3.1519779126e+01  4.2671435052e-02  6.9835527928e-02  -1.6872180830e-01  6.4601226393e-01  
-5.1489057541e+00  -6.4766382737e-02  1.1900193273e+01  2.6838509207e+00  1.3412197065e+01  -1.3110355430e-01  2.5815507287e+00  -3.1840784694e+00  3.2551556408e+01  -1.6237979458e+00  3.5047942880e+01  -4.9468295705e-01  1.0717441722e+00  6.7228633056e-02  4.3951160036e-01  3.4564680511e+00  2.7966294245e+01  2.8461874035e-01  1.0196429057e+00  -1.4592187765e+00  6.5910778746e+00  2.2802477930e-01  2.0752812827e-01  -3.5783052139e-01  1.3680972399e+00  
-5.0489091873e+00  1.1233873699e+00  8.5986819447e+01  -2.7093400378e+00  3.5905690581e+01  -1.0909238996e-01  2.6628063982e-01  8.3094173555e+00  3.4095399498e+01  -3.7487272864e-03  2.9648944624e-01  -4.1276731999e+00  5.3578229144e+01  -6.9797947539e-02  1.2331054132e-01  -1.6353153652e-01  1.0569996829e+00  -5.9919780996e-01  7.4035304931e-01  -4.4873200613e-01  1.4278776391e+00  5.9772944591e-01  1.3989246483e+01  2.6203282615e-01  6.3006855733e-01  
-4.9490289688e+00  7.5121088382e-02  5.6935998215e-01  -9.6257167428e-01  3.5662597184e+00  -9.5017587184e-02  2.5377457099e-01  1.3654285079e+00  1.9936459032e+00  -5.2018471143e-02  9.6332071401e-02  -1.7859631059e-01  4.3571808384e+00  8.5696611998e-03  3.6073461453e-01  -2.0014022299e+00  3.0926196961e+00  5.5028057747e-03  2.2430279621e-01  -1.5321643018e+00  2.3577268439e+00  7.0377918257e-01  1.5137165406e+00  -1.0518841975e+00  7.5728081461e-01  
-4.8490052223e+00  -8.2837911765e-01  1.7177324096e+01  -4.3661551999e-01  3.4675314016e+00  -8.0077385016e-03  7.8662878923e-02  -4.8478283582e-01  1.1362533673e+00  -6.6653239690e-02  2.7778498340e-01  -1.4602823917e-01  2.5842370851e+00  1.0418208939e-01  5.6841215399e+01  -7.5965011605e-01  5.5733975610e+00  7.7226304228e-01  2.5771535955e+01  1.8981626590e+00  1.1834020053e+01  6.1329215670e-02  1.8922276034e+01  -2.7992904357e+01  1.3894058313e+03  
-4.7489371300e+00  -1.1966216883e-01  2.7891672974e-01  3.0547723558e-01  6.6734063972e-01  1.6858920816e-01  3.4067695522e-01  -2.1452792769e-01  9.6008951486e-01  -6.5235495318e-02  2.3329265907e-01  1.2541756588e+00  5.9950196108e+00  6.6597218614e-01  1.9829655232e+01  -5.0501275871e-01  8.1277702649e-01  8.4981199447e-02  8.6866769407e-02  -1.2316946890e+00  1.0252355465e+02  2.1701263070e-01  5.4853129714e-01  -1.3049229962e+00  1.6165651643e+00  
-4.6491446495e+00  -5.1709627369e-02  5.2355806512e+00  -6.3940960104e+00  1.2568966453e+02  -3.2772796616e-01  1.2915931551e+01  8.7662149740e-01  1.6521013837e+01  -3.0348650963e-01  2.5946487875e-01  3.1273436544e-01  4.4158583467e-01  5.6112112665e-02  1.8745757117e-01  -3.1328657083e+00  6.4274666128e+00  -9.3300485608e-01  2.4110790835e+00  -3.3920629517e+00  1.8620716778e+01  -4.6626388579e-02  1.5983621900e-01  1.3885498994e-01  8.7617221938e-01  
-4.5492777824e+00  -6.6425978300e-01  1.4519133352e+01  -6.6082122031e+00  4.9679713009e+02  2.3163892158e-01  8.0358259946e-01  5.0754900458e+00  8.2372818976e+01  1.4705988760e-01  9.7568372230e-02  -8.5114787506e-01  2.9004343726e+01  -7.8663158692e-02  1.2792483333e-01  -1.6639405484e+00  1.2054999457e+01  9.5305358391e-02  6.5131248680e-01  7.7777051142e-01  5.7168759295e+00  7.6696285286e-01  1.4854561648e+00  1.1320611897e+00  7.1692055348e-01  
-4.4493656158e+00  3.0236849832e-01  2.6447087637e+01  -3.4479753038e+00  4.5772747944e+01  -7.5578937456e-01  2.6731446613e+00  -2.3249022118e+00  5.4386866066e+00  1.1256063929e+00  3.5454072062e+00  -1.0657096572e+01  1.1961407482e+02  1.0507309672e-01  1.9592097105e+00  -1.1537755340e-01  9.3862478019e-01  -5.5325659189e+00  1.3104350310e+02  1.2883420963e+01  4.6255686602e+02  6.5581101610e-03  1.5667914453e-01  -7.1183847625e-01  3.3324798413e-01  
-4.3493604660e+00  6.1741550103e-01  2.0059367282e+01  -7.6603056537e-01  3.2651847737e+00  -2.3321894705e-01  3.2296863293e-01  2.9814011468e-01  2.2830551976e+00  -5.0777520696e-01  5.5449497253e+01  1.3291868345e-01  1.1726184795e+00  9.1728960942e-02  1.0805498854e+00  1.7958444661e+00  1.9455189677e+00  -1.4643377451e+01  6.9891966812e+02  3.3077897552e-01  2.5722341821e+00  8.8244095663e-01  2.2250814416e+01  -1.6639265785e-01  1.0571328634e+00  
-4.2493572235e+00  6.6165097067e-01  8.3891641574e+00  1.6591236912e+00  1.3086169515e+00  6.6354523148e-02  2.2216604840e-01  -6.5998606521e-01  2.5335174034e+00  3.3456180311e-01  1.1000655706e+00  1.2555885052e+00  1.3390050254e+01  1.6433758091e-01  4.6412796016e-01  1.7974870042e+00  9.5412435596e+00  1.5530036983e-01  1.3001361120e+02  -1.9536514269e+00  2.8718411675e+00  -1.8003172405e-01  2.0323824838e-01  -1.1912947788e+00  1.6111521307e+00  
-4.1494355202e+00  3.5878439845e+00  2.5914964041e+02  2.6559219018e+00  3.3405008942e+00  3.2245261852e-02  1.6844343232e-01  -4.3102265681e+00  2.8609567335e+01  2.8847184787e+00  3.1045987980e+01  -7.1360042525e-02  3.7379127683e+00  2.8793040507e-01  4.8369846258e-01  4.4349684029e-01  2.0896333978e+00  6.3057295407e-01  9.5896682519e+00  8.4827746807e-01  1.1407272723e+00  1.9862516317e-01  3.8047091155e-01  -2.5872146303e-01  2.5120556690e+00  
-4.0494799614e+00  6.6963897160e+01  3.3750202456e+03  5.4696085050e-01  6.7402429391e-01  -5.9188297438e-02  9.9859537217e-02  -2.9725791549e+00  1.4363770238e+01  2.8245172564e-01  1.2899012849e+00  6.0292165392e-01  6.3738660008e-01  -3.7935093510e+00  7.9634881569e+01  -2.4255024000e+00  3.2141025545e+01  -1.6843821953e-01  3.8086323896e-01  -7.9372525479e-01  3.9636875642e+00  -4.6385412744e-01  1.5984701458e+00  2.7446094072e-01  1.5560086607e+00  
-3.9496226311e+00  -3.9596454565e+00  4.6749249817e+01  2.2634050501e+01  3.6732208024e+02  -6.5913038526e-02  8.7949667864e-02  1.8330953208e-01  8.3943008393e-01  3.3517935079e-01  3.4638889510e-01  -1.8680398990e+00  2.4100031886e+00  1.9986777295e-01  9.5147338252e+00  7.3673940356e-01  7.1059703044e-01  -3.0114712761e+00  2.6459807778e+02  -1.3851948011e+00  3.2795736907e+00  -4.0379134863e-02  6.9855949727e-01  1.3885861557e+00  1.4070108414e+01  
-3.8494811058e+00  2.5719874236e+00  5.4388518079e+01  -6.5580920217e+00  7.0796581239e+01  1.6339749918e-01  1.2117582041e-01  6.8091434181e+00  1.9311651114e+01  1.9056885305e+00  1.2076104894e+01  1.9292721182e+01  3.6654068307e+02  8.7544086812e-01  7.5439727941e-01  -8.4455337963e-01  3.7546754753e+00  -1.7086614822e+00  2.8926731897e+01  -7.4447837260e-01  2.3375888363e+01  1.6695772323e+00  1.1945236704e+01  6.6420380708e+00  1.8849279511e+02  
-3.7496590614e+00  8.0930640450e-01  1.1348827521e+00  1.6397860031e+00  3.7017244539e+00  2.0157428141e-02  1.8763353313e-01  7.1427546865e-01  4.0707829934e+00  -1.2873490342e-01  2.6707532768e-01  1.0776770313e+00  1.2097221666e+00  2.8732969798e+00  9.4710809469e+00  -5.9681062887e+00  2.2056286869e+01  -5.6330268289e-01  7.0435081172e+00  -1.8480888460e+01  5.9456509444e+02  -1.1476288141e-01  2.2145905315e-01  -2.9478762056e-01  2.0795072770e+00  
-3.6496737003e+00  2.7235499482e+02  1.3247961901e+04  -1.0944289159e+00  8.0041364206e-01  3.8449405548e-01  3.1956711709e-01  -1.8533875789e+00  1.8409199742e+00  -5.5425244033e-01  2.3368236863e+01  4.7240515135e+01  5.7484246011e+02  1.2249810767e+01  4.1338054876e+02  2.8946503199e+00  3.8908883853e+01  -1.0156814586e-02  2.7406206295e-01  5.2047867149e-01  9.4194124907e-01  -3.8357757802e+00  7.2165267065e+01  -8.2842136957e-01  2.4644588558e+01  
-3.5496714115e+00  1.0714123990e+00  1.3251069293e+00  3.8930206622e+00  2.2482586975e+01  2.1973633667e-01  2.1095867139e-01  5.7672561635e-01  4.4696165700e-01  -5.0570193853e-01  3.2435195074e-01  -7.4967839188e-01  2.0482281780e+00  1.4045852594e+00  3.3724906448e+00  -2.8970314522e+00  4.9238191296e+00  -3.6134828284e-01  3.1777999528e-01  -7.2172094114e-01  5.2936618856e-01  7.6301260336e-01  1.4898351497e+00  -3.2819334366e-02  5.9546917491e-01  
-3.4496660233e+00  1.8000414146e+00  3.9634256292e+00  -1.0135346966e+01  1.2662131423e+02  9.3495546314e-02  8.4016002579e-02  -2.8784208865e-01  7.6046915784e+00  -1.9229785467e-01  2.0987544431e-01  -2.0605893222e-02  4.5890248649e-01  -5.9057762097e-01  1.5527465755e+01  4.2033055232e-01  3.6738494398e-01  -2.9379360429e-01  2.4540369639e-01  2.9275999457e+00  5.6871030347e+00  -7.5208470371e-01  9.9465462435e-01  -3.3112200901e-01  2.8319889766e+00  
-3.3496959209e+00  1.4015861003e+00  2.1167427400e+00  7.8819610658e+00  1.8946085209e+01  1.3548004942e+00  2.5264060687e+00  1.1576713470e+00  9.9755902838e-01  2.2557854405e+00  7.6180303017e+00  -7.3878283899e-01  8.7072550709e-01  -3.5276947719e+00  4.8640551888e+01  -8.3017239717e-01  3.6467837419e+00  5.4699893744e+00  8.7389923261e+01  -2.2036333997e+00  7.3309006488e+00  -2.4476797290e-01  2.3529831561e-01  -1.1544923584e+00  1.0302632787e+00  
-3.2496869564e+00  3.3799887772e+00  7.4804132244e+00  9.3396238288e+00  8.6270137755e+02  4.2513125962e-01  2.4768213062e-01  2.5023455269e+00  2.1989101272e+00  -4.4068195363e-01  1.8566852619e-01  2.6653374978e+00  2.9254363259e+01  3.8870795953e+02  2.0280237685e+04  3.3219030096e-01  7.5102414476e-01  1.3166584970e+00  2.7639537334e+00  1.1431596866e+00  7.6525751185e-01  -4.1763474933e+00  2.6796139491e+01  1.4857369572e+00  1.9875900625e+00  
-3.1498115063e+00  8.0370272205e-01  6.1033261585e-01  -8.9177480578e+01  9.0160427964e+03  3.9113923254e-01  1.7629150565e-01  -3.6167974816e+00  1.1831669249e+01  -6.7713018672e+00  1.4065417733e+02  -5.5175367448e-02  6.8007005584e-01  -1.6817426539e+00  3.5758555026e+00  3.1886280613e-01  2.4119717286e+00  -9.0427815400e-01  7.0313007766e-01  5.5607802735e-01  2.0555347229e+00  1.5391549670e+00  2.2399246733e+00  1.2003217022e+00  1.0465875166e+00  
-3.0496573448e+00  1.4072847372e+00  1.5130050855e+00  -1.8530471588e+00  1.7906038221e+00  2.5742733673e-01  9.1948499927e-02  3.4328163341e+00  5.1314246928e+00  -6.0339904084e-01  4.0767620862e-01  4.4419696871e-01  9.4053001958e-01  3.5273591775e+00  3.5959035664e+01  -6.0520707565e-01  2.5824673667e+01  1.5685774109e+00  1.9053254554e+00  1.4001521493e+00  2.2819576636e+00  -1.5131435661e+01  2.9857309887e+02  1.4321757359e+01  1.7591208285e+02  
-2.9496893883e+00  9.3624013695e-01  6.2075871947e-01  3.4761061662e+00  1.1787319429e+01  4.0644794312e-01  2.6484830725e-01  4.1328401762e+00  1.4304509599e+01  -5.3167053097e-01  2.5555580304e-01  5.0999167378e+00  2.6401283797e+01  -1.2196963610e+00  1.3700759658e+01  -4.7166011881e-01  1.1979381499e+00  2.7207463171e+01  1.1565894415e+03  -1.5597924911e+00  1.1576767259e+00  -1.0348878389e+00  7.4403262010e-01  -1.7771453661e+01  1.0286348315e+03  
-2.8497445583e+00  2.0536869856e+00  2.3760667909e+00  8.6244828194e+00  1.4107686238e+01  5.2540643770e-01  2.4470119412e-01  1.2543491091e+01  4.1480237521e+02  -3.8365334374e+00  7.5492850709e+01  -4.3407944550e+00  2.9507092890e+02  2.7185285167e+00  4.7213080396e+00  1.1825227432e+00  1.3790141227e+00  -9.7719014530e+00  9.1331207486e+02  6.6042344182e-01  2.5294720084e+00  -3.7304909427e-01  6.7252191776e-01  -2.9038854031e-01  6.0003033345e-01  
-2.7497947216e+00  1.4503905397e+00  1.2994962677e+00  1.7561651533e+00  1.4462945168e+00  1.3801645505e+00  1.1250503841e+00  2.3709610061e+01  2.2290676083e+02  1.4121337447e+01  8.1450409044e+02  -1.4172154583e+00  6.1847815773e+00  2.7794918847e+00  8.3185403320e+00  -2.0715218577e-01  8.7832192013e-01  -1.6535937555e+00  4.5166226026e+00  4.1952991502e+00  2.5337129757e+01  -1.0624975244e+00  9.3088459583e-01  -9.3980639875e-02  8.0272580902e-01  
-2.6498100758e+00  1.0504274558e+00  7.0002520896e-01  -6.1779663528e+00  6.8217784159e+01  8.3254021304e-01  2.5194507729e-01  1.3501188181e+00  4.4497380994e-01  -3.8943161603e+01  1.2394897318e+03  -1.7869375251e+00  1.5181555335e+00  2.8187149441e+00  4.4687783503e+02  -7.6992422662e-01  6.6070977363e-01  8.0399854334e+00  5.5392812502e+02  -3.8850279524e+00  5.6268872813e+01  8.1055418182e-01  5.4207114344e-01  -1.0506045720e+01  4.0957205864e+01  
-2.5497508049e+00  1.6599390278e+00  1.7326579346e+00  1.2739668801e+00  3.6446314725e-01  1.0298245249e+00  9.5114813390e-01  1.6392954601e+00  6.2641470407e-01  -7.4594497793e-01  5.1410428154e-01  1.5001229102e+00  1.1729950465e+00  -2.9260952567e+00  1.1016679553e+01  1.3694094387e+00  1.5342388850e+00  -1.6836719397e+01  2.1492189915e+02  2.4590996312e+01  3.8657828774e+02  1.3056610460e+00  9.3560152781e-01  4.2552752797e+00  2.4327463123e+01  
-2.4497938156e+00  9.5420144201e-01  5.1722954153e-01  1.0511193484e+00  6.6562893130e-01  6.9972744737e-01  2.7233513694e-01  4.1546343834e+00  2.5327637242e+01  7.5095039741e+00  7.4577267667e+02  -7.9348726161e+00  4.6372212179e+02  3.2087288820e+00  1.1331583602e+01  1.7695159739e-01  2.0218955434e+00  2.0892840788e+00  2.2125583999e+00  -8.7714457831e-01  1.9589473451e+02  -1.1858825502e+00  2.4060476229e+00  -4.3897331704e+00  3.3762560678e+01  
-2.3498115540e+00  1.3339698112e+00  1.3375835223e+00  -3.0206598901e+00  1.7124571634e+01  7.2687961758e-01  3.3823166554e-01  7.7534841002e+00  3.6894546275e+01  -1.2217457670e+00  1.3709208480e+00  1.7661489435e+00  2.4203796809e+01  -1.5473356523e-01  1.3843661485e+00  -7.5514530267e-01  8.7132081948e+00  -1.3466919094e+00  1.1391150175e+00  6.7432118050e+00  6.2354582245e+01  -2.0835091495e-01  8.0332789356e-01  -8.0576799399e-01  3.2231705749e+00  
-2.2498178482e+00  4.8512483398e-01  3.4375183246e-01  -4.7440554028e+00  2.9306900924e+02  4.4292300481e-01  1.2914029351e-01  1.5313601183e+00  9.5724941131e-01  -9.8970534063e-01  2.2422924871e+01  -4.1334010479e-01  6.4724468523e-01  2.7694564607e+00  2.0149825689e+01  -3.7999939678e-01  8.4972466021e-01  8.5826677696e-01  8.9243787019e-01  1.3741455658e+00  1.9887030319e+00  -2.8401064288e-01  7.1765201435e-01  -8.6019872673e-01  7.2966853338e+00  
-2.1499280930e+00  5.6475551470e-01  4.8108595351e-01  2.4267752650e-01  5.7773386568e-01  5.5512617601e-01  3.7499960952e-01  1.1120176100e+00  4.7401669933e-01  2.3756741109e+00  1.0200459839e+01  4.2024907332e+00  4.2847802579e+01  5.4532518398e-01  1.9143056063e+00  -1.4172666102e+00  2.2290389224e+00  1.0166733240e+00  1.8550512009e+00  2.1652308339e-01  6.0244311466e-01  2.9395401061e+00  2.5987668043e+01  3.5051388290e-01  2.0005648087e+01  
-2.0498909950e+00  5.4627726347e-01  9.8863555670e-01  2.8923874215e+00  3.6271616808e+01  7.0601181358e-01  2.2462588649e-01  2.1900028886e+00  1.7743793878e+00  3.0012165739e+00  2.0024170864e+01  3.3033849314e-01  7.1999660892e-01  -9.7233459664e+00  4.9198791788e+02  1.3391629840e+00  2.5688267254e+00  2.5447093232e-01  7.6278678119e-01  -1.6889036974e+00  1.1858581106e+01  2.3292319348e-02  2.5558112198e+00  1.7576721951e+00  1.7012440882e+00  
-1.9498828650e+00  4.4093771929e-01  1.9378547906e-01  -3.2715018873e-01  1.3043784586e+00  6.4380012240e-01  2.0424829210e-01  1.5093861663e+00  8.0143301893e-01  -9.8548251566e-02  5.5589657118e-01  -1.3938795625e+00  1.1511153603e+01  2.2385023827e-01  4.4907310526e-01  3.8708024516e-01  2.5619282641e+00  -3.1239461409e-01  1.2887266459e+00  -1.2833707476e+00  5.0998656180e+01  4.2536172746e+00  1.3778519896e+02  -5.4045185164e-01  8.1800082094e-01  
-1.8499209881e+00  6.3367804661e-01  7.0886264545e-01  -1.4569613253e+00  1.9048458015e+00  5.9678868201e-01  1.8701934784e-01  1.7071483963e+00  3.8396837028e-01  8.6669195707e-01  1.7326082785e+00  2.5321064559e-01  6.0573872398e-01  2.5211938156e-02  1.8051131150e+00  2.7375391712e-01  1.0790095419e+01  1.2344319727e-01  5.9361368857e-01  2.5408373817e-02  3.4213029402e+00  1.7972736951e+00  1.1823493231e+02  8.7211860142e+00  7.8460704840e+01  
-1.7499002218e+00  8.9516803481e-01  1.1388612455e+00  -2.0111679968e+00  5.9653322316e+00  7.4426754788e-01  1.8482906992e-01  1.6844082195e+00  1.0649064043e+00  -4.8201782599e-01  3.8665233698e-01  -9.9351791316e-01  7.9238186591e-01  5.5423852797e-01  7.9902370241e-01  4.3717701995e-01  3.6898056573e+02  -4.9236028110e+00  9.6722237484e+01  -6.7365942847e-03  5.1859073039e+00  5.1109591785e-01  8.1280008998e-01  -3.0903237906e+00  4.1162431420e+01  
-1.6500152349e+00  5.7652927356e-01  1.0727553265e+00  -7.4185684756e-01  3.0725542694e+00  7.8418474121e-01  3.4981964267e-01  1.1121875224e+00  4.8793325826e-01  3.5610962488e-02  5.6200590953e-01  -1.6509037627e+00  6.9994729831e+01  -3.3685505886e-01  7.8900357465e-01  3.1051422792e+00  2.0654245004e+01  3.0574963743e-02  1.1592626506e+02  1.8565793279e+00  6.6752228899e+01  -1.0675537664e+00  4.9585812617e+02  -1.0160884629e+00  1.0672229730e+01  
-1.5499744415e+00  1.0943831359e-01  4.1989677057e-01  1.1559461763e+00  1.3510849550e+00  6.5788236384e-01  2.1415702892e-01  2.0342626700e+00  3.2049487646e+00  -1.6435562485e+00  2.9180966997e+00  -8.3289447593e-01  8.7636980787e-01  -7.2718756997e-01  1.9981629125e+00  -1.7005953993e-01  1.2891435930e+00  1.5311171722e+00  1.7975440224e+00  1.5092983892e-01  6.4909636373e-01  -1.5398237617e-01  4.2711898447e-01  1.2482905059e+00  2.5015560600e+00  
-1.4501020908e+00  -8.5720740040e-01  1.6422959307e+01  5.0342931822e-01  3.2217021261e+01  1.0937759698e+00  3.5642003678e-01  4.5604292762e+00  1.5768153289e+01  -3.5334111120e-02  1.0583932799e+00  -4.2016899657e-01  4.8878916181e-01  1.4015584065e+00  2.1531705804e+01  1.3717022836e-01  5.6029824612e-01  -2.1256693602e+00  1.8060873075e+01  -1.2398595492e+00  3.4262718200e+00  1.9241487620e-01  4.4052931656e-01  1.1098647167e+00  1.6435165305e+01  
-1.3500883579e+00  -1.1682955278e-01  2.0067751378e+01  5.7749904989e-01  6.5262041150e-01  6.5307770800e-01  1.4725314507e-01  8.8357683516e-01  2.3567118155e-01  4.2002870738e-01  1.7152257590e+00  1.7578481400e+00  2.7943042494e+01  -2.1121241345e+00  8.5218252093e+01  -6.0967034174e-01  7.0967903883e+00  -5.9461366501e-01  8.8441663510e+01  -7.8926340988e-01  5.3314752161e+00  1.8147015528e+01  3.4073320898e+02  -5.0239050722e-01  1.0657457278e+00  
-1.2500550747e+00  1.5482686066e+00  1.7910355914e+02  -7.5429530881e-01  2.7827227235e+00  1.0091514788e+00  2.6703784779e-01  1.1959154923e+00  2.8472096783e-01  -3.0984866559e-01  4.6121751856e-01  -8.5105375505e-01  5.0103679780e+00  2.3628904026e-01  1.1954068900e+00  4.5501898057e+00  1.7428320153e+01  -1.2453522060e+00  1.2530725594e+02  -4.7516221323e-01  2.5970079621e+00  -2.6418029254e-01  8.7918015418e-01  -4.4971845372e-01  1.6917169797e+00  
-1.1500929594e+00  -8.6905606999e-01  2.3235553549e+01  7.2371043233e+00  3.9303684884e+02  8.9150325681e-01  1.9197746098e-01  1.0821384030e+00  1.1819427308e-01  1.1823398372e-01  6.5875753369e-01  -6.1351767640e+00  1.9365646713e+01  -3.3383033762e-01  5.6737628197e-01  -9.9837810313e-01  3.7683456392e+00  1.7655131479e+00  6.8020086916e+00  -1.7593229473e+00  2.5027810991e+01  -1.2924155814e-01  2.9456352829e+01  5.1433891407e-01  3.0488304722e+00  
-1.0501435995e+00  2.0094457915e+00  2.6002678445e+02  -2.0863497665e+00  7.4815501467e+01  7.2905003508e-01  1.6949275909e-01  1.2104930811e+00  3.2084304578e-01  -1.5915514374e+00  7.3276970208e+00  -1.8801670918e-01  2.0676697336e+00  -2.3878601040e+00  9.4096762953e+00  -7.5367373412e+00  9.7143741792e+01  5.0957928954e-01  6.1005721952e+00  -9.6741402888e-01  4.1435777237e+00  -1.3914410345e+00  1.7299320176e+00  3.7343720038e+01  1.9767836797e+03  
-9.5009052753e-01  -9.1533145444e-01  2.8087644546e+01  -9.5948737452e-01  2.1380056276e+00  8.6862709720e-01  1.5773970680e-01  1.0842722346e+00  2.0487943053e-01  -3.7219041362e-02  6.6464378775e-01  -2.8991659368e+00  2.5839873174e+01  -1.1588924801e-01  9.4157729531e-01  -2.5376447768e-01  3.3928104245e+01  -2.6824354060e-01  9.7200968877e-01  1.4800137475e+00  2.6926246175e+00  -1.9348919869e-01  6.2379302217e-01  5.6901418682e-01  8.2677914348e+00  
-8.5010892153e-01  -7.1216501602e-01  1.7811741699e+01  7.0250026458e-01  1.6339108006e+02  9.0060949432e-01  1.6683093940e-01  1.2448992611e+00  2.1177624226e-01  -1.8988008683e-01  8.7996596147e-01  1.2622801370e+00  2.1178743249e+00  1.8241440837e+00  9.9645364808e+01  -4.0069905369e-01  1.3369659677e+00  2.4214610776e+00  2.9905205161e+01  1.2105983903e+00  1.1298626968e+01  1.6074201834e+00  3.1772544526e+01  2.7572418011e-01  6.8518250971e-01  
-7.5021481514e-01  2.2241078406e+00  1.6662676677e+02  3.0687985151e-01  1.0472280049e+00  8.4641786738e-01  1.2935553348e-01  1.1803938671e+00  2.1273061850e-01  9.2098615843e-01  5.6387004336e+00  -1.7622534115e-01  8.7917782029e-01  4.2360914962e-01  3.1068775786e-01  1.9515676352e-01  2.8939061258e-01  -2.3104989667e+00  1.3160394448e+02  6.6404830851e-01  2.8283862188e+00  -4.6882903742e-01  5.1012991189e-01  -6.0893693049e-01  7.4398197556e-01  
-6.5008324385e-01  -7.7991801432e-01  2.6334684119e+00  1.9768728112e+00  8.2483937058e+00  8.8636968974e-01  1.2954377994e-01  1.6185826992e+00  7.0414714129e-01  -4.6417842321e-02  7.1320435648e-01  -2.7310987670e-01  8.7444897772e-01  -1.3227426689e+00  2.8033726162e+00  -8.6755591560e-01  9.4047934808e-01  -2.8098111388e-02  5.1996634382e-01  1.6487243020e+00  1.3044332980e+01  5.2317498053e-01  3.2175004850e-01  1.6133454683e+00  4.5759364725e+01  
-5.5017888546e-01  -7.0762343147e-02  9.0620462266e-01  1.0938082691e+00  1.1091354638e+00  6.6902189220e-01  1.1772424140e-01  1.1629706373e+00  4.9936325914e-01  -4.8371814062e+00  1.4658123194e+02  -6.2103221211e+00  2.1815590340e+02  7.0338047780e+00  2.2288905942e+02  1.5846647985e+00  1.0010440790e+01  -1.5652134525e+01  8.2477314819e+02  2.7844886338e-01  4.2429712392e-01  -2.0641541819e-02  6.0070263905e+01  -1.2710146827e+00  7.5777048095e+00  
-4.5015448332e-01  1.2876583487e+00  4.1956058353e+00  6.9614697314e-01  1.9012061882e+00  9.9895485433e-01  1.5406602027e-01  9.7233653228e-01  1.4721472313e-01  -4.4791790594e+00  1.2371328332e+02  1.3756832497e+00  2.8302874937e+00  -5.2141941686e-01  8.5190243776e-01  -2.4858073918e+00  2.9063221152e+01  1.2921929413e+01  6.7036495332e+02  -4.6131909938e-01  1.6649016523e+00  -4.8002129828e+01  1.9463958613e+03  -3.3533778416e-01  2.9360754472e+00  
-3.5014140606e-01  1.2242605112e+00  2.2227817447e+01  1.6495343378e+00  9.1119538156e+00  7.5409559734e-01  1.4813980901e-01  1.1051351415e+00  3.2322435412e-01  7.0765692769e+00  1.1452604443e+03  2.3142565450e+00  1.3196686852e+01  -9.1517063407e-02  7.2659949805e-01  2.0176729208e-01  1.5258125656e+00  -1.0699324209e-01  8.6894397093e-01  -5.2669372306e+01  1.4049543874e+03  -3.6632357907e-01  7.0463603631e-01  2.1751540529e+00  6.9755362898e+00  
-2.5016480684e-01  1.7622979340e+01  1.8625709363e+03  1.6104570059e+00  9.1908681009e+00  8.2849209012e-01  1.3989367551e-01  7.6423497432e-01  1.5950332295e-01  3.0860744250e-01  2.7817341124e+00  5.6373658461e+00  7.4372286067e+01  7.2408278663e-01  1.1420442999e+00  4.6909544121e+00  6.7379058171e+01  4.5181462847e-02  6.3928347591e-01  9.1813000721e-01  9.2091986936e-01  -1.5639521741e-01  1.3313586971e+00  -5.4645048095e+00  6.0322133487e+01  
-1.5017569065e-01  1.0398152333e+00  1.1255433840e+00  2.4470648333e-01  3.2149725321e-01  8.6126263008e-01  1.0033196224e-01  1.0372423566e+00  1.7398518931e-01  2.3426918964e+00  9.9205534338e+00  -5.4464994630e-01  4.1064109736e+00  -8.7052532172e-01  3.4599803249e+00  -2.1775977705e-01  5.5694705276e-01  -1.6419498208e+00  3.5097450221e+00  -5.9109729270e-01  1.9155420730e+00  1.5887558995e+00  3.7430737552e+00  -1.9095139608e-01  4.2769848179e-01  
-5.0160549581e-02  -1.4963974314e+00  1.5276628315e+01  1.6161249813e-01  4.7643193735e-01  8.4396798928e-01  1.3431143453e-01  1.1141200804e+00  1.7380357109e-01  -1.2387952225e+00  1.8701642562e+00  6.2275500531e-01  9.9280342188e-01  -1.2868345120e+00  2.9248673390e+00  3.9262561426e-01  6.7898369997e-01  3.7582487605e-01  9.8422531383e-01  -6.4767850582e-01  3.0006845720e+00  -1.9438691967e+00  1.2077317851e+01  2.2265301240e-01  8.3028387237e-01  
4.9806687981e-02  1.0000000000e+00  0.0000000000e+00  1.0000000000e+00  0.0000000000e+00  1.0000000000e+00  0.0000000000e+00  1.0000000000e+00  0.0000000000e+00  1.0000000000e+00  0.0000000000e+00  1.0000000000e+00  0.0000000000e+00  1.0000000000e+00  0.0000000000e+00  1.0000000000e+00  0.0000000000e+00  1.0000000000e+00  3.9619088952e-16  1.0000000000e+00  0.0000000000e+00  1.0000000000e+00  3.1079770412e-16  1.0000000000e+00  0.0000000000e+00  
1.4974273741e-01  -2.7990980824e-01  4.2049886801e+01  7.5548697893e+00  1.3396482237e+02  1.1855202763e+00  1.9376896522e-01  8.9805459029e-01  1.4967898610e-01  -8.6005939314e-01  2.0873522438e+00  1.6849204937e+00  2.7529895212e+00  -8.4991338421e-01  1.7302242792e+00  2.7157788306e+00  5.3833633663e+00  3.1475472033e+00  1.0872386829e+01  7.5874511065e+01  3.7805824697e+03  -7.3702601935e-01  2.9256098645e+00  7.1859511715e+00  8.5491093452e+01  
2.4979741871e-01  9.7857135791e-01  7.8202776784e-01  7.9773156713e+00  1.8766116583e+02  1.1614084041e+00  1.3292080631e-01  9.6462421388e-01  1.5174754823e-01  4.7783381100e-01  1.9831844450e+00  -3.0324110259e+00  2.0947616948e+01  -1.3146172425e+00  3.3189769147e+00  -4.5834370346e+00  1.7744818254e+01  -6.3810618006e-01  7.7158145433e-01  -1.8521179168e+00  1.0392298301e+01  7.1176563721e-01  2.1860708161e+00  -5.0689080013e+00  1.9476705997e+01  
3.4971198440e-01  -6.8661077006e-02  7.8418158265e-01  7.2385493660e-01  1.3108840245e+00  1.2077457456e+00  2.0879762542e-01  1.3096387096e+00  2.6348085681e-01  -2.9764845123e+00  1.4748832261e+02  1.2596782820e-01  5.7455117493e-01  1.4462016695e+00  2.1649418798e+00  1.7284004753e-01  1.4909936312e+00  9.5988565420e+00  2.1941205578e+02  1.1103395895e+00  1.0804285125e+00  -1.7144879887e+00  2.2747814640e+02  -1.2260598126e-01  2.4044457066e+00  
4.4985207915e-01  1.0925094140e-01  1.9037662021e+01  6.9033552222e-01  1.0125548431e+00  1.3271337878e+00  2.5492253070e-01  9.0690289586e-01  3.3681738929e-01  -1.0667178549e-02  1.9304400780e+00  4.3410370042e-01  1.3196928108e+00  -4.4168806716e+00  2.6909470810e+02  4.4493269444e+00  1.1413546677e+01  -1.4693413862e+01  6.7019083197e+02  -1.8482903438e-01  7.7636204269e+00  -2.9075721377e+00  4.9233394406e+00  5.0395256261e-01  8.6769113081e-01  
5.4965007305e-01  8.4939353533e-01  1.3723347888e+00  1.5633214281e+00  2.9031150633e+00  1.0015340682e+00  1.5198288203e-01  1.0289465617e+00  1.5750091632e-01  -6.4103757154e-01  2.2840573707e+00  6.9784103857e-01  2.6542914580e+00  -2.0169363464e+00  3.1104791987e+00  -3.4991769744e-01  1.5020582978e+00  -4.0886912489e-01  1.8497891594e+00  -2.4512125235e+00  6.8632034488e+00  -2.9296866625e-01  3.5141348472e+00  -4.8297251505e-01  1.1603789243e+02  
6.4973348379e-01  -3.7786438109e+01  1.2309215587e+03  9.2691952921e-01  6.3498563012e-01  1.4956718792e+00  2.6017223269e-01  8.6402566499e-01  4.7915171581e-01  -7.4085396318e-01  4.6296143690e+00  -3.0865904277e-01  1.0501035624e+01  2.2556297186e-01  3.2974452617e+00  7.0306490415e-01  3.6466537468e+00  2.8858518454e-02  4.9766333315e+00  3.7871100997e+00  7.0351830836e+00  -1.0138259778e+00  8.2051241346e+00  -1.1278264251e+00  2.0303922241e+01  
7.4963384867e-01  1.4657964915e+00  1.3647823959e+02  5.3591952856e-01  1.9599710901e+00  1.1287061445e+00  1.6718973737e-01  6.1965463846e-01  2.0385492389e-01  4.8770757397e+00  1.0079883045e+03  -4.9921872894e+00  6.5676741389e+01  -7.9413189539e-01  9.8382649171e-01  -1.1785222501e+00  1.2150848239e+00  -1.0062091954e+01  3.9184069130e+03  1.0258675693e+00  2.6744529085e+01  1.9260745967e+00  1.1551069586e+00  1.6019124891e+00  2.3689449674e+01  
8.4959483147e-01  -7.4025734762e-01  1.6908619633e+01  1.9419484002e+00  9.8209493280e+01  1.1820074764e+00  1.7538774149e-01  8.4773311716e-01  1.4914840496e-01  1.3835407257e+00  5.9086462055e+00  -5.5414512130e+00  1.4970942840e+01  2.3887480896e+00  1.8731603965e+00  5.4032634143e+00  9.7738590351e+00  2.4760186110e-01  2.8889122693e+01  1.4539947863e+00  4.1115581559e+00  -2.2011054269e+00  3.2308401463e+00  -1.7026990821e+00  2.7472568653e+00  
9.4963526726e-01  -2.2403553651e+00  1.9693280855e+01  2.3510856681e-01  2.9655568234e+00  1.1111396600e+00  2.0244323012e-01  8.0377133687e-01  1.3948444404e-01  -1.0038940297e+01  2.4869046850e+02  8.3490843286e-01  1.4390595168e+00  3.4765789229e-01  1.9561051429e+00  -3.5697156831e+00  4.9676931429e+01  6.3100898148e-01  1.8104682391e+00  8.2999827140e-01  4.6176420357e+00  5.2435626373e-01  1.7554406931e+00  3.9906753907e+00  3.3302304620e+01  
1.0497708321e+00  -9.0705696859e-01  4.6321522447e+01  -1.1149101650e+00  2.0862044434e+00  1.1520163720e+00  2.0518042877e-01  9.2298484086e-01  1.8027828632e-01  -7.0206737080e-01  4.1020015007e+02  -5.0179591374e-01  1.9329450361e+00  5.0282079963e+00  4.3297378846e+02  -1.2888471644e+00  1.9196641053e+01  -3.4200488548e+00  5.1115421866e+01  7.1727687735e-01  1.2648516449e+00  -8.2168884422e+00  1.2077816397e+02  1.2690502277e+00  1.0840426472e+01  
1.1497733593e+00  -4.4118516362e-01  2.4507328773e+00  -2.4973407550e+00  1.6051733515e+01  1.3731297979e+00  3.0649207732e-01  8.2718226321e-01  1.9548503176e-01  -7.3843136331e-01  1.4550912749e+00  6.8384023275e+00  4.4494468475e+02  -4.9381220421e-01  1.1839836125e+00  -1.9512029255e-01  1.3435137632e+00  3.4081968118e-01  7.2897268935e+01  -1.2911776465e+00  4.2893168079e+00  -7.4259442671e-01  9.8140360153e-01  3.9771612136e-03  8.7419443611e-01  
1.2496165037e+00  -1.0436558990e+00  6.8747250045e+01  -3.5611844749e-01  7.4600641139e+01  1.1227316166e+00  2.3044257066e-01  9.2432714412e-01  1.0154106674e-01  6.6469590869e+00  1.3364816139e+02  -1.6847527429e-01  7.5473764799e-01  -3.1846770058e+00  5.7806946385e+00  -9.6727617620e-01  2.4069681574e+00  6.6811102334e-01  1.5925042417e+00  -4.2399991183e-01  2.9168853151e+00  -1.2626382773e+00  6.4776478170e+01  2.0491348875e+00  5.7627428822e+00  
1.3496453762e+00  2.3375824279e-01  1.9171937847e+00  -1.4878612317e+00  2.8291368476e+00  9.9231457256e-01  2.5218268618e-01  8.3707654044e-01  1.8192147163e-01  -3.3871370741e+00  5.6738067243e+00  -1.6827154594e+00  1.7125971661e+01  5.3432855259e+00  5.2892818198e+01  2.2084232288e-01  1.0403541679e+00  1.2796536934e+00  3.9095469542e+00  -2.1211190186e+00  9.0336824705e+00  -9.9095589700e+00  2.4700687290e+02  -2.6494968663e+00  2.1891017538e+01  
1.4495931864e+00  -1.2071730368e+00  6.7500007295e+01  1.7639831954e+00  1.4723794000e+00  1.5327389312e+00  3.2616604480e-01  1.1336315487e+00  3.3920714642e-01  2.8388718451e+00  1.0129624691e+01  -1.7253648240e+00  1.2060216208e+02  -2.4490279732e-01  5.9680283638e-01  -2.4939454745e+00  1.7123304743e+01  -2.6291629201e-01  2.1920552382e+00  -1.3122432013e+00  8.1279257035e+00  1.3776533082e-01  1.1605567250e+00  -1.8896546121e+00  6.0583730925e+00  
1.5496003628e+00  -1.9997885724e+00  2.2212314862e+01  5.6195774976e-01  5.5404145971e+00  9.1622077313e-01  2.9137960880e-01  2.3509339885e-01  2.7422859478e-01  2.1865061195e+01  2.3370914748e+03  -2.4523778320e+00  3.2255027817e+00  1.0699910588e+00  5.3197932270e+00  6.2664059402e+00  6.6720803900e+01  -1.5227852858e+00  4.2243426245e+01  -9.0119286547e-01  2.7699157365e+00  -7.7270882388e+00  6.4829301971e+02  1.5135645716e+00  5.0652799715e+00  
1.6494923830e+00  8.0635326769e+00  1.3240759255e+02  8.9357023530e-01  1.2767653879e+00  1.5229435420e+00  4.3264919333e-01  5.0292994361e-01  3.7079004601e-01  -6.4908331604e-01  1.1776584695e+00  -1.2330033459e+00  1.6299645961e+00  -1.5805520107e+00  5.6986941076e+00  -5.1097659922e+00  7.1167512013e+01  6.6873926151e-01  6.8046403755e-01  6.8799399992e+00  7.5289410875e+01  -8.2073920413e+00  5.5016789963e+01  8.5900453491e-01  1.6164651050e+00  
1.7494847775e+00  1.8318427176e+00  2.8600026240e+00  -1.2736211264e+00  9.2740487813e+00  1.2795740723e+00  4.7622417876e-01  9.0260225809e-01  3.8634508493e-01  -1.6999632440e+02  1.0916673407e+04  -1.2398960008e+01  2.7187328255e+02  -3.4467965107e+00  1.3220100595e+01  2.8091703543e-01  1.4965475529e+00  6.6066520352e-01  8.7354300309e+00  2.9524591720e-01  1.1662740016e+00  -1.5535472523e-02  2.0074604856e+00  -9.0573018031e-01  4.5863576105e+00  
1.8494868279e+00  1.1467946214e+00  1.1702297537e+00  -6.0693191860e-01  2.7395431038e+00  1.3453264995e+00  3.3383991295e-01  5.9759621052e-01  3.0317422742e-01  -2.1015030131e+00  1.6392908934e+00  -1.0177969328e+00  6.9976726969e-01  1.8681880368e+00  2.2629578400e+00  -1.3141184212e-01  1.5433534788e+00  -3.4051927640e-01  3.5780996981e+00  -1.0005081787e+01  7.6267892910e+01  2.0575361835e+00  3.2887130341e+00  8.7943015465e+00  4.4194054105e+02  
1.9493840933e+00  1.6178476849e+00  1.7542295257e+00  -7.1292862590e-01  1.0785485238e+00  1.6788939412e+00  5.0360723679e-01  5.8645389242e-01  1.4594136727e-01  1.2480076760e+00  2.6563457370e+00  7.4209948447e+00  1.0050367589e+02  3.4150836019e+00  2.1417402090e+02  3.9821612935e+01  1.5842412506e+03  9.8851116901e+00  4.5866185205e+01  -8.3455208442e+00  1.8940714665e+02  -5.0861937123e-01  1.4317822931e+01  1.2220170278e-01  3.6092718493e-01  
2.0494413376e+00  2.2765508827e+00  9.5184345911e-01  -7.9293947274e+00  1.9735311253e+02  1.5564168465e+00  4.7825696182e-01  6.6526741986e-01  2.5130633625e-01  7.4063403283e-01  2.6350259443e+02  -6.6984417129e-01  1.5326762011e+00  4.8441157155e+00  1.0111364189e+01  2.5714485418e+00  2.2154052949e+01  -3.8798333833e+00  1.2764923535e+01  -5.0884019366e+00  3.7721207864e+01  9.9144550020e-01  5.2089515319e+00  -2.1901827054e+00  1.5365195302e+01  
2.1494066715e+00  1.9101666664e+00  2.4090702517e+00  2.7102105049e-01  3.9844485382e+00  1.4192174813e+00  4.2611839952e-01  4.6113045070e-01  2.7378541658e-01  4.2962458194e-01  1.0344546707e+00  3.2428666938e+00  5.8350991554e+00  1.3871735565e-02  1.0971164854e+00  8.3416170983e-01  2.8704085295e+00  4.4777324493e+00  1.1379933879e+01  -8.0370720706e-01  3.9824692975e+00  -7.9549119212e+00  3.0731154520e+02  5.7953371559e-01  5.5324401220e-01  
2.2494158745e+00  1.7947170534e+00  1.3963546330e+00  -2.1400889145e+00  3.6523598003e+02  1.8173035113e+00  1.1829714235e+00  9.0194347733e-01  3.0488675900e-01  5.1592275912e-01  1.4047800372e+00  1.9949453656e-01  8.3066928566e-01  2.3330350325e+00  1.1303952658e+01  -7.3941180108e-01  1.1674248148e+00  1.0219732947e+00  1.1449549975e+00  4.5297263086e+00  1.2661344231e+01  3.3517368301e-01  9.8633899918e-01  -1.4462810206e+01  1.6997145910e+02  
2.3493149281e+00  2.0810014948e+00  1.3677871727e+00  8.9004740451e-01  7.8885411030e+00  2.2622596506e+00  7.5273657659e-01  6.5683327154e-01  2.9963939211e-01  -1.2044591809e+00  4.5985480939e+00  -2.5142283724e+00  3.2699570496e+00  5.7673513398e-01  2.1977128880e+00  -3.3472159137e+00  2.7723817695e+01  1.1928581220e+00  1.3431180306e+00  6.3034585181e-01  4.2949452488e+00  -3.2254005912e+00  2.5541894572e+01  -1.2978417363e+00  4.9141323102e+00  
2.4493012428e+00  7.6267885722e-01  6.6056598672e-01  -3.3212166761e-01  7.9245274595e-01  1.3819680032e+00  6.5423498785e-01  1.0950651956e-01  3.6447359414e-01  -8.4048080567e-01  9.7054480924e-01  7.9841808539e-01  1.2444853401e+00  2.2745886219e+01  2.6847652467e+03  -7.6785403206e+00  2.8122812059e+02  -7.5367657947e-01  6.4314681567e-01  2.1900227959e-01  1.2168604157e+00  -6.7079173759e+00  4.5496112024e+01  -1.2363850355e+00  3.0043733898e+00  
2.5492587090e+00  1.0543282318e+00  5.6456859480e-01  9.5860475151e-01  5.6032853786e-01  1.4338473215e+00  5.9264197499e-01  2.7280732436e-01  2.9555309895e-01  -1.1588127730e-01  4.1146628265e-01  -5.6098299290e-01  3.2149180371e+00  3.5928176173e-01  7.8267219603e-01  -1.0625341893e+02  5.3111931095e+03  4.9035630955e-01  5.5947809930e-01  1.9271364699e-01  9.2658712757e-01  -8.9225228470e-01  1.2448403524e+00  -2.6425215311e-01  7.4016282618e-01  
2.6491146088e+00  6.1398918787e-01  5.5693640081e-01  7.8631616565e-01  2.2994796730e-01  9.8341573917e-01  6.8609583330e-01  6.1167033873e-01  2.0922136769e-01  -1.3534383234e+00  9.0268790961e-01  6.7499383028e-01  5.3502430809e-01  -4.0649817178e-01  9.4743224937e-01  7.4982654590e-01  9.3214360090e-01  -6.6045720369e-02  4.7000503190e-01  6.9063085466e-02  5.1643212566e-01  7.7386312406e-01  5.4184959598e-01  2.8085561187e-01  5.1598981131e-01  
2.7492339611e+00  9.6043626315e-01  6.1833642275e-01  -1.8999566703e-01  4.1597931360e-01  1.2035787166e+00  3.8879518948e-01  7.4211699306e-01  2.1172747409e-01  -1.4000695680e-02  7.5525193344e-01  -5.6814810522e-01  5.3970484655e-01  4.2162759921e-02  6.1034155298e-01  -1.3326958596e+00  2.0876979243e+00  -1.0157559418e-01  5.5772404374e-01  -2.0627202278e-01  1.1912870351e+00  1.2452614453e+00  8.4709313745e-01  -8.9394111300e-02  4.0387000553e-01  
2.8492534161e+00  7.0010297858e-01  5.8031466634e-01  5.7681843863e-01  4.5078591837e-01  7.3218289326e-01  4.6537035924e-01  3.2908976717e-02  3.9237182468e-01  -6.2175668372e-03  8.7612434369e-01  -8.4329625177e-01  2.2090042441e+00  4.0550355582e-01  8.4178156435e-01  -3.6025617614e+00  5.3123372577e+01  -6.5797279740e-01  1.0768942521e+00  2.3295730209e-01  1.2952209711e+00  -9.5538256317e-01  7.8970710444e-01  4.1298703129e+00  5.5900766121e+02  
2.9492988586e+00  5.0049884238e-01  5.7764088156e-01  1.2260135553e-01  2.2786003980e-01  1.9112499973e+00  8.3176043611e-01  1.7299403186e-01  3.0238078354e-01  -4.4488112945e-01  6.8888609999e-01  4.8806779280e-01  4.2113461901e+00  3.8667282639e-01  5.5506132289e-01  8.7312493344e-01  1.2638823123e+00  4.2167546868e-03  1.1134440745e+00  1.6792164101e+00  1.5242756178e+01  -2.8927699923e+00  6.6173853327e+00  -4.2862421715e+00  5.8659465682e+01  
3.0491855145e+00  1.0776853026e+00  7.0652408055e-01  2.6557248638e-01  4.7139927443e-01  2.4780237343e+00  1.3409324043e+00  2.2605318538e-01  4.2008496084e-01  -1.8899750197e+00  9.1359038559e-01  1.9257193502e-01  4.7492689524e-01  -1.2256549527e+00  1.2155363173e+01  -2.1380773263e+00  8.4956761737e+00  1.2808745107e-01  7.7762925456e-01  -6.4861690989e-01  4.9589342320e-01  -9.7635591989e-01  6.7955318532e-01  1.7757778521e-01  9.9796832733e-01  
3.1489105225e+00  7.2657096697e-01  7.3419472314e-01  -5.5275613677e-01  7.3800645851e-01  3.8945876432e+00  1.3504809743e+00  2.9963810204e-01  3.0511841473e-01  -1.6733461067e+00  1.1628653237e+00  2.4191742889e+00  4.5351426122e+00  3.7174345780e-01  6.9881420290e-01  -2.3636506519e+00  9.5855366271e+01  6.5399583656e-01  7.1193796482e-01  7.7949724349e-01  2.5752588921e+00  -6.4374541180e-02  8.6976959256e-01  7.4608721479e-02  7.0580161279e-01  
3.2490630150e+00  1.2577049004e+00  8.6741164556e-01  -4.5551043295e-03  3.2536007674e-01  2.5679512682e+00  1.2173016250e+00  -3.0257501152e-01  4.4128945282e-01  -8.1672033653e-02  6.2360194012e-01  -1.1008662432e+01  1.3145692516e+03  -6.3394259169e-01  9.7310453124e-01  3.8212863912e+00  1.6237809362e+01  -1.1201621928e+00  9.0934548590e-01  1.8791469720e+00  1.3490745816e+01  6.7164682083e-01  7.8081701534e-01  8.4760981588e-01  8.2479469379e-01  
3.3494222164e+00  3.1471147412e-01  4.6172980267e-01  -1.4550210959e-01  3.3365795481e-01  2.3681946211e+00  1.3474425532e+00  4.0517627543e-01  3.1917496479e-01  -2.2776024102e+00  9.6109952048e-01  3.5105565232e-01  1.4035940146e+00  -4.4701594676e-02  9.4871275171e-01  2.9806843991e+00  1.3848673347e+01  8.0444852831e-01  1.1862878870e+00  8.8307979130e-01  6.0694658402e-01  -3.1270997992e-01  8.0323773440e-01  6.9741764965e-01  9.6373245853e-01  
3.4491484165e+00  7.3805902229e-01  8.2702997488e-01  1.3513896048e-01  1.9117693123e-01  7.9436459460e-01  1.7948080673e+00  8.7673230620e-01  7.5144523039e-01  5.0212731622e-01  9.7927489861e-01  -1.4188744866e+00  2.9613497090e+00  -4.8762857343e-01  1.1331209798e+00  -1.3326581506e+00  7.4158212542e+00  1.8561131183e-01  9.3261586549e-01  -4.9526648105e-01  8.6793167610e-01  -4.1695451834e+00  4.2860177431e+00  -8.7896443066e-01  7.1280613886e-01  
3.5491604805e+00  5.8964132716e-01  8.1144127444e-01  -8.7072619429e-02  4.4043818473e-01  1.0874886302e+01  9.7766918839e+00  8.2724395325e+01  4.2351478616e+03  -5.3477535963e+00  6.6520462263e+00  -1.3933199165e+02  4.6387758082e+03  -1.1098145961e+00  1.9329672468e+00  2.4173208943e+00  2.2319595198e+00  -3.4657534107e+00  3.7704126152e+00  3.6138763821e-01  5.5926370627e-01  -1.3795478807e+00  1.9084517119e+00  -5.4640343016e+00  1.1178727569e+02  
3.6489198208e+00  9.5710555468e-01  9.5795555185e-01  2.9435268501e-01  3.8047580306e-01  4.6299613820e+00  4.1342900936e+00  1.7531003646e+00  1.2299121870e+00  -1.9943039988e+00  1.2781538992e+00  -1.5277119324e+00  4.5519818113e+00  7.8107775188e-01  1.7840481499e+00  -3.7341848061e-01  1.0784550853e+00  -2.8102932605e+00  2.4142362787e+00  -1.4063289379e+00  1.4436334234e+00  1.3872965317e+00  2.1138488086e+00  -2.1480419214e+01  2.1235441320e+02  
3.7486748695e+00  -1.7338196651e-02  1.0787280303e+00  -9.2127997074e-01  5.0589407067e-01  2.6331639406e+00  1.9432975461e+00  -5.4974189565e-01  5.2281883933e-01  -1.2515956531e+00  3.3655330050e+00  1.1906145659e-02  5.2858859759e-01  -9.5715500519e-02  1.4718918407e+00  2.7784030972e-01  5.8298548729e-01  1.5005100569e+01  1.6140094749e+03  2.1356311965e+00  8.1511332007e+00  -2.5358084869e-01  9.1043986579e-01  -5.2574045119e-01  1.8563248329e+01  
3.8487806320e+00  1.2718655019e+00  1.3421076446e+00  6.3824886943e-01  7.4298712648e-01  6.8271924205e+01  1.5476210757e+03  1.4599308015e+00  3.6227077035e+00  -8.4642854314e+00  1.8044895790e+01  9.5648575980e-01  1.4018508751e+00  3.9609427037e-01  8.5708545928e-01  -1.7533699253e-01  5.9128116125e-01  -2.7325868144e+00  7.3798325223e+00  -1.5078855919e-01  1.1900552498e+00  -5.7742109596e+00  1.5811959693e+02  -3.5469239502e+00  2.3505725953e+01  
3.9490680695e+00  2.1776079669e-01  1.6334488521e+00  -2.1300816438e-01  6.0124905923e-01  6.2010855563e+00  5.4210204872e+00  1.2825022739e-01  6.3085945309e-01  6.4551100072e-01  1.4551517980e+00  1.0607964049e-01  3.5715764477e-01  1.1603074638e+00  1.0202997041e+00  -1.1285263734e+00  4.3280596907e+00  -9.6028994867e-01  1.9348498379e+00  -4.4263268571e+00  2.7016337686e+01  8.4248585135e-01  2.4964963522e+00  1.1830041830e-01  4.2029183095e-01  
4.0487036705e+00  -2.9245761299e-01  1.8933090009e+00  -4.7803735651e-02  5.2808174413e+00  -1.5846656262e+01  2.6589214377e+01  -1.7641035822e+00  2.7499931646e+02  3.0597532741e+00  3.8354089385e+00  -5.4640362140e-01  4.6616873334e-01  -1.5791232995e+00  2.3579237020e+02  1.3813226293e+00  1.2356129516e+00  4.8441173505e-01  2.9348494639e+00  -8.1149269337e-01  2.7552628593e+00  -2.9660512857e+01  1.3969327163e+03  8.3586474147e-01  4.4045613698e+00  
4.1485514641e+00  -2.9815072073e-01  2.6261155840e+00  1.8881987436e+00  2.5923439842e+00  -1.7664826312e+01  2.4362064503e+01  -3.8612444038e-01  7.5405886653e-01  4.3753416200e+00  1.1814883764e+01  1.7068623863e+00  2.3507320748e+00  -3.0592516388e-01  2.3659725781e+00  -4.5363088226e-01  8.4403920769e+00  -7.1163822032e+00  3.3892026755e+01  -1.3244715172e+00  1.2246696269e+01  -2.6708346111e+00  9.8546306029e+00  3.3036715188e+00  2.2813960993e+01  
4.2482933998e+00  1.8479204871e-02  2.2126136124e+00  3.8741488674e-01  4.5578753494e-01  6.6529933717e+01  1.4760069896e+03  -2.1052572296e-01  1.1693910812e+00  4.0673307699e-01  1.8008705177e+00  -3.2789486366e+02  1.6253717586e+04  3.7185831260e+00  8.5117841334e+00  4.0446227841e+00  7.1654148613e+01  1.1822569763e+00  3.9586386649e+00  1.0096141963e+00  7.2294412509e+00  5.6257029495e+00  2.0325326196e+01  -3.5147527602e+00  7.2382287349e+01  
4.3482728004e+00  1.1892498705e+00  5.4205251046e+00  6.1926024895e-01  1.0883528276e+00  2.1600443691e+01  1.5929843620e+02  1.4421061127e+01  7.6692173845e+02  4.3003995417e+00  4.4736760126e+01  1.1247372876e+00  2.8806839373e+01  7.0323482217e+00  2.0502606747e+01  5.0164791541e-01  1.5962168728e+00  -3.1386763701e-01  3.2251375055e+00  -5.3068451460e-01  6.7083011615e-01  -5.7021858110e+00  6.5045591702e+00  -8.5996669566e-01  7.9705807712e-01  
4.4485692978e+00  1.3951469967e+00  6.3659211460e+00  -1.3364262627e+00  3.7710760350e+00  -4.4858125933e+00  7.4700403834e+00  2.6655344296e+00  3.6332389027e+01  8.8929384924e-01  3.7579445337e+00  7.1932254453e+00  2.0920417537e+01  1.4281587793e+01  3.8519177802e+02  5.6622593958e-01  4.4744661343e-01  -2.8644289220e-01  8.5837009948e+00  4.7799160812e+00  6.0226432009e+01  3.1483128629e+00  8.8362724261e+01  -8.0647039003e-01  1.8190548558e+02  
4.5486536026e+00  6.6644239409e-01  3.7805602492e+00  -2.7781423861e-01  5.6636027606e+00  -1.5409181488e+00  4.5494321346e+00  -5.5357808728e-01  4.6916518948e+00  1.0437457455e+00  3.9341225626e+00  -1.0813162950e-01  1.2115373292e+00  1.0860409089e+01  1.1126117633e+02  -7.0430415206e+00  6.5624626229e+01  -2.1697671940e-01  2.4080583070e+00  8.0272142412e-02  8.0961234673e-01  6.5346997949e+01  1.2155925255e+03  -1.4109512121e+00  6.3404428712e-01  
4.6484260559e+00  -3.2903986272e+00  7.3314373748e+01  2.6136225389e-01  7.1177219584e+00  4.9599924794e+00  1.0798440737e+01  1.6490620295e-01  1.3492292613e+00  6.8693480108e+00  5.1301188613e+00  -8.8814292261e-01  9.7057421993e+00  -1.3464422210e+01  2.3679632174e+01  -7.7835200438e-01  2.3956818778e+00  8.5816796914e+00  1.3161257816e+02  -4.8197212339e-01  8.4701855929e+01  1.3963668348e+00  2.4764706960e+00  8.9092569751e-01  5.8487272348e-01  
4.7475581169e+00  -7.5844866141e+01  2.1728097478e+03  -1.5437496793e-01  2.9425396441e+00  9.7936449778e+00  2.2305255637e+02  8.2893364321e-01  1.3698395290e+00  -3.3451455504e+00  2.9310847359e+00  3.4202601872e+00  8.8773794798e+00  2.4793302189e+01  6.1014138372e+02  -3.3225769395e-01  3.7795270308e-01  -1.1767904897e+00  2.2725107827e+00  -3.4951545162e-01  9.1385623423e-01  -2.5552981588e+01  2.2019029197e+02  9.0996355427e+00  1.0838889680e+02  
4.8473076820e+00  -9.2343835061e+00  2.5132145696e+01  4.8182791906e+00  6.2257981290e+01  6.4585740090e+00  1.7825275150e+01  -4.8008649199e+00  3.0196088725e+01  -2.5302603695e+01  6.2132688954e+02  -3.2981886338e-01  5.7302390921e+01  5.1427842656e+00  5.0337388750e+01  -2.1596096533e+00  6.3486667666e+00  1.2118393623e+01  1.7262768071e+01  -2.1554066191e-01  5.4789479497e+00  5.0948198982e+00  1.0157706540e+01  -7.8334592178e-01  6.8877827192e-01  
4.9478492737e+00  -2.4502121732e+00  7.2698658527e+00  -2.5123688796e+00  8.9089887540e+00  -1.3946570976e+02  5.5176828423e+03  -1.6633588003e+00  2.3948284013e+01  -1.4520216704e+01  9.2159186947e+01  -4.0925234034e+00  2.0215577108e+02  -1.0370792134e+00  5.5591261121e+00  -2.8118922274e+00  6.2640161023e+01  6.0169145903e-01  5.0730089395e+00  3.3380432486e-01  4.3761128248e+00  1.2714842468e+01  7.9305917662e+02  3.8607357791e-02  6.6792673118e-01  
5.0465154648e+00  9.3299563128e+00  3.2853226137e+02  -1.2764759793e+00  4.3608279644e+00  -7.7066690037e+00  1.1017594978e+02  7.6384470587e-01  1.1859000531e+00  -2.7101057331e+01  3.5079616623e+02  2.0831038347e+00  2.1078897219e+02  2.8859075252e+02  1.0691186059e+04  -5.2778512432e-01  1.0780269531e+00  -1.3633415684e+02  8.0823544718e+03  -6.7615998366e-01  7.9133848271e-01  1.5389851985e+00  2.8506976579e+00  -9.6205986027e-01  7.8420934148e-01  
5.1469936371e+00  7.5469704948e-01  7.0040239176e+00  -3.1476558090e-01  1.1321329424e+00  -1.0324917045e+01  2.8832625863e+01  1.3504578382e-01  1.0982783370e+00  1.6294516037e+01  2.1169839344e+03  -1.9707130719e-01  3.7692374649e-01  -1.7181425516e+01  1.0468440081e+02  -5.7577079766e+00  2.7854301217e+01  -1.7168614600e+00  1.9156672766e+00  -2.3686336581e+00  2.4894436468e+00  6.9989636634e-01  1.4946858709e+01  2.1493945821e+00  8.4480869851e+01  
5.2460665703e+00  -4.6145975879e+00  4.1782344260e+02  3.6208632232e-01  9.9545276856e-01  -6.0337518262e+00  1.4629219519e+01  -4.1849388847e-01  1.5939036251e+00  -1.5576555948e+00  5.6467211515e+00  -1.9047243877e+00  7.7795681604e+00  1.5094019331e+01  2.0880709972e+02  2.6324477552e-01  8.3830564155e-01  3.8990096928e+00  7.5996309663e+00  -6.3264263473e-01  1.1811963681e+00  4.4570023496e+00  3.9305591843e+00  -2.7646538077e+00  6.4915279901e+00  
5.3436994553e+00  2.3137320048e+00  8.7430116117e+00  2.0361913278e+00  5.7840359628e+00  -2.6566511655e+00  4.7670101094e+00  -6.7981744978e+00  3.0394927144e+02  1.8680148951e+00  3.6851866091e+00  -9.5635505844e-01  9.8302744587e-01  -4.3807233295e+00  5.9805577124e+00  -7.0046705172e-01  1.2475088537e+01  9.0755400603e+00  8.0012567035e+00  -1.6200941521e+00  8.2129808369e+01  2.5390465658e+01  6.6793221265e+01  2.6046568781e+01  1.5904893369e+03  
5.4448995590e+00  -1.2849384277e+01  6.4224372563e+01  -7.8415055139e-01  7.7382364919e-01  2.0435656010e+01  1.6760112794e+02  1.0341476745e+00  2.3142425397e+00  -8.7311396162e+02  4.4215396075e+04  8.2317204973e-01  3.4796293273e-01  2.2166815362e+01  1.6397899190e+02  -7.8351324378e-01  1.0316251588e+00  1.7315593147e+00  3.9436261793e+00  -5.9401321532e-01  4.7239942926e+00  7.0476727840e+00  9.9321172348e+00  -2.2697575885e+00  3.4134607509e+00  
5.5431437492e+00  -2.5725636908e+00  5.6804265395e+00  -1.1403783671e+00  2.5078491741e+00  5.6213571677e+00  1.1612791004e+01  6.0289630396e+00  6.2433582823e+01  1.1526230601e+01  7.6402089981e+02  -8.7224208653e-01  1.8823329751e+00  -7.8320290211e+00  3.9985617073e+01  3.2695221405e+00  1.5678071477e+01  5.2500486974e+00  1.1095239543e+01  -9.7597399475e-01  1.3521718239e+00  -3.1150123730e+01  3.5703996940e+02  1.0305663088e+01  5.6947474793e+01  
5.6433148384e+00  1.7142234877e+01  8.4774717625e+01  -3.5889091190e-01  6.1890174333e-01  -1.7828840831e+01  1.7503521933e+03  6.2689795126e+00  1.5954072471e+01  6.3477099937e+00  2.1223202401e+03  1.6994598429e+00  1.4753341232e+00  3.5807929308e+00  5.5317225280e+00  -4.0128712102e+00  3.7569649447e+01  1.3919407521e+00  1.2852273004e+01  -6.8300319108e-01  1.6427104135e+00  2.1001103704e+00  3.5732975156e+00  2.0782460151e-01  1.1239607502e+00  
5.7420735359e+00  1.4799917480e+01  4.1994587601e+01  -1.8150669208e+00  2.6985605583e+01  -3.0722838831e+00  7.4956457694e+00  2.4606450468e+00  4.1239445774e+01  1.2276699753e+00  5.9500098637e+00  -1.8237684742e+00  1.8117808759e+00  1.0834850448e+01  1.0957413897e+02  1.4234923755e+00  1.9884367647e+00  -5.4024635393e+00  2.3326690735e+01  2.8508873130e-01  7.6872798740e-01  5.0033514701e+00  8.1648341256e+00  -1.2096841983e+00  8.6590816052e+00  
5.8357567787e+00  -3.0602783823e+01  8.0530437208e+01  -5.7543671223e-01  6.4379969797e-01  -4.6018198980e+00  1.3428319212e+02  1.0910281364e+00  2.5971287086e+00  -4.1182842619e+00  1.6129388751e+01  3.0486146339e-02  9.3425707908e-01  4.6127770343e+00  1.3400972424e+01  4.2908838089e-01  1.1997489684e+00  2.8120771272e+02  6.5453230726e+03  -3.4869862973e-02  1.1677228962e+00  2.5028416210e+01  7.1523321111e+02  -4.6799877097e-01  1.4795468742e+00  
5.9349541664e+00  1.7558569597e+00  1.7629411487e+01  -3.3846372162e+00  3.6294644775e+01  -1.2035441794e+02  1.6154271313e+03  2.5363198409e+00  7.8144630294e+00  -3.5922488227e+00  7.3262568760e+01  1.9078758716e+00  8.8544481667e+00  -3.9636313802e+00  1.0948510824e+01  -1.8944867718e+00  1.3622734380e+01  3.6628359371e-01  1.0206690661e+01  -2.7372550646e+01  1.2916332517e+03  -8.1071930750e+00  1.5874611566e+01  -1.3629049534e+00  1.5842011700e+00  
6.0336360931e+00  2.3243333258e+00  6.8632438895e+00  -5.1437637902e-01  8.0736173852e-01  -5.0570212224e+00  5.7227011236e+00  7.8220862001e-02  8.2246757478e-01  -5.4479141468e+00  1.1221454639e+01  1.1518166768e+01  1.6056120922e+02  1.3613051281e+01  1.0281883089e+02  4.6960932013e-01  2.2086578159e+00  -2.7482501879e+01  7.0470296595e+01  -8.8072968499e-01  1.7082925966e+00  -3.4034539035e+00  5.5507873087e+00  9.9422700515e-01  1.3920656622e+00  
6.1333236694e+00  7.1361095711e+00  2.1143449136e+01  -7.1806237917e-01  6.7459746835e-01  9.1811721234e-01  1.4983810491e+01  8.8809696911e+00  9.9449945614e+01  2.4375366415e+01  9.7337361096e+01  2.4680257286e-01  4.2298299819e-01  8.0243702061e+00  4.1046745803e+01  2.9265904057e+00  2.0248554568e+01  -4.9986341415e+01  6.8097376607e+02  5.2064809506e-01  3.9436996715e+00  -1.9723417837e+00  1.3510572030e+02  -2.9823108900e+00  1.6096750295e+01  
6.2303290367e+00  -4.1179512395e+01  5.8097281433e+02  -8.6752089058e-02  4.5885908562e+00  4.2941723000e+00  9.9366152690e+00  -2.2928801291e-01  3.4352568647e-01  -3.6927921367e+01  1.1483086904e+03  -1.2534155062e+00  1.6333155895e+00  -1.9064104514e+01  9.4163821271e+02  1.5427541832e+00  3.2132023108e+00  2.6619663633e+00  1.6219440645e+01  -1.3436271050e+00  6.3057574179e+01  -7.3111443026e+00  4.8375332427e+01  -1.1910810408e+00  1.3724399311e+01  
6.3236742020e+00  3.0580875315e+00  9.6245307202e+00  -2.3663164982e+00  3.2466198532e+00  -3.7136958346e+01  4.4055936296e+02  -1.4877757401e-01  6.2741640541e-01  7.7164732862e+00  8.8563832732e+00  -4.3042625444e-01  4.9551568369e-01  -9.5162268154e+01  1.3963974294e+03  -4.5721474248e-02  8.4114710229e+00  2.5049967091e+01  2.3421789924e+02  -8.5854203713e-01  7.9291676276e-01  -3.2873313123e+01  2.9465676774e+02  6.8135667032e+00  2.2271509905e+01  
6.4194073677e+00  2.1906142758e+01  3.1914317412e+02  -1.0002886890e+00  3.0715393679e+00  -3.8676032433e+01  3.4083631829e+02  1.1458426982e+00  1.8460754034e+00  -1.7160254290e+00  7.6331169525e+01  -4.2812957276e+00  5.2044908352e+01  7.3751378987e+00  3.6992465908e+01  5.6121593383e-01  9.2436329596e-01  2.0442697166e+01  9.7298243038e+01  -1.1091124976e+00  1.1815531686e+00  3.3273710004e+00  1.1327597029e+01  -1.4395831687e+00  1.8605775864e+00  
6.5183978081e+00  -1.8053044867e+00  2.8672238328e+01  -1.2507936725e+00  6.3447737974e+00  6.9428632950e+01  3.8347580719e+02  1.3202197826e-02  1.0424710258e+00  -3.7536003123e+01  2.5819615859e+02  3.3636637152e+00  9.2210813688e+00  -6.1112561446e+00  4.3503911641e+01  1.4705444567e+00  1.5399218753e+00  2.1621427160e+00  8.9344164545e+00  -3.4923962055e-01  6.5246225637e-01  1.1693589574e+01  1.6048171414e+02  6.8410909149e-01  3.6688126667e+00  
6.6157860756e+00  7.7274617420e+01  8.7922384280e+02  -1.4851079611e+00  7.9137696400e-01  -4.1526960192e+01  1.9383681534e+02  3.6342199456e+00  3.3620830475e+00  -3.4810086043e+01  5.0907421893e+02  -1.6396267407e+00  1.4123343010e+01  7.0165058497e+00  2.5809773092e+01  -3.8494088999e+00  1.6585376883e+01  1.1102446132e+00  5.4572411174e+00  -2.2420408936e+00  3.9975283602e+00  3.2980133519e+02  5.1262308767e+03  5.0650358690e+00  8.8049261719e+01  
6.7131991386e+00  5.3296235027e+00  3.4298504109e+01  -5.4057834583e-01  2.8474278622e-01  1.8346779780e+00  7.9311456877e+01  -9.0331812441e-02  1.8511424708e+00  5.8441441815e+01  2.9940234170e+03  7.5286889226e+00  3.0448238969e+01  2.5207973362e+00  4.7052910038e+01  1.0214091878e+00  3.8828322734e+00  1.4950079737e+00  1.1191558119e+01  -2.0390761915e+00  1.3978312771e+00  -5.7321263491e-01  1.2109192640e+01  -4.2613284711e-01  1.5490435652e+00  
6.8075771332e+00  -1.2102828027e+01  1.3510857874e+01  1.2973439579e+00  2.3421996162e+00  -2.9104307007e+01  4.2408616757e+01  7.4728310226e+00  3.2610830248e+01  -7.5655189348e+00  3.1873457456e+01  7.2862843264e-01  4.9980842448e-01  -8.5473407663e+00  9.5170310643e+02  1.3511536524e+00  4.0068531620e+01  8.2745963953e+00  6.2909109647e+01  1.6235090386e+00  1.4611625110e+01  -8.6872021983e+00  1.6747890880e+01  -1.8378221725e-01  1.1257716601e+00  
6.9043779373e+00  1.2554372058e+01  1.3179384553e+02  -1.6047208494e+00  5.1988968848e+00  -4.3919488384e+01  2.8795229605e+03  -2.5621092458e+00  5.4387045740e+00  -3.9451075769e+01  4.2658911035e+02  5.6312129157e+00  1.0618180060e+01  -2.0973199901e+00  4.6110252554e+01  -5.4367819928e-01  1.1169275835e+01  1.6361416800e+01  3.9472016270e+01  -1.8448294611e+00  1.2403798688e+00  3.5587232884e+01  2.3786744463e+04  4.5898040664e+00  5.1846180476e+00  
