#eta  rn(eta)  rn_err(eta)  rnn(eta)  rnn_err(eta)
-6.9999942780e+00  1.4297107523e+00  4.5293467855e+00  0.0000000000e+00  0.0000000000e+00  -1.4934365375e-01  2.6979429730e-01  0.0000000000e+00  0.0000000000e+00  2.4232352241e+00  2.7558227280e+01  0.0000000000e+00  0.0000000000e+00  -8.4099541660e-02  2.9030076841e-01  0.0000000000e+00  0.0000000000e+00  2.1607755337e+01  5.1971679530e+01  0.0000000000e+00  0.0000000000e+00  2.7194322363e-01  8.0208766694e-01  0.0000000000e+00  0.0000000000e+00  
-6.8993239403e+00  3.4251322166e+00  2.2020363138e+01  0.0000000000e+00  0.0000000000e+00  -6.2634229908e-02  2.9341810171e-01  0.0000000000e+00  0.0000000000e+00  2.2567673716e+00  1.8276671293e+01  0.0000000000e+00  0.0000000000e+00  -1.9198484132e-01  6.2886066279e-01  0.0000000000e+00  0.0000000000e+00  5.7187944468e-02  7.6583687727e-01  0.0000000000e+00  0.0000000000e+00  -2.3696144269e-01  4.9986405126e+00  0.0000000000e+00  0.0000000000e+00  
-6.7991824150e+00  4.6977760063e+00  3.6620530950e+01  0.0000000000e+00  0.0000000000e+00  -1.3702614063e+00  1.8426366242e+01  0.0000000000e+00  0.0000000000e+00  -4.3568431941e+00  9.4898532432e+00  0.0000000000e+00  0.0000000000e+00  -3.2839879429e-01  8.8524742658e-01  0.0000000000e+00  0.0000000000e+00  -3.0470772031e-02  3.3902453084e-01  0.0000000000e+00  0.0000000000e+00  -1.4433018411e+00  9.6602948375e+00  0.0000000000e+00  0.0000000000e+00  
-6.6993489265e+00  3.0344811527e-01  2.9201754743e+00  0.0000000000e+00  0.0000000000e+00  -1.3547304277e+00  1.6662474446e+02  0.0000000000e+00  0.0000000000e+00  -1.4030014901e+00  4.6882006405e+00  0.0000000000e+00  0.0000000000e+00  4.8306924059e-01  2.0592823716e+00  0.0000000000e+00  0.0000000000e+00  1.3832784249e-01  2.5700937471e+00  0.0000000000e+00  0.0000000000e+00  -7.7996118875e-01  5.1621290899e+00  0.0000000000e+00  0.0000000000e+00  
-6.5984039307e+00  -9.7511206816e+00  5.0016721358e+01  0.0000000000e+00  0.0000000000e+00  -1.6781844906e+00  3.2060404886e+01  0.0000000000e+00  0.0000000000e+00  -7.5871980909e-01  1.0024771535e+01  0.0000000000e+00  0.0000000000e+00  4.0579578439e-01  8.2272562380e-01  0.0000000000e+00  0.0000000000e+00  6.0743687966e-01  3.3263087226e+00  0.0000000000e+00  0.0000000000e+00  1.9536735944e-01  1.6005722497e+00  0.0000000000e+00  0.0000000000e+00  
-6.4989347458e+00  4.1932840294e+00  1.3466671743e+01  0.0000000000e+00  0.0000000000e+00  -3.0520403437e+00  2.7427810592e+01  0.0000000000e+00  0.0000000000e+00  -2.2572388486e+00  4.6243115976e+01  0.0000000000e+00  0.0000000000e+00  -8.4577911226e-01  1.8934312207e+00  0.0000000000e+00  0.0000000000e+00  7.7727708950e-01  3.9536784752e+00  0.0000000000e+00  0.0000000000e+00  -1.9868285015e+00  4.4337056339e+00  0.0000000000e+00  0.0000000000e+00  
-6.3988022804e+00  3.4957054261e+00  2.1526776902e+01  0.0000000000e+00  0.0000000000e+00  9.7498019035e-01  5.4390485803e+00  0.0000000000e+00  0.0000000000e+00  -7.2923006673e+00  2.8172968924e+01  0.0000000000e+00  0.0000000000e+00  -2.1963883683e-02  8.1139187224e-01  0.0000000000e+00  0.0000000000e+00  1.0873042989e+00  7.8587917561e+00  0.0000000000e+00  0.0000000000e+00  5.9557983497e-01  9.4338278485e+01  0.0000000000e+00  0.0000000000e+00  
-6.2978615761e+00  -6.2603693830e-01  8.0829085750e-01  0.0000000000e+00  0.0000000000e+00  4.8067426058e-01  6.6537404723e-01  0.0000000000e+00  0.0000000000e+00  -6.7214545724e-01  3.0809422140e+00  0.0000000000e+00  0.0000000000e+00  2.6831006007e-01  4.9136267717e-01  0.0000000000e+00  0.0000000000e+00  -2.5910803566e+00  6.9343895385e+00  0.0000000000e+00  0.0000000000e+00  -7.4429616475e-01  3.6078844359e+01  0.0000000000e+00  0.0000000000e+00  
-6.1977524757e+00  2.7521273844e+00  5.6989475925e+00  0.0000000000e+00  0.0000000000e+00  1.0056863730e+00  6.1173553436e+00  0.0000000000e+00  0.0000000000e+00  -4.7094607464e-01  1.3271116083e+00  0.0000000000e+00  0.0000000000e+00  8.9402057141e-01  1.9047550695e+01  0.0000000000e+00  0.0000000000e+00  -1.7645915363e+00  1.4290506007e+01  0.0000000000e+00  0.0000000000e+00  -2.1846336048e+00  1.1973886842e+01  0.0000000000e+00  0.0000000000e+00  
-6.0968613625e+00  2.3485805037e+00  1.0802138968e+01  0.0000000000e+00  0.0000000000e+00  -6.2413004708e-01  7.0637681844e+00  0.0000000000e+00  0.0000000000e+00  -2.6442977986e-01  1.6287152228e+00  0.0000000000e+00  0.0000000000e+00  -1.2169511279e+00  6.9267880697e+00  0.0000000000e+00  0.0000000000e+00  8.0790005243e-01  1.5615954468e+00  0.0000000000e+00  0.0000000000e+00  6.7220875908e-01  1.0031440723e+00  0.0000000000e+00  0.0000000000e+00  
-5.9977688789e+00  6.2931927979e-01  1.1326611185e+00  0.0000000000e+00  0.0000000000e+00  2.7380199373e+00  8.0488752632e+00  0.0000000000e+00  0.0000000000e+00  -9.4865712137e-01  1.0644955477e+00  0.0000000000e+00  0.0000000000e+00  -4.4878919625e-01  7.2780644521e-01  0.0000000000e+00  0.0000000000e+00  -7.5172711289e+00  6.8407704175e+01  0.0000000000e+00  0.0000000000e+00  -3.9872505580e+01  2.2895406239e+02  0.0000000000e+00  0.0000000000e+00  
-5.8967061043e+00  6.6364833471e-02  1.6059196567e+00  0.0000000000e+00  0.0000000000e+00  -5.0673856608e-01  3.6553198033e+00  0.0000000000e+00  0.0000000000e+00  -2.3634272929e-01  5.6487908618e-01  0.0000000000e+00  0.0000000000e+00  4.3589460278e-01  1.3381012473e+01  0.0000000000e+00  0.0000000000e+00  6.4179714961e-01  8.1257040560e-01  0.0000000000e+00  0.0000000000e+00  5.9258154558e-01  1.7749302240e+00  0.0000000000e+00  0.0000000000e+00  
-5.7959771156e+00  8.6920420535e-01  9.3533037523e-01  0.0000000000e+00  0.0000000000e+00  6.9193590739e-01  3.7287256295e+00  0.0000000000e+00  0.0000000000e+00  -4.4464278447e-01  2.6521918216e+00  0.0000000000e+00  0.0000000000e+00  2.7099313474e-02  1.6680747577e+00  0.0000000000e+00  0.0000000000e+00  1.4693192525e+00  1.0068996380e+01  0.0000000000e+00  0.0000000000e+00  1.2069214131e+00  3.2145737576e+00  0.0000000000e+00  0.0000000000e+00  
-5.6962785721e+00  1.6084771873e-01  5.3063633966e-01  1.1074200656e+00  1.1074200656e+00  1.3808007436e+00  1.5409215255e+00  2.0133561325e-01  2.0133561325e-01  1.6682794542e+00  1.9039107625e+00  2.0614051320e+00  2.0614051320e+00  -2.7486152410e+00  1.3122873731e+01  6.1761709477e-01  6.1761709477e-01  -1.6332390361e+00  1.4782192854e+00  -5.5514470299e-01  5.5514470299e-01  -6.0845953219e-01  1.1307590676e+00  -1.4077743368e+00  1.4077743368e+00  
-5.5960445404e+00  1.1188843792e+01  8.3083929066e+01  1.8665600071e+00  1.8665600071e+00  2.6000768769e+00  1.7322182895e+01  1.1827250540e+00  1.1827250540e+00  -2.7373872716e-02  2.1498995888e+00  1.3355357888e+00  1.3355357888e+00  7.0232727130e-01  1.1912635478e+00  1.4136827700e+00  1.4136827700e+00  8.2015962579e-01  1.1414046986e+01  1.2722081909e+00  1.2722081909e+00  -1.4771066553e+00  2.0423765067e+00  -3.0724932772e-01  3.0724932772e-01  
-5.4959149361e+00  -6.4816670838e-01  2.2980578141e+00  0.0000000000e+00  0.0000000000e+00  -1.4134226455e+00  1.4017340064e+00  0.0000000000e+00  0.0000000000e+00  6.8040873694e+00  1.2472744489e+02  0.0000000000e+00  0.0000000000e+00  9.4482811776e-01  1.7585971034e+00  0.0000000000e+00  0.0000000000e+00  1.7093953108e+00  2.9346631177e+00  0.0000000000e+00  0.0000000000e+00  1.5237688265e+02  1.5768209439e+03  0.0000000000e+00  0.0000000000e+00  
-5.3957920074e+00  -2.8003623848e+00  1.2783501823e+01  -5.7529896900e-02  5.7529896900e-02  4.5533568991e+00  1.2530134389e+02  6.8665926968e-01  6.8665926968e-01  5.0265301517e+02  2.8260040625e+03  -3.2289721466e+00  3.2289721466e+00  6.0654653735e+00  9.2665606203e+01  -4.5865000516e+01  4.5865000516e+01  -2.5958865464e-01  7.5800166872e-01  -1.6524807929e-01  1.6524807929e-01  1.2041330170e-01  5.2260360633e-01  4.5804695670e-02  4.5804695670e-02  
-5.2957005501e+00  -1.3358584872e-01  1.4913137302e+00  1.9766390363e+00  6.6088275087e+00  -4.5561029958e-01  2.3769858449e+00  5.8798164395e+00  1.3128883957e+01  -6.7545477601e+00  6.3305728604e+01  -2.1824974497e+00  8.3160535149e+00  5.0874826426e+00  3.8293874231e+01  -2.0970663104e+00  4.9089344347e+00  1.0350054147e+00  4.2641955600e+00  9.5033290806e-01  4.1638419112e-02  -6.7292074077e+00  6.6098886694e+01  4.3044312500e-02  1.4823930525e+00  
-5.1953330040e+00  -5.1450408636e-01  1.4607916961e+00  -2.1269265077e+00  3.7646290142e+00  -2.8467609657e+00  7.0585815026e+00  4.8500388616e-01  1.2750574684e-01  1.9053876650e+00  5.0566274803e+00  -1.1366082592e+00  2.7119043252e+00  6.3479034287e-01  1.9312643651e+00  6.5399347052e-01  4.8269986749e-01  -8.1594389838e-01  6.4468526590e+00  -5.2442364137e-01  1.7906714577e+00  4.7662563687e-01  1.2716140908e+00  -1.1307126195e-01  8.3568958655e+00  
-5.0942835808e+00  1.3540797869e+00  7.6367503821e+00  0.0000000000e+00  0.0000000000e+00  -1.8416992894e+00  2.3444349718e+00  0.0000000000e+00  0.0000000000e+00  -1.4050645338e+00  1.3969778716e+01  0.0000000000e+00  0.0000000000e+00  2.9670599084e+00  1.1107033633e+02  0.0000000000e+00  0.0000000000e+00  -1.0189154106e+00  2.2228298945e+00  0.0000000000e+00  0.0000000000e+00  5.0173806819e-01  1.1986459914e+00  0.0000000000e+00  0.0000000000e+00  
-4.9940948486e+00  -2.2999435111e-01  9.6085116941e-01  -4.6387692580e-01  4.6713325128e-01  -2.6129524782e+00  1.8007684351e+01  1.1251769457e+00  1.2201487697e+00  4.8854606675e-01  1.8200242897e+00  -6.8111959185e-01  1.4290048196e+00  1.7063635456e-01  3.4533575600e+00  -9.4639982324e-02  1.2345776957e+01  -1.0286556251e-01  5.3362205493e-01  1.3251884371e-01  1.0766972792e+00  -1.2026188524e+01  5.2616100115e+02  3.4187575156e+01  7.0338862994e+01  
-4.8941779137e+00  -2.1718935065e-01  8.7293385563e-01  -6.9403854540e-02  2.8655755795e+00  1.1463521460e+00  3.1580754183e+00  2.2999359635e-01  2.8405441450e+00  -4.7481800107e-01  9.2419380392e-01  -9.9286262937e-01  6.7374192766e-01  -3.8779925601e+00  9.5120027573e+02  1.7381129041e+00  2.8292368798e+00  -1.4750368050e+01  1.8184194234e+02  7.3857458538e-01  1.4327308126e+00  -3.9812954569e-01  1.4183253016e+00  -1.4503107117e+00  4.0628357225e-01  
-4.7949905396e+00  -3.2804994956e+00  6.3568105903e+01  -4.7816855553e+00  1.0098137709e+01  -1.3458786638e+00  7.5149783412e+00  2.0443184388e+00  2.8118065575e+00  -6.3615137566e-01  1.4538028146e+00  -1.4789708842e+00  1.1218483314e+00  2.4211572436e-01  2.6184907580e+00  -2.5977726742e-01  4.4617547938e-01  9.7579513427e-01  2.2317529297e+00  7.9559357682e-01  1.7875889447e-01  -8.0933911031e+00  2.1833016883e+02  -4.0142147922e-01  1.4847673299e+00  
-4.6946544647e+00  3.3764028953e+00  1.0671642845e+01  -3.9899154447e-01  8.8553840413e-01  4.1890048509e-01  2.9718096449e+01  1.3584076665e+00  2.1394190918e+01  5.9052767427e-01  5.2697574488e-01  -1.0993066976e+00  6.9128689452e-01  7.6447184640e-01  1.6570674155e+00  -7.7643134187e-02  1.2018178048e+00  3.8807760317e+00  1.0381961639e+02  5.1784033962e-01  1.5632668444e+00  -4.2755936884e+01  1.8073244691e+03  9.9965414381e-01  4.3525340904e+01  
-4.5941071510e+00  1.3171463239e+00  4.9224518652e+00  -1.0953078120e+01  4.1688794261e+01  -9.6424235357e-01  1.7810159795e+00  2.0198220000e-01  3.8338248234e+00  1.3730534981e+00  2.7283782086e+00  -2.0776362702e+00  1.2048216919e+00  1.5621375302e+00  3.3140872573e+00  8.7648276733e-02  1.5521793894e+00  1.3795550482e-01  5.3974132805e-01  1.0889708643e+00  1.1837824372e+00  4.7165204690e-01  1.3077598618e+00  2.1921934919e-01  9.1563177993e-02  
-4.4945416451e+00  8.2470974582e-01  3.1175309718e+00  4.5469464961e+01  7.4027460227e+01  -1.5032578859e-01  1.1584220734e+00  -7.5574895855e-01  1.3905477620e+00  -4.9926790954e+00  9.0602187795e+00  -1.3496626728e-01  9.2299788615e-01  1.8672970942e-02  5.0718086176e+00  -2.6415222920e+00  7.8268011298e+00  2.2495695833e+00  4.3603573803e+00  1.9699224635e-01  2.1761768917e+01  9.9810415173e-01  4.1728500352e+00  -5.2068713458e+00  6.0320133711e+00  
-4.3942441940e+00  4.2150362724e-01  8.5938968527e+00  -5.4805311107e-01  6.1360599221e+00  4.8483850719e-01  2.1363444436e+00  1.5954771460e+00  4.3969142450e+00  -4.0611340861e-01  1.3225926269e+00  -1.4034223471e+00  4.1288404372e+01  -3.3012521997e-02  1.7417486914e+00  -6.3799564908e-01  4.1979160177e-01  2.8119173942e+00  4.8769901802e+00  -4.4040714733e+00  7.4925800479e+00  -2.6386578978e+00  1.2199090073e+02  2.1684041700e-01  2.6147475764e+00  
-4.2925834656e+00  2.3550464154e+00  1.8346490899e+01  -1.7009996153e+00  5.9195442356e+00  2.0984197719e-01  5.3655220032e+00  1.4261216625e-01  7.1395353217e-01  -8.7698829035e+02  6.4497313269e+03  -1.8940966998e+00  2.0420840835e+00  -3.2676728301e+00  5.0502259089e+01  9.5774285190e-01  1.1296514052e+00  -5.1500930175e-02  1.0282958884e+00  4.4209673420e-01  8.8319486202e-01  -2.1121601369e+00  1.0194193739e+01  1.1125894612e-01  8.6006813769e-02  
-4.1922607422e+00  -2.6576565140e+00  3.7648375326e+01  -8.0591484177e-01  1.3021073247e+00  -4.3389735059e-01  8.1096384264e+00  -1.6723882951e+00  5.3925779848e+01  -9.1784555389e-01  1.2759107326e+00  7.2887333656e-01  3.8225228667e+00  4.9535453219e+00  8.0952431954e+00  -1.4456877997e+00  4.1239028147e+00  -2.1908754130e-01  8.1995765871e-01  8.7648999799e-01  1.0232542572e+00  1.6314674398e-01  8.3506341988e-01  -2.0995119673e+00  5.2549691727e+00  
-4.0894374847e+00  2.0496140240e+00  3.2780703615e+00  -1.0574019697e+00  1.1169805480e+01  3.3704983864e+00  1.9658675676e+02  -2.1599570358e+00  3.0152998836e+01  -9.3893116465e-01  1.3076302501e+00  -2.7666089114e+01  1.3541757746e+02  1.7128333982e+01  4.1532672331e+02  -1.1881856897e+00  1.0322700071e+00  1.3509108776e+00  4.3753018944e+00  -1.7478369458e-01  1.6344065762e+00  -4.0930655010e-01  6.5048175451e-01  7.7490320970e-01  1.4197158045e+00  
-3.9864361286e+00  -4.3196266885e-01  5.7489422326e-01  -5.1555710018e+00  4.7524032914e+01  -5.1474196997e+00  6.7491994144e+01  4.4786930942e-01  1.1514952832e+00  2.2503533738e+01  4.6725093257e+03  2.5651024705e+00  8.2211369856e+01  7.2005643081e-01  5.2883259812e-01  2.6691359139e+00  6.0894174303e+01  1.2543795134e-01  8.2478677928e-01  2.1886566925e+00  4.4240029851e+00  -3.9813393260e+00  1.8997155075e+01  -9.8099465212e+00  9.3700337192e+02  
-3.8822133541e+00  5.5044130899e+00  5.5645304542e+01  2.0921356472e+00  1.3981055378e+01  -3.1815975232e-01  6.1484175031e-01  -1.0995314177e+00  1.3447059028e+01  7.5429150118e+00  2.9897154284e+03  -6.4601932581e-01  3.9272508959e+00  7.4549731932e+00  4.0949073571e+02  1.1460561779e+00  1.3204512421e+00  -5.3403984140e-01  6.5859087553e-01  4.3067097885e-01  6.8538249115e-01  -7.2215916736e+00  2.0516594719e+02  1.7955135828e+00  3.9938126658e+01  
-3.7789187431e+00  2.0969468409e+00  1.1009419700e+01  1.4104980411e-01  1.0011073184e+01  -3.0029304128e+01  4.4437781938e+03  -1.7470289159e-01  5.0784843795e-01  -2.2553085628e+00  1.0466750458e+02  -4.7446221500e-01  1.4856558345e+00  -3.4537183591e-02  1.4142606882e+00  1.2049241668e-01  9.8804837342e-01  -1.1192795358e+00  8.8717955663e-01  1.8170106350e-01  8.1207578782e-01  3.7787409612e+00  4.4119882058e+01  -6.1318118427e-01  3.7442798944e+00  
-3.6744239330e+00  -2.5071750782e+00  1.8938611114e+03  -1.2473999607e+00  9.9842813146e-01  -3.8100067646e+00  1.8111842337e+01  1.3427410828e+00  1.0903294716e+03  -4.3469393294e+00  1.4880178768e+01  -6.1302592979e-01  7.2785811856e-01  -2.7622985441e+00  5.4423273464e+00  2.5864119059e-01  6.0473749543e+00  5.2913950685e-01  1.8202054372e+00  1.4518306925e+00  2.2434576540e+00  -4.9873615509e-01  6.5964121516e-01  -1.8469573185e+00  3.4343031373e+00  
-3.5704317093e+00  -4.1413773117e+00  6.6407133996e+00  -4.5551988601e+00  3.7524137403e+01  -2.3017209447e+00  3.4527409979e+00  3.7637377195e-01  1.3569383414e+01  2.2145516387e+00  2.4324340843e+00  -2.6992582306e+00  1.1565249773e+02  3.0118375641e+00  5.7881518582e+00  6.6265359518e-01  1.0279521239e+00  7.1765631021e-01  6.6125029320e-01  -2.6460280309e+00  3.7142697742e+01  -4.3008040620e+00  9.2830362595e+01  9.4976311757e-01  3.8601942600e+00  
-3.4698932171e+00  -3.0045403778e+00  4.9090546167e+00  2.9958063090e-01  9.7160571209e-01  -2.1078747928e+00  1.5978704017e+00  -1.0089910642e+00  1.0544213702e+00  -2.2900343744e+00  2.3197725315e+00  -5.7937246872e-01  1.5323703274e+00  5.6347331882e+00  5.0785819665e+01  2.1135337382e+00  6.2427637527e+00  2.2126721043e+01  6.8543784508e+02  1.9755021150e-01  1.5366466424e+01  1.1485387521e+00  6.4591532477e-01  -4.2387580096e-01  5.0464980043e-01  
-3.3638622761e+00  2.7151906605e+02  2.3619648457e+04  -2.0888547246e+00  1.9014051779e+00  6.7600429369e+00  6.1640318640e+01  1.7849949590e+01  2.1888429944e+03  1.3112831249e+01  2.3829296638e+03  -1.0616797057e+00  1.6082726783e+02  -1.7605749875e+00  1.9829494357e+00  5.8523917080e-01  3.2484087141e+00  6.9644650901e+00  4.4961568826e+01  1.6998835873e+00  2.8172713829e+00  -1.2180288666e+01  5.3750410032e+02  -5.1542792763e-01  1.0553896368e+00  
-3.2638611794e+00  -1.6232054862e+01  1.0887053844e+02  5.3449630222e-01  3.0883143722e+00  4.7569517571e+00  1.3307599738e+01  2.3357321716e+00  6.8575062842e+01  6.0878190909e+00  9.7937594207e+00  -8.3577818265e-01  9.7298059693e-01  -1.0905947379e+01  3.1461044898e+03  8.5301034814e-01  3.9751415733e+00  -1.9722636641e+00  2.2539440979e+00  -8.9918423999e-01  2.5805569485e+00  2.0023977806e+00  2.5004473455e+00  -1.2856787695e-01  1.9195910896e+00  
-3.1594309807e+00  6.3109964474e+00  4.4652283086e+00  -3.7888375049e+00  3.7977312882e+00  4.6315488216e+00  4.9070437419e+00  -5.7564175083e+00  2.6628545289e+02  -4.4012611091e+00  4.3949260959e+00  1.7553415547e+00  3.9673525667e+00  1.9827659465e+01  2.7046425708e+03  -7.8407476059e-02  1.7132965470e+00  2.5034599832e+01  6.9584639347e+02  5.1909561025e+00  9.7728549355e+01  4.5543153917e+00  4.6959753980e+00  -6.5380344980e+00  4.3070928270e+01  
-3.0598819256e+00  -2.9099536096e+01  3.2507300482e+02  -2.2616066961e+00  4.2742429871e+00  -3.2347806129e+00  2.7031277153e+00  -2.7781891765e+00  6.3274070415e+00  -1.5038758085e+02  1.3357549298e+04  -5.2610699052e+00  1.5333160213e+01  -6.1906345201e+01  3.3532634476e+03  -5.5308961496e-01  1.2813059339e+00  -2.8437539441e+00  2.1766012734e+00  -8.4618058108e-01  5.3985719008e-01  5.9564826425e+01  3.2115482586e+03  4.4572900232e+00  1.4652393804e+02  
-2.9576437473e+00  -1.0883421356e+01  1.0741313282e+01  -2.2167982921e+00  1.1852765985e+00  -1.3200742951e+01  4.0566185026e+03  -1.9922097500e+01  1.4775318757e+03  5.7937848120e+00  8.5107812669e+00  -4.5083715943e-01  1.5218823775e+00  -1.3404169919e+00  8.4050125163e-01  1.1120719699e+00  2.9373789395e+00  4.8434668388e+00  7.7581070597e+00  -8.4980916913e-01  7.8079812206e+00  2.9422415686e+01  4.1348450281e+03  -3.6748851208e-02  1.4410904487e+00  
-2.8547523022e+00  3.6779886129e+00  4.3604259412e+03  5.5746835596e+00  7.1737250119e+00  1.4633930094e+01  7.9257392689e+02  -8.6301750324e-01  3.4198429139e-01  3.7994365204e+00  2.5533762430e+00  8.6716910750e-01  1.9510466740e+00  -8.0600053896e+00  2.9626017219e+01  1.7073018048e+00  1.6845285855e+00  -1.7327156562e+01  3.0637863105e+02  -1.1726606767e+00  4.2018366565e+00  3.0036093615e+00  3.0688538860e+00  1.5612379564e+00  2.7608917658e+00  
-2.7547950745e+00  8.5327205218e+01  1.4148089317e+03  -2.4092694572e+00  1.7691437295e+00  -1.0103519772e+01  2.2392288768e+01  -1.9094542643e+00  2.1299078924e+01  -6.6990167357e+00  7.2635181218e+00  7.0301998848e-01  8.9809831169e+00  -1.3596242005e+01  2.9663459061e+01  3.1407584532e+00  5.9335961947e+00  -1.8372823222e+01  9.3403219716e+01  -9.7845408748e+00  1.5222242616e+02  -1.9447004449e+01  2.4909023369e+02  -1.9758046366e+00  2.4118751039e+01  
-2.6551060677e+00  1.7257111544e+01  8.7866923368e+01  5.7239327617e+00  5.9783336176e+00  6.3902480342e+01  2.6658569866e+03  -9.8817899628e-01  1.8526757693e+00  -6.1223496776e+00  1.0695203225e+01  3.4173074912e-01  7.2824804237e-01  -2.5849554190e+01  3.5712306457e+03  5.0423546671e-01  1.5913033600e+00  -1.7519735345e+01  9.2229686081e+01  1.5783173966e+01  1.8662111011e+02  -1.9190591356e+01  4.2441593109e+02  4.2547484383e+00  1.5136753678e+01  
-2.5552344322e+00  -1.5567407253e+01  2.4006806997e+01  -6.6091511797e+00  2.8289069158e+01  1.4577522857e+01  2.7360175075e+01  -6.2519994488e+00  1.7637452915e+01  7.2947414639e+00  7.3992941486e+00  -1.9087010551e+00  8.8885414026e-01  -3.3329187909e+00  1.8896532487e+00  1.2580723423e+01  3.4861442893e+01  2.6495996561e+01  2.4724959703e+02  2.0095654816e+00  9.1114023884e+00  -1.4579371647e+01  3.6226160357e+01  -6.1853379020e+00  1.2392568731e+01  
-2.4539301395e+00  1.1644617223e+01  1.0669192875e+01  -3.4199727440e+00  2.6823293905e+00  2.3823124460e+01  3.9916795004e+02  -6.9835668966e-01  6.3922259498e-01  -4.3623164151e+00  4.4229923992e+00  4.0477422487e-01  6.3023630966e-01  -7.4018958006e+00  1.4279357811e+01  -6.3093687565e-01  6.8623221937e-01  -6.4227495870e+00  8.1381826085e+00  2.5602769907e+00  8.0419543441e+00  1.1238761209e+01  1.6409507948e+01  -1.0312682015e+00  1.5911381587e+00  
-2.3545336723e+00  3.8913529971e+01  3.8698870411e+02  -2.9714737711e+01  8.1272356873e+02  -4.6214854343e+00  7.6341748648e+00  5.2302522760e-01  1.0477854675e+00  -2.4171348403e+00  3.0765938937e+00  -4.4863017756e-01  6.5101686608e-01  -6.2132781221e+00  1.2698667934e+01  -5.2280226465e+00  2.0181348078e+02  1.7609318229e+01  3.0436469028e+02  1.8743512610e+00  2.1754923775e+00  4.1733554607e+00  9.1219515875e+00  1.0246882116e+00  2.6096804546e+00  
-2.2534329891e+00  -1.8364173569e+01  2.5568186693e+01  7.0189878624e+00  2.7064139736e+01  8.3294369505e+00  1.9423239733e+02  -3.1577251183e+00  9.9139323525e+00  -4.5777223387e-01  1.4850684359e+02  2.8146410001e+00  6.8224978616e+00  -1.9537457806e+00  1.0421742369e+02  -7.9431480529e-01  4.6681779039e-01  3.4401006940e+00  1.3749278601e+01  7.1707516759e-01  1.1515832408e+00  1.6374622759e+00  9.6271647524e+00  1.4947898410e+00  2.0299784736e+00  
-2.1523933411e+00  7.7684253638e+01  1.7734621722e+03  -8.2720521235e+00  3.7167365722e+01  -3.1145531600e-01  1.3301221638e+02  1.0086909833e-01  4.8124911440e-01  -2.5276148828e-01  4.2979732558e-01  -1.0096860152e+00  3.1939516773e+01  1.9411547324e-01  5.1146174731e-01  1.7955472887e+00  6.0201924234e+00  -3.4348288562e-01  1.5092674904e+00  -1.0268462326e+00  2.3489360406e+00  1.6338361244e+00  3.6621516352e+00  1.4296364624e+00  2.5468975427e+00  
-2.0519151688e+00  -2.9707343040e+01  1.5545785372e+02  -6.1893535651e+00  6.8101657946e+00  -7.0317598637e-01  1.2874441061e+00  1.5358479122e+00  2.5971901641e+01  8.6662145146e-01  2.8412505794e+01  2.4872263699e+00  9.7875296367e+00  -6.4717435896e-01  7.4560402329e-01  -5.1091379358e-01  1.1141830985e+01  2.3304352467e-01  1.0093534008e+00  -3.6623643211e-01  5.8264158463e-01  5.2534291204e-02  5.5778227177e-01  2.2694586305e+00  2.2893426327e+00  
-1.9512376785e+00  -7.7740222897e+02  1.2913776714e+05  -2.5434675036e+00  1.5133151382e+01  -7.3400583578e-01  1.8171565722e+00  -3.2780753449e+00  9.5748722324e+00  -1.4047438626e+00  1.3597952124e+01  -5.0943185023e-01  1.8710614499e+00  2.5924400310e-01  7.2084744046e+00  2.2649808303e+00  6.2524609019e+00  -1.5323744339e-01  1.4410329826e+00  7.4390906908e-01  7.8316065165e-01  2.0917339915e+00  2.7474487749e+00  3.2387456740e-01  9.9640902920e-01  
-1.8514026403e+00  -3.0433169070e+01  1.0987549403e+02  -1.2962985322e+00  5.2376045522e-01  1.9259070777e+00  1.7921562177e+01  3.2938146515e-01  5.9132649507e-01  6.6213759603e+00  1.7282724441e+02  -1.8759629694e+00  3.1113724021e+00  4.1451610154e-01  1.8595323411e+00  3.0839948667e+00  9.6995087306e+00  2.3879322937e+00  4.7208900235e+00  1.3476801928e+00  4.3358647141e+00  7.1200069715e-02  1.1733538028e+00  2.6328824363e-01  5.6657908812e-01  
-1.7514566183e+00  4.3295390156e+00  1.7419691449e+00  -2.2172305838e+00  3.3826723541e+00  2.9583388525e-01  1.5035556215e+00  -6.4012612694e-01  1.1139819433e+01  3.5775590093e-01  7.8088960003e-01  2.9893440021e-02  5.8857857738e-01  -2.6373214373e-01  8.0789500298e-01  -5.0907611795e-01  4.8580982756e-01  -9.4866631415e-01  1.7390392833e+00  -1.6369702082e+01  5.8716865630e+02  3.8289236362e+00  4.2047880456e+01  9.6507995243e-01  8.2022519712e-01  
-1.6513522863e+00  1.8223170920e+01  3.1709295723e+01  -1.6025440387e+00  1.7170583856e+00  -8.8857148852e-02  1.7023589742e+00  6.3222029348e-01  6.5723109280e-01  9.8502252631e+01  1.4682057008e+04  -6.3340058544e-02  1.6745267689e+00  -1.0825428159e+00  2.5228644141e+00  1.9603835852e+01  9.0459582251e+02  -7.9708629356e-01  1.1333289019e+00  -1.4499262779e+00  6.6439798791e+00  -6.7517054988e-01  1.3030533429e+00  2.2807681356e-01  6.9799106415e-01  
-1.5516451597e+00  3.8496426546e+00  2.2212240635e+00  -2.8241971796e+01  4.1948925499e+03  1.9746380536e+00  2.4670240026e+02  7.8757945692e-02  4.6442867890e-01  2.2892112913e-01  7.2052370024e-01  -1.6264402556e+00  1.1059770001e+01  -3.5083004987e-01  8.4384314966e-01  -3.4907966814e+00  3.6144091457e+02  6.3607671093e+00  1.3334304302e+02  -4.4120209443e-01  1.0156059970e+00  -4.6755553109e-01  6.3499218857e-01  2.5775753348e+01  1.8353343892e+03  
-1.4512850046e+00  4.2055406688e+00  2.3371102023e+00  1.3466444286e+01  1.4103232132e+02  2.2572785232e-01  1.0923496747e+00  3.9207408664e+00  4.9832183777e+01  1.1745909721e+00  3.9497918679e+00  -3.1959264552e+00  1.7638295924e+01  -1.4792373268e+00  6.5548157470e+01  -1.9448618409e-01  6.4555144232e-01  -2.9655321241e+00  2.8571987965e+01  -1.2662168598e+00  2.7510055460e+01  -1.1424562892e+01  6.9143804393e+02  -4.8369568959e+00  1.3410899079e+01  
-1.3509134054e+00  7.1681718357e+00  1.2198785154e+01  -9.7336309070e-01  3.6824277377e+00  7.8205679267e+00  5.5278849681e+02  1.1013948110e+00  2.1253769989e+00  3.8519904109e-02  5.4384524881e-01  2.1245332563e+00  1.0774519712e+01  -4.3230874326e+00  6.3201234725e+01  2.4844716522e+00  2.9918130846e+01  5.7152075235e-02  4.1649369345e-01  4.6355073417e-01  1.7617998795e+00  -6.4010267297e-01  3.0888764901e+00  -6.2645606625e+01  2.7606503320e+03  
-1.2505446672e+00  1.9968361512e+01  2.2589809502e+02  -1.5173603596e+01  2.7735927647e+02  4.3609382629e+00  6.0978736351e+02  -1.4701580936e-01  9.4069612604e+00  1.2997201640e+00  7.8112266025e-01  -4.7430714483e-01  3.0165125451e+00  -3.6001411848e+00  1.1795935300e+01  -9.4611471185e-01  6.7245676189e-01  5.8724823448e-01  1.3564034344e+00  -3.4976650998e-01  3.8206104384e+00  1.3690729899e+01  1.0680928809e+03  -1.1066461578e-01  3.8016668688e-01  
-1.1510198116e+00  3.3852966470e+00  6.3756950179e+00  -5.1242097726e-01  1.6350372589e+00  8.8356697969e-01  7.9509153486e-01  5.6331712406e-01  7.9454372585e-01  -1.6934365247e-01  5.7630371523e-01  4.3604708498e+01  1.1721132698e+03  1.3326878699e+00  4.1202974597e+00  -1.9515726456e-01  3.0442949096e+00  4.2843275158e-02  5.3588581239e+00  -2.3867215129e-01  9.2521569719e-01  -4.1875871310e-01  8.6903236119e-01  -7.0789084089e-01  5.2234615066e+01  
-1.0506031513e+00  4.3434490143e+00  7.4220338702e+01  8.2938508946e-01  2.2773846098e+00  -2.2966016918e+00  1.5102827895e+01  4.6255374659e-01  1.3323101416e+00  -1.6360591219e-01  8.0363803312e-01  3.4240313977e-01  6.6258971109e-01  -1.7905481481e-01  1.4507528816e+00  -4.2853404966e-01  2.1235086342e+01  7.9900528584e-02  7.0247717635e-01  1.1420542700e+01  8.4996619565e+02  -3.4446493569e-01  6.8755146264e-01  8.7931087614e-01  6.6731766500e-01  
-9.5126545429e-01  7.2026171444e+00  8.5230274143e+01  -8.5532497316e-01  2.7069928838e+00  5.6822340459e-01  8.6068232691e+01  -9.8538815641e-01  1.1696247577e+00  1.9123808053e+00  2.2148262008e+00  -8.3796450408e-01  5.0031511454e-01  6.3685582551e-01  9.3015612372e-01  -9.1635637493e-02  7.3595398633e-01  2.0828913232e+00  4.0400256224e+00  -5.3633739275e-01  9.3146448212e-01  -1.1347281969e+00  9.7945754792e-01  -1.4066925151e+00  2.3136722937e+00  
-8.5094982386e-01  2.0024320619e+00  2.3608205432e+00  4.3280749969e+00  6.8974032015e+01  -1.0041793929e+00  1.1305670576e+00  -4.5780563070e-01  3.1284533978e-01  -3.2368059983e-01  7.1735942028e-01  3.4905262335e-01  3.2322849219e-01  2.6631562493e+00  1.3742571414e+01  1.0851195384e+00  3.4160900534e+00  5.0367157213e-01  2.6166615150e+00  4.8268612258e-01  6.7423538971e-01  -2.8723683579e+00  1.2738568513e+01  7.2092768693e-01  1.2984844456e+00  
-7.5027751923e-01  1.2378546036e+00  5.1842910717e+00  5.0406532260e+00  3.0732241436e+01  -1.2330054462e+00  4.2044305026e+00  3.5532455138e-01  1.4214787547e+00  -2.0611619002e-01  1.0738652322e+00  -4.1226291327e-01  1.2227281153e+00  1.2813682612e-01  6.0093756145e+02  7.0825379848e+00  1.7101874211e+02  2.1216257460e+00  7.2725521904e+00  -2.2560999096e+00  3.6889801323e+00  1.6664998977e+00  2.9255482702e+00  1.1100431656e+00  8.0850143294e+00  
-6.5055644512e-01  7.9593130589e-01  3.0452272952e+01  9.4060227960e-01  1.9166746215e+00  -1.1518009845e+00  3.5256858084e+00  1.4564053864e+00  2.5906656782e+00  2.3167677168e+01  2.2080923150e+03  -2.5596072587e-01  1.3490331948e+00  5.4642466957e+00  2.6950890006e+01  -3.4783773259e-01  1.2435703762e+00  -2.9620672399e-01  6.0138649985e-01  3.3350988209e+00  1.2856506961e+02  -2.8686218318e-01  4.8481662875e-01  -2.3491161337e+00  5.0344994136e+01  
-5.5048501492e-01  -3.1748443538e+00  1.3326615942e+01  8.0313860020e+00  1.5482145544e+02  3.8666226008e-01  6.4284606759e-01  -9.5120369071e-01  8.9655924048e-01  1.3528781872e-01  5.4004918407e+00  -7.5634939301e-01  6.4942054941e-01  -1.2621388706e+00  4.8838172229e+00  3.1575378090e-01  6.7298575972e-01  6.1753013575e+00  8.5743961338e+02  -2.6145610622e-01  6.0391736977e+00  3.9141274853e+00  1.3146380579e+02  6.2170460801e+00  1.1638979150e+02  
-4.5106664300e-01  8.3385233711e-01  2.9295287880e+02  -6.1775382660e+00  3.5771310845e+01  5.2961960191e+00  1.4832778005e+02  -3.8912710903e+00  1.3074929055e+02  8.0117743159e-02  2.2648494717e+00  -5.6110734958e-01  5.2365803349e+00  1.2639525946e+00  8.4499085916e-01  -1.7204996230e+00  1.8812662683e+01  -2.3338380366e-01  1.2089403447e+00  1.5093405492e+00  2.8097788777e+00  4.4399582980e-01  1.6936188165e+00  3.3340913567e-01  3.7455446291e-01  
-3.5058367252e-01  -1.0664346662e+00  1.1665834663e+00  3.8647344713e+00  1.1482618774e+01  -1.7510322537e+00  2.8838269995e+00  -1.3027337077e+00  1.1060148602e+00  -1.6938448494e-01  8.3467278611e-01  7.2850970773e-01  2.4334358657e+00  -1.3254899193e+00  7.4790289174e+00  -1.8679837569e+00  2.2195574968e+01  -2.4890151420e-02  1.2931204913e+00  -3.3494977623e-01  6.3932646774e-01  3.9156921439e+01  3.2570379146e+03  1.8596325085e+00  1.1980672440e+01  
-2.4997192621e-01  -2.3396047710e+02  4.6229810400e+04  -2.0573317128e-01  3.1253506955e+00  -2.2228094165e+00  6.4999853760e+00  -5.2084714251e-01  1.1788103781e+01  -8.0674429765e-01  1.0333538177e+00  -3.9178386463e+00  5.0898118779e+02  1.9292725931e+00  5.3617463991e+00  -4.0237377678e-01  6.0165132497e-01  4.8847533299e-01  8.3516544368e-01  1.8326742714e+01  5.7652653094e+03  5.7976082376e-01  1.0066313538e+00  1.2393044320e+00  7.6903734549e+00  
-1.5046554804e-01  1.1473087541e+00  8.4074912362e-01  -1.4700648954e-01  1.0817499677e+00  3.6696608522e+00  2.1968441685e+02  1.1673581799e+01  5.1365466673e+02  1.3385934798e-01  1.2186341423e+00  -4.9195522014e-01  1.4209026431e+00  1.8921571905e+00  1.6137267759e+00  8.8440458322e-01  4.8756291973e+00  7.2566766766e-01  1.9288748077e+02  -2.4454218066e+00  2.7983004333e+00  5.2159948107e+01  6.9483447456e+03  2.3055332002e+00  1.0319241899e+01  
-5.0737064332e-02  -2.3316891463e+00  1.4543799398e+01  6.9818013028e-01  7.7607513861e-01  2.1307614782e+00  2.9733458886e+00  -1.1614957274e-01  2.5166096038e+01  -7.7504962837e-01  8.8357021556e-01  -1.4404499313e+00  4.0100178457e+00  -1.4642101744e+00  2.2574149880e+00  8.1351052620e-01  7.3801968290e+00  -2.2046748924e-01  1.5718923640e+02  9.5547204215e-01  6.3625672453e+00  -1.2699696391e+00  2.0001336780e+00  -1.1670831222e-01  4.2793298842e-01  
4.9264200032e-02  1.0000000000e+00  1.1719788090e-15  1.0000000000e+00  0.0000000000e+00  1.0000000000e+00  7.0943796195e-15  1.0000000000e+00  0.0000000000e+00  1.0000000000e+00  0.0000000000e+00  1.0000000000e+00  2.2148317645e-16  1.0000000000e+00  1.1074158823e-16  1.0000000000e+00  0.0000000000e+00  1.0000000000e+00  1.0284668541e-14  1.0000000000e+00  0.0000000000e+00  1.0000000000e+00  1.5739336934e-15  1.0000000000e+00  0.0000000000e+00  
1.4948062599e-01  -4.6469000537e-01  5.3499890549e+00  1.4470001250e+00  3.1330914163e+00  4.7380547435e-01  6.5791585052e-01  -3.5965661782e+00  1.0851597240e+02  -1.2978100061e+00  1.3571658146e+00  -7.1001680137e-01  1.4985876281e+00  -6.9066987146e-01  1.0176039479e+00  1.3111500373e+00  6.3773543422e+00  1.8719298889e+00  4.5515756191e+01  1.0676558186e+00  7.7357272458e+00  -7.9718156023e-01  1.2803181588e+00  -9.0948814393e+00  3.7269125278e+01  
2.4890312552e-01  8.7393285410e-01  6.3152833532e-01  -7.1424083776e+00  4.2869815671e+01  5.6777751502e-01  2.6710944686e+01  1.2689978407e-01  1.3799022138e+00  4.4185352989e+00  8.3798119775e+02  -2.0374653514e+00  6.8444637923e+00  5.3039492310e-01  4.4237519519e-01  1.2541373924e+00  1.8131003162e+01  7.6422268365e-01  5.6869957714e+01  -4.1139938850e-01  4.4138668248e-01  2.1239098215e-02  1.0464130555e+00  4.4405514333e-01  1.4918457709e+00  
3.4880378842e-01  -1.3190473705e+00  6.2253319669e+01  -6.1632465476e+00  1.6764519906e+02  -4.6372254518e-01  1.0318672867e+00  -1.6728440453e+00  3.1780769170e+01  -1.2496802396e+00  1.6180364075e+00  -8.1815385097e-01  6.4190464132e+00  5.3186315243e-01  1.1347414738e+00  -2.5213034248e+00  5.6149819906e+00  2.0758565274e+00  3.5251895345e+00  -9.0956780804e-02  4.6352619347e-01  1.7495073701e+00  3.0453495018e+00  8.0095106055e-01  4.1300522842e+00  
4.4932857156e-01  -9.4162325864e-01  7.5421360577e-01  2.6101976024e-01  1.1502740915e+00  -5.7880864734e-01  9.5209043571e-01  -7.6981988467e-01  5.2864315929e-01  -2.3494956251e+00  8.8945870738e+02  1.3814592706e+00  4.6481763909e+00  -8.1857076126e-01  3.9090038856e+00  -5.2237924231e-01  1.9500803514e+00  7.8001047364e+01  1.6622270505e+04  -3.0537947285e+00  9.1794137331e+00  1.7954599882e-02  4.6654160820e-01  5.8321761937e-01  3.8649111514e+00  
5.4846358299e-01  2.4141161546e-01  7.5720650047e+01  -1.6366643014e-01  1.4083447932e+00  1.8208549245e-01  1.5179913851e+00  -3.1689341876e-01  7.3954912210e-01  -1.6210922920e+01  4.6254298983e+03  -1.8374630666e+00  1.1747838829e+01  7.9295276314e-01  5.2914972051e-01  -6.1366795519e-01  2.6432908593e+00  -4.3461629323e+00  4.8175833307e+01  6.7403445349e-01  1.9295597412e+00  2.5607809400e+00  3.1101661403e+01  3.0165100941e+00  3.1355094833e+00  
6.4836376905e-01  -3.2649011238e-01  6.7760277129e-01  1.1575659220e-01  1.1120012512e+00  2.6259936442e+00  4.9311203347e+00  -1.0560098447e+00  1.0025882102e+00  1.0511179036e+01  7.3070173527e+02  -1.3272431522e+00  1.2178255776e+00  -8.2903622330e-01  2.3733926778e+00  3.2739343800e+00  1.4397602535e+01  5.9147412042e-01  3.0894388074e+00  -4.2768312018e+00  6.6755869810e+01  2.4126828352e-01  1.1243140826e+00  1.7350386945e-01  2.9810277599e+00  
7.4860757589e-01  1.1004424259e+00  2.2360263792e+00  1.0779250239e+00  1.6420845361e+00  -9.1018924802e-01  3.3137797922e+00  6.9289675570e-01  8.2403270719e-01  8.6390936230e-02  1.2990974835e+00  3.8939222162e+01  8.5628921649e+03  1.8647843493e-01  6.0665545458e-01  -2.9364036925e+00  1.1642090666e+01  -3.4605912345e+00  9.1942440635e+00  3.9460853531e-01  1.4178789611e+00  -3.5391345058e+00  6.4969872241e+00  -4.4619863072e-01  9.1522372406e+00  
8.4840553999e-01  8.3163167743e-01  1.4717016389e+00  2.1120951870e-01  8.9705865164e-01  -8.3154253840e-01  1.5249554776e+00  2.9827288862e+00  2.5528353055e+01  -7.6494672903e+00  4.3783824956e+02  -2.3998029518e+00  5.8585766701e+00  6.2680645920e-01  6.1774408685e+01  1.7018254755e-01  7.8034610341e+00  4.8799401909e-01  1.1481625321e+00  -4.4897887839e-01  7.3523232213e-01  6.0917786034e-01  1.0580848030e+00  8.9774103168e-01  2.9354212855e+00  
9.4826960564e-01  5.0196218908e-01  4.4372554129e-01  2.3738253489e-01  1.3979124475e+00  -1.0023168173e+00  1.1633112391e+00  -2.1893724941e+00  1.4836580238e+00  -3.1465276349e+00  5.8463361822e+00  2.8774033282e+00  2.7252856266e+00  3.7539123528e-01  9.3757642700e-01  9.4877325355e-01  2.4104168908e+00  2.3921008156e+00  3.2382625877e+01  2.0944989490e+00  3.5436275918e+00  -3.5672153416e-01  1.2123162223e+00  1.4166577565e+00  4.8486841339e+00  
1.0478514433e+00  1.2980997249e-01  4.9128628489e-01  -1.1976926197e+00  2.4388063547e+00  7.4850433255e+00  7.5437196498e+02  -1.0212032811e+00  1.1194086279e+00  5.2625742695e-01  5.8450619317e-01  -1.1951969502e+00  6.1836452201e-01  1.5918906443e+00  3.0810171444e+00  -1.1563454828e+01  1.8175592398e+02  4.8813741320e-01  8.8142725768e-01  -1.8843382346e+00  2.4638346628e+00  -8.8459631818e-01  7.7110270278e-01  -7.1934651788e-01  1.1491578123e+00  
1.1483312845e+00  2.1259305425e-01  3.4481615289e-01  1.2282204773e+00  2.0597332791e+00  -4.6396797856e-01  1.2086518448e+00  2.4262535329e+00  4.6703516668e+01  -7.0667399438e+00  7.4502083812e+01  2.9667746244e+00  5.5593606402e+00  -5.4552152082e+00  2.7473397049e+02  -1.8001461874e+00  2.2049459369e+01  1.3272411374e+01  4.6974782981e+02  1.7703850007e-01  8.9657996051e+00  -2.9762307789e+00  8.5452603850e+00  1.1401246176e+00  7.7115250288e-01  
1.2484461069e+00  2.9811831712e-01  3.1970825685e-01  -1.9690195214e+00  7.9271621414e+00  1.1363993478e+00  1.0230537555e+00  1.8009286988e+00  4.6643575659e+00  -6.0553869883e+00  2.6310426791e+01  2.0517893676e-02  5.0165027770e-01  7.8591491233e-01  2.5975832395e+00  -4.9188576329e+00  1.4341900044e+01  8.5042731709e+00  1.2939084210e+03  -4.3863223964e+00  2.9844812616e+01  -2.4501536616e+00  6.7196819266e+00  -2.4951432158e-02  4.2030823477e+02  
1.3482654095e+00  5.3465209693e-02  1.7325382600e-01  -6.5889231862e-02  9.4801050948e-01  1.5153369257e-01  1.1020256696e+00  -3.9884796517e+00  1.0692850168e+02  7.7075823926e-01  4.4975214060e-01  -3.9875367660e-01  3.2573447803e+02  -2.8696147519e-01  6.3355968317e-01  -1.0596263525e+00  7.6339842254e-01  1.7453670676e+00  3.8888721521e+00  -3.1197889224e+00  2.9187414322e+01  7.8919434923e-02  1.4254435828e+00  -9.7566203003e+00  5.6841871868e+01  
1.4471918344e+00  1.4099003708e-01  1.8237112282e-01  -1.3281080016e+00  5.1503968896e+01  1.6966834895e-01  1.6351449599e+00  9.2413000316e-01  2.0217614955e+00  -4.7672208667e+00  6.2162800046e+03  4.8573047737e-01  4.2647825934e+00  -2.4263487852e-01  8.8192408073e-01  3.7900732782e-01  1.0820951096e+00  2.4145700713e+01  8.9133790702e+02  1.8837330563e+00  4.3836446976e+01  -2.3181186426e+00  1.2273559586e+02  -1.3933007260e-02  6.3240063813e-01  
1.5478256941e+00  2.3814157448e-01  1.2868464980e-01  7.6785567417e-02  2.6184657463e-01  4.5089320196e+00  5.2094134161e+01  2.4510903714e-01  4.9402680446e-01  8.7989406077e-01  1.9903681574e+00  -3.1188067149e-01  8.5398540295e-01  -6.3749039025e-01  1.2915929600e+01  -5.3290551649e+00  3.3496776984e+01  -3.8620685560e-01  1.7948777845e+00  -9.3809071530e-01  1.4524523903e+01  -1.1787010414e-01  5.5706965660e-01  -1.9881452719e-01  2.1279104279e+00  
1.6472283602e+00  2.6015351268e-01  1.3482516609e-01  -9.6452490932e-02  1.0037547033e+01  3.5153070767e-01  7.9951725712e+00  1.2031590852e+01  2.0900913084e+02  1.2718061762e+00  6.8048991428e+02  -6.4469468865e-01  1.7432731967e+00  -2.9488136202e+00  8.8885698296e+00  -1.9842733204e-01  2.6723937518e+00  1.5739689891e-01  8.2770598257e-01  -2.2536235001e+00  8.7039021568e+00  -2.1715389164e+00  5.5579299106e+00  9.4019623487e-02  7.5692534771e+00  
1.7471855879e+00  5.5653582986e-02  9.1435659333e-02  -6.2639660470e-01  4.6447749650e-01  1.4835400170e+01  5.3324638938e+03  1.5893584211e+00  1.5182431711e+00  6.6192189137e-02  1.9332602063e+00  -1.1892160019e+01  7.1631345963e+02  -9.3903621823e-01  1.5285898834e+00  1.0942690504e-03  9.1944185697e+00  -1.2658464399e+00  1.6152604957e+00  -7.3005017661e-01  6.1587187042e+00  -1.5080608883e+00  3.2367307236e+00  4.4440999608e+00  1.8281732477e+01  
1.8465574980e+00  2.3115484932e-01  9.0013074669e-02  -4.5523821984e-01  6.1818814351e-01  4.7080884214e+00  1.3881449178e+02  -1.4454643648e+00  2.7270841368e+00  3.1021223374e+00  5.0681672884e+01  2.7939904355e+01  6.1946705030e+02  -4.1575133969e+00  4.6934854247e+01  -1.9725004377e+00  1.7422766527e+00  -1.0712968267e+00  1.9546019629e+00  -7.3515245293e-02  2.0061624846e+00  2.9921533552e-01  1.6664645723e+00  1.0403132520e+00  9.9904028531e-01  
1.9463579655e+00  -3.4214843497e-02  8.7188951271e-02  -7.7207024463e-01  3.1479341794e-01  5.4617454504e-01  2.8255201753e+00  3.0682720372e+00  4.3985541817e+00  1.9448521875e-01  7.7905763979e-01  -5.3847945318e-01  7.4610707873e-01  2.2059417790e+00  4.6212160653e+01  3.0311845912e-01  5.6920212983e+00  4.2507244842e-01  6.7297992008e-01  7.8217822918e-01  5.7796596349e+00  1.8189828492e+01  2.3718824232e+03  4.4793706061e+00  1.0496644758e+02  
2.0454339981e+00  -4.9526108290e-03  8.7584610336e-02  -4.0465187120e-01  4.6612557877e-01  -1.4057751183e+00  3.8789290311e+00  -3.1508943026e-01  1.0352960427e+00  -7.8070432934e-01  2.9113467777e+00  -1.9268245856e+00  3.8618443392e+00  -2.1012769546e+01  4.8892550205e+03  4.3712863467e-01  2.4262150431e+00  -6.3095744482e+00  1.6797950181e+02  1.3548987959e+00  2.1806568272e+00  4.8222402618e-01  6.3870825445e-01  3.0925475575e+00  1.0504812718e+01  
2.1453580856e+00  -3.5251168145e-02  8.1725993257e-02  -1.6248804932e-01  1.7035879167e-01  -1.4531711943e+00  3.8538307889e+00  6.0758724462e-01  2.8225105889e+01  7.5841736483e-01  8.1553205431e+01  4.1444852382e-01  1.0292077954e+00  -1.5560144041e+00  1.9100819088e+00  -1.1455251099e+00  3.0744890760e+02  4.4551842426e+00  7.5602685488e+01  -2.8277555157e+00  1.6232225639e+01  2.0438726977e+01  3.4929269267e+02  4.4368209885e-01  6.3972867753e-01  
2.2456698418e+00  1.5813321678e-02  8.3883405513e-02  -1.1888562933e-01  2.4753103641e-01  -1.5943895328e+00  5.2238547558e+01  1.0151800984e+01  1.2775410327e+02  -4.0230494213e+00  8.6870388920e+00  -8.5021913850e-01  1.0110063429e+00  5.5620217341e+00  3.9810272842e+01  5.6459664750e-01  3.6374172705e+00  -3.0639187938e+00  2.8660734973e+01  -9.8663017794e-01  1.3179292948e+00  6.2716759396e-01  1.4786103138e+00  4.1120327593e-01  5.7270876632e+01  
2.3444232941e+00  -5.4972442446e-02  7.5306911263e-02  1.4744229499e-01  3.2254434023e-01  1.1379808872e-01  4.3940409603e-01  -3.2333514767e-01  6.0455522690e-01  2.5741528838e+00  1.2265858647e+02  3.6269532549e-01  7.1507831689e-01  -2.8387047175e-01  2.0858541825e+01  -1.2612382272e+00  7.7515235123e-01  3.0532420129e-01  8.4537047784e-01  1.4202579210e+00  4.3359095677e+00  6.4170756463e-01  1.7055609482e+00  6.7581420737e-01  1.0698318528e+00  
2.4433441162e+00  2.6351088236e-02  8.8236220330e-02  -3.5768413196e-02  2.6452798443e-01  -2.1900399019e-01  3.2786703671e-01  1.9480322684e+00  4.2025705261e+00  -4.1638701194e-01  4.3518334455e-01  -2.4254408236e+00  3.6709701177e+01  -1.6341392209e-01  2.5530916114e-01  -2.5711600459e-01  3.6775747373e+00  6.8020978006e-02  3.5888651294e-01  5.3633765061e-01  5.1165486199e-01  2.4466819767e-01  5.0809900006e-01  1.0037415899e+00  3.5083782597e+00  
2.5420756340e+00  8.6224150174e-02  7.5828225035e-02  -2.9326872091e-01  2.2314603357e-01  4.7663986972e-02  1.6292757936e-01  -1.4376323828e+00  1.2684231784e+00  -2.3027366091e-01  2.0725247173e-01  2.5090607973e+00  6.5994449497e+00  -1.3665525642e-01  1.7355540384e-01  -1.5910259162e+00  1.1768235358e+00  -1.5689850764e-01  1.9073059136e-01  4.0164607390e-01  8.6451479386e-01  8.9819873077e-02  1.1917062711e-01  -9.7726367287e-01  1.1257296470e+00  
2.6408312321e+00  -6.4878558590e-02  8.5078543044e-02  -1.5489421730e-01  2.1260005362e-01  6.9574227536e-02  1.0843168706e-01  -1.6560501909e-01  5.2752424106e-01  1.3777747132e-01  1.3669784047e-01  -5.2447447632e-01  2.3706685593e-01  -3.0052015241e-01  1.6859688405e-01  7.6743823897e-02  8.7034831519e-01  4.0510851283e-02  1.7581518115e-01  5.0266244936e-01  2.4831274297e+00  -7.0084775450e-02  1.3038170673e-01  -1.6399816319e-01  2.6868499486e-01  
2.7392222881e+00  5.7364802367e-02  1.1974957583e-01  1.7555422370e-01  1.6541634855e-01  2.0377077934e-02  1.9757991115e-01  -1.0197452033e+00  9.3969355835e-01  -1.6553617031e-01  2.6596607296e-01  2.9894280463e+00  6.8315667060e+00  -2.3815012414e-02  1.4762436243e-01  1.9776761207e+00  5.7442507833e+00  -5.9885976812e-02  1.3492721552e-01  6.2915879854e-02  4.1654342917e-01  -6.0301702901e-02  1.6622022374e-01  2.4062081629e-01  3.9585428484e-01  
2.8379948139e+00  1.3022619079e-02  5.6977897563e-02  -4.1596320211e-01  2.4577773545e-01  -1.0083758281e-01  1.8222270593e-01  -5.0412690372e-01  9.9616705706e-01  -1.5007379531e-01  1.4728737398e-01  1.5353341682e+00  6.3477067151e+00  -7.5190981328e-02  1.6079857840e-01  3.2305935235e-01  5.9919241923e-01  -5.7529867907e-02  1.5450055399e-01  -1.0005475330e-01  7.1225185842e-01  -5.5811057572e-02  1.9553952905e-01  -4.6598422391e-01  9.1727557983e+00  
2.9356586933e+00  3.9534991804e-02  9.0057357779e-02  1.8080658749e-01  2.3900449678e-01  5.8818247546e-02  1.7040011624e-01  -1.1596375483e+00  4.5522185100e-01  2.6380164249e-01  1.7853053779e-01  1.1904574736e+00  4.4363263037e+00  -1.2992123654e-01  3.6728121488e-01  5.8820610810e-01  5.2626929898e-01  -5.1302679910e-02  2.9611930722e-01  -9.6158447932e-01  1.3068159126e+01  3.3444776452e-01  3.0268461795e-01  6.2986343939e-01  2.2111611230e+00  
3.0320773125e+00  -9.2328150224e-02  9.0626567743e-02  -4.5173552832e-01  2.3732614408e-01  -2.6441528560e-02  1.8688458136e-01  -8.5067570090e-02  9.0123653137e-01  1.7421347255e-01  2.2272036737e-01  -2.3035532892e+00  7.6394230742e+00  -7.4756916752e-01  4.8428541297e-01  9.2563452136e-01  3.4591092813e+00  2.0896438464e-01  3.1717206948e-01  -1.2396904986e+00  2.4564893650e+00  1.9932384913e-02  2.8010357272e-01  -3.0925667998e+01  1.0525354757e+03  
3.1332457066e+00  -3.4160380067e-02  1.2847741605e-01  -4.4556582839e-01  4.1826787834e-01  -3.1015362523e-01  2.4172630811e-01  -3.6678091764e-01  6.6827106838e-01  -1.7983341270e-02  2.0464498599e-01  -1.8879119683e-01  5.8421457831e-01  -1.9216934904e-02  2.5785896555e-01  -1.8247684109e+00  1.5600713993e+00  -3.5266335558e-01  2.6383868214e-01  -1.1842118651e+00  7.6294497551e-01  2.3921525571e-02  1.8685918468e-01  1.9438441752e-01  1.2470501031e+00  
3.2282295227e+00  1.5884787385e-01  1.1053969529e-01  -2.6504694738e-01  2.2492461961e-01  2.1710161548e-01  2.2617306737e-01  -1.1863493537e-01  5.6154782932e+00  -2.2827357016e-01  2.1449006853e-01  5.8843832953e-01  2.5627736370e+00  1.7443445078e-01  6.1014906286e-01  -1.9636183121e+02  3.6080808799e+04  5.0923736080e-02  2.7897356991e-01  1.7408885781e-01  1.7214523629e+00  2.2060846771e-01  2.0670943100e-01  -1.5441674233e-01  1.4978369968e+00  
3.3269865513e+00  -6.5200292598e-02  1.5672518176e-01  2.2099069043e+00  4.7182919313e+01  2.1569833468e-01  4.3383185575e-01  -1.0945210948e-01  9.4562028838e+01  1.6603982112e-01  2.3029602748e-01  -1.2102394704e+00  2.6890906525e+00  -4.5275372529e-02  5.3497011130e-01  1.1439110051e+00  1.8890324164e+00  -5.0981860765e-01  4.9359475274e-01  -1.1948801220e+00  1.1324179585e+01  5.0255782916e-01  5.2349714041e-01  -6.6408299671e+00  1.2867410619e+02  
3.4221119881e+00  1.8258330256e-03  1.8259253870e-01  -4.8023139543e-01  3.4352192614e-01  1.6092531718e-01  6.5443759911e-01  1.4873597941e-01  7.3230749254e-01  4.3582440106e-02  2.8773080767e-01  2.8134700000e+00  6.8825651719e+02  -5.7140975648e-01  6.0921774631e-01  1.7839718703e+00  4.4066789685e+00  1.4234931782e-01  4.7083937683e-01  5.9410894832e-01  8.4898669428e-01  -7.1334785104e-02  3.7641830612e-01  6.1147208464e-01  5.1107255049e+02  
3.5211114883e+00  -3.3606586252e-01  4.1236963558e-01  3.3845332449e+00  1.3482102020e+01  -4.7580838237e-01  3.6685528882e-01  -9.9547737831e-01  8.8320130638e-01  -4.3890550845e-01  4.4381274070e-01  -1.8200964310e+00  1.1651572138e+01  1.7665987833e-01  7.7615654615e-01  4.6282662322e-01  7.2239060562e-01  5.5338683161e-02  2.9602348602e-01  8.2620048453e-01  1.4160827055e+03  8.7203988822e-01  4.8258562850e-01  -2.3985446632e+00  7.8047535957e+00  
3.6179270744e+00  -2.4400156656e-01  3.2525254427e-01  -2.1435506886e-01  1.2402422067e+00  -4.3859080190e-01  5.6568788730e-01  2.0870720239e+00  3.2266019695e+01  4.5412290005e-01  4.8319111004e-01  -4.6617949382e-01  1.2261502371e+00  3.3676813612e-01  5.2526977760e-01  1.4746826591e+00  5.3248398380e+00  1.3992815060e+00  1.2771806554e+00  -4.1561081695e-01  1.2712105906e+00  -2.0603534465e-01  8.0487386719e-01  1.1054249767e+00  4.3967865193e+00  
3.7155444622e+00  1.4859599985e-01  5.6901979939e-01  -8.0395506994e-01  5.8029657302e-01  -2.7462872396e-01  6.0546402052e-01  1.4366860948e-01  2.5037496287e+00  -2.3728934061e-01  4.8851135134e-01  -1.6426627759e+00  2.1499644938e+00  -3.6716552217e-01  5.5389640013e-01  4.5504978552e+00  1.9253521865e+01  2.0680623917e+00  1.7363437555e+01  6.9247405651e-01  4.9656974923e-01  -2.0243613073e+00  3.0090932241e+00  -5.4986585745e-01  1.1782392442e+00  
3.8127243519e+00  4.9466081352e-01  1.0345104327e+00  1.0794051222e+01  2.1976372679e+02  -1.3540525719e-01  9.1281489610e-01  -5.8219670880e+00  3.5430867821e+01  -6.0373212775e-01  2.2903857207e+00  -2.0941716353e+00  5.1815942785e+00  -2.2287075155e+01  4.7689791943e+02  8.6641528089e+00  2.0878876192e+02  -8.9631509332e-01  7.2358564648e-01  4.8993818376e+00  6.3710428896e+01  2.5726279746e-01  9.5646646189e-01  -1.6417485718e+00  4.2412672786e+00  
3.9098656178e+00  1.7421105628e-01  5.2804528267e-01  4.8077917602e-01  3.7512035807e+00  -3.1959512112e+00  6.2063410390e+00  -9.0807082431e-01  7.7288363433e+00  3.7001903886e-02  4.1838296975e-01  -1.5214912398e+00  6.4167462590e+00  1.0584955971e-01  5.4609279171e-01  8.2629530500e-01  8.2147554532e+00  -1.8911284811e+00  3.2157639037e+00  2.2656612289e+00  9.5303105648e+00  -1.7171613329e-01  8.4831566356e-01  5.5287070349e-01  1.3382365514e+00  
4.0075993538e+00  -2.3524080552e+00  6.4796673452e+00  -1.9024387125e-01  1.1961546370e+00  -2.0481678862e-01  1.5699735500e+00  2.2785702990e+00  6.7581271167e+00  -7.5072116646e-01  1.7770253884e+01  3.4863197097e-01  2.7786317976e+00  1.3926762198e+00  1.0694144523e+00  3.4641159487e-01  2.2473438182e+00  7.2894299372e+00  1.1740836638e+02  4.6220634533e-01  6.0893304846e-01  -2.5074610586e-01  5.8825804408e-01  -2.0700525723e-01  2.5151614229e+00  
4.1056184769e+00  4.9275550977e-01  6.7563677751e-01  -8.9921748330e-01  1.7790519154e+00  5.1559218277e-01  8.8258655948e+00  -4.4656195888e-01  6.2634551412e+00  -1.0752829618e+00  1.5278482733e+00  -3.4497689160e-02  6.6516478300e-01  6.5256867999e-02  1.1245569860e+00  -8.4910751429e-01  1.9067555811e+00  8.0206492538e-01  7.7788506612e+00  -4.8439761013e+00  1.5865304041e+02  -2.4900315981e+00  7.1755020075e+00  1.2645987707e+00  2.8643178681e+00  
4.2053942680e+00  -4.0956152797e-01  2.9643930224e+00  -1.2150243851e+00  3.5196096397e+00  -4.4488403084e+00  5.1516328739e+02  -4.3694550571e-01  5.1992974185e+00  -1.1028764633e+00  2.0354129655e+00  1.2101195288e+00  3.8310666124e+01  2.0380613113e-01  2.5193033657e-01  -6.8569385390e-01  1.9823347774e+00  -4.0716873927e+00  1.0111962560e+02  1.1561110338e+00  3.1118998050e+00  5.9678993700e+00  5.3333727154e+01  -4.9061334136e-01  5.2276026457e+00  
4.3046102524e+00  4.0864710327e-01  2.5283394256e+00  -5.9828835247e-01  8.8021010868e-01  6.3556749062e+00  2.8809665630e+02  6.9491444076e+00  1.4091749083e+01  -3.5501950746e-03  1.7098635235e+00  -5.3027958316e-01  5.1408322013e-01  -2.9239001161e-01  2.5931114123e+00  1.0579669462e+00  2.9874986809e+00  -3.0130167024e+02  5.5916920708e+04  2.2782249311e+00  1.6476648845e+00  -4.7684564683e-01  1.4299763557e+00  9.0680442000e+00  2.1391504366e+01  
4.4048676491e+00  2.1474780850e+00  2.7019250908e+01  -2.0002574271e+00  8.9162644438e+00  2.0770910824e+00  5.7734360256e+00  6.6075930655e-01  9.8383556540e+00  -2.3879279597e+00  9.2357833595e+00  -8.3362137995e-01  8.1973537253e-01  -1.2796749574e+02  1.8574550680e+04  -1.5732119438e+00  1.8394471920e+00  3.5970830122e-01  5.0377729907e-01  -2.2303190806e-01  7.0634884052e-01  -2.2023031691e-01  2.8609333855e+01  4.6444877390e+00  1.6715797950e+01  
4.5041499138e+00  1.1980802726e+00  1.0185000053e+01  4.2270511789e-02  3.6168745307e+00  -6.0068912257e+00  8.5371390429e+01  -1.3405251755e+00  2.6822345180e+00  -2.0288783700e-01  3.2711298581e-01  -7.3711747946e+00  1.1632398499e+01  4.7234079829e+01  4.8356414804e+02  -3.6497475120e-01  2.2216931053e+00  4.5515685425e-01  1.5279656636e+00  1.1625738809e+01  2.5832164800e+01  1.0317506457e+00  2.4617375570e+00  -1.8363791467e-01  1.4402111863e+00  
4.6036930084e+00  7.8452286337e-01  2.8047186048e+00  -8.7434814556e-02  2.0303465422e-01  -1.0524965280e+00  1.9485805694e+00  4.3356692800e+00  7.1778338385e+00  7.4916326323e-01  3.1760850438e+00  -4.8186300746e-01  1.8815452177e-01  6.4766896578e-01  7.8656980659e-01  1.0464716162e+01  1.3225258008e+01  3.3998050481e+00  5.1330255584e+02  8.4569398342e-01  1.3346102850e+01  2.1599690031e+00  3.7985859642e+00  4.5644967315e+00  1.3468646129e+00  
4.7027420998e+00  3.0197832252e-01  4.9819788971e-01  -2.4591687655e+00  1.2128973304e+01  3.5851372120e+00  6.0982843234e+01  7.3051871991e-01  1.2209818137e+01  1.7020608565e+00  2.0172094973e+00  -9.1087632399e-01  3.8813366961e-01  1.3471958716e+00  4.6013744427e+00  -1.2392877926e+01  2.1791602286e+01  2.9919095133e-01  5.2962026786e-01  1.9057599247e+00  6.0062412932e+00  -1.5900426309e-02  4.5853828770e-01  8.0273707399e-01  2.1168209997e+00  
4.8044500351e+00  -2.9013836123e-01  7.1188457388e-01  -1.6268925142e-01  1.0829916001e+01  -7.5749557587e-01  5.7432154510e+00  4.3901735377e-01  1.0308950437e+01  -1.6052597671e+00  3.5609211740e+00  -6.7732006482e-01  3.0846701524e-01  2.6844776065e+00  2.0255212118e+02  -3.8952638695e+00  7.5660169877e+00  1.0514108644e+00  2.7606165248e+00  1.2571932077e+00  2.3708518770e-01  -1.0654238506e-01  4.0186651510e-01  -2.4288255604e+00  3.3867195888e+00  
4.9039969444e+00  -4.7153960885e+00  9.9887285563e+01  -1.2831320426e+01  2.8792811114e+01  8.9438386565e-01  1.8698844407e+00  4.1161182198e+00  5.7338422623e+00  -2.0619152285e+00  1.6804375785e+01  -1.0092206423e+00  6.3188315247e-01  -1.2693441455e-01  1.0541401772e+00  5.6549199518e-01  2.0594966196e+00  -6.6836653249e-02  4.1897871477e-01  1.2208713493e+00  3.2663148377e+01  -3.0727990439e+00  6.0029148466e+01  -6.8975143070e-01  1.7272498485e-01  
5.0038361549e+00  -4.3340444045e+00  2.2283050959e+01  -2.1673897818e+00  2.6783382352e+00  -4.0220198770e-01  9.9861416380e-01  7.6341015021e-01  2.3872225777e+01  2.0481300966e+00  6.3513485589e+00  -1.4838891108e+00  1.5133738739e+00  6.9300044974e+00  3.7017894663e+02  -6.0369265561e+00  9.5831948334e+00  -7.4094020477e+00  3.3923980135e+02  6.6777016753e+00  1.1625214315e+02  -9.5808371594e-02  2.0982681305e+00  3.4093042666e-02  1.0237538891e+00  
5.1033015251e+00  6.5230895099e-01  1.8093407316e+01  0.0000000000e+00  0.0000000000e+00  -5.4687843163e-01  6.7415595443e-01  0.0000000000e+00  0.0000000000e+00  -6.6327478260e-01  2.8150085003e+00  0.0000000000e+00  0.0000000000e+00  3.1155928335e-01  8.9764267756e-01  0.0000000000e+00  0.0000000000e+00  -8.6442322220e-01  2.5402182180e+01  0.0000000000e+00  0.0000000000e+00  1.9716712632e+00  1.8587298749e+01  0.0000000000e+00  0.0000000000e+00  
5.2029738426e+00  -1.7770476239e+00  3.6626130383e+01  -4.6081311231e-01  1.1698014446e+00  -3.5681631615e-01  5.1943361317e-01  2.0625119117e+00  5.1171340792e-01  5.3204067523e-01  6.4801409725e-01  -8.6639539070e-01  2.1083152375e+00  1.5596537945e+00  5.3536236114e+00  1.5315451895e+00  6.6334726885e-01  -1.2911965061e+00  3.4128607026e+00  -1.8283957696e+00  4.5807129476e+00  1.9404351821e+00  3.7969324477e+01  -6.4019808951e+00  6.7831294981e+00  
5.3026542664e+00  -7.3556038647e+00  3.8766673470e+01  4.9498450777e-01  8.3914402588e-01  -2.0883611797e+00  1.9801801898e+01  1.4685650530e-01  3.7384774286e+00  -1.5264356762e-01  1.2172132404e+00  -4.4766183983e-01  7.6752020674e-01  1.8836535098e-01  1.6866423146e+00  -4.0500938264e-01  1.1804018242e+01  9.4446374918e-01  6.7226997830e+00  1.0522727182e+00  4.4441795774e-02  -1.3778442365e-01  1.0386472789e+00  2.7343786672e+01  4.8336589435e+01  
5.4025206566e+00  -3.5451197316e-01  9.3289917399e-01  -1.7207131437e+01  1.7207131437e+01  1.7738308102e-01  1.4352641967e+00  1.4416531477e+00  1.4416531477e+00  -1.1062928947e-01  2.2899485502e+01  -3.0657573140e-01  3.0657573140e-01  1.7360029408e-01  9.4574049462e-01  -2.1583440235e-02  2.1583440235e-02  -3.8536439182e+00  1.3621461137e+01  -5.9905355737e+00  5.9905355737e+00  7.4008919967e+00  1.8741275831e+02  2.1611856230e+01  2.1611856230e+01  
5.5019178391e+00  -2.8125818813e+00  2.4362088678e+02  0.0000000000e+00  0.0000000000e+00  -7.1831469099e-01  2.4713792129e+00  0.0000000000e+00  0.0000000000e+00  1.2810390064e-01  2.2367752071e+00  0.0000000000e+00  0.0000000000e+00  1.0737847918e+00  1.8382818477e+00  0.0000000000e+00  0.0000000000e+00  5.9440715899e-01  1.2950468842e+00  0.0000000000e+00  0.0000000000e+00  5.5927610628e-03  6.2097841610e-01  0.0000000000e+00  0.0000000000e+00  
5.6033058167e+00  8.9372172886e-02  5.0667676425e-01  5.3034699862e-01  5.3034699862e-01  3.7449752709e-01  9.2496051572e-01  8.3698615682e-01  8.3698615682e-01  -3.4200498269e+01  1.5164403323e+02  7.4121899674e-01  7.4121899674e-01  1.2584100005e+00  3.3614446287e+01  7.0024514588e-01  7.0024514588e-01  8.4539089358e-01  6.6510635064e+01  7.7811517374e-01  7.7811517374e-01  -6.8555828601e-01  1.5342497732e+00  -3.2218931278e+00  3.2218931278e+00  
5.7025046349e+00  6.0339566457e+00  2.2447130839e+01  8.9390153590e-01  8.9390153590e-01  7.3072359762e-01  1.2618122856e+00  4.9167878526e+00  4.9167878526e+00  6.0271802877e-01  6.2797242475e-01  4.8021831425e-01  4.8021831425e-01  -3.6872775246e-01  1.4902473909e+00  1.6028126583e+00  1.6028126583e+00  -6.1576830816e-01  8.2609526592e-01  -1.7831828209e+00  1.7831828209e+00  -1.6728310681e+00  3.5987282910e+00  -7.0318407689e-01  7.0318407689e-01  
5.8027391434e+00  1.1564250841e+00  1.1876951768e+00  0.0000000000e+00  0.0000000000e+00  1.4766514321e+00  6.5090356976e+00  0.0000000000e+00  0.0000000000e+00  -2.7409606743e+00  7.5146731373e+01  0.0000000000e+00  0.0000000000e+00  3.5578723055e+01  3.0088260667e+02  0.0000000000e+00  0.0000000000e+00  6.7083173979e-01  1.6836660999e+00  0.0000000000e+00  0.0000000000e+00  8.4247305567e-01  1.2995759391e+00  0.0000000000e+00  0.0000000000e+00  
5.9016809464e+00  1.4519513785e+01  4.3037209042e+01  0.0000000000e+00  0.0000000000e+00  -2.1204457432e+00  1.3677162763e+01  0.0000000000e+00  0.0000000000e+00  -4.0159045538e+00  2.7606381130e+01  0.0000000000e+00  0.0000000000e+00  2.1175818617e+00  1.0944743762e+01  0.0000000000e+00  0.0000000000e+00  1.6108601058e+00  1.0682842072e+01  0.0000000000e+00  0.0000000000e+00  1.7469185867e+00  6.6630859238e+00  0.0000000000e+00  0.0000000000e+00  
6.0021333694e+00  1.6200987819e+00  5.2964296515e+00  0.0000000000e+00  0.0000000000e+00  3.6265127356e-01  9.2225216831e-01  0.0000000000e+00  0.0000000000e+00  -1.0597734738e+00  1.0873247908e+00  0.0000000000e+00  0.0000000000e+00  -2.2623110438e+00  5.2388052827e+00  0.0000000000e+00  0.0000000000e+00  -1.2997512518e-01  7.7532639220e-01  0.0000000000e+00  0.0000000000e+00  -2.4890740317e-02  1.9580282560e-01  0.0000000000e+00  0.0000000000e+00  
6.1018948555e+00  4.2511326154e-01  1.1571242517e+00  0.0000000000e+00  0.0000000000e+00  -1.4902409525e+00  1.0467622630e+01  0.0000000000e+00  0.0000000000e+00  -3.7537201492e+00  1.1271800641e+01  0.0000000000e+00  0.0000000000e+00  -8.0797776030e-01  6.1217162925e+00  0.0000000000e+00  0.0000000000e+00  9.5531943918e-01  5.9762058761e+01  0.0000000000e+00  0.0000000000e+00  1.5006821465e+00  2.1575347448e+00  0.0000000000e+00  0.0000000000e+00  
6.2016224861e+00  3.7043721990e-01  1.0898215889e+00  0.0000000000e+00  0.0000000000e+00  1.0763530517e+00  1.0708976527e+01  0.0000000000e+00  0.0000000000e+00  4.4334332748e-01  4.6924924118e+02  0.0000000000e+00  0.0000000000e+00  9.5365068412e-01  1.9688356698e+01  0.0000000000e+00  0.0000000000e+00  -5.4147704063e-01  1.8261591159e+00  0.0000000000e+00  0.0000000000e+00  -4.7929536015e-01  2.4388564780e+00  0.0000000000e+00  0.0000000000e+00  
6.3008913994e+00  -1.0581315970e+00  1.0534606741e+02  0.0000000000e+00  0.0000000000e+00  2.1625666492e+00  1.3341767714e+01  0.0000000000e+00  0.0000000000e+00  -3.2479824298e+00  4.0075659515e+02  0.0000000000e+00  0.0000000000e+00  3.5281548481e+00  4.1535575120e+01  0.0000000000e+00  0.0000000000e+00  -3.1403283885e-01  1.3234901122e+01  0.0000000000e+00  0.0000000000e+00  -1.1822681740e+00  4.8848563789e+00  0.0000000000e+00  0.0000000000e+00  
6.4011006355e+00  2.8442832244e-01  1.5264555995e+00  0.0000000000e+00  0.0000000000e+00  1.0440464281e+00  3.2357773563e+00  0.0000000000e+00  0.0000000000e+00  -1.2986717624e-01  1.1794917104e+00  0.0000000000e+00  0.0000000000e+00  -4.4731137517e+01  8.1887444474e+01  0.0000000000e+00  0.0000000000e+00  8.5651778029e-01  4.9301045892e+00  0.0000000000e+00  0.0000000000e+00  9.3553418597e-01  2.1830407661e+00  0.0000000000e+00  0.0000000000e+00  
6.5007791519e+00  2.3018162263e-01  6.9314690097e-01  0.0000000000e+00  0.0000000000e+00  -3.0453161378e-01  4.1284283280e+00  0.0000000000e+00  0.0000000000e+00  -4.0347514265e-01  9.8745892052e-01  0.0000000000e+00  0.0000000000e+00  -2.0472921846e+00  1.7514339181e+02  0.0000000000e+00  0.0000000000e+00  1.2488604136e+00  1.8183777026e+00  0.0000000000e+00  0.0000000000e+00  -5.1268010714e-01  1.2276851173e+00  0.0000000000e+00  0.0000000000e+00  
6.6005625725e+00  -9.6928954301e-02  1.0792419141e+00  0.0000000000e+00  0.0000000000e+00  -6.6223061017e-01  1.8272619025e+00  0.0000000000e+00  0.0000000000e+00  -1.5130171462e+00  1.6917356901e+01  0.0000000000e+00  0.0000000000e+00  2.3120105511e+00  3.0624690751e+01  0.0000000000e+00  0.0000000000e+00  1.6995462736e+00  3.0198585512e+00  0.0000000000e+00  0.0000000000e+00  5.3807697128e+00  1.6719356182e+01  0.0000000000e+00  0.0000000000e+00  
6.7002544403e+00  3.1191763358e+00  5.9574646055e+00  0.0000000000e+00  0.0000000000e+00  -5.8582126124e-01  2.6788047107e+01  0.0000000000e+00  0.0000000000e+00  -7.0427418989e-01  2.4576222190e+00  0.0000000000e+00  0.0000000000e+00  2.0471241654e+00  9.0079465143e+00  0.0000000000e+00  0.0000000000e+00  7.7464086173e+00  2.9326652344e+01  0.0000000000e+00  0.0000000000e+00  -6.4342753027e-01  1.1504086957e+02  0.0000000000e+00  0.0000000000e+00  
6.8001899719e+00  7.6410350420e+11  1.5052839033e+14  0.0000000000e+00  0.0000000000e+00  8.5713547124e+11  1.6885568783e+14  0.0000000000e+00  0.0000000000e+00  -2.6895531376e+11  5.2984196811e+13  0.0000000000e+00  0.0000000000e+00  7.2223278205e+11  1.4227985806e+14  0.0000000000e+00  0.0000000000e+00  9.7146416215e+11  1.9137843995e+14  0.0000000000e+00  0.0000000000e+00  3.1454826923e+11  6.1966009039e+13  0.0000000000e+00  0.0000000000e+00  
6.9001741409e+00  1.2388765386e+12  2.4405867811e+14  0.0000000000e+00  0.0000000000e+00  -7.2121123132e+11  1.4207861257e+14  0.0000000000e+00  0.0000000000e+00  -4.4725837971e+11  8.8109900802e+13  0.0000000000e+00  0.0000000000e+00  -5.9086057628e+11  1.1639953353e+14  0.0000000000e+00  0.0000000000e+00  -1.5861267288e+12  3.1246696557e+14  0.0000000000e+00  0.0000000000e+00  1.3521900294e+12  2.6638143579e+14  0.0000000000e+00  0.0000000000e+00  
