#eta  rn(eta)  rn_err(eta)  rnn(eta)  rnn_err(eta)
-7.0000000000e+00  0.0000000000e+00  0.0000000000e+00  0.0000000000e+00  0.0000000000e+00  0.0000000000e+00  0.0000000000e+00  0.0000000000e+00  0.0000000000e+00  0.0000000000e+00  0.0000000000e+00  0.0000000000e+00  0.0000000000e+00  0.0000000000e+00  0.0000000000e+00  0.0000000000e+00  0.0000000000e+00  0.0000000000e+00  0.0000000000e+00  0.0000000000e+00  0.0000000000e+00  0.0000000000e+00  0.0000000000e+00  0.0000000000e+00  0.0000000000e+00  
-6.9000129700e+00  0.0000000000e+00  0.0000000000e+00  0.0000000000e+00  0.0000000000e+00  0.0000000000e+00  0.0000000000e+00  0.0000000000e+00  0.0000000000e+00  0.0000000000e+00  0.0000000000e+00  0.0000000000e+00  0.0000000000e+00  0.0000000000e+00  0.0000000000e+00  0.0000000000e+00  0.0000000000e+00  0.0000000000e+00  0.0000000000e+00  0.0000000000e+00  0.0000000000e+00  0.0000000000e+00  0.0000000000e+00  0.0000000000e+00  0.0000000000e+00  
-6.8000030518e+00  0.0000000000e+00  0.0000000000e+00  0.0000000000e+00  0.0000000000e+00  0.0000000000e+00  0.0000000000e+00  0.0000000000e+00  0.0000000000e+00  0.0000000000e+00  0.0000000000e+00  0.0000000000e+00  0.0000000000e+00  0.0000000000e+00  0.0000000000e+00  0.0000000000e+00  0.0000000000e+00  0.0000000000e+00  0.0000000000e+00  0.0000000000e+00  0.0000000000e+00  0.0000000000e+00  0.0000000000e+00  0.0000000000e+00  0.0000000000e+00  
-6.6999974251e+00  0.0000000000e+00  0.0000000000e+00  0.0000000000e+00  0.0000000000e+00  0.0000000000e+00  0.0000000000e+00  0.0000000000e+00  0.0000000000e+00  0.0000000000e+00  0.0000000000e+00  0.0000000000e+00  0.0000000000e+00  0.0000000000e+00  0.0000000000e+00  0.0000000000e+00  0.0000000000e+00  0.0000000000e+00  0.0000000000e+00  0.0000000000e+00  0.0000000000e+00  0.0000000000e+00  0.0000000000e+00  0.0000000000e+00  0.0000000000e+00  
-6.5999870300e+00  0.0000000000e+00  0.0000000000e+00  0.0000000000e+00  0.0000000000e+00  0.0000000000e+00  0.0000000000e+00  0.0000000000e+00  0.0000000000e+00  0.0000000000e+00  0.0000000000e+00  0.0000000000e+00  0.0000000000e+00  0.0000000000e+00  0.0000000000e+00  0.0000000000e+00  0.0000000000e+00  0.0000000000e+00  0.0000000000e+00  0.0000000000e+00  0.0000000000e+00  0.0000000000e+00  0.0000000000e+00  0.0000000000e+00  0.0000000000e+00  
-6.5000000000e+00  0.0000000000e+00  0.0000000000e+00  0.0000000000e+00  0.0000000000e+00  0.0000000000e+00  0.0000000000e+00  0.0000000000e+00  0.0000000000e+00  0.0000000000e+00  0.0000000000e+00  0.0000000000e+00  0.0000000000e+00  0.0000000000e+00  0.0000000000e+00  0.0000000000e+00  0.0000000000e+00  0.0000000000e+00  0.0000000000e+00  0.0000000000e+00  0.0000000000e+00  0.0000000000e+00  0.0000000000e+00  0.0000000000e+00  0.0000000000e+00  
-6.4000120163e+00  0.0000000000e+00  0.0000000000e+00  0.0000000000e+00  0.0000000000e+00  0.0000000000e+00  0.0000000000e+00  0.0000000000e+00  0.0000000000e+00  0.0000000000e+00  0.0000000000e+00  0.0000000000e+00  0.0000000000e+00  0.0000000000e+00  0.0000000000e+00  0.0000000000e+00  0.0000000000e+00  0.0000000000e+00  0.0000000000e+00  0.0000000000e+00  0.0000000000e+00  0.0000000000e+00  0.0000000000e+00  0.0000000000e+00  0.0000000000e+00  
-6.3000001907e+00  0.0000000000e+00  0.0000000000e+00  0.0000000000e+00  0.0000000000e+00  0.0000000000e+00  0.0000000000e+00  0.0000000000e+00  0.0000000000e+00  0.0000000000e+00  0.0000000000e+00  0.0000000000e+00  0.0000000000e+00  0.0000000000e+00  0.0000000000e+00  0.0000000000e+00  0.0000000000e+00  0.0000000000e+00  0.0000000000e+00  0.0000000000e+00  0.0000000000e+00  0.0000000000e+00  0.0000000000e+00  0.0000000000e+00  0.0000000000e+00  
-6.2000012398e+00  0.0000000000e+00  0.0000000000e+00  0.0000000000e+00  0.0000000000e+00  0.0000000000e+00  0.0000000000e+00  0.0000000000e+00  0.0000000000e+00  0.0000000000e+00  0.0000000000e+00  0.0000000000e+00  0.0000000000e+00  0.0000000000e+00  0.0000000000e+00  0.0000000000e+00  0.0000000000e+00  0.0000000000e+00  0.0000000000e+00  0.0000000000e+00  0.0000000000e+00  0.0000000000e+00  0.0000000000e+00  0.0000000000e+00  0.0000000000e+00  
-6.0999884605e+00  0.0000000000e+00  0.0000000000e+00  0.0000000000e+00  0.0000000000e+00  0.0000000000e+00  0.0000000000e+00  0.0000000000e+00  0.0000000000e+00  0.0000000000e+00  0.0000000000e+00  0.0000000000e+00  0.0000000000e+00  0.0000000000e+00  0.0000000000e+00  0.0000000000e+00  0.0000000000e+00  0.0000000000e+00  0.0000000000e+00  0.0000000000e+00  0.0000000000e+00  0.0000000000e+00  0.0000000000e+00  0.0000000000e+00  0.0000000000e+00  
-6.0000000000e+00  0.0000000000e+00  0.0000000000e+00  0.0000000000e+00  0.0000000000e+00  0.0000000000e+00  0.0000000000e+00  0.0000000000e+00  0.0000000000e+00  0.0000000000e+00  0.0000000000e+00  0.0000000000e+00  0.0000000000e+00  0.0000000000e+00  0.0000000000e+00  0.0000000000e+00  0.0000000000e+00  0.0000000000e+00  0.0000000000e+00  0.0000000000e+00  0.0000000000e+00  0.0000000000e+00  0.0000000000e+00  0.0000000000e+00  0.0000000000e+00  
-5.9000110626e+00  0.0000000000e+00  0.0000000000e+00  0.0000000000e+00  0.0000000000e+00  0.0000000000e+00  0.0000000000e+00  0.0000000000e+00  0.0000000000e+00  0.0000000000e+00  0.0000000000e+00  0.0000000000e+00  0.0000000000e+00  0.0000000000e+00  0.0000000000e+00  0.0000000000e+00  0.0000000000e+00  0.0000000000e+00  0.0000000000e+00  0.0000000000e+00  0.0000000000e+00  0.0000000000e+00  0.0000000000e+00  0.0000000000e+00  0.0000000000e+00  
-5.7998542786e+00  0.0000000000e+00  0.0000000000e+00  0.0000000000e+00  0.0000000000e+00  0.0000000000e+00  0.0000000000e+00  0.0000000000e+00  0.0000000000e+00  0.0000000000e+00  0.0000000000e+00  0.0000000000e+00  0.0000000000e+00  0.0000000000e+00  0.0000000000e+00  0.0000000000e+00  0.0000000000e+00  0.0000000000e+00  0.0000000000e+00  0.0000000000e+00  0.0000000000e+00  0.0000000000e+00  0.0000000000e+00  0.0000000000e+00  0.0000000000e+00  
-5.7000050545e+00  0.0000000000e+00  0.0000000000e+00  0.0000000000e+00  0.0000000000e+00  0.0000000000e+00  0.0000000000e+00  0.0000000000e+00  0.0000000000e+00  0.0000000000e+00  0.0000000000e+00  0.0000000000e+00  0.0000000000e+00  0.0000000000e+00  0.0000000000e+00  0.0000000000e+00  0.0000000000e+00  0.0000000000e+00  0.0000000000e+00  0.0000000000e+00  0.0000000000e+00  0.0000000000e+00  0.0000000000e+00  0.0000000000e+00  0.0000000000e+00  
-5.5997591019e+00  0.0000000000e+00  0.0000000000e+00  0.0000000000e+00  0.0000000000e+00  0.0000000000e+00  0.0000000000e+00  0.0000000000e+00  0.0000000000e+00  0.0000000000e+00  0.0000000000e+00  0.0000000000e+00  0.0000000000e+00  0.0000000000e+00  0.0000000000e+00  0.0000000000e+00  0.0000000000e+00  0.0000000000e+00  0.0000000000e+00  0.0000000000e+00  0.0000000000e+00  0.0000000000e+00  0.0000000000e+00  0.0000000000e+00  0.0000000000e+00  
-5.5000000000e+00  1.1753617533e+13  1.1753617533e+13  0.0000000000e+00  0.0000000000e+00  -4.1172966447e+13  4.1172966447e+13  0.0000000000e+00  0.0000000000e+00  1.9938557331e+13  1.9938557331e+13  0.0000000000e+00  0.0000000000e+00  -4.0803926867e+13  4.0803926867e+13  0.0000000000e+00  0.0000000000e+00  -1.8923185801e+13  1.8923185801e+13  0.0000000000e+00  0.0000000000e+00  1.4896639099e+13  1.4896639099e+13  0.0000000000e+00  0.0000000000e+00  
-5.3997373581e+00  -7.6049339214e-01  1.5239648507e+00  0.0000000000e+00  0.0000000000e+00  7.8417046612e-01  3.5143199429e+00  0.0000000000e+00  0.0000000000e+00  1.0303275722e+00  3.2762883574e+00  0.0000000000e+00  0.0000000000e+00  -6.8217074519e-01  2.1164570494e+00  0.0000000000e+00  0.0000000000e+00  -1.6061927018e+02  2.7971333012e+02  0.0000000000e+00  0.0000000000e+00  -3.9987483260e-01  5.3571557209e+00  0.0000000000e+00  0.0000000000e+00  
-5.2996864319e+00  0.0000000000e+00  0.0000000000e+00  0.0000000000e+00  0.0000000000e+00  0.0000000000e+00  0.0000000000e+00  0.0000000000e+00  0.0000000000e+00  0.0000000000e+00  0.0000000000e+00  0.0000000000e+00  0.0000000000e+00  0.0000000000e+00  0.0000000000e+00  0.0000000000e+00  0.0000000000e+00  0.0000000000e+00  0.0000000000e+00  0.0000000000e+00  0.0000000000e+00  0.0000000000e+00  0.0000000000e+00  0.0000000000e+00  0.0000000000e+00  
-5.1994023323e+00  5.3136705783e-01  3.1434356073e+01  0.0000000000e+00  0.0000000000e+00  -2.3568566298e+00  2.6756701578e+01  0.0000000000e+00  0.0000000000e+00  -1.3059403816e+00  4.9367990783e+00  0.0000000000e+00  0.0000000000e+00  3.6493922812e-02  1.3137845413e-01  0.0000000000e+00  0.0000000000e+00  5.4676665251e+00  5.8695369727e+01  0.0000000000e+00  0.0000000000e+00  3.7353489749e+00  9.4162956589e+00  0.0000000000e+00  0.0000000000e+00  
-5.0988702774e+00  4.9072394806e-01  1.3913756384e+00  0.0000000000e+00  0.0000000000e+00  1.5372131271e-01  1.2194061004e+00  0.0000000000e+00  0.0000000000e+00  -8.0200372721e+00  2.0808836202e+01  0.0000000000e+00  0.0000000000e+00  7.4972200634e-01  3.2705531361e+00  0.0000000000e+00  0.0000000000e+00  -3.0092017268e+00  1.0498126212e+01  0.0000000000e+00  0.0000000000e+00  -8.3780567406e-01  1.0264781502e+00  0.0000000000e+00  0.0000000000e+00  
-4.9992513657e+00  -3.1205045115e+00  5.9833829858e+01  0.0000000000e+00  0.0000000000e+00  -1.6293346364e+00  6.2000536517e+01  0.0000000000e+00  0.0000000000e+00  4.2717852707e-01  2.1629841455e+00  0.0000000000e+00  0.0000000000e+00  3.3870392839e-01  1.8069647571e+00  0.0000000000e+00  0.0000000000e+00  -4.7110024977e-01  9.0400439751e-01  0.0000000000e+00  0.0000000000e+00  -2.9030817045e-01  5.0362331011e-01  0.0000000000e+00  0.0000000000e+00  
-4.8993191719e+00  -6.3056344721e-01  2.3954691175e+00  0.0000000000e+00  0.0000000000e+00  6.9963064469e-01  1.5816931675e+00  0.0000000000e+00  0.0000000000e+00  4.8991298783e-01  3.5679194600e+00  0.0000000000e+00  0.0000000000e+00  -1.7231101381e+00  9.6031833688e+00  0.0000000000e+00  0.0000000000e+00  4.4518831916e-01  5.9966438734e-01  0.0000000000e+00  0.0000000000e+00  -2.3936345857e+00  5.3327635827e+00  0.0000000000e+00  0.0000000000e+00  
-4.7987413406e+00  1.5363424345e+00  7.5683970019e+00  0.0000000000e+00  0.0000000000e+00  -2.2908717258e+00  1.3379533446e+01  0.0000000000e+00  0.0000000000e+00  5.2890562536e-01  5.8172189983e-01  0.0000000000e+00  0.0000000000e+00  3.0517442209e+00  2.6956123892e+01  0.0000000000e+00  0.0000000000e+00  1.8623105131e-01  7.7721094835e-01  0.0000000000e+00  0.0000000000e+00  4.7362486978e-01  1.9610898466e+01  0.0000000000e+00  0.0000000000e+00  
-4.6982808113e+00  5.2201011891e-01  3.5173709922e+00  0.0000000000e+00  0.0000000000e+00  -5.9665163609e+00  2.8323534033e+01  0.0000000000e+00  0.0000000000e+00  -2.2173946985e-01  5.8813167422e-01  0.0000000000e+00  0.0000000000e+00  -7.2595484113e-02  1.0168710907e+00  0.0000000000e+00  0.0000000000e+00  -1.1048331674e+00  4.8748779341e+00  0.0000000000e+00  0.0000000000e+00  6.0449748858e-01  2.3328582158e+00  0.0000000000e+00  0.0000000000e+00  
-4.5969939232e+00  -5.2724030842e-01  6.4681206031e+01  -9.2126076316e-01  9.2126076316e-01  2.3981146513e+00  1.8225912082e+01  1.0411199386e+00  1.0411199386e+00  3.9939504883e+00  6.1324132358e+01  -3.7763637769e-01  3.7763637769e-01  -1.7857772705e+00  3.0295537895e+01  -8.9576748874e-01  8.9576748874e-01  -4.6032734262e+00  8.8105871986e+01  2.8224532439e+00  2.8224532439e+00  -2.1577578105e+00  1.8180895897e+02  -5.9523200320e-01  5.9523200320e-01  
-4.4974374771e+00  -3.1673938245e+01  1.6127561052e+02  0.0000000000e+00  0.0000000000e+00  5.9295991151e-01  2.5840997334e+00  0.0000000000e+00  0.0000000000e+00  -6.7961380300e+01  2.0608232810e+02  0.0000000000e+00  0.0000000000e+00  1.7907793513e+00  1.9553947293e+00  0.0000000000e+00  0.0000000000e+00  1.2474939466e-01  6.2705778246e-01  0.0000000000e+00  0.0000000000e+00  -1.2061965737e+00  2.6073064312e+00  0.0000000000e+00  0.0000000000e+00  
-4.3971190453e+00  -6.2545652840e-01  8.0061401991e+00  8.1142405478e-01  8.1142405478e-01  -4.2149618403e-01  1.4373837002e+01  1.4174768893e+00  1.4174768893e+00  -3.2562484093e-01  5.7049762738e-01  -9.9556092039e-01  9.9556092039e-01  7.3613010561e-01  9.9740259401e-01  1.2849891218e+00  1.2849891218e+00  3.2923096053e+00  1.9769908859e+02  -1.1353715051e+00  1.1353715051e+00  -3.7283597727e-01  1.4873439820e+00  -1.5930351657e+00  1.5930351657e+00  
-4.2965993881e+00  2.7400106392e-01  1.5387501563e+00  1.8797061140e+00  1.8797061140e+00  2.9540490039e-02  1.3116695373e+00  -8.9863875482e-01  8.9863875482e-01  4.1323947560e-01  9.9651549409e-01  3.9105164045e+00  3.9105164045e+00  -2.7472055797e+00  7.5588281690e+00  -5.1709894278e+00  5.1709894278e+00  8.6426051614e+00  7.7140449169e+02  1.0004111488e+00  1.0004111488e+00  -1.2028259530e-01  8.2638886411e-01  1.0481819926e+00  1.0481819926e+00  
-4.1948843002e+00  -6.0104633147e-01  1.1283481100e+00  -7.0425924875e-03  1.0520212361e+00  9.9129683996e-01  8.9888098803e-01  -6.7626193413e-02  1.7844949393e+00  -1.3182295646e+00  3.3152290105e+00  -1.2786823242e+00  1.8287560829e+00  -6.1655262352e+00  1.4003279598e+02  1.4195627890e+00  2.1409868821e+00  -2.5060564042e-01  4.5987959418e-01  -3.4229269394e+00  2.2154052341e+00  -1.8328267125e+00  9.5173187714e+00  3.1357108206e-01  4.7502471268e+00  
-4.0944023132e+00  1.7762261181e+00  1.2778097270e+00  -1.6047722424e+00  2.7814080215e+00  -2.1481383387e-01  4.8836991395e-01  -2.5113587159e+00  1.6260986985e+01  -5.2913268693e+00  1.7179153637e+02  6.7311051562e-01  1.4714033641e+00  -5.8756275055e-01  1.6739276129e+00  -1.2871982561e+00  1.3004802493e+00  3.8878604777e+00  8.5229489790e+02  1.4049567611e+01  3.3922388976e+01  2.2676696450e+00  8.7566412396e+00  -1.2396332189e+00  2.9769843238e+00  
-3.9924058914e+00  2.4592561037e+00  9.3035603094e+00  5.0464725337e-01  3.2776773645e+00  1.4311543794e+00  1.9370053355e+00  -5.8983488540e+00  5.7441486392e+01  2.1102196680e-01  6.3748561347e-01  2.9876833885e-01  4.9177091263e-01  7.5328333699e+00  4.8661872693e+02  -5.0537237046e-01  2.0378912099e+00  -1.4214194441e+00  3.8534461877e+00  -2.1270357975e+00  8.1984679187e+00  -3.1505631136e+00  5.6925798101e+01  -5.3786605202e-01  8.7582206299e-01  
-3.8930516243e+00  -1.0037853073e+00  7.4274605461e-01  1.5072696161e+00  1.3623706401e+01  4.3104156157e+00  5.5478616432e+01  -1.4431791295e+00  1.4432203209e+01  -3.4014428547e-01  4.9002956187e-01  9.3691837537e-01  4.8368414538e-01  -5.5006162531e+00  7.6057600961e+01  1.6644082356e+00  5.9282999649e+00  2.6915270010e+00  4.5407365459e+00  1.6967169233e+00  9.7050262759e+00  -1.2496194223e+00  1.1080789201e+00  -1.0197571741e+00  1.4543958375e+01  
-3.7908313274e+00  2.3255230133e+01  1.9233475051e+03  -7.6974263807e+00  1.8162679600e+01  5.9704628639e+00  3.8179780918e+01  1.4614560556e+01  9.4712026147e+01  -1.2609521047e+00  1.8580441757e+00  1.1462786676e+00  2.2936291400e-01  -3.5570550039e-01  3.3117577937e+02  1.8848104226e-01  1.2360385838e+00  -1.2197716822e+00  1.2093378621e+00  -5.0518053199e-01  4.4637492633e+00  -4.1516347177e+00  1.8556902792e+01  -2.8658613201e+00  1.6571829394e+02  
-3.6887059212e+00  1.2530093879e+00  1.1542659444e+00  3.6708529609e-01  9.6871854749e-01  1.9170785635e+00  4.0428768512e+00  -3.5645758601e-01  1.1696509197e+00  2.2946976495e+00  4.4583595562e+00  2.9527202931e-01  1.7548198087e+00  -3.7652483800e+00  4.0018983335e+01  5.1524919377e-02  4.4516921434e+00  -2.9208402205e+01  1.0424848243e+03  7.0251335568e-02  8.3142962505e-01  2.5056580204e-01  2.9741480749e-01  1.2506343119e+00  1.0651735508e+00  
-3.5880911350e+00  1.2430283406e+00  2.1840465628e+00  2.4762975522e-01  6.2339654046e-01  1.1184627406e+00  8.2567453179e-01  3.3637493332e-01  7.6435820212e-01  -1.0798040732e+00  1.0764796812e+00  -7.2921396960e-01  3.4715350522e-01  2.5965757446e+00  2.2527939171e+00  5.4399761975e+00  2.8953694251e+02  6.4523344618e-01  4.9723286512e-01  -9.7009605986e-01  2.4251625252e+00  -1.5608789037e+00  4.5849659916e+00  -1.2122473184e+01  4.3682287256e+01  
-3.4824135303e+00  2.5330611966e+01  1.3256971543e+03  -9.7994070285e-01  1.3895288651e+00  -1.9081259891e+01  2.1513588843e+03  -1.3628912322e+00  3.0577416292e+00  -1.5638012459e+01  1.5603620838e+03  -9.9069551090e+01  2.2482051774e+04  1.6530499114e+00  4.7001393006e+00  2.1074206083e+00  9.6795007485e+00  2.3855652954e+00  5.1081865844e+00  9.9310610280e-02  8.4420614315e-01  5.4694525648e+02  9.7481027580e+04  -3.6195506587e-01  2.6698397788e+01  
-3.3783147335e+00  1.7642221196e+00  1.3761529168e+00  -6.4582981474e-01  1.9489589232e+00  -1.3852002330e+00  9.9653003262e-01  -7.7083887005e-01  2.6985347271e+02  -1.8378161568e+01  2.0626872893e+02  3.3504585071e-01  1.3425007374e+00  2.2749509436e+00  2.5983997192e+00  7.3901943013e-02  4.6555555755e-01  1.5067931141e+00  1.1712024695e+00  -1.4126107070e+00  5.8435913512e+00  -1.0005933773e+01  9.4818193887e+01  3.5852610039e+00  1.3813077098e+01  
-3.2758667469e+00  -1.4377099292e+01  4.0966923773e+02  -2.8953018179e+00  1.2224634549e+02  -5.4516417745e+00  6.5306712191e+00  8.5598753409e-01  7.8294011822e-01  -2.1192445488e+01  1.9916518010e+02  1.4689840054e+00  2.1772488337e+00  4.7317378715e+00  6.6902519482e+00  9.0893857714e-02  1.3788688037e+00  5.5628026990e+00  1.0450538781e+01  4.3583383827e-01  5.4351500225e-01  -1.4727033250e+01  1.8413354791e+02  3.2613030357e-02  9.3402806378e-01  
-3.1695013046e+00  -2.7992769411e+01  6.4828960398e+02  8.4155937542e-01  1.5827493692e+00  5.6359497137e+00  6.4257157739e+00  -4.8619788640e+00  1.8717203364e+01  1.0265020785e+00  8.5415358181e-01  4.3885949948e+00  2.1013462174e+01  -2.4707127195e+01  8.6033956662e+02  -2.1106382884e-01  1.6655670954e+00  -3.5702220482e+00  5.7313400936e+00  9.7935799966e-01  6.2880881145e-01  1.4008972892e+01  5.1891165608e+03  5.5668358634e-01  6.7028564722e-01  
-3.0676517487e+00  -3.4802855457e+00  2.2844868756e+00  3.7143866449e+00  1.7094285657e+01  1.4042589380e+00  1.0084393925e+00  -3.2050934979e-01  4.4210686219e-01  -1.1251557071e+00  1.0359959665e+00  -5.4636549641e-01  5.6415959483e-01  -9.8215130561e+00  4.0440935346e+01  1.4696298781e+00  9.1140163776e-01  -2.4817211420e+01  1.8857003968e+02  2.2144431276e+01  5.3590815671e+03  -8.5558423115e+00  1.9929099540e+01  3.2033147111e-01  4.4567121152e-01  
-2.9649443626e+00  3.3238499255e+01  1.3189126052e+03  -2.0900721744e+00  1.8675141669e+00  6.8980521679e+00  7.6454490461e+00  4.1998197997e+00  1.5275511126e+01  9.3681487335e+00  2.0517567770e+01  -2.9224497156e-01  8.9730470696e-01  -5.7718303247e+00  8.2423044210e+00  1.8221458851e+00  3.6239071554e+00  2.0301116301e+01  3.6899396340e+02  -1.3118545759e+01  3.1955843129e+02  -1.1718162366e+01  3.1490406589e+01  -1.5985818474e+01  2.8966732768e+02  
-2.8602035046e+00  1.3758637132e+01  4.4119033725e+01  -1.4631843117e+01  7.2455295091e+02  6.0905009229e+00  6.7538640677e+00  2.0255870874e+00  7.9814175850e+00  9.1485069611e+00  1.6245276665e+01  6.8140892762e+00  5.1485583441e+01  -1.1569210101e+01  4.4852037359e+01  -1.4601948031e+01  2.0140927162e+02  -4.4276091966e+00  3.7187044877e+00  -2.5696027414e+00  1.2816713902e+01  5.6029544618e+00  5.3039439487e+00  -1.2694447484e+00  1.7518459380e+00  
-2.7588415146e+00  1.0198330557e+01  1.9720258972e+01  -1.9885026431e+00  2.4900406994e+00  1.5744266167e+00  8.8735529861e-01  5.9586225751e-01  2.1598585708e+01  -3.3905041223e+00  2.8124848158e+00  -2.1331906375e+00  1.1480352170e+01  2.6078930541e+00  1.3914638962e+00  3.3628076022e+00  1.3833944474e+01  -2.0238609404e+01  1.0439617697e+02  -4.5561515016e+00  1.1315195520e+01  5.2228700767e+01  4.7408625739e+03  -3.2221639537e+00  6.8374355289e+00  
-2.6576573849e+00  1.1342970992e+01  1.6589534030e+01  -9.6263337787e+00  5.4081608014e+01  6.1417885215e+01  5.3951979803e+03  3.5498086599e+00  3.6142581644e+00  -6.6295937580e+00  6.6409601931e+00  -8.3829592901e-01  6.0618788659e+00  1.2656124467e+01  2.6582373431e+01  -5.3422351778e+00  5.5927231970e+01  -3.3464284616e+00  1.9704524700e+00  -2.4638014253e+00  1.5104836186e+00  -1.0630514734e+01  1.5840433315e+01  -2.1294704187e+01  2.7339012435e+02  
-2.5571537018e+00  -5.1644976958e+00  3.6916015705e+00  2.4768919039e+00  1.2656220179e+00  -1.6126508864e+01  4.7159423166e+01  -1.3051429497e+00  9.6489796429e-01  -1.0854901379e+01  1.4140773114e+01  -7.0748591030e+00  4.4123192760e+01  1.3303496001e+01  2.8879820508e+01  3.2497592401e+00  1.1870750581e+01  9.4345868776e+00  1.6698829615e+01  -9.9124443803e-01  2.3634455113e+00  -1.3563871468e+01  2.9007123318e+01  -2.6140170596e+00  2.1242317876e+01  
-2.4559032917e+00  7.7975756773e+00  6.3547398379e+00  -7.2353328707e+00  2.9263322595e+01  2.7353648052e+01  4.0569190007e+02  -2.5862703784e+00  3.0097895449e+00  -1.0569864241e+01  1.4918720337e+01  -5.5148877684e+00  8.9937542961e+00  -4.3306270402e+00  2.3324302099e+00  -1.1809885130e+00  1.1409764145e+00  1.1439067553e+01  1.6357425032e+01  -2.4497561025e+00  1.5815311240e+01  1.6190786033e+01  2.9362359751e+01  -9.2784865380e+00  3.9943668373e+01  
-2.3554022312e+00  -1.5851002355e+01  8.6465249159e+01  -5.5751059834e-01  8.6175065412e-01  -1.4979344568e+01  7.3240345010e+01  -8.9498302082e-02  1.6104540207e+01  -1.0166736705e+00  9.7506716554e-01  -1.9084100095e+01  2.8474396546e+03  1.8764402720e+01  6.3136099520e+02  2.1209679220e-01  8.2588842663e-01  -2.8602385498e+00  3.5156215420e+00  -1.9889667719e-01  1.6204004781e+00  3.6073223932e+00  3.6532975449e+00  1.1546653807e+00  1.4548876393e+00  
-2.2550630569e+00  -1.3228239148e+00  1.9138050615e+00  -7.5606145789e-01  1.4187242723e+00  4.4991569202e-01  6.9440917827e-01  -4.3261569934e+01  3.2018173308e+03  -1.1127029711e+00  1.7639890557e+00  3.1890511834e+00  1.5329214032e+01  2.2572777251e-01  1.0076047280e+00  -1.3996150570e+00  1.5701250417e+00  1.8716531683e+00  5.0369743321e+00  5.4714608012e+00  3.7591835233e+01  -2.1442829738e+00  2.7089480757e+00  -7.1692344130e-01  7.4614215378e-01  
-2.1559569836e+00  1.2528949533e+01  1.0311508573e+03  -1.2264816937e+00  9.2602535183e-01  4.1406080938e+00  6.2082547192e+01  3.8720399190e-01  1.0120092573e+00  4.0189786532e+00  4.3598062323e+00  -1.5116832283e+00  2.2282409828e+00  -6.7704790505e-01  1.0024557625e+00  1.9126872724e+01  5.8470417115e+03  -6.4250336291e-01  1.4251089656e+00  -7.0233321600e-01  3.3901103306e+00  7.1687184714e-01  1.0373500180e+00  -1.2844669793e+00  1.1389090528e+00  
-2.0536351204e+00  1.1253425649e+00  1.1306422187e+00  -5.8990151258e-01  7.9253545404e-01  -3.0230825031e-01  4.1209384148e-01  -9.9785221758e-01  9.9334368331e-01  -1.5891718397e+00  2.0277021700e+01  1.9720468020e-01  1.2288884916e+00  -3.1025416685e+00  2.2207480979e+01  4.3036220883e-01  1.6039348371e+00  2.0691600496e+00  8.8757374508e+00  -4.3644584242e-01  5.8170484892e-01  -1.5012675624e+00  2.8713047830e+00  2.3915196383e-02  9.1449859986e-01  
-1.9547256231e+00  1.4822510318e-01  6.2211326163e-01  1.8523618921e-01  2.1492174061e+00  6.1136242698e+00  3.0274767288e+02  -2.3014734697e+00  2.9952829599e+01  3.6519891321e+00  6.1436671425e+01  1.5281858469e+00  1.8481582735e+00  -1.1090366744e+03  2.0921850257e+05  -3.8117890321e-01  9.0408913507e-01  2.1170518452e-01  7.0763418300e-01  -4.7347815330e-02  7.7163122264e-01  -2.4359245521e-01  5.9148513287e+00  -8.2508823603e+00  1.0035226469e+03  
-1.8530746698e+00  2.0008145985e+00  3.1948575253e+00  6.8068739326e+00  7.2939476521e+01  -2.8806300262e+00  5.5995366249e+00  8.4452175526e-02  5.0800273970e-01  -6.5263820739e-01  2.7717599131e+00  8.9077881278e-01  4.4424425902e+00  -1.9240145290e+00  1.7522235151e+00  -1.3279810296e+00  2.2660300077e+00  -2.9351183474e+00  2.0778762276e+01  -3.4940129853e-01  1.1512743871e+00  1.7313354928e+00  3.8158985014e+00  1.1962855913e+00  1.0905590359e+00  
-1.7541389465e+00  -4.2511896004e+00  5.5591262416e+01  7.8466677836e+00  9.5901904211e+01  9.2782789490e-01  1.0849620529e+00  -9.9001309172e-01  2.3027911549e+00  -9.9145907319e-01  1.2846883539e+00  1.1866045989e+00  1.1549127360e+00  -8.7636976056e-01  2.0529849429e+00  1.5407077458e+00  7.0147714115e+00  2.4950204310e+00  9.1105108508e+01  -1.8682585411e+00  4.6811151652e+00  9.4227826156e-01  1.8895349993e+00  -5.9023841471e+00  3.3993984365e+03  
-1.6538900137e+00  -2.0804219624e+00  5.8500664796e+00  5.1701138166e+00  2.2029610722e+02  -3.8616982744e+00  1.8020793954e+01  2.0562232136e+00  1.6569509090e+01  -6.1977662099e-01  1.8027037706e+02  7.0878946228e-01  4.9565926001e-01  2.0897645495e+00  6.2269652827e+00  5.2048304602e-01  9.9879571508e-01  -2.1727609543e+00  4.9182123174e+00  6.3142984399e-01  6.8217714537e+02  -1.2093832622e+00  1.5490422969e+00  -3.7740796404e-01  2.6129114461e+00  
-1.5524787903e+00  1.6084310135e-01  4.4440860058e-01  1.7204597378e+00  3.9125467558e+00  -2.5458307778e-01  5.3522600017e+02  -2.6121281253e+00  6.5331027628e+00  4.2210686225e+00  2.1530768922e+01  1.2223462089e+00  3.0885122698e+02  2.1504452814e+00  3.0241059771e+00  -1.4289878972e+00  2.3592261063e+00  -1.1427017584e+00  2.6466761527e+00  -5.0251583199e-01  1.5671597327e+00  -3.0544957953e-01  1.0352589064e+00  -1.9508756144e-01  3.2326706126e-01  
-1.4526427984e+00  8.6338757214e-01  1.2127316789e+00  -9.8091265824e-01  1.5324381422e+00  1.7771935205e-01  5.2624964712e+00  -4.9370820934e-01  7.9080838226e+00  -5.4465560637e-01  4.6767119573e+00  6.9426667221e-02  4.8363772636e-01  5.4877190169e-02  6.9181743914e-01  -3.2737456529e-01  4.7397140091e-01  7.9479748157e-01  3.6696370323e+00  -3.5428129613e-01  3.3930792327e+00  -7.1979923361e-01  9.1089651242e-01  -7.7439808935e+00  1.8015191308e+02  
-1.3527663946e+00  -4.7219044853e-01  6.0465459650e-01  -7.6512344142e-01  2.1487018743e+00  6.3295180619e-01  1.6385744201e+00  -1.6495762155e-01  9.4537984333e-01  -6.7345595821e-01  7.0412653259e+00  -7.6816473716e-02  8.9632135154e-01  -2.4542684771e+00  9.0741291373e+00  -5.5160045862e-01  7.6964339166e-01  1.9218141941e+00  1.0804818452e+01  5.9516328969e+00  4.4441797876e+02  -3.0348343724e-01  8.8353337117e+01  1.5782897505e+00  7.1581563855e+00  
-1.2523196936e+00  1.0846212376e+00  1.2915920580e+00  6.0509353229e-01  1.8647713274e+00  4.1019313452e-01  4.2616049768e-01  -5.9081715361e+00  2.0624157345e+01  -1.1470662793e-01  1.4377911383e+00  4.6369792691e-01  6.3806481225e-01  7.0343498111e+00  5.5122469292e+03  1.2188063902e+02  2.1071922705e+04  -1.7097678487e+00  3.4031400043e+00  1.4476666379e-01  4.3159291779e+00  -7.3502593511e-01  1.7665836541e+00  1.1873993904e+00  1.3517679136e+01  
-1.1512873173e+00  6.8046027898e+00  2.6234349372e+02  4.7013589299e-01  3.6246705515e+00  5.4519779986e-01  4.3847535781e-01  -1.5682283388e+00  1.4422270034e+00  -9.1570930368e-01  2.3891682060e+00  -6.8961282947e+00  3.3563254502e+03  1.6045059620e+00  3.8184434766e+00  2.2278268672e+00  1.8168372181e+01  -1.5517705973e-01  1.3152795622e+00  -5.9302807307e-01  8.6132328988e-01  -4.6651362861e-01  4.0307589899e-01  -1.2395803693e+00  9.3561495391e-01  
-1.0525262356e+00  -1.6104603492e+00  1.7787485604e+00  5.1929690520e-01  1.0508740000e+00  1.0807392365e+00  1.4128197795e+00  -1.3602573748e+00  1.0123743739e+00  -6.0862430895e+01  1.2359257141e+04  -1.3400576723e+00  3.2052440638e+00  5.9743394281e+00  2.4675223235e+02  -7.3135171247e-01  1.2148736154e+00  1.3165145064e+00  1.1032555609e+00  1.5127127582e+00  1.8278690960e+00  -7.3805283285e-02  2.2555912083e+00  -2.3819022462e-03  3.3555225691e-01  
-9.5194351673e-01  1.0816207419e+00  2.1999576715e+00  5.2001622730e+00  4.6228313130e+01  3.0637259851e-01  9.3330246773e-01  1.3903387773e+00  1.4270382699e+00  -5.8105234345e+00  1.5378173384e+03  -1.6976344618e-01  6.0319816435e-01  -8.6460323626e-02  5.1948866053e-01  1.0811567678e+00  3.0298018436e+00  5.8921563856e-01  1.0255930862e+00  1.6089672543e+00  1.2003614027e+01  -5.1119066374e-01  1.4109806720e+00  9.5105824466e+00  2.1844378898e+02  
-8.5111486912e-01  8.8458650929e-01  1.8823650815e+00  -7.9512995185e-01  2.4895737703e+00  6.7515116467e+00  3.6196476505e+01  -6.2788205245e-01  1.6769573949e+00  2.7719324417e+00  1.1671354338e+02  -1.6208857217e+00  2.1634163840e+02  -6.5298426048e+00  3.6034227052e+03  -3.7576451728e-01  5.5986829122e-01  -1.1731985546e+00  2.6115787450e+01  -3.1109649533e-02  2.2624620568e+00  -4.8527717463e-01  5.1137959739e-01  -1.5109910648e+00  1.0490036880e+00  
-7.5195634365e-01  6.9424020671e-01  1.6150509015e+00  7.2024272170e-01  8.1532869437e-01  -1.2809165816e+00  4.7301229317e+00  -4.8516400039e-01  1.4703590369e+00  1.1214997593e+00  2.0033662154e+00  -4.9768877357e+00  1.3721040810e+02  1.4315878062e+00  2.4210601700e+00  -7.9944021978e-01  5.6039333805e+00  5.7781537381e-01  8.1579842162e-01  -2.0389526336e-01  1.3420786121e+00  -2.7095009662e+01  5.9011993093e+03  -2.1647908764e+00  2.5026099220e+00  
-6.5250563622e-01  -5.0034378773e+01  7.5417811397e+03  2.7062613320e+01  3.0579327669e+03  9.3913700927e-01  5.4780372175e-01  1.2583798276e+00  1.5796497436e+00  -1.3591064151e+01  2.2586990582e+03  1.7610943321e-01  4.6452894556e-01  1.9146467460e+00  2.4797657146e+00  -1.0537140425e+00  5.7117115057e+00  3.8448805472e+00  1.7387851764e+02  5.6461251339e-01  7.2883247365e-01  -1.2098333726e+00  2.8373145768e+01  -1.8629081055e+01  2.6071133955e+03  
-5.5178487301e-01  1.3177968303e-01  7.3056139413e-01  5.0731634222e-01  1.8802916932e+00  4.9799734659e-01  6.8831565058e-01  -2.1763678294e-01  5.5912253049e-01  -3.3823238880e+00  1.0734402128e+01  -1.2414863363e+00  1.7602134222e+00  -1.2512582449e+00  3.5158715034e+00  -6.0584831065e-01  5.5167792396e-01  -5.6661877602e-01  3.5232072653e+00  -9.0956752697e-01  9.6555719115e-01  1.5526703189e+00  2.7234166662e+00  -8.3930697361e-01  2.0833274226e+00  
-4.5190697908e-01  -1.0143818738e+00  1.3759054056e+00  -6.1723503077e-01  3.0573408872e+00  3.1280414074e+00  7.3833218709e+00  4.0112553784e-03  1.8496934107e+00  -5.1048634305e+00  1.2558612437e+01  -2.9142599792e-01  3.2578005112e-01  -1.4637968373e+01  4.4639254991e+03  -3.2215477361e-01  1.6428851492e+00  7.0680963763e-01  1.6663336730e+00  4.8011321511e-01  8.5065957745e+01  -2.9340962372e+00  4.1286381688e+02  6.9318659753e-01  3.3604832988e+00  
-3.5163795948e-01  3.4895213081e+00  7.3252142239e+00  -4.2643384117e-01  2.4742347235e+01  1.0428966292e+00  9.0558080889e-01  -1.1383702406e-01  1.1967138685e+00  3.9519412190e-01  4.4151534259e-01  9.1254532657e-01  1.5317570007e+00  -7.2178318090e+00  2.9243571147e+01  -1.6894467448e+00  2.7096662326e+00  -3.1715430182e-01  7.7583436331e-01  -1.8309671528e+00  3.5742668180e+00  -1.2015865188e-01  8.7565453082e-01  -1.7053099922e-01  9.3138175870e-01  
-2.5109073520e-01  3.8375498098e-01  8.2475409666e-01  -2.9552950832e-01  5.5189661871e-01  1.2206651031e+00  1.8634931004e+00  -4.9298887423e-01  1.2746873662e+00  1.5106658992e+00  2.7484075730e+00  6.0526965419e-01  8.1845916636e-01  4.9893730869e-01  1.2388500090e+00  -1.5640039151e+00  7.9509355350e+00  -6.9646142178e+00  4.9045622981e+02  6.0010175311e-01  7.3078219957e+00  -3.8484907088e+00  1.3188741846e+01  1.2487650315e+00  1.0639013354e+01  
-1.5167304873e-01  1.6593189651e+00  2.2442966835e+00  -1.8117125203e-01  8.6451879031e-01  5.1241847188e-01  6.4026875965e-01  1.5662974474e+00  1.0751861594e+00  -9.8551252161e-01  5.7566867970e+00  2.2567277032e-01  1.0583962778e+00  -4.4828050117e+00  2.6569128516e+02  -6.1244266205e-01  1.8355521657e+00  7.3456117604e-01  5.2437531885e-01  2.8030078628e+00  3.3535071129e+01  2.1981509112e-02  4.3143238080e-01  -2.4389669322e+00  5.3233743595e+02  
-5.1506694406e-02  -4.3687660399e+01  1.9692139085e+04  -2.1321606117e+00  5.1370027111e+00  2.3114269107e+00  1.4937187681e+00  6.9762994186e+00  1.5034651004e+02  3.5074818213e-01  7.5893071599e-01  2.1420262349e+00  7.0391827140e+00  -1.0237687894e+00  9.8627441172e-01  6.2382904518e-02  4.5071008284e-01  -1.3117999680e-01  1.8013977496e+00  -5.1693356685e-01  3.3646414493e-01  -1.4946791270e+00  2.0250587811e+00  2.3550341850e+01  1.3229848147e+03  
4.8164095730e-02  1.0000000000e+00  9.7114475556e-15  1.0000000000e+00  5.8655422145e-15  1.0000000000e+00  7.4600961130e-15  1.0000000000e+00  0.0000000000e+00  1.0000000000e+00  2.6740719539e-14  1.0000000000e+00  0.0000000000e+00  1.0000000000e+00  7.6787710692e-15  1.0000000000e+00  1.5659551855e-16  1.0000000000e+00  7.3982060764e-15  1.0000000000e+00  2.9463270993e-15  1.0000000000e+00  3.0405349815e-15  1.0000000000e+00  2.3489327782e-15  
1.4789095521e-01  2.1770759015e-03  5.3665979894e-01  -4.7756534912e-01  7.6498179749e-01  4.3356855177e-01  2.7540122080e-01  1.7657456888e-01  5.9222584629e-01  2.9223255782e+00  6.5485334978e+00  5.0960476132e-01  5.1265743889e+00  -9.8179999606e-01  9.9388848441e-01  2.3957873407e+01  2.4120996920e+03  -2.5504390826e-01  9.5005709092e+02  -1.9388910721e+00  1.3052112963e+00  -6.7539115079e-01  9.0142852219e-01  2.5782458012e-02  4.2144186504e-01  
2.4798706174e-01  6.0844157726e-01  8.2561781291e-01  -3.7284622346e+00  1.0655911623e+03  1.9671971627e+00  2.4276976310e+00  6.4005404352e-01  4.4740578396e-01  -1.1743969710e+00  7.3771834440e+00  4.1239284537e+00  6.7032288457e+01  -3.9958930078e-01  4.9792930619e+00  -1.7478192503e+00  1.0059132296e+01  1.3652070012e+00  1.0252907084e+00  3.4654746024e-01  8.8479618307e-01  6.0858612987e+01  6.7347308025e+03  -1.1788896551e-01  5.2769816525e+00  
3.4718450904e-01  2.6649738316e+00  5.6043779511e+00  -3.4397176482e+00  6.0426093435e+00  8.2923367909e-01  1.2667109507e+00  -2.1359219542e+00  1.4601210555e+01  6.7037929775e-01  9.5863812533e-01  1.6644344349e+00  1.8931935351e+00  2.0703275365e+00  5.3827846058e+00  -7.0786499019e-01  5.3329314369e+00  -2.6739049857e-01  2.0392899712e+00  1.8275698682e+00  2.1255061062e+01  -2.7214651429e-01  7.4884130901e-01  7.9465706276e-01  3.5914647146e+00  
4.4793552160e-01  2.9283469266e-01  6.0189441331e-01  -1.8978245768e+00  4.9931073919e+01  9.6263845987e-01  8.3028369022e-01  -9.4894116265e+00  2.5070336300e+02  2.5477509970e+00  2.9713585510e+00  1.1098187792e+00  1.7111371989e+00  -1.4642284774e-01  4.2001723452e-01  -5.9911108917e-01  9.0508283338e-01  -3.2890936331e+00  1.2599406852e+01  -5.5378495530e-01  8.1465859060e-01  -8.4632607881e+00  3.1910197393e+02  -2.4485153657e+00  4.4562729098e+02  
5.4756289721e-01  -9.9433626531e-01  1.2356871669e+00  -2.9832624263e+00  2.4599729278e+02  3.2825560242e-01  7.1564322526e-01  -2.4851989136e+01  1.1943532197e+04  -2.0169610713e-01  4.6584139110e-01  -3.4559367611e+00  4.2629095539e+00  3.3821833411e-02  1.9804336011e+00  -3.1125525829e+00  1.0841362371e+01  1.4574693007e+00  3.6516565095e+00  1.4181905377e+00  2.6903759470e+01  -3.2312281937e-01  4.4646061553e+00  1.4415569251e+00  2.8022784713e+01  
6.4743775129e-01  8.8135042924e+00  1.1182506465e+02  2.1012961150e+00  1.1140750239e+01  2.0305278836e+00  3.2198430647e+00  -4.7075479309e+00  3.8590848800e+01  -3.0993064878e-01  9.5168364937e-01  -8.1356043469e-01  1.1398632141e+00  -8.2738160470e-01  2.0347859271e+00  -1.6576421310e+00  1.4911882374e+00  -2.3591268277e+00  3.7689415279e+01  -1.1069593121e+00  1.4023691773e+00  6.5342536049e-01  1.0601500037e+00  -1.7490166703e+00  1.0184742375e+02  
7.4799072742e-01  -6.4351565249e-02  2.1377876405e+00  2.0159391658e-02  9.8663552937e-01  1.0666709895e+00  6.0679715573e-01  8.0393985807e-01  1.6781363344e+00  -7.6745913903e-02  2.2826234714e+00  6.1037708015e+00  4.4917983333e+01  5.2668274584e-01  6.5293093841e-01  -9.3965080436e-01  6.9248957549e+00  3.0073360818e-01  1.6057211629e+00  1.7880078131e+00  2.5799237175e+00  -1.0864159881e+00  2.2468546590e+01  -3.0022824339e-02  6.6910314022e-01  
8.4740358591e-01  1.4832652810e+00  3.8576424461e+00  1.3985630179e+00  1.7611424655e+00  -8.2677046619e-01  2.6598676342e+00  -2.2215486462e+00  1.8600900091e+01  9.0579623506e-01  1.5531217545e+00  -2.5907338589e-01  1.4398257865e+00  7.0807869634e-01  1.0960961640e+00  -1.3468290119e+00  5.0804573053e+00  1.7496619489e+00  2.6102958308e+00  -4.6545471654e+00  3.4793082597e+01  -1.5220614808e-01  3.3493457295e+01  -4.6473872770e-01  4.9740291950e-01  
9.4786953926e-01  1.1539403151e+00  2.2917695276e+00  -1.3278480531e+00  5.3937812237e+00  1.6196610099e-01  5.8821629068e-01  -1.6500232364e+00  4.8603322062e+00  3.3005083955e-01  1.6425452991e+00  -1.1425088371e-01  6.5586180337e+01  9.1744354691e-02  1.4829783529e+00  -2.6938500641e+00  4.2818675269e+00  -7.9963590589e-01  2.5046721016e+00  -1.1297526753e+02  1.5757870175e+04  -2.0720377365e+00  2.0687428209e+00  -6.6354927420e-01  4.7772280314e-01  
1.0469297171e+00  9.4551932122e-01  2.0486292297e+00  1.9202228790e-01  6.6092511233e-01  3.4589008837e+00  1.5050746588e+01  7.2265339676e-01  6.5646688437e-01  1.7484216778e-01  2.0295913516e+00  -6.0677774031e+00  6.2864639130e+01  -1.2603752313e+01  3.0903100101e+02  9.4886932913e-01  2.2817988297e+00  1.7249632551e+00  3.1162287983e+00  6.7205482764e-01  5.5480254532e+00  -2.0635479280e+00  1.1243234880e+01  1.2551627530e-01  6.5618085630e-01  
1.1458482742e+00  -6.2487523235e-01  6.7999994070e-01  1.9567808569e+00  3.1335168529e+00  9.3316968973e-01  1.1719922420e+00  -7.3719775340e-01  5.2464341854e-01  1.1496310771e-02  1.4098634648e+00  -7.5907170212e-01  1.2140639757e+00  1.5124345065e-01  1.2030145558e+00  -1.3840820927e+00  2.0637368583e+00  7.6228529476e-01  6.1783950173e-01  6.6777724036e-01  1.1700307937e+00  -5.4677622090e+00  6.6026013570e+02  -1.5850590629e+02  6.6761299470e+03  
1.2461450100e+00  2.5065953164e-01  1.5867189283e+00  2.5411293547e+00  2.4341623851e+01  1.8401925495e+00  1.4206971418e+00  -6.4088922559e-01  6.8256576576e-01  -1.1215620685e+00  2.3948162141e+00  -2.9612378939e-02  6.6545434054e-01  6.4055963018e-01  1.4673757681e+00  5.1172622672e-01  3.4420478515e+00  -7.9816808717e+00  1.4250923575e+02  -1.7094966526e+00  3.4183724481e+00  -2.1518652161e+00  1.8384848952e+00  -8.0899781655e-01  5.7524683204e-01  
1.3464306593e+00  9.2951124917e-01  1.2179604819e+00  1.7353400880e+00  6.4220392135e+00  2.4523996727e+00  2.6830627669e+00  -1.6795345520e-01  3.9257411696e-01  2.6236153046e+00  1.3839166287e+03  2.2187598631e+00  1.0864967513e+01  2.9814707427e-02  4.7653493527e-01  2.7793176093e-02  1.0626078984e+00  -5.9719683375e-01  1.2618326205e+00  8.5373370967e+00  5.6083127760e+02  -1.4029462486e+00  3.5042093307e+00  9.1658331641e-01  2.4281484546e+00  
1.4470621347e+00  -2.1388007881e+00  3.2058741119e+00  -1.3447711629e+00  3.1942278968e+00  1.6355619409e+00  4.2962836347e+00  -5.1964601292e+00  1.4330675207e+02  -1.9728171248e+00  8.1351751763e+01  -9.0271844876e+00  8.7411360177e+02  -4.3377654170e-01  1.4741286124e+00  -1.8307836663e+00  2.5424042489e+00  5.8174955515e-01  2.6518527712e+00  2.9026045265e-01  2.0501130082e+00  2.2059492389e+01  6.8684368581e+03  6.6207123728e-01  1.5025301136e+00  
1.5454201698e+00  1.1712118217e+00  1.7930663810e+00  -1.0368871283e+00  2.6035757318e+00  1.5561506013e+00  2.8768036327e+02  -1.6726282701e+00  6.9298719577e+01  -2.2569353847e+00  4.0360598523e+01  1.5588669613e+01  3.1813942556e+02  1.4121547527e+01  1.2605312096e+03  -3.0876679154e+00  4.4921700659e+00  1.3715318526e+00  5.7235680587e+00  -3.0379160599e+00  8.9831364229e+00  -1.4016994354e+00  1.8884580474e+00  -1.5207598518e-01  9.0346719144e-01  
1.6447471380e+00  6.7102864074e+00  5.5410450243e+01  5.9240072601e-01  1.0795313361e+00  -2.9965562179e-01  3.1372983937e+00  -4.0169199907e-01  2.4762235532e+00  2.5832473721e-01  9.2765369242e-01  -1.4362004643e+00  1.3614537183e+02  4.6980637405e-01  6.5548882325e-01  -7.1607987482e-01  2.6479677882e+00  -9.0189905820e-01  2.2872219124e+00  -2.1122526703e+00  1.1996673118e+01  -4.8192816699e+00  2.4484337871e+02  -5.2164010533e+00  1.1935064118e+01  
1.7448647022e+00  -4.9232797706e-01  8.9793623470e-01  2.5701780166e-01  9.5521131149e-01  -2.7599038505e-01  8.1127587010e-01  5.9682218501e-01  1.3492409836e+01  1.9980506826e+00  2.8670379817e+02  1.4142643290e+00  9.3197642137e-01  4.9981214815e-01  1.4549290261e+00  1.9797113498e+00  7.8248304328e+00  -4.7057328217e-01  9.0641672230e-01  1.7939176889e-01  5.3361881785e+00  -8.3388075590e-01  1.0459920570e+00  -8.7387922912e+00  8.6772593555e+02  
1.8435342312e+00  -2.8822851958e-01  1.2737339647e+00  1.4577239066e-01  6.9005244102e-01  1.0853682917e+00  1.2401485968e+00  -1.0554090390e+00  4.6186015818e+00  -1.0179863683e+00  1.4036394531e+00  8.4701827141e-01  8.4777540493e-01  -1.1673039274e+00  2.4003576886e+00  5.6468224492e-01  1.7569051780e+01  4.0475128047e-01  3.1516513774e+00  -5.4593076657e-01  9.6885342569e-01  1.0858104988e+00  2.4840438362e+00  7.7723085955e-02  4.0576348481e+00  
1.9449009895e+00  5.0589453158e-01  7.5049206222e-01  1.5413434891e-01  9.9118780919e-01  -3.5241922880e-01  5.4156896575e-01  1.1254755403e+01  2.6672312149e+02  -1.7069196768e+00  1.0286344382e+01  1.3382941892e+00  2.9712426771e+01  -5.2200980995e-01  4.7289318224e-01  -7.6263908242e-01  1.1642791577e+00  -3.6715902230e-01  1.6509347254e+00  -2.9377946862e+00  5.1770740362e+01  5.8937946451e-01  1.1016217970e+00  8.3967761109e-01  7.9912376013e-01  
2.0444526672e+00  3.0811512904e+00  6.7703426272e+02  5.9396638395e+00  1.4949439695e+02  1.1725015252e-01  7.8144642754e-01  -4.8448172007e-01  1.4337597429e+00  3.4507283988e-01  1.7426009842e+00  6.5884789013e-01  7.1872133199e-01  -1.9456942275e-01  7.3476298307e+00  -2.7003605653e+00  7.0414812514e+00  5.3400891781e+00  5.6135388021e+01  -2.7009241427e+00  2.2847008989e+03  -1.2053657426e+01  9.7448616274e+02  -6.4550052181e-01  1.3994014920e+01  
2.1433486938e+00  8.9334283085e-01  8.9757426994e-01  -1.4336638960e+00  4.8987751896e+01  -3.3404595984e+00  4.6065214724e+00  -1.0072091980e+00  9.8413931042e-01  -6.0584480747e-01  1.6945864240e+00  5.2152598422e+00  2.5048195175e+01  -3.5477771387e-01  1.3765680575e+00  2.4008653195e+00  5.2980414908e+00  5.0940911281e-01  1.3822934438e+00  -2.3171001151e+00  4.0020436095e+00  -6.7882935863e-01  1.3324347724e+00  3.4360319918e+02  4.0176730891e+04  
2.2428152561e+00  7.4128455781e-02  2.7118688113e+00  -8.1773007098e-01  6.1337396343e-01  2.7757657254e-01  1.0468374895e+00  2.6605066984e+00  6.3368339446e+00  2.5036938946e-01  2.7314149576e-01  -6.7007692638e-01  1.2339982260e+00  -1.4947285680e+00  2.3047774866e+00  -1.4333713026e-02  1.4330998304e+00  -1.6040221612e+00  4.7166889236e+00  -1.5111690694e+00  9.5465169353e+00  1.4088196061e+00  1.9133902727e+00  -7.8150818401e-01  6.5362359917e-01  
2.3422303200e+00  -7.6368779813e-01  1.0329444630e+00  -1.3493654694e+00  3.1434267345e+00  2.2517051018e+00  3.6556273228e+00  -3.4372552181e-02  6.5105889409e-01  -9.1190348209e-01  1.6184181584e+00  3.1428513713e-01  1.8734911091e+00  5.7682238355e+00  1.7733060108e+02  -7.1864754526e-01  7.2557416070e-01  5.4821086509e-01  1.1261845979e+00  1.9749239158e-01  9.2891569568e-01  -4.6982873349e-01  5.3282799829e-01  -1.4030446391e+00  1.5229523570e+00  
2.4420325756e+00  -6.7229052896e-02  1.8146502675e-01  -1.8154847441e+00  3.2368603043e+00  -7.1014647643e-02  2.1381093805e-01  9.5545425130e+00  2.6388245028e+03  -9.8823098517e-01  9.2496997174e-01  1.9743260265e-01  4.2326384797e+01  5.8497584307e-02  4.7180783785e-01  3.8377882132e+00  2.2477284415e+02  -3.5233356724e-01  4.2270228162e-01  -1.7445031403e-01  1.1013773538e+03  2.7862298205e-01  2.6626825197e-01  8.7383443595e-01  1.2372455374e+00  
2.5409522057e+00  1.2867216297e-01  1.0007070633e-01  -1.4236220787e-01  7.4538500997e-01  4.2767851175e-02  1.4753996591e-01  -3.8956698790e-01  5.0916676052e-01  -9.5525000515e-02  1.2585399010e-01  -1.8367565651e-01  2.9861280243e-01  -2.3126551773e-01  1.2391771902e-01  -8.5031296327e-01  7.1970359777e-01  8.8364849334e-02  1.2745586838e-01  -4.2153507827e-01  4.5612580090e-01  6.2714851266e-02  1.0269183673e-01  -1.0814244745e-01  6.6631435020e-01  
2.6401495934e+00  -1.9415409371e-01  1.3963200451e-01  4.0429659590e-01  2.1024491455e-01  -6.3882519790e-02  1.3492416698e-01  -7.6795910907e-01  4.6594121193e-01  -9.2944953465e-02  1.2215482380e-01  -1.4841481983e-01  3.4919750909e-01  7.6762207965e-02  1.4641916417e-01  3.1680574303e-01  5.7524478658e-01  1.0754153052e-01  1.6994973435e-01  -1.0676128813e+00  8.6058777254e+00  -7.5273045708e-02  1.4385226972e-01  -3.9274136674e-01  1.4830048715e+00  
2.7378292084e+00  8.9139260739e-02  1.2879686100e-01  -1.0597128981e-01  4.3374287146e-01  1.2965243423e-02  1.1964290191e-01  2.8320194693e-01  2.9366474238e-01  -1.5158544064e-01  1.4232532557e-01  -1.2591377952e+00  2.8168419198e+00  8.0526046024e-02  1.4373912619e-01  -1.9879053304e-01  3.0583484441e-01  -2.9938187636e-01  1.7961322679e-01  -4.0681455174e-01  2.9532909066e-01  -9.5051436894e-02  1.2853066104e-01  -4.8047211417e-02  6.4538851841e-01  
2.8356714249e+00  9.9910354113e-02  1.8509545254e-01  -5.0732396578e-01  7.7142681804e-01  6.3617687904e-01  3.4499789103e-01  2.1642664337e+00  1.0813043115e+01  -2.9587383164e-01  2.1588971680e-01  -4.6792431393e-01  1.8631520107e+00  3.8403215850e-01  2.0622705875e-01  3.0829516003e-01  6.7133358539e-01  -5.2912694318e-02  1.6961640627e-01  -2.2314610089e-01  3.2302060984e-01  1.5950438517e-02  1.9515050647e-01  -3.1481296367e-01  4.6223082430e-01  
2.9318153858e+00  7.5736097360e-02  2.0497513949e-01  -6.9219110139e-02  4.1571075023e-01  1.6534461285e-01  2.0425780791e-01  4.8155064902e-01  7.3616329750e-01  1.1086633586e-01  1.7315890122e-01  1.4533820406e-01  4.6800336223e-01  -9.0288749902e-02  2.2376494203e-01  -7.5261399767e-02  4.2117410495e-01  -2.2671406885e-01  1.9447235094e-01  -3.7853079646e-01  5.9380506074e-01  1.7930591974e-01  1.6750410375e-01  -7.9455845746e-01  9.7167150994e-01  
3.0309696198e+00  2.8581279452e-02  1.5703160201e-01  -4.8005480987e-01  3.4960415409e-01  1.4588795018e-01  1.5923837435e-01  2.4559941389e-01  4.6812801161e-01  1.0914592528e-01  2.1782756082e-01  -3.6370815625e+00  1.9234210196e+01  -1.7494331827e-01  2.2920275925e-01  5.5389369808e-01  5.4691155265e-01  5.5329117152e-02  2.7243797204e-01  -6.4913183144e-02  6.4391465451e-01  -8.8226528522e-02  2.1837198763e-01  -5.4332096947e-02  7.0572977391e-01  
3.1270444393e+00  -2.8799690172e-01  1.9207063021e-01  2.6670216021e-01  6.8534507195e-01  7.1395891395e-01  4.8773882232e-01  -3.2131699700e+00  1.7118566301e+01  -8.9262694433e-01  8.0303250271e-01  -1.8400099663e+00  1.8387880493e+00  -1.0683722946e-01  2.8243219346e-01  6.8183671821e-01  4.2838279525e-01  -4.4069524546e-02  1.7661051648e-01  1.5960296601e-02  7.3997550756e-01  -1.1924888148e-01  2.1068658999e-01  3.1524836525e+00  4.4610117024e+00  
3.2234385014e+00  -3.5464127336e-02  3.0379202809e-01  1.2023628444e+00  1.5678414517e+00  1.7851867529e-01  1.8501107274e-01  -2.1165798117e-01  4.0059186886e-01  9.7721768437e-01  7.0626957370e-01  2.3715780611e-01  9.1670898552e-01  -4.1122600947e-02  2.3770593455e-01  -4.7824912488e+00  3.1245074125e+01  -2.8332945031e-01  3.9261999262e-01  1.0231584612e+00  6.2303161399e-01  3.0365749861e-02  2.1936005873e-01  1.8099602979e+00  2.2271256148e+00  
3.3198757172e+00  -6.2144384307e-02  3.4019178934e-01  -4.8528712179e-01  1.7608729277e+01  -1.8473255784e-01  2.1010265370e-01  1.1735522886e+00  1.1203124917e+00  -5.5830296303e-02  2.4077890377e-01  6.9117628566e-01  1.6306252210e+00  2.1336317452e-01  2.7805552911e-01  1.1867417360e+01  1.3266857271e+02  1.8327640892e-01  3.8481957165e-01  2.3170893958e+00  3.7116790150e+00  -6.9480306263e-02  2.3647970502e-01  2.8252236213e+02  4.8743010675e+04  
3.4160892963e+00  5.6856699670e-01  4.2593712773e-01  -1.5899875036e+00  4.0920202999e+00  -7.2383928929e-01  5.0664919850e-01  -4.6186990126e-01  1.0939105827e+00  -6.4253295940e-02  2.9607912135e-01  2.9297275986e+00  1.0810796841e+01  4.4245204633e-01  4.8352617880e-01  1.2515296112e+01  4.3718130465e+02  6.6580164698e-01  5.2506459232e-01  -7.2786218782e-01  1.3249899074e+00  -1.1169210663e-01  3.8263204166e-01  2.3117359717e-01  1.1257254094e+01  
3.5140869617e+00  4.5853727696e-02  5.0380528370e-01  -1.0275248865e+00  1.0097699080e+00  -3.8643283508e-02  3.8043429235e-01  -7.4230245870e-01  8.9225778396e-01  -5.6364386954e-02  4.5518491823e-01  3.9145999015e-02  2.2201055291e+00  6.1642086919e-01  9.2233558614e-01  4.8893461684e-01  8.3296470402e-01  4.2628366445e-01  6.9797737166e-01  9.1514430483e+00  9.1200690455e+01  1.1380729864e-02  3.0590528840e-01  -1.4573644916e+00  1.5094816675e+02  
3.6100249290e+00  8.1627219366e-01  1.3288490980e+00  4.0319624972e+00  1.7865011863e+01  8.9666270504e-01  6.6600664353e-01  3.0808213267e+00  1.2198801235e+01  -9.3069905730e-01  8.8282561918e-01  -1.3732535979e+00  7.7707854787e-01  3.8659785199e-01  3.2652450520e-01  1.5108091967e-01  5.6934305046e-01  1.5550174320e+00  1.2994311262e+00  -1.0727537078e+00  6.1959995024e+00  -6.5678091374e-01  1.2278397334e+00  -7.8722141327e-02  1.0782175282e+00  
3.7082483768e+00  8.0151017311e-01  7.1410705010e-01  2.6868837698e+00  1.2976065509e+01  5.3137967834e-01  9.3561057104e-01  -2.8113576931e+00  2.0488468088e+01  4.4310813776e-01  7.6130737494e-01  3.3179317933e+00  5.9615591840e+00  -2.8854949365e-01  6.9587842405e-01  1.7067467892e+01  6.8878917078e+01  -2.8003805456e-02  1.1176264420e+00  1.3707498712e+01  4.8841752227e+01  4.0341247500e+00  7.6592738280e+00  8.0247899439e-01  6.7812340403e-01  
3.8059866428e+00  -3.5619915611e+00  6.8437192383e+02  -1.2987929909e-01  5.6597794636e-01  1.7653401536e-01  3.8342874877e-01  6.6613771588e-02  3.1732683458e-01  -8.0087883307e-01  1.0415044357e+00  8.7255114006e-01  1.5441545332e-01  -3.1484765094e-01  2.0271999669e+00  4.9342803141e+00  6.6832699851e+01  -8.2396770687e-01  8.0528861265e-01  -1.9030395826e+00  4.1683600360e+00  -2.5017310958e-01  5.0714249277e-01  -2.6569162506e-01  1.5828695092e+00  
3.9045574665e+00  -9.9906847223e-01  7.3958626964e-01  7.2102500405e-01  1.4269480721e+01  2.5947376118e-01  8.7237583881e-01  -7.2986806111e-01  9.5725486236e-01  -2.9856704101e+00  6.6103594591e+00  1.0683664952e+00  3.8154335063e-01  -2.0022366003e-01  7.1132885428e-01  5.8710104942e-01  1.0220853603e+00  3.7676294212e-01  6.3311282050e-01  4.9758863617e-01  1.0823923460e+01  -8.0422148702e-01  8.7769953629e-01  -9.0743977071e-01  1.0799332715e+00  
4.0056223869e+00  4.2090742878e-01  8.5150719521e-01  1.9422615685e+00  1.1703949368e+01  7.0549223194e-01  1.0033760648e+00  -1.6588776531e-01  4.5409148972e-01  4.8512408881e+00  2.9592774989e+01  3.4260198394e+00  1.1953752608e+01  2.0017155156e-01  1.0290276660e+00  -1.9796513166e+00  5.9013735453e+00  -7.2267106019e-01  1.4990861352e+00  -4.3923799669e-01  2.5555272744e+00  -4.0300207973e-01  4.0150175610e+00  -1.8981490959e+00  6.6105626813e+00  
4.1050896645e+00  5.6511725913e-01  5.9090919794e-01  -6.0749175781e-01  3.1768661588e+00  -4.3019684631e+00  9.2992848084e+01  -4.1220941638e-01  5.6522811600e-01  -2.3864848911e-01  1.6089934368e+00  1.5303846882e+00  7.6296083741e+00  -1.8606118133e+00  1.8916147331e+01  -7.7930944090e-01  4.8102524541e-01  -1.3372783909e+00  4.6690609550e+01  6.9425197637e-02  1.1041465508e+00  4.5554421991e-01  9.2965949632e-01  -7.8986761777e-01  1.4073148033e+00  
4.2026362419e+00  -1.7684643541e+00  1.5138345766e+01  -1.2128082562e+02  1.7172445510e+02  1.0134344623e+00  1.0150213335e+00  -1.7182031662e+01  1.9695691984e+01  -7.7472945500e-01  1.4574927465e+00  -7.6238625350e-01  2.8186700520e+00  -1.6079427996e-01  1.4608869801e+00  6.8795332051e-01  2.1424597915e+00  -4.0926902772e+00  1.5187120393e+01  -2.9350789869e-01  4.0311810228e-01  2.1586484577e-01  1.4773907162e+02  2.9361098876e+00  3.1911051655e+00  
4.3024554253e+00  3.3425620495e+00  1.4782997844e+02  5.2641281404e-01  5.2641281404e-01  3.2054523968e+01  1.1717787495e+02  -1.1011114085e+00  1.1011114085e+00  2.3973476475e+00  7.4095894960e+00  2.5303598878e-01  2.5303598878e-01  -3.7171947199e-01  6.1959387059e-01  -1.9135629629e-01  1.9135629629e-01  7.5663309072e-02  1.5563118661e+00  9.8909471993e-01  9.8909471993e-01  -8.2442976730e+00  6.8090968504e+01  9.4401677577e-01  9.4401677577e-01  
4.4030418396e+00  -6.4420038623e-01  2.1249053156e+02  1.2194627202e+00  1.2194627202e+00  -2.1756398717e+00  1.1310801392e+02  6.9807232307e-01  6.9807232307e-01  -3.1244415221e+00  6.7807351591e+00  -9.9391344595e-01  9.9391344595e-01  1.3720242553e+00  2.0608368780e+00  7.7004650722e-01  7.7004650722e-01  2.2276565357e-01  1.6423319680e+00  -8.7152212347e-01  8.7152212347e-01  -2.7362182867e+00  1.1196897153e+01  -6.2114221102e-01  6.2114221102e-01  
4.5025315285e+00  -2.9474635742e-02  5.2107344898e-01  0.0000000000e+00  0.0000000000e+00  1.1372220428e+00  1.1162134438e+02  0.0000000000e+00  0.0000000000e+00  -1.4163747006e-02  4.3750531220e-01  0.0000000000e+00  0.0000000000e+00  5.6207065308e-01  6.7524905670e-01  0.0000000000e+00  0.0000000000e+00  1.0795576053e+01  4.2261532178e+02  0.0000000000e+00  0.0000000000e+00  -8.4897492811e-01  2.3506818081e+00  0.0000000000e+00  0.0000000000e+00  
4.6009144783e+00  -1.1072416094e+00  7.5844659208e+00  -1.0740730796e+00  1.0740730796e+00  4.3040840240e-01  1.3557105523e+00  9.5042016616e-01  9.5042016616e-01  2.3574799828e-01  2.2273313889e+00  -2.6202491166e+00  2.6202491166e+00  -5.2876296129e-01  2.7155927447e+00  -1.1046408778e+00  1.1046408778e+00  -2.1950918726e-01  1.6585986280e+00  3.5058202902e-01  3.5058202902e-01  -8.6784512059e-01  4.9372290992e+00  -1.6623793407e+00  1.6623793407e+00  
4.7014350891e+00  1.8763157527e+00  1.4623348911e+01  0.0000000000e+00  0.0000000000e+00  -1.4848876715e-01  1.7720786291e+00  0.0000000000e+00  0.0000000000e+00  -4.4541184404e+00  2.4732077613e+01  0.0000000000e+00  0.0000000000e+00  -1.2253532624e+01  1.8627178641e+02  0.0000000000e+00  0.0000000000e+00  -7.0715439995e-01  2.3651829832e+01  0.0000000000e+00  0.0000000000e+00  1.6245316961e+00  1.5369146160e+01  0.0000000000e+00  0.0000000000e+00  
4.8002896309e+00  6.3526571021e-01  1.1804678952e+00  0.0000000000e+00  0.0000000000e+00  -4.5475058258e-01  7.6309203150e-01  0.0000000000e+00  0.0000000000e+00  1.9267916196e+00  7.6020949269e+00  0.0000000000e+00  0.0000000000e+00  3.0545560391e-01  2.2015150945e+00  0.0000000000e+00  0.0000000000e+00  5.1835368784e+00  3.0589004249e+01  0.0000000000e+00  0.0000000000e+00  1.9828445454e+00  8.7430245820e+01  0.0000000000e+00  0.0000000000e+00  
4.9010853767e+00  -1.4404829508e+00  2.4990340940e+01  0.0000000000e+00  0.0000000000e+00  1.3984034588e+00  8.2425059643e+00  0.0000000000e+00  0.0000000000e+00  1.9106259193e+00  6.5640304251e+00  0.0000000000e+00  0.0000000000e+00  -5.9957888059e-01  9.0469941247e-01  0.0000000000e+00  0.0000000000e+00  2.2947897410e+00  8.9727584896e+00  0.0000000000e+00  0.0000000000e+00  -1.1331511813e-01  5.6252581888e+01  0.0000000000e+00  0.0000000000e+00  
5.0004029274e+00  -3.5960344321e-01  7.1267602847e-01  0.0000000000e+00  0.0000000000e+00  -5.0953150791e-01  1.6107591301e+00  0.0000000000e+00  0.0000000000e+00  2.2589438575e+00  8.2449787481e+00  0.0000000000e+00  0.0000000000e+00  3.2359756049e+00  4.2866062423e+01  0.0000000000e+00  0.0000000000e+00  -2.2067077475e+00  1.5052248389e+01  0.0000000000e+00  0.0000000000e+00  -3.3558803757e+00  1.5342630885e+01  0.0000000000e+00  0.0000000000e+00  
5.1011743546e+00  2.0737447766e+00  3.4893635340e+00  0.0000000000e+00  0.0000000000e+00  6.5666530442e+00  2.5642102610e+01  0.0000000000e+00  0.0000000000e+00  -1.1479865374e-01  1.4564607085e+00  0.0000000000e+00  0.0000000000e+00  1.3138049575e+00  5.0594676323e+00  0.0000000000e+00  0.0000000000e+00  -3.2731168691e-01  7.7681958934e-01  0.0000000000e+00  0.0000000000e+00  -1.2024993793e+00  1.6388257248e+00  0.0000000000e+00  0.0000000000e+00  
5.2003688812e+00  2.6441611332e+00  8.7144628497e+00  0.0000000000e+00  0.0000000000e+00  -4.1234438661e-01  5.1551745666e+00  0.0000000000e+00  0.0000000000e+00  4.7725101796e+00  1.0423651199e+03  0.0000000000e+00  0.0000000000e+00  2.7359008368e+01  6.6996650651e+01  0.0000000000e+00  0.0000000000e+00  1.7568555609e-01  1.5449874508e+00  0.0000000000e+00  0.0000000000e+00  2.6486461315e-01  7.2289211480e-01  0.0000000000e+00  0.0000000000e+00  
5.2999916077e+00  -3.3314282426e+13  6.6446005402e+13  0.0000000000e+00  0.0000000000e+00  -6.5276804743e+12  2.7725012948e+13  0.0000000000e+00  0.0000000000e+00  -2.9307689147e+13  4.6847891474e+13  0.0000000000e+00  0.0000000000e+00  3.3206164447e+13  1.9979405535e+13  0.0000000000e+00  0.0000000000e+00  1.6569616416e+12  1.7007073685e+13  0.0000000000e+00  0.0000000000e+00  -4.4599010846e+13  2.9854221718e+13  0.0000000000e+00  0.0000000000e+00  
5.4001169205e+00  3.0488239927e+11  5.7622773462e+13  0.0000000000e+00  0.0000000000e+00  1.8302714408e+11  3.4592130230e+13  0.0000000000e+00  0.0000000000e+00  -1.2524614618e+11  2.3671521628e+13  0.0000000000e+00  0.0000000000e+00  -1.4856852081e+11  2.8079450432e+13  0.0000000000e+00  0.0000000000e+00  -1.1512057986e+09  2.1757789593e+11  0.0000000000e+00  0.0000000000e+00  -1.0715443079e+11  2.0252187419e+13  0.0000000000e+00  0.0000000000e+00  
5.5001158714e+00  0.0000000000e+00  0.0000000000e+00  0.0000000000e+00  0.0000000000e+00  0.0000000000e+00  0.0000000000e+00  0.0000000000e+00  0.0000000000e+00  0.0000000000e+00  0.0000000000e+00  0.0000000000e+00  0.0000000000e+00  0.0000000000e+00  0.0000000000e+00  0.0000000000e+00  0.0000000000e+00  0.0000000000e+00  0.0000000000e+00  0.0000000000e+00  0.0000000000e+00  0.0000000000e+00  0.0000000000e+00  0.0000000000e+00  0.0000000000e+00  
5.5999898911e+00  9.9985271610e+12  2.1676860809e+13  0.0000000000e+00  0.0000000000e+00  3.0905049907e+13  2.3841568567e+13  0.0000000000e+00  0.0000000000e+00  3.2221820164e+13  2.5117663751e+13  0.0000000000e+00  0.0000000000e+00  7.3408768775e+13  5.2707486360e+13  0.0000000000e+00  0.0000000000e+00  6.1336985845e+12  3.3270052723e+13  0.0000000000e+00  0.0000000000e+00  4.7063709892e+13  4.7081160694e+13  0.0000000000e+00  0.0000000000e+00  
5.7000050545e+00  0.0000000000e+00  0.0000000000e+00  0.0000000000e+00  0.0000000000e+00  0.0000000000e+00  0.0000000000e+00  0.0000000000e+00  0.0000000000e+00  0.0000000000e+00  0.0000000000e+00  0.0000000000e+00  0.0000000000e+00  0.0000000000e+00  0.0000000000e+00  0.0000000000e+00  0.0000000000e+00  0.0000000000e+00  0.0000000000e+00  0.0000000000e+00  0.0000000000e+00  0.0000000000e+00  0.0000000000e+00  0.0000000000e+00  0.0000000000e+00  
5.7999954224e+00  -9.9596641285e+12  9.9596641285e+12  0.0000000000e+00  0.0000000000e+00  1.5650371300e+12  1.5650371300e+12  0.0000000000e+00  0.0000000000e+00  2.8619505754e+12  2.8619505754e+12  0.0000000000e+00  0.0000000000e+00  -1.0855378826e+12  1.0855378826e+12  0.0000000000e+00  0.0000000000e+00  -1.9386754674e+13  1.9386754674e+13  0.0000000000e+00  0.0000000000e+00  4.9243260115e+12  4.9243260115e+12  0.0000000000e+00  0.0000000000e+00  
5.9000110626e+00  0.0000000000e+00  0.0000000000e+00  0.0000000000e+00  0.0000000000e+00  0.0000000000e+00  0.0000000000e+00  0.0000000000e+00  0.0000000000e+00  0.0000000000e+00  0.0000000000e+00  0.0000000000e+00  0.0000000000e+00  0.0000000000e+00  0.0000000000e+00  0.0000000000e+00  0.0000000000e+00  0.0000000000e+00  0.0000000000e+00  0.0000000000e+00  0.0000000000e+00  0.0000000000e+00  0.0000000000e+00  0.0000000000e+00  0.0000000000e+00  
6.0000000000e+00  0.0000000000e+00  0.0000000000e+00  0.0000000000e+00  0.0000000000e+00  0.0000000000e+00  0.0000000000e+00  0.0000000000e+00  0.0000000000e+00  0.0000000000e+00  0.0000000000e+00  0.0000000000e+00  0.0000000000e+00  0.0000000000e+00  0.0000000000e+00  0.0000000000e+00  0.0000000000e+00  0.0000000000e+00  0.0000000000e+00  0.0000000000e+00  0.0000000000e+00  0.0000000000e+00  0.0000000000e+00  0.0000000000e+00  0.0000000000e+00  
6.0999884605e+00  0.0000000000e+00  0.0000000000e+00  0.0000000000e+00  0.0000000000e+00  0.0000000000e+00  0.0000000000e+00  0.0000000000e+00  0.0000000000e+00  0.0000000000e+00  0.0000000000e+00  0.0000000000e+00  0.0000000000e+00  0.0000000000e+00  0.0000000000e+00  0.0000000000e+00  0.0000000000e+00  0.0000000000e+00  0.0000000000e+00  0.0000000000e+00  0.0000000000e+00  0.0000000000e+00  0.0000000000e+00  0.0000000000e+00  0.0000000000e+00  
6.2000012398e+00  0.0000000000e+00  0.0000000000e+00  0.0000000000e+00  0.0000000000e+00  0.0000000000e+00  0.0000000000e+00  0.0000000000e+00  0.0000000000e+00  0.0000000000e+00  0.0000000000e+00  0.0000000000e+00  0.0000000000e+00  0.0000000000e+00  0.0000000000e+00  0.0000000000e+00  0.0000000000e+00  0.0000000000e+00  0.0000000000e+00  0.0000000000e+00  0.0000000000e+00  0.0000000000e+00  0.0000000000e+00  0.0000000000e+00  0.0000000000e+00  
6.3000001907e+00  0.0000000000e+00  0.0000000000e+00  0.0000000000e+00  0.0000000000e+00  0.0000000000e+00  0.0000000000e+00  0.0000000000e+00  0.0000000000e+00  0.0000000000e+00  0.0000000000e+00  0.0000000000e+00  0.0000000000e+00  0.0000000000e+00  0.0000000000e+00  0.0000000000e+00  0.0000000000e+00  0.0000000000e+00  0.0000000000e+00  0.0000000000e+00  0.0000000000e+00  0.0000000000e+00  0.0000000000e+00  0.0000000000e+00  0.0000000000e+00  
6.4000120163e+00  0.0000000000e+00  0.0000000000e+00  0.0000000000e+00  0.0000000000e+00  0.0000000000e+00  0.0000000000e+00  0.0000000000e+00  0.0000000000e+00  0.0000000000e+00  0.0000000000e+00  0.0000000000e+00  0.0000000000e+00  0.0000000000e+00  0.0000000000e+00  0.0000000000e+00  0.0000000000e+00  0.0000000000e+00  0.0000000000e+00  0.0000000000e+00  0.0000000000e+00  0.0000000000e+00  0.0000000000e+00  0.0000000000e+00  0.0000000000e+00  
6.5000000000e+00  0.0000000000e+00  0.0000000000e+00  0.0000000000e+00  0.0000000000e+00  0.0000000000e+00  0.0000000000e+00  0.0000000000e+00  0.0000000000e+00  0.0000000000e+00  0.0000000000e+00  0.0000000000e+00  0.0000000000e+00  0.0000000000e+00  0.0000000000e+00  0.0000000000e+00  0.0000000000e+00  0.0000000000e+00  0.0000000000e+00  0.0000000000e+00  0.0000000000e+00  0.0000000000e+00  0.0000000000e+00  0.0000000000e+00  0.0000000000e+00  
6.5999870300e+00  0.0000000000e+00  0.0000000000e+00  0.0000000000e+00  0.0000000000e+00  0.0000000000e+00  0.0000000000e+00  0.0000000000e+00  0.0000000000e+00  0.0000000000e+00  0.0000000000e+00  0.0000000000e+00  0.0000000000e+00  0.0000000000e+00  0.0000000000e+00  0.0000000000e+00  0.0000000000e+00  0.0000000000e+00  0.0000000000e+00  0.0000000000e+00  0.0000000000e+00  0.0000000000e+00  0.0000000000e+00  0.0000000000e+00  0.0000000000e+00  
6.6999974251e+00  0.0000000000e+00  0.0000000000e+00  0.0000000000e+00  0.0000000000e+00  0.0000000000e+00  0.0000000000e+00  0.0000000000e+00  0.0000000000e+00  0.0000000000e+00  0.0000000000e+00  0.0000000000e+00  0.0000000000e+00  0.0000000000e+00  0.0000000000e+00  0.0000000000e+00  0.0000000000e+00  0.0000000000e+00  0.0000000000e+00  0.0000000000e+00  0.0000000000e+00  0.0000000000e+00  0.0000000000e+00  0.0000000000e+00  0.0000000000e+00  
6.8000030518e+00  0.0000000000e+00  0.0000000000e+00  0.0000000000e+00  0.0000000000e+00  0.0000000000e+00  0.0000000000e+00  0.0000000000e+00  0.0000000000e+00  0.0000000000e+00  0.0000000000e+00  0.0000000000e+00  0.0000000000e+00  0.0000000000e+00  0.0000000000e+00  0.0000000000e+00  0.0000000000e+00  0.0000000000e+00  0.0000000000e+00  0.0000000000e+00  0.0000000000e+00  0.0000000000e+00  0.0000000000e+00  0.0000000000e+00  0.0000000000e+00  
6.9000129700e+00  0.0000000000e+00  0.0000000000e+00  0.0000000000e+00  0.0000000000e+00  0.0000000000e+00  0.0000000000e+00  0.0000000000e+00  0.0000000000e+00  0.0000000000e+00  0.0000000000e+00  0.0000000000e+00  0.0000000000e+00  0.0000000000e+00  0.0000000000e+00  0.0000000000e+00  0.0000000000e+00  0.0000000000e+00  0.0000000000e+00  0.0000000000e+00  0.0000000000e+00  0.0000000000e+00  0.0000000000e+00  0.0000000000e+00  0.0000000000e+00  
