#pT  dN/(2pi dy pT dpT)  dN/(2pi dy pT dpT)_err  vn{SP}  vn{SP}_err
1.0526745021e-01  5.1603351406e+01  6.2892672390e-01  3.9726811889e-03  5.7121860165e-04  5.2527908574e-03  3.5430752076e-04  1.0140850846e-04  3.0853249828e-04  -1.0576773726e-04  3.3223513199e-04  -2.7875133773e-04  4.0601169083e-04  -3.8609124812e-04  6.8099619550e-04  
1.9976861775e-01  3.4317978823e+01  4.1786547121e-01  8.3863603600e-03  8.1202541094e-04  1.9145445221e-02  6.5684409986e-04  1.9955725118e-03  3.1604786522e-04  2.8723742164e-04  3.2147539263e-04  2.3340064548e-04  3.5482575602e-04  -5.4321028949e-04  6.1008737688e-04  
2.9817712307e-01  2.0063384868e+01  2.4058857671e-01  1.2489717926e-02  1.0348812192e-03  3.6972700637e-02  1.2408950246e-03  4.3234553250e-03  3.6726543669e-04  1.7337496426e-03  3.3787445066e-04  -1.9257628932e-04  3.9836657596e-04  1.1911698658e-03  6.6004330039e-04  
3.9765658975e-01  1.1675020147e+01  1.3806577860e-01  1.4513261997e-02  1.2715604255e-03  5.6538609088e-02  1.9408517380e-03  8.7033057922e-03  6.0928514737e-04  2.4702970174e-03  3.5002804530e-04  4.6630398993e-04  4.3282221592e-04  -7.5888011823e-04  6.3678905544e-04  
4.9743136764e-01  6.9281306657e+00  8.1253338969e-02  1.6063125104e-02  1.4487855378e-03  7.4314368641e-02  2.5541395972e-03  1.3523761647e-02  7.6746119520e-04  3.8360286987e-03  5.1297427919e-04  7.4495826181e-04  5.5711067549e-04  9.8440710918e-05  8.1904876705e-04  
5.9727078676e-01  4.2057198309e+00  4.9245387726e-02  1.6984908824e-02  1.6657491699e-03  9.1398447055e-02  3.1856010959e-03  2.0237982461e-02  1.1701515124e-03  7.4374050625e-03  7.2545918963e-04  2.2903179631e-03  5.8939528352e-04  4.3882284558e-04  1.0672810147e-03  
6.9720858335e-01  2.5962822445e+00  3.0788717475e-02  1.8665762158e-02  1.8479521832e-03  1.0779113150e-01  3.8819872915e-03  2.8020240766e-02  1.6455271723e-03  9.6205768342e-03  9.8681903279e-04  3.5609113769e-03  8.5412214946e-04  2.3124731336e-03  1.3440697274e-03  
7.9728275537e-01  1.6288231659e+00  1.9683193073e-02  1.8155144683e-02  2.1041267393e-03  1.2348899669e-01  4.4940011526e-03  3.3912609878e-02  1.9946860038e-03  1.4078622629e-02  1.2386776625e-03  4.9045341239e-03  1.0157124716e-03  1.5561005180e-03  1.2137582819e-03  
8.9722102880e-01  1.0398317371e+00  1.3306633093e-02  1.7505893410e-02  2.3095568159e-03  1.3840242866e-01  5.0687950239e-03  4.0949462548e-02  2.5177243322e-03  1.6954434099e-02  1.6935394719e-03  5.4149073961e-03  1.3840971599e-03  7.7904823884e-04  1.5364593932e-03  
9.9725013971e-01  6.7592303211e-01  9.1150385489e-03  1.5317707821e-02  3.0141378681e-03  1.4924604285e-01  5.7092383864e-03  4.7713070631e-02  2.7857149870e-03  2.1668922091e-02  1.8479203472e-03  9.0871863834e-03  1.4809275490e-03  1.9607363940e-03  2.2301469509e-03  
1.0973922014e+00  4.4268182941e-01  6.3419375175e-03  1.4273252986e-02  3.0791546190e-03  1.6275539263e-01  6.6153763652e-03  5.3869873168e-02  3.4783611970e-03  2.7497885810e-02  2.1041433758e-03  9.4987794865e-03  1.9170857531e-03  3.5178013910e-03  2.2575474671e-03  
1.1973865032e+00  2.9679079579e-01  4.6821314430e-03  1.0998607633e-02  3.5823602923e-03  1.7078792448e-01  7.0645543325e-03  5.9893335777e-02  3.9462329139e-03  3.2421595492e-02  2.5724439995e-03  1.0306175616e-02  2.2063529164e-03  2.3431512007e-03  2.8697762469e-03  
1.2973479033e+00  2.0073492529e-01  3.4253642545e-03  6.2817769034e-03  4.2714316406e-03  1.7372559391e-01  7.1197990440e-03  6.6136197098e-02  4.3848004580e-03  3.5322074504e-02  3.0611380498e-03  1.5601535537e-02  2.8287777424e-03  9.5138639959e-03  4.1462447386e-03  
1.3976582289e+00  1.3893254900e-01  2.4983811675e-03  2.2750931630e-03  5.2596835603e-03  1.8034027626e-01  8.0709456041e-03  7.4168016179e-02  5.0713659634e-03  3.9367660929e-02  3.5848554136e-03  1.7336892815e-02  2.8989424564e-03  1.4918857835e-02  4.0460911749e-03  
1.4976212978e+00  9.7195789797e-02  1.9119368483e-03  -7.3344006523e-04  5.5444808003e-03  1.8365922036e-01  8.8330157533e-03  7.4875083243e-02  5.3686164614e-03  4.6140008690e-02  4.0655534227e-03  2.3599126267e-02  3.4985916835e-03  4.5430778440e-03  5.6114718731e-03  
1.5978020430e+00  6.9095709202e-02  1.4472357993e-03  -2.7278419063e-03  6.0709169010e-03  1.8424045380e-01  8.9080979003e-03  7.6395434141e-02  6.4221753106e-03  4.4128199557e-02  4.9436084351e-03  2.4975306919e-02  4.2899739938e-03  7.4387324797e-03  5.3944229188e-03  
1.6978508234e+00  4.9846657265e-02  1.1259700451e-03  -5.1246961691e-03  7.4898312671e-03  1.8392549044e-01  9.9519645205e-03  7.9712013937e-02  7.1056950364e-03  5.0581147763e-02  5.3650206616e-03  2.6445742127e-02  5.2988492372e-03  1.5102648518e-02  6.4518552765e-03  
1.7980201244e+00  3.6706851063e-02  8.6908339439e-04  -9.0231448960e-03  7.2989959108e-03  1.7943764849e-01  1.0063931313e-02  8.1756396759e-02  7.2088731826e-03  5.2134768109e-02  5.9137848459e-03  2.3949898138e-02  5.5396757422e-03  3.2048306031e-02  8.1476861753e-03  
1.8982573748e+00  2.7260927743e-02  6.8779215311e-04  -1.7498430851e-02  7.8667824465e-03  1.7594516728e-01  1.0218642482e-02  8.0265803558e-02  7.3163564854e-03  5.1777723128e-02  6.8791483601e-03  2.7500976092e-02  6.3602367170e-03  3.1550691237e-02  9.1394912084e-03  
1.9979050159e+00  2.0400445084e-02  5.3491864496e-04  -1.1303905888e-02  9.4880317008e-03  1.8285613617e-01  1.1419888255e-02  8.3971848427e-02  8.0516937932e-03  5.6540922693e-02  6.6125092403e-03  2.5933035145e-02  6.4359491493e-03  2.6857547835e-02  9.3511443451e-03  
2.0980055332e+00  1.5730893495e-02  4.3854321284e-04  -5.6238634572e-03  9.6639376258e-03  1.7531923818e-01  1.1401910108e-02  8.0965059081e-02  8.8025528863e-03  5.5118295626e-02  7.5261971597e-03  2.8976954668e-02  7.8933950425e-03  2.0160919289e-02  1.2033813467e-02  
2.1983633041e+00  1.2200076081e-02  3.6498978044e-04  -1.1328517827e-02  1.1174847569e-02  1.6720026176e-01  1.2155086719e-02  8.7643102277e-02  1.0326253105e-02  5.8414833021e-02  9.7365734466e-03  2.8257081687e-02  8.8107297366e-03  1.8357480256e-02  1.1522219996e-02  
2.2984685898e+00  9.5865809038e-03  2.9368537939e-04  -2.2153343172e-02  1.2029590638e-02  1.5970103907e-01  1.2277778750e-02  7.9948107693e-02  1.0485974545e-02  6.3420156000e-02  9.8828518711e-03  2.1347122995e-02  9.0134121032e-03  2.0290860759e-02  1.4115386476e-02  
2.3983700275e+00  7.5195661886e-03  2.5084447229e-04  -1.5274101757e-02  1.0714059801e-02  1.6188574745e-01  1.3653755283e-02  7.5034120801e-02  1.1120803611e-02  6.7302279954e-02  1.0748442855e-02  3.3959520121e-02  9.2961656909e-03  5.3437485835e-02  1.3900832867e-02  
2.4985618591e+00  6.0869259321e-03  1.9751996191e-04  -2.6780979034e-02  1.3026492892e-02  1.5900841582e-01  1.3267398065e-02  7.5891267359e-02  1.2498221684e-02  5.6725805240e-02  9.6220300783e-03  2.5355606442e-02  1.0301097447e-02  1.6370454474e-02  1.4163005020e-02  
2.5982189178e+00  4.8617010743e-03  1.6676936618e-04  -1.7117354849e-02  1.3161398457e-02  1.5247776240e-01  1.4371730985e-02  9.4534275245e-02  1.4187379049e-02  6.8980996051e-02  1.0182444700e-02  4.3842645984e-02  9.9296732353e-03  2.8845457826e-02  1.6877310304e-02  
2.6989614964e+00  3.8629558225e-03  1.4031299015e-04  -2.7015477862e-02  1.3968928322e-02  1.6902145157e-01  1.4191545833e-02  7.8523679500e-02  1.1546589195e-02  7.0210694760e-02  1.2370936634e-02  4.4415573793e-02  1.4201716293e-02  5.7575578173e-02  1.8509018232e-02  
2.7984430790e+00  3.1928766757e-03  1.1873559636e-04  -3.7252200911e-02  1.6921988519e-02  1.6213046216e-01  1.6451077168e-02  8.5746898590e-02  1.4288263863e-02  6.8049564817e-02  1.3352225932e-02  5.5099848670e-02  1.3351110975e-02  6.1502950776e-02  2.3131751418e-02  
2.8985881805e+00  2.5377332731e-03  9.7143996029e-05  -1.0934859681e-02  1.5601358576e-02  1.5183528920e-01  1.8034883088e-02  8.5044870696e-02  1.4505562849e-02  6.9387962604e-02  1.3102400345e-02  3.0907973512e-02  1.4383273689e-02  5.6723836734e-02  2.1244685354e-02  
2.9981069565e+00  2.0477302367e-03  8.3767064435e-05  -3.7697315431e-02  1.8025101665e-02  1.3666520875e-01  1.5674607422e-02  6.7242816547e-02  1.7286148904e-02  5.1344993292e-02  1.4423703061e-02  1.1116757511e-02  1.3672262914e-02  2.4371252053e-02  2.2206211585e-02  
3.0988914967e+00  1.7150203958e-03  6.7264304585e-05  -3.8895570435e-02  1.7259268170e-02  1.5193178905e-01  1.7786960559e-02  8.5463733632e-02  1.7027647759e-02  8.0052145041e-02  1.6308949011e-02  3.4624466471e-02  1.6730810907e-02  3.9282377094e-02  2.3336865061e-02  
3.1982069016e+00  1.3935156953e-03  5.7296751296e-05  -3.4017495730e-02  1.8765457428e-02  1.6174234670e-01  1.8292404079e-02  9.2433725363e-02  1.8910486695e-02  7.5805138201e-02  1.7721050343e-02  3.2720629679e-02  2.2558242639e-02  5.5242297563e-02  2.9703115705e-02  
3.2979755402e+00  1.1127173354e-03  4.6816549508e-05  -6.6971550995e-03  1.6835583834e-02  1.5972042578e-01  2.1111259610e-02  7.1145581177e-02  1.8370886623e-02  9.0072174893e-02  1.9947654153e-02  4.9987397952e-02  1.9707577808e-02  3.1106573836e-02  2.8430161655e-02  
3.3982586861e+00  9.0562972006e-04  4.0866353493e-05  -1.8144502759e-02  2.3447982153e-02  1.5537203508e-01  2.1029449428e-02  8.8672780527e-02  1.7031708499e-02  5.2611361510e-02  2.0725795301e-02  6.4490302178e-02  2.1202899199e-02  3.6031157624e-02  3.0506817479e-02  
3.4984269142e+00  7.4438766344e-04  3.3497119102e-05  -8.1383769177e-04  2.1147013919e-02  1.6264714387e-01  2.0719284047e-02  9.5852644847e-02  2.2715677560e-02  8.3928151439e-02  2.0641804737e-02  4.9916487859e-02  2.1932116376e-02  -3.6261892954e-03  3.2991613745e-02  
3.5978672504e+00  6.0937088577e-04  2.9194643623e-05  -1.0484022920e-02  2.2353651244e-02  1.5050018219e-01  2.1855243717e-02  5.6900638568e-02  2.0454405581e-02  9.7256224578e-02  2.2627729023e-02  1.9022890306e-02  2.0709488543e-02  6.8173293333e-02  3.7329157138e-02  
3.6974887848e+00  5.2302998299e-04  2.4954319803e-05  -6.5302758342e-02  2.3687667457e-02  1.2327023882e-01  2.0969149789e-02  7.5469287934e-02  2.3628472963e-02  4.6286157281e-02  2.2224059737e-02  4.3504968957e-03  2.4893661709e-02  -1.0487390468e-02  3.8413791265e-02  
3.7978830338e+00  4.3221625844e-04  2.0797045516e-05  -2.6512036237e-02  2.6879114918e-02  1.1969887702e-01  2.5581200850e-02  1.1679802540e-01  2.3764785456e-02  6.1405572080e-02  2.4278133776e-02  5.4140800988e-02  2.7885832677e-02  9.0809683181e-02  4.4504429027e-02  
3.8984358311e+00  3.7945157301e-04  2.0791712356e-05  -2.4836706974e-02  2.9765577746e-02  9.7540278186e-02  2.3722312228e-02  1.0734808692e-01  2.7718597499e-02  9.1934493713e-02  2.9904358537e-02  8.8331611901e-02  2.5494668879e-02  1.2615592416e-02  3.9704363540e-02  
3.9978885651e+00  3.0145070743e-04  1.5125342478e-05  -5.7262964157e-02  3.0440858116e-02  1.3200450232e-01  2.8211693622e-02  7.5339013741e-02  2.8065199474e-02  8.9865028166e-02  3.5199853791e-02  6.7806700074e-02  3.4388632096e-02  1.6807429704e-02  5.2412996682e-02  
