#pT  dN/(2pi dy pT dpT)  dN/(2pi dy pT dpT)_err  vn{SP}  vn{SP}_err
1.0526745021e-01  5.1603351406e+01  6.2892672390e-01  3.9303899134e-03  5.7315616637e-04  5.2427827714e-03  3.5446109235e-04  9.4394283648e-05  3.0889554167e-04  -1.2775935328e-04  3.3203976105e-04  -3.4875075138e-04  3.9883492949e-04  -5.5672065358e-04  6.3937328291e-04  
1.9976861775e-01  3.4317978823e+01  4.1786547121e-01  8.3209047500e-03  8.1279076157e-04  1.9129055565e-02  6.5760952638e-04  1.9957886053e-03  3.1593090825e-04  2.9169456156e-04  3.2052031314e-04  2.0788393772e-04  3.5343465233e-04  -4.3708955927e-04  5.6971599726e-04  
2.9817712307e-01  2.0063384868e+01  2.4058857671e-01  1.2411926924e-02  1.0371764783e-03  3.6950628837e-02  1.2422711391e-03  4.3173949434e-03  3.6804368740e-04  1.7344339563e-03  3.3617810304e-04  -1.9965269590e-04  3.9901801145e-04  1.0860968921e-03  6.2772680124e-04  
3.9765658975e-01  1.1675020147e+01  1.3806577860e-01  1.4416832796e-02  1.2747382867e-03  5.6514499014e-02  1.9428988329e-03  8.7019236208e-03  6.0974907034e-04  2.4696055108e-03  3.5074616651e-04  4.3174648561e-04  4.2453520027e-04  -7.2672063959e-04  6.0524607885e-04  
4.9743136764e-01  6.9281306657e+00  8.1253338969e-02  1.5948920851e-02  1.4528840245e-03  7.4297400875e-02  2.5556475416e-03  1.3512661283e-02  7.6776201797e-04  3.8167269418e-03  5.1115956732e-04  6.7412517816e-04  5.4746172258e-04  6.2703054083e-05  7.6466122934e-04  
5.9727078676e-01  4.2057198309e+00  4.9245387726e-02  1.6884750688e-02  1.6700456065e-03  9.1378452084e-02  3.1875898379e-03  2.0228269176e-02  1.1699873784e-03  7.4271444088e-03  7.2832705396e-04  2.2436870656e-03  5.7992086953e-04  4.0835577725e-04  9.8008550028e-04  
6.9720858335e-01  2.5962822445e+00  3.0788717475e-02  1.8567326892e-02  1.8530401335e-03  1.0777782749e-01  3.8833875653e-03  2.8021456968e-02  1.6458233333e-03  9.6127474801e-03  9.9198400024e-04  3.4649736215e-03  8.4666416304e-04  1.9952005376e-03  1.2311037101e-03  
7.9728275537e-01  1.6288231659e+00  1.9683193073e-02  1.8082815786e-02  2.1116363224e-03  1.2348225867e-01  4.4952122789e-03  3.3920817481e-02  1.9940150492e-03  1.4062261368e-02  1.2431080384e-03  4.8805348613e-03  9.9244935509e-04  1.4056241048e-03  1.1470144723e-03  
8.9722102880e-01  1.0398317371e+00  1.3306633093e-02  1.7464946745e-02  2.3179727817e-03  1.3840676647e-01  5.0692900993e-03  4.0961407576e-02  2.5186308330e-03  1.6927973486e-02  1.6939170693e-03  5.4642591307e-03  1.3676528533e-03  4.8394390805e-04  1.4578426678e-03  
9.9725013971e-01  6.7592303211e-01  9.1150385489e-03  1.5292413504e-02  3.0328894371e-03  1.4925508187e-01  5.7079016411e-03  4.7727919769e-02  2.7840133980e-03  2.1647791378e-02  1.8495357209e-03  9.2181319674e-03  1.4361197458e-03  2.0704005632e-03  2.1473830483e-03  
1.0973922014e+00  4.4268182941e-01  6.3419375175e-03  1.4297764149e-02  3.0961952998e-03  1.6276874417e-01  6.6143320298e-03  5.3867579150e-02  3.4744591605e-03  2.7503622576e-02  2.1045396096e-03  9.6751766258e-03  1.8903286645e-03  3.4769861346e-03  2.1025069127e-03  
1.1973865032e+00  2.9679079579e-01  4.6821314430e-03  1.1059343843e-02  3.6041682367e-03  1.7081214160e-01  7.0625058364e-03  5.9911571851e-02  3.9404956330e-03  3.2387905416e-02  2.5710453623e-03  1.0452099362e-02  2.1362214540e-03  1.5559054988e-03  2.6599609503e-03  
1.2973479033e+00  2.0073492529e-01  3.4253642545e-03  6.3712048010e-03  4.2822490634e-03  1.7374633808e-01  7.1170113361e-03  6.6138080192e-02  4.3816696897e-03  3.5363695091e-02  3.0659688115e-03  1.5628340555e-02  2.7868714096e-03  9.6117614503e-03  3.8549800360e-03  
1.3976582289e+00  1.3893254900e-01  2.4983811675e-03  2.3980791237e-03  5.2871209404e-03  1.8038229380e-01  8.0662490682e-03  7.4192084135e-02  5.0687066453e-03  3.9409985533e-02  3.5836187463e-03  1.7677516292e-02  2.8390145352e-03  1.3920877305e-02  3.7758844130e-03  
1.4976212978e+00  9.7195789797e-02  1.9119368483e-03  -5.5400059457e-04  5.5699064829e-03  1.8369128018e-01  8.8307385553e-03  7.4863268144e-02  5.3658019524e-03  4.6164184690e-02  4.0439812514e-03  2.3458045284e-02  3.4339336043e-03  3.8157577993e-03  5.2425580868e-03  
1.5978020430e+00  6.9095709202e-02  1.4472357993e-03  -2.5111579004e-03  6.0940410391e-03  1.8428569895e-01  8.9033817029e-03  7.6383276730e-02  6.4155341153e-03  4.4041948715e-02  4.9183068162e-03  2.5670245773e-02  4.1516428459e-03  6.1098342969e-03  5.0240896840e-03  
1.6978508234e+00  4.9846657265e-02  1.1259700451e-03  -4.9205582724e-03  7.5125376963e-03  1.8399313800e-01  9.9472892442e-03  7.9778994171e-02  7.1094422299e-03  5.0583310292e-02  5.3685794783e-03  2.6184703705e-02  5.1855478761e-03  1.3730589011e-02  5.9924928887e-03  
1.7980201244e+00  3.6706851063e-02  8.6908339439e-04  -8.7299613115e-03  7.3463869901e-03  1.7951104360e-01  1.0059100957e-02  8.1767034620e-02  7.2022000699e-03  5.2189688551e-02  5.9071770904e-03  2.4278326542e-02  5.3829692118e-03  3.0646352358e-02  7.4394294769e-03  
1.8982573748e+00  2.7260927743e-02  6.8779215311e-04  -1.7413903757e-02  7.8977625551e-03  1.7599995489e-01  1.0211611271e-02  8.0249271399e-02  7.3099854688e-03  5.1800328267e-02  6.8817527826e-03  2.7321180473e-02  6.2386942347e-03  2.9541126082e-02  8.3895324895e-03  
1.9979050159e+00  2.0400445084e-02  5.3491864496e-04  -1.1016133036e-02  9.5093453003e-03  1.8293485350e-01  1.1414530215e-02  8.4056643571e-02  8.0466397890e-03  5.6411439112e-02  6.5837973773e-03  2.5689411711e-02  6.3812205260e-03  2.5201533781e-02  8.7157917064e-03  
2.0980055332e+00  1.5730893495e-02  4.3854321284e-04  -5.3112768911e-03  9.7084532554e-03  1.7537664814e-01  1.1389145005e-02  8.0895964046e-02  8.8062506883e-03  5.5213040827e-02  7.5446215805e-03  2.8414222239e-02  7.7808964149e-03  1.8041997113e-02  1.1261417548e-02  
2.1983633041e+00  1.2200076081e-02  3.6498978044e-04  -1.1070892774e-02  1.1225274673e-02  1.6724572938e-01  1.2151555970e-02  8.7699382604e-02  1.0322697273e-02  5.8326779537e-02  9.7089565012e-03  2.9154677401e-02  8.7589751997e-03  1.5987739706e-02  1.0793717648e-02  
2.2984685898e+00  9.5865809038e-03  2.9368537939e-04  -2.1767368550e-02  1.2085830694e-02  1.5980352888e-01  1.2273778847e-02  7.9948821983e-02  1.0469656226e-02  6.3339690689e-02  9.8765765823e-03  2.0854904049e-02  8.8030585194e-03  1.8105880729e-02  1.3317958286e-02  
2.3983700275e+00  7.5195661886e-03  2.5084447229e-04  -1.4975638205e-02  1.0735137191e-02  1.6203084292e-01  1.3647160185e-02  7.4996689568e-02  1.1108205520e-02  6.7737658352e-02  1.0741763660e-02  3.4933969489e-02  9.1714794368e-03  4.9454040836e-02  1.2547886610e-02  
2.4985618591e+00  6.0869259321e-03  1.9751996191e-04  -2.6398909135e-02  1.3101059408e-02  1.5909406024e-01  1.3261080105e-02  7.5949152426e-02  1.2493700600e-02  5.6649541726e-02  9.6024151686e-03  2.5911131991e-02  1.0199025654e-02  1.7897515013e-02  1.3055002838e-02  
2.5982189178e+00  4.8617010743e-03  1.6676936618e-04  -1.6638359509e-02  1.3175674132e-02  1.5252509826e-01  1.4368319840e-02  9.4717786990e-02  1.4160833727e-02  6.8706292290e-02  1.0189461659e-02  4.4427816932e-02  9.7135138804e-03  2.7114179991e-02  1.5864493108e-02  
2.6989614964e+00  3.8629558225e-03  1.4031299015e-04  -2.6629347593e-02  1.4034241947e-02  1.6908512734e-01  1.4177068853e-02  7.8544816927e-02  1.1508587178e-02  7.0344208079e-02  1.2323686886e-02  4.5309460806e-02  1.4083669871e-02  5.7177782519e-02  1.7187585593e-02  
2.7984430790e+00  3.1928766757e-03  1.1873559636e-04  -3.6839103820e-02  1.6995746790e-02  1.6222527178e-01  1.6449871446e-02  8.5902469780e-02  1.4271638079e-02  6.8121676483e-02  1.3345779089e-02  5.4877008100e-02  1.3169243720e-02  6.0798260566e-02  2.0853332448e-02  
2.8985881805e+00  2.5377332731e-03  9.7143996029e-05  -1.0796268505e-02  1.5622073036e-02  1.5187673911e-01  1.8032250927e-02  8.5023725790e-02  1.4481430739e-02  6.9607667260e-02  1.3131063265e-02  3.2336072978e-02  1.4149157593e-02  5.0956286423e-02  1.9071150173e-02  
2.9981069565e+00  2.0477302367e-03  8.3767064435e-05  -3.7347971917e-02  1.8076344951e-02  1.3676500070e-01  1.5662912984e-02  6.7398178485e-02  1.7277681317e-02  5.1747826922e-02  1.4376816501e-02  1.0634277380e-02  1.3537146959e-02  2.4738024759e-02  2.0923742841e-02  
3.0988914967e+00  1.7150203958e-03  6.7264304585e-05  -3.8683957893e-02  1.7330911520e-02  1.5200665067e-01  1.7774597061e-02  8.5331092773e-02  1.6997815954e-02  7.9761430847e-02  1.6294128105e-02  3.5935492543e-02  1.6344441028e-02  3.4670721655e-02  2.1688578177e-02  
3.1982069016e+00  1.3935156953e-03  5.7296751296e-05  -3.3711449645e-02  1.8855346656e-02  1.6189175725e-01  1.8293560107e-02  9.2823982018e-02  1.8906009603e-02  7.5014023184e-02  1.7713084783e-02  3.0692083677e-02  2.2166902391e-02  5.1745062814e-02  2.7815876606e-02  
3.2979755402e+00  1.1127173354e-03  4.6816549508e-05  -6.2900526480e-03  1.6934967902e-02  1.5978438245e-01  2.1111673097e-02  7.1415338529e-02  1.8341708281e-02  9.0262478194e-02  1.9918893222e-02  4.9368742374e-02  1.9314827629e-02  2.7054779504e-02  2.7023909974e-02  
3.3982586861e+00  9.0562972006e-04  4.0866353493e-05  -1.7405582725e-02  2.3538251898e-02  1.5550279144e-01  2.1014848997e-02  8.8708892604e-02  1.7009895189e-02  5.2860085561e-02  2.0665239998e-02  6.4689627834e-02  2.1454536790e-02  3.4526388111e-02  2.8513038112e-02  
3.4984269142e+00  7.4438766344e-04  3.3497119102e-05  -7.0456865617e-04  2.1147448040e-02  1.6258527643e-01  2.0734983086e-02  9.5980846081e-02  2.2678155508e-02  8.4691475983e-02  2.0589050984e-02  4.9668560027e-02  2.1675116321e-02  -1.1012119637e-02  3.0995550665e-02  
3.5978672504e+00  6.0937088577e-04  2.9194643623e-05  -1.0519538643e-02  2.2345664815e-02  1.5057365730e-01  2.1861110339e-02  5.7025929143e-02  2.0416249981e-02  9.7167520742e-02  2.2563461727e-02  2.4268218852e-02  2.0259944689e-02  6.1763257532e-02  3.4106306727e-02  
3.6974887848e+00  5.2302998299e-04  2.4954319803e-05  -6.4532397740e-02  2.3781305992e-02  1.2328808543e-01  2.0952349541e-02  7.5522505879e-02  2.3567949747e-02  4.6125706007e-02  2.2174544388e-02  3.4378423367e-03  2.4642832105e-02  -4.3030008358e-04  3.6304483659e-02  
3.7978830338e+00  4.3221625844e-04  2.0797045516e-05  -2.6170546784e-02  2.6852680963e-02  1.1996249519e-01  2.5583867529e-02  1.1684991084e-01  2.3748571932e-02  6.2592041298e-02  2.4228138391e-02  5.2688039094e-02  2.7449361806e-02  7.7434385358e-02  4.1261914189e-02  
3.8984358311e+00  3.7945157301e-04  2.0791712356e-05  -2.4898070622e-02  2.9765305611e-02  9.7621507143e-02  2.3720228975e-02  1.0740613299e-01  2.7670632377e-02  9.1535500354e-02  2.9880601939e-02  8.9666354507e-02  2.5480677402e-02  1.9764162682e-02  3.7949202179e-02  
3.9978885651e+00  3.0145070743e-04  1.5125342478e-05  -5.7017417879e-02  3.0523305957e-02  1.3194610218e-01  2.8193202789e-02  7.5135431080e-02  2.7985769758e-02  8.9279697468e-02  3.5219953730e-02  6.6941247434e-02  3.2967095599e-02  1.8170874329e-02  4.9475069378e-02  
