#pT  dN/(2pi dy pT dpT)  dN/(2pi dy pT dpT)_err  vn{SP}  vn{SP}_err
1.0806573182e-01  1.6756134389e+00  2.6465653016e-02  2.3231987622e-03  2.2916568380e-03  2.0506758851e-03  1.9853992284e-03  -6.0009438688e-04  1.6284471542e-03  2.3050190822e-03  2.0393388453e-03  2.3910580468e-03  1.7668067083e-03  -4.2613937178e-03  2.5109361553e-03  
2.0367364585e-01  1.6929897755e+00  2.5744447011e-02  -1.6144831402e-03  2.1025420361e-03  8.3588961653e-03  1.3314688381e-03  2.6702069846e-03  1.2636231860e-03  1.4903679416e-03  1.2525386236e-03  -6.7767370271e-04  1.3555276662e-03  1.8566622962e-03  1.3771611704e-03  
3.0205205083e-01  1.6006549461e+00  2.4092188062e-02  1.5786650606e-03  2.5274298394e-03  1.5310175983e-02  1.2954898308e-03  1.5557996266e-04  1.0012543604e-03  -1.4527549938e-04  9.8598275075e-04  7.5251623976e-04  1.2543376285e-03  -4.8193382285e-04  1.3214653969e-03  
4.0117493272e-01  1.4521638752e+00  2.1355895246e-02  6.0928543317e-04  2.9288352246e-03  2.5728402441e-02  1.4525486772e-03  2.4313405524e-03  1.0236017037e-03  1.9883111431e-04  1.0244153515e-03  1.4238186151e-03  1.0077395319e-03  1.5119960224e-03  1.2577918173e-03  
5.0051790476e-01  1.2858304285e+00  1.8406494474e-02  2.6817504028e-03  3.4696535362e-03  3.6284171108e-02  1.9054380276e-03  4.7819275253e-03  1.1438361256e-03  -4.7374590474e-04  7.6015582352e-04  7.1379273361e-04  1.0476396908e-03  -2.0823341707e-04  1.0816135993e-03  
6.0005170107e-01  1.1093211944e+00  1.5706085914e-02  3.6673704529e-03  3.7794095122e-03  5.1137189263e-02  2.5029758817e-03  9.6341815452e-03  1.2665535232e-03  3.0819769030e-03  9.7247270443e-04  1.4773706001e-03  1.0463939255e-03  2.9261768904e-03  1.1470295327e-03  
6.9970357418e-01  9.3264334729e-01  1.2799870836e-02  4.6142114668e-03  3.9498986284e-03  6.9309108859e-02  3.1782847470e-03  1.1402258151e-02  1.4128513133e-03  4.5144841952e-03  9.6263980556e-04  -5.2030529583e-04  1.0004248666e-03  2.5619449122e-04  1.1660652086e-03  
7.9939800501e-01  7.7354831124e-01  1.0506803550e-02  7.8503673679e-03  4.1223511722e-03  8.5153192441e-02  3.8102556961e-03  1.7548721319e-02  1.5930173849e-03  4.9584058342e-03  1.1708310945e-03  1.8693915989e-03  1.0271441073e-03  1.5704419489e-03  1.2392383186e-03  
8.9913964272e-01  6.2791099273e-01  8.4849983267e-03  7.5510637235e-03  4.4232990504e-03  1.0202063778e-01  4.4766342267e-03  2.6006347518e-02  2.2114653519e-03  5.8947604160e-03  1.2989072391e-03  3.0511547605e-03  1.1043671141e-03  7.7478674484e-04  1.0481047215e-03  
9.9889910221e-01  5.0531573186e-01  7.0118013290e-03  8.5971123080e-03  4.4408562749e-03  1.1896709657e-01  5.2656822946e-03  3.5379448146e-02  2.9851044209e-03  1.2174183487e-02  1.5754325300e-03  3.9600144623e-03  1.3763437689e-03  2.0916487463e-03  1.3355973332e-03  
1.0988090038e+00  4.0046116736e-01  5.6668852110e-03  9.4766571663e-03  5.0364475957e-03  1.3504198020e-01  5.9173461264e-03  3.9626360023e-02  3.1752098986e-03  1.6837864442e-02  1.9981970726e-03  3.8112311602e-03  1.5681825134e-03  1.7680839319e-03  1.3901669159e-03  
1.1986448765e+00  3.1479614244e-01  4.6468967696e-03  1.0581415479e-02  5.5769388483e-03  1.5123621582e-01  6.5827082163e-03  4.9551406502e-02  3.4938799208e-03  2.1955846078e-02  2.2804987170e-03  6.8431279251e-03  2.0055018389e-03  -2.6301568082e-04  1.5949979139e-03  
1.2985901833e+00  2.4701453564e-01  3.7857994936e-03  9.6652699551e-03  5.7512869558e-03  1.6282387594e-01  7.0761873315e-03  5.7022789603e-02  4.4188021997e-03  2.5143072272e-02  2.5697133069e-03  7.1030413957e-03  2.0552330823e-03  1.7038761771e-04  1.5801019872e-03  
1.3985437155e+00  1.9115161865e-01  3.0489436646e-03  1.1489166840e-02  6.3332589360e-03  1.7562856045e-01  7.9855926190e-03  6.5796709283e-02  4.7322837526e-03  3.0468896733e-02  3.0678809363e-03  7.9762917716e-03  2.1322269639e-03  2.0578409140e-03  1.5794833986e-03  
1.4984045029e+00  1.4796233797e-01  2.4959746065e-03  8.1248290847e-03  6.7340429010e-03  1.8423943739e-01  8.3462117539e-03  7.5009752790e-02  5.3716979048e-03  3.5123497016e-02  3.0971256782e-03  1.3962433762e-02  2.5260135162e-03  3.5685507237e-03  2.0377115979e-03  
1.5984425545e+00  1.1493751859e-01  2.0584313493e-03  9.0422468056e-03  7.0544303093e-03  1.9396039960e-01  8.6378771886e-03  8.1365087165e-02  5.4018656747e-03  4.0687185827e-02  3.9359702823e-03  1.1684081630e-02  2.9904086969e-03  6.4385110693e-03  2.2091606512e-03  
1.6983369589e+00  8.9449900373e-02  1.7030743910e-03  6.1742884363e-03  7.9154738146e-03  2.0199488643e-01  9.3551801873e-03  8.3081178670e-02  6.5073693484e-03  4.3295164863e-02  4.1613540404e-03  1.7869383267e-02  3.0891533230e-03  4.6518939939e-03  2.9509350950e-03  
1.7984328270e+00  7.0354576535e-02  1.4337806749e-03  2.8692312020e-03  8.6927664348e-03  2.0411598933e-01  9.6329001131e-03  8.9887504781e-02  6.0689637286e-03  4.8905881784e-02  5.3578618497e-03  1.5440595952e-02  3.4929758297e-03  7.8492267193e-03  2.9192822523e-03  
1.8983041048e+00  5.4581262341e-02  1.1638283517e-03  5.4040304593e-03  9.0727596700e-03  2.0750846404e-01  1.0274691320e-02  9.7182082738e-02  6.7029081001e-03  5.4320140294e-02  4.8951491894e-03  2.4824459489e-02  4.0447352112e-03  1.0738321984e-02  3.2900409435e-03  
1.9985078573e+00  4.3317352432e-02  9.7582695826e-04  5.5226448150e-04  9.0248186395e-03  2.0406728040e-01  1.0658167529e-02  9.9704907861e-02  7.3533376412e-03  5.5870400228e-02  6.0978048728e-03  2.6361171130e-02  4.4555411151e-03  9.1898849534e-03  3.7195126061e-03  
2.0985677242e+00  3.4455538585e-02  8.3497749520e-04  1.0890225611e-03  1.1009507408e-02  2.0363831770e-01  1.0242081433e-02  9.6554013604e-02  7.6060595250e-03  6.2761306075e-02  5.5405072816e-03  3.2931214350e-02  5.6887705456e-03  1.5424862016e-02  4.3969825033e-03  
2.1984601021e+00  2.7625627507e-02  6.9402320377e-04  2.6837887258e-03  1.1195540495e-02  2.0396949522e-01  1.1726770310e-02  1.0522408694e-01  9.0071223430e-03  6.0800628834e-02  6.7810356741e-03  3.6016951642e-02  5.8342435557e-03  1.7656913091e-02  4.4422522148e-03  
2.2986614704e+00  2.2571156555e-02  6.0238577274e-04  5.1456401254e-04  1.1253311809e-02  2.0697643202e-01  1.2139410618e-02  1.0122090505e-01  8.9981477953e-03  6.5793333194e-02  7.0767513574e-03  3.1348366355e-02  5.9055429414e-03  1.0404455328e-02  5.2547027191e-03  
2.3986330032e+00  1.8460269402e-02  5.1724939304e-04  -6.2871555797e-03  1.1832041957e-02  1.9420283294e-01  1.2397965563e-02  9.8053337214e-02  9.4798456947e-03  7.0164522027e-02  8.2704122943e-03  3.3342186767e-02  5.9995409078e-03  1.8167171344e-02  4.7923768539e-03  
2.4989805222e+00  1.5362355297e-02  4.5300105566e-04  -2.3251840557e-03  1.3025775868e-02  1.9467418802e-01  1.2673806533e-02  9.2897427175e-02  9.3719501366e-03  6.9288533076e-02  8.1946064431e-03  3.6847334996e-02  6.8447538545e-03  2.2828550265e-02  5.3076177111e-03  
2.5989873409e+00  1.2761011823e-02  3.7485032480e-04  -6.5661405390e-03  1.2716670057e-02  1.9411922342e-01  1.3429498336e-02  9.4008337884e-02  9.6149766996e-03  7.4698656044e-02  8.0225039363e-03  3.0972116011e-02  6.8979981815e-03  1.3173926722e-02  5.9748420361e-03  
2.6989698410e+00  1.0648325768e-02  3.3423130791e-04  1.0155742698e-03  1.5133858283e-02  1.9588316381e-01  1.3656528132e-02  9.1726572899e-02  1.0707999395e-02  7.0742551901e-02  9.8000467191e-03  4.2985189820e-02  7.7079279350e-03  2.1754299252e-02  6.8785734705e-03  
2.7992708683e+00  9.0577703905e-03  2.9513891963e-04  -4.9914146776e-03  1.5536358274e-02  1.8257131187e-01  1.4563753284e-02  8.9607209692e-02  1.0355812447e-02  7.5570504510e-02  9.8443816368e-03  4.1421643482e-02  8.1164719009e-03  2.1096735485e-02  7.1012278263e-03  
2.8989365101e+00  7.7930558461e-03  2.6952108496e-04  -4.8619371477e-03  1.5794296404e-02  1.8132291507e-01  1.4459851046e-02  9.7044415558e-02  9.9339637903e-03  7.5757318814e-02  1.1458925461e-02  4.1012836811e-02  9.3992137955e-03  2.7578082509e-02  6.4391099864e-03  
2.9988543987e+00  6.6675747591e-03  2.3323315269e-04  -8.0654169086e-03  1.7188606294e-02  1.7162526776e-01  1.5196713344e-02  8.3639285917e-02  1.0198563570e-02  7.7764304585e-02  1.1626710640e-02  4.4827083129e-02  9.2522055239e-03  1.6385161850e-02  8.8997968755e-03  
3.0986175537e+00  5.5964276926e-03  1.9657551311e-04  -2.1356956322e-03  1.6810588064e-02  1.7359223627e-01  1.6021777337e-02  8.4105704708e-02  1.2089303038e-02  7.3004962181e-02  1.1423075584e-02  4.1721677381e-02  9.2138191885e-03  3.3728931324e-02  9.9801395878e-03  
3.1991727352e+00  4.7514047836e-03  1.7897570694e-04  -4.3885297424e-03  1.9379687684e-02  1.7427435068e-01  1.7106841300e-02  8.9075724468e-02  1.3644827777e-02  8.7768224919e-02  1.1764897226e-02  5.0684512787e-02  1.1478621957e-02  3.6974384173e-02  9.2207074295e-03  
3.2992210388e+00  4.0415641646e-03  1.5492015820e-04  -5.7075327017e-03  1.7998807890e-02  1.6356239192e-01  1.6660360856e-02  7.3511043997e-02  1.4284968826e-02  7.1657853508e-02  1.3447309670e-02  5.8107795493e-02  1.1941596629e-02  3.0067769959e-02  1.0564295805e-02  
3.3989117146e+00  3.4451588215e-03  1.3527003024e-04  -1.1721111216e-02  1.9364010157e-02  1.6716194726e-01  1.8155436732e-02  8.6105765661e-02  1.4304770204e-02  7.3826186297e-02  1.3343578042e-02  5.1639408133e-02  1.0627425968e-02  1.9441177281e-02  1.0510909321e-02  
3.4987087250e+00  2.9005931586e-03  1.1327998819e-04  -2.1146720245e-03  2.0014889909e-02  1.6405633031e-01  1.7737943005e-02  8.9769097452e-02  1.3353577254e-02  6.9723281263e-02  1.4475842713e-02  5.6422067913e-02  1.3332974565e-02  4.2491176713e-02  1.2888438895e-02  
3.5986526012e+00  2.4385822832e-03  9.3905788185e-05  -1.1603435004e-02  2.1347175569e-02  1.6459757033e-01  1.9375393785e-02  8.9020608730e-02  1.5513144061e-02  7.6025057378e-02  1.1056542832e-02  4.0045723056e-02  1.4597541019e-02  3.5488862515e-02  1.2221087486e-02  
3.6985399723e+00  2.0923081877e-03  8.4572499299e-05  -2.9510415904e-02  2.5383800792e-02  1.5234925258e-01  1.8237178570e-02  8.5152580625e-02  1.5554644474e-02  7.2929239417e-02  1.2970942757e-02  5.4662991851e-02  1.4122234672e-02  4.2958200780e-02  1.2626416482e-02  
3.7988080978e+00  1.7427821948e-03  7.2488551154e-05  -2.3342082563e-02  2.1954067137e-02  1.6032381393e-01  2.0326449329e-02  9.9055883317e-02  1.4947052518e-02  6.0373074405e-02  1.7049061006e-02  5.1479237077e-02  1.4610301478e-02  5.3622067160e-02  1.2589838878e-02  
3.8991096020e+00  1.4371697187e-03  6.1206950787e-05  -3.2816368035e-02  2.4623014004e-02  1.5555837717e-01  1.9964466187e-02  8.4822301412e-02  1.4227840475e-02  7.6302316362e-02  1.7193586349e-02  4.8162269756e-02  1.5038888876e-02  4.3805459012e-02  1.4507135418e-02  
3.9988455772e+00  1.1823959978e-03  5.1476678086e-05  4.9944741062e-03  2.4010708876e-02  1.7552652813e-01  2.3371801126e-02  7.3692461593e-02  1.8030243266e-02  7.5724065137e-02  1.5856285794e-02  5.0305347297e-02  1.5348865331e-02  4.5419474403e-02  1.7352263943e-02  
